6 14 26 36 39 42 51
0
3 92 104 114
7 130 142 152 155 158 167 187
9 206 218 228 231 234 243 263 270 271
9 291 303 313 316 319 328 348 355 356
7 377 389 399 402 405 414 434
9 452 464 474 477 480 489 509 516 517
6 544 556 566 569 572 581
6 607 619 629 632 635 644
7 671 683 693 696 699 708 728
1 748
9 772 784 794 797 800 809 829 836 837
6 853 865 875 878 881 890
9 919 931 941 944 947 956 976 983 984
5 1000 1012 1022 1025 1028
6 1043 1055 1065 1068 1071 1080
6 1100 1112 1122 1125 1128 1137
5 1164 1176 1186 1189 1192
0
6 1215 1227 1237 1240 1243 1252
7 1286 1298 1308 1311 1314 1323 1343
9 1360 1372 1382 1385 1388 1397 1417 1424 1425
6 1450 1462 1472 1475 1478 1487
9 1514 1526 1536 1539 1542 1551 1571 1578 1579
6 1598 1610 1620 1623 1626 1635
9 1662 1674 1684 1687 1690 1699 1719 1726 1727
6 1752 1764 1774 1777 1780 1789
6 1817 1829 1839 1842 1845 1854
7 1873 1885 1895 1898 1901 1910 1930
6 1950 1962 1972 1975 1978 1987
7 2008 2020 2030 2033 2036 2045 2065
7 2083 2095 2105 2108 2111 2120 2140
6 2148 2160 2170 2173 2176 2185
6 2198 2210 2220 2223 2226 2235
6 2260 2272 2282 2285 2288 2297
6 2323 2335 2345 2348 2351 2360
9 2391 2403 2413 2416 2419 2428 2448 2455 2456
7 2473 2485 2495 2498 2501 2510 2530
6 2549 2561 2571 2574 2577 2586
5 2601 2613 2623 2626 2629
4 2648 2660 2670 2673
7 2686 2698 2708 2711 2714 2723 2743
0
6 2766 2778 2788 2791 2794 2803
6 2829 2841 2851 2854 2857 2866
6 2885 2897 2907 2910 2913 2922
6 2950 2962 2972 2975 2978 2987
9 3016 3028 3038 3041 3044 3053 3073 3080 3081
9 3090 3102 3112 3115 3118 3127 3147 3154 3155
1 3181
9 3195 3207 3217 3220 3223 3232 3252 3259 3260
2 3276 3288
7 3305 3317 3327 3330 3333 3342 3362
9 3378 3390 3400 3403 3406 3415 3435 3442 3443
6 3452 3464 3474 3477 3480 3489
6 3519 3531 3541 3544 3547 3556
6 3582 3594 3604 3607 3610 3619
7 3643 3655 3665 3668 3671 3680 3700
9 3714 3726 3736 3739 3742 3751 3771 3778 3779
7 3800 3812 3822 3825 3828 3837 3857
7 3870 3882 3892 3895 3898 3907 3927
6 3942 3954 3964 3967 3970 3979
2 4004 4016
9 4038 4050 4060 4063 4066 4075 4095 4102 4103
9 4118 4130 4140 4143 4146 4155 4175 4182 4183
8 4191 4203 4213 4216 4219 4228 4248 4255
9 4266 4278 4288 4291 4294 4303 4323 4330 4331
7 4352 4364 4374 4377 4380 4389 4409
6 4427 4439 4449 4452 4455 4464
7 4489 4501 4511 4514 4517 4526 4546
9 4565 4577 4587 4590 4593 4602 4622 4629 4630
9 3083 4645 4655 4658 4661 4670 4690 4697 4698
6 4715 4727 4737 4740 4743 4752
9 4762 4774 4784 4787 4790 4799 4819 4826 4827
5 4843 4855 4865 4868 4871
7 4884 4896 4906 4909 4912 4921 4941
5 4957 4981 4993 4997 5000
8 5020 5032 5042 5045 5048 5057 5077 5084
7 5097 5109 5119 5122 5125 5134 5154
9 5172 5184 5194 5197 5200 5209 5229 5236 5237
6 5245 5257 5267 5270 5273 5282
9 5293 5305 5315 5318 5321 5330 5350 5357 5358
7 5374 5386 5396 5399 5402 5411 5431
7 5443 5455 5465 5468 5471 5480 5500
6 5516 5528 5538 5541 5544 5553
9 5564 5576 5586 5589 5592 5601 5621 5628 5629
9 5640 5652 5662 5665 5668 5677 5697 5704 5705
7 5717 5729 5739 5742 5745 5754 5774
9 5788 5800 5810 5813 5816 5825 5845 5852 5853
6 5864 5876 5886 5889 5892 5901
9 5918 5930 5940 5943 5946 5955 5975 5982 5983
5 6000 6012 6022 6025 6028
8 6045 6057 6067 6070 6073 6082 6102 6109
6 6124 6136 6146 6149 6152 6161
6 6187 6201 6211 6214 6217 6227
7 6253 6265 6275 6278 6281 6290 6310
9 6321 6333 6343 6346 6349 6358 6378 6385 6386
7 6403 6415 6425 6428 6431 6440 6460
2 6479 6491
9 6505 6517 6527 6530 6533 6542 6562 6569 6570
1 6584
1 6609
9 6632 6644 6654 6657 6660 6669 6689 6696 6697
6 6709 6721 6731 6734 6737 6746
6 6771 6783 6793 6796 6799 6808
2 6832 6844
4 6860 6872 6882 6885
9 6896 6908 6918 6921 6924 6933 6953 6960 6961
6 6975 6987 6997 7000 7003 7012
3 7022 7034 7044
9 7053 7065 7075 7078 7081 7090 7110 7117 7118
5 7126 7138 7148 7151 7154
6 7171 7183 7193 7196 7199 7208
9 7221 7233 7243 7246 7249 7258 7278 7285 7286
5 7307 7319 7329 7332 7335
9 5382 7351 7361 7364 7367 7376 7396 7403 7404
1 7420
7 7431 7443 7453 7456 7459 7468 7488
7 7499 7511 7521 7524 7527 7536 7556
7 7570 7582 7592 7595 7598 7607 7627
6 7644 7656 7666 7669 7672 7681
3 7697 7709 7719
9 7112 7731 7741 7744 7747 7756 7776 7783 7784
9 7801 7813 7823 7826 7829 7838 7858 7865 7866
6 7887 7899 7909 7912 7915 7924
6 7952 7964 7974 7977 7980 7989
7 8013 8025 8035 8038 8041 8050 8070
9 8079 8091 8101 8104 8107 8116 8136 8143 8144
6 8150 8162 8172 8175 8178 8187
2 8219 8231
2 8248 8260
6 7233 8273 8283 8286 8289 8298
0
9 8336 8348 8358 8361 8364 8373 8393 8400 8401
9 5728 8413 8423 8426 8429 8438 8458 8465 8466
1 8483
1 8499
1 8516
9 8531 8543 8553 8556 8559 8568 8588 8595 8596
6 8327 8609 8619 8622 8625 8634
7 8656 8668 8678 8681 8684 8693 8713
9 7811 8728 8738 8741 8744 8753 8773 8780 8781
9 7811 8804 8814 8817 8820 8829 8849 8856 8857
7 8877 8889 8899 8902 8905 8914 8934
6 8945 8957 8967 8970 8973 8982
6 9011 9023 9033 9036 9039 9048
9 7077 9061 9071 9074 9077 9086 9106 9113 9114
6 9130 9142 9152 9155 9158 9167
5 9182 9194 9204 9207 9210
6 9223 9235 9245 9248 9251 9260
9 9279 9291 9301 9304 9307 9316 9336 9343 9344
6 9352 9364 9374 9377 9380 9389
6 9411 9423 9433 9436 9439 9448
7 9456 9468 9478 9481 9484 9493 9513
9 9526 9538 9548 9551 9554 9563 9583 9590 9591
6 9604 9616 9626 9629 9632 9641
7 9649 9661 9671 9674 9677 9686 9706
6 9719 9731 9741 9744 9747 9756
6 9769 9781 9791 9794 9797 9806
9 8729 9817 9827 9830 9833 9842 9862 9869 9870
1 9883
1 9901
5 9913 9925 9935 9938 9941
9 9952 9964 9974 9977 9980 9989 10009 10016 10017
9 10029 10041 10051 10054 10057 10066 10086 10093 10094
9 10107 10119 10129 10132 10135 10144 10164 10171 10172
9 10186 10198 10208 10211 10214 10223 10243 10250 10251
9 10269 10281 10291 10294 10297 10306 10326 10333 10334
6 10345 10357 10367 10370 10373 10382
9 8576 10404 10414 10417 10420 10429 10449 10456 10457
9 10466 10478 10488 10491 10494 10503 10523 10530 10531
6 10547 10559 10569 10572 10575 10584
6 10608 10620 10630 10633 10636 10645
7 10648 10660 10670 10673 10676 10685 10705
9 9509 10723 10733 10736 10739 10748 10768 10775 10776
5 10791 10803 10813 10816 10819
6 10826 10838 10848 10851 10854 10863
9 10878 10890 10900 10903 10906 10915 10935 10942 10943
2 10965 10977
9 10979 10991 11001 11004 11007 11016 11036 11043 11044
9 11048 11060 11070 11073 11076 11085 11105 11112 11113
5 11121 11133 11143 11146 11149
9 11157 11169 11179 11182 11185 11194 11214 11221 11222
9 9718 11233 11243 11246 11249 11258 11278 11285 11286
7 11300 11312 11322 11325 11328 11337 11357
6 8671 11368 11378 11381 11384 11393
3 11414 11426 11436
6 11448 11460 11470 11473 11476 11485
6 11495 11507 11517 11520 11523 11532
9 11555 11567 11577 11580 11583 11592 11612 11619 11620
6 11626 11638 11648 11651 11654 11663
9 11684 11696 11706 11709 11712 11721 11741 11748 11749
7 11757 11769 11779 11782 11785 11794 11814
9 11825 11837 11847 11850 11853 11862 11882 11889 11890
9 8718 11898 11908 11911 11914 11923 11943 11950 11951
6 11967 11979 11989 11992 11995 12004
6 12030 12042 12052 12055 12058 12067
9 12075 12087 12097 12100 12103 12112 12132 12139 12140
7 12154 12166 12176 12179 12182 12191 12211
7 12163 12178 12193 12214 12217 12226 12246
9 7786 12262 12272 12275 12278 12287 12307 12314 12315
7 7692 12325 12335 12338 12341 12350 12370
5 12386 12398 12408 12411 12414
7 12423 12435 12445 12448 12451 12460 12480
9 4378 12220 12492 12495 12498 12507 12527 12534 12535
9 4682 8972 12545 12548 12551 12560 12580 12587 12588
3 12602 12614 12624
6 12633 12645 12655 12658 12661 12670
6 12685 12697 12707 12710 12713 12722
6 12742 12754 12764 12767 12770 12779
5 12800 12812 12822 12825 12828
9 4799 9937 12788 12838 12841 12850 12870 12877 12878
6 12897 12909 12919 12922 12925 12934
9 12956 12968 12978 12981 12984 12993 13013 13020 13021
7 13034 13046 13056 13059 13062 13071 13091
6 13102 13114 13124 13127 13130 13139
1 13152
6 13162 13174 13184 13187 13190 13199
6 13213 13225 13235 13238 13241 13250
8 13264 13276 13286 13289 13292 13301 13321 13328
6 13335 13347 13357 13360 13363 13372
7 8414 13393 13403 13406 13409 13418 13438
9 9555 13454 13464 13467 13470 13479 13499 13506 13507
2 13522 13534
7 13548 13560 13570 13573 13576 13585 13605
2 13620 13632
6 13646 13658 13668 13671 13674 13683
9 10784 13710 13720 13723 13726 13735 13755 13762 13763
7 6027 13776 13786 13789 13792 13801 13821
7 5226 13826 13836 13839 13842 13851 13871
0
7 13877 13889 13899 13902 13905 13914 13934
6 13939 13951 13961 13964 13967 13976
5 14003 14015 14025 14028 14031
7 14033 14045 14055 14058 14061 14070 14090
9 14062 14106 14116 14119 14122 14131 14151 14158 14159
6 14174 14186 14196 14199 14202 14211
6 14222 14234 14244 14247 14250 14259
6 14278 14290 14300 14303 14306 14315
9 14334 14346 14356 14359 14362 14371 14391 14398 14399
6 14418 14430 14440 14443 14446 14455
1 14472
9 14480 14492 14502 14505 14508 14517 14537 14544 14545
6 14560 14572 14582 14585 14588 14597
2 14615 14627
6 14638 14650 14660 14663 14666 14675
7 14690 14702 14712 14715 14718 14727 14747
7 14756 14768 14778 14781 14784 14793 14813
2 14827 14839
1 14863
9 7246 14874 14884 14887 14890 14899 14919 14926 14927
9 5087 14935 14945 14948 14951 14960 14980 14987 14988
9 15001 15013 15023 15026 15029 15038 15058 15065 15066
7 15073 15085 15095 15098 15101 15110 15130
9 15136 15148 15158 15161 15164 15173 15193 15200 15201
0
7 14971 15223 15233 15236 15239 15248 15268
7 8664 15272 15282 15285 15288 15297 15317
6 15324 15336 15346 15349 15352 15361
2 15389 15401
9 7623 15406 15416 15419 15422 15431 15451 15458 15459
6 9937 15469 15479 15482 15485 15494
7 15510 15522 15532 15535 15538 15547 15567
6 15574 15586 15596 15599 15602 15611
6 15632 15644 15654 15657 15660 15669
5 15687 15699 15710 15713 15716
2 15736 15748
6 15764 15776 15786 15789 15792 15801
7 6840 15816 15826 15829 15832 15841 15861
6 15868 15880 15890 15893 15896 15905
6 15924 15936 15946 15949 15952 15961
6 15968 15980 15990 15993 15996 16005
6 16025 16037 16047 16050 16053 16062
8 6332 16082 16092 16095 16098 16107 16127 16134
5 16139 16151 16161 16164 16167
9 16177 16189 16199 16202 16205 16214 16234 16241 16242
4 16262 16274 16284 16287
3 16300 16312 16322
9 16329 16341 16351 16354 16357 16366 16386 16393 16394
6 16411 16423 16433 16436 16439 16448
6 16473 16485 16495 16498 16501 16510
9 11684 16527 16537 16540 16543 16552 16572 16579 16580
9 8816 16598 16608 16611 16614 16623 16643 16650 16651
6 16266 16667 16677 16680 16683 16692
6 16718 16730 16740 16743 16746 16755
7 16780 16792 16802 16805 16808 16817 16837
6 16853 16865 16875 16878 16881 16890
7 16905 16917 16927 16930 16933 16942 16962
6 16969 16981 16991 16994 16997 17006
7 17030 17042 17052 17055 17058 17067 17087
7 17095 17107 17117 17120 17123 17132 17152
6 17166 17178 17188 17191 17194 17203
5 17223 17235 17245 17248 17251
9 12569 17265 17275 17278 17281 17290 17310 17317 17318
7 7525 17326 17336 17339 17342 17351 17371
7 7125 17380 17390 17393 17396 17405 17425
6 17433 17445 17455 17458 17461 17470
7 17492 17504 17514 17517 17520 17529 17549
6 17563 17575 17585 17588 17591 17600
9 17620 17632 17642 17645 17648 17657 17677 17684 17685
5 17705 17717 17727 17730 17733
9 8282 17744 17754 17757 17760 17769 17789 17796 17797
9 17762 17817 17827 17830 17833 17842 17862 17869 17870
9 6420 16466 17878 17881 17884 17893 17913 17920 17921
5 17931 17943 17953 17956 17959
0
6 17976 17988 17998 18001 18004 18013
7 12343 18037 18047 18050 18053 18062 18082
6 15953 18092 18102 18105 18108 18117
9 15315 18147 18157 18160 18163 18172 18192 18199 18200
6 18214 18226 18236 18239 18242 18251
7 17262 18277 18287 18290 18293 18302 18322
6 15425 18335 18345 18348 18351 18360
6 18388 18400 18410 18413 18416 18425
2 18448 18460
6 7427 18468 18478 18481 18484 18493
6 16679 18520 18530 18533 18536 18545
6 18552 18564 18574 18577 18580 18589
7 12884 18608 18618 18621 18624 18633 18653
6 18664 18676 18686 18689 18692 18701
5 18709 18721 18731 18734 18737
6 18753 18765 18775 18778 18781 18790
6 18792 18804 18814 18817 18820 18829
6 18846 18858 18868 18871 18874 18883
7 14940 18911 18921 18924 18927 18936 18956
7 18962 18974 18984 18987 18990 18999 19019
6 19026 19038 19048 19051 19054 19063
9 14929 19076 19086 19089 19092 19101 19121 19128 19129
6 19143 19155 19165 19168 19171 19180
9 19110 19192 19202 19205 19208 19217 19237 19244 19245
6 19253 19265 19275 19278 19281 19290
1 19312
9 5178 11499 11774 11813 11958 19323 19343 19350 19351
6 19366 19378 19388 19391 19394 19403
9 19415 19427 19437 19440 19443 19452 19472 19479 19480
5 19490 19502 19512 19515 19518
6 17436 19531 19541 19544 19547 19556
6 19578 19590 19600 19603 19606 19615
6 19627 19639 19649 19652 19655 19664
9 19689 19701 19711 19714 19717 19726 19746 19753 19754
9 19765 19777 19787 19790 19793 19802 19822 19829 19830
6 4212 19844 19854 19857 19860 19869
6 19890 19902 19912 19915 19918 19927
7 19071 19938 19948 19951 19954 19963 19983
9 18916 19996 20006 20009 20012 20021 20041 20048 20049
7 20052 20064 20074 20077 20080 20089 20109
9 5382 16520 20117 20120 20123 20132 20152 20159 20160
9 10731 20167 20177 20180 20183 20192 20212 20219 20220
9 10007 17292 20225 20228 20231 20240 20260 20267 20268
6 20279 20291 20301 20304 20307 20316
9 20346 20358 20368 20371 20374 20383 20403 20410 20411
6 20419 20431 20441 20444 20447 20456
7 20465 20477 20487 20490 20493 20502 20522
6 20527 20539 20549 20552 20555 20564
9 20583 20595 20605 20608 20611 20620 20640 20647 20648
6 20660 20672 20682 20685 20688 20697
4 20715 20727 20737 20740
6 20744 20756 20766 20769 20772 20781
6 20796 20808 20818 20821 20824 20833
6 20849 20861 20871 20874 20877 20886
7 16131 20911 20921 20924 20927 20936 20956
9 9291 20963 20973 20976 20979 20988 21008 21015 21016
9 7390 21025 21035 21038 21041 21050 21070 21077 21078
1 21091
9 21107 21119 21129 21132 21135 21144 21164 21171 21172
6 21189 21201 21211 21214 21217 21226
0
7 17348 21245 21255 21258 21261 21270 21290
7 20781 21307 21317 21320 21323 21332 21352
9 14760 21366 21376 21379 21382 21391 21411 21418 21419
6 21426 21438 21448 21451 21454 21463
6 21473 21485 21495 21498 21501 21510
8 21530 21542 21552 21555 21558 21567 21587 21594
6 13085 21599 21609 21612 21615 21624
1 21652
6 21661 21673 21683 21686 21689 21698
9 21723 21735 21745 21748 21751 21760 21780 21787 21788
7 21795 21807 21817 21820 21823 21832 21852
5 21860 21872 21882 21885 21888
9 21896 21908 21918 21921 21924 21933 21953 21960 21961
7 21976 21988 21998 22001 22004 22013 22033
7 22043 22055 22065 22068 22071 22080 22100
7 7282 22108 22118 22121 22124 22133 22153
9 19366 22165 22175 22178 22181 22190 22210 22217 22218
6 22226 22238 22248 22251 22254 22263
9 22275 22287 22297 22300 22303 22312 22332 22339 22340
7 22348 22360 22370 22373 22376 22385 22405
6 10401 22420 22430 22433 22436 22445
6 22467 22479 22489 22492 22495 22504
9 22495 22530 22540 22543 22546 22555 22575 22582 22583
7 10007 22589 22599 22602 22605 22614 22634
5 22646 22658 22668 22671 22674
9 12886 22690 22700 22703 22706 22715 22735 22742 22743
5 22747 22759 22769 22772 22775
9 22789 22801 22811 22814 22817 22826 22846 22853 22854
6 22861 22873 22883 22886 22889 22898
5 22927 22939 22949 22952 22955
6 22966 22978 22988 22991 22994 23003
8 23023 23035 23045 23048 23051 23060 23080 23087
6 23095 23107 23117 23120 23123 23132
6 23150 23162 23172 23175 23178 23187
6 23213 23225 23235 23238 23241 23250
7 23254 23266 23276 23279 23282 23291 23311
6 23317 23329 23339 23342 23345 23354
6 23372 23384 23394 23397 23400 23409
2 23437 23449
6 23453 23465 23475 23478 23481 23490
9 18343 23508 23518 23521 23524 23533 23553 23560 23561
7 23568 23580 23590 23593 23596 23605 23625
9 23629 23641 23651 23654 23657 23666 23686 23693 23694
9 12220 21359 23705 23708 23711 23720 23740 23747 23748
7 9278 23758 23768 23771 23774 23783 23803
9 23815 23827 23837 23840 23843 23852 23872 23879 23880
9 17268 23884 23894 23897 23900 23909 23929 23936 23937
9 8060 15568 20256 21654 23940 23949 23969 23976 23977
9 17268 23991 24001 24004 24007 24016 24036 24043 24044
5 24057 24069 24079 24082 24085
6 24098 24110 24120 24123 24126 24135
9 12587 24147 24157 24160 24163 24172 24192 24199 24200
6 24211 24223 24233 24236 24239 24248
5 24265 24277 24287 24290 24293
3 24309 24321 24331
9 24341 24353 24363 24366 24369 24378 24398 24405 24406
9 24409 24421 24431 24434 24437 24446 24466 24473 24474
9 9362 23961 24487 24490 24493 24502 24522 24529 24530
6 24535 24547 24557 24560 24563 24572
7 12573 24592 24602 24605 24608 24617 24637
9 5899 18489 23887 24641 24644 24653 24673 24680 24681
6 20834 24704 24714 24717 24720 24729
7 24750 24762 24772 24775 24778 24787 24807
6 24812 24824 24834 24837 24840 24849
2 24872 24884
1 24904
8 16175 24910 24920 24923 24926 24935 24955 24962
7 14787 24965 24975 24978 24981 24990 25010
6 22413 25020 25030 25033 25036 25045
6 25065 25077 25087 25090 25093 25102
6 25120 25132 25142 25145 25148 25157
7 25179 25191 25201 25204 25207 25216 25236
7 19642 25248 25258 25261 25264 25273 25293
6 24239 25309 25319 25322 25325 25334
6 25358 25370 25380 25383 25386 25395
6 25417 25429 25439 25442 25445 25454
8 23757 25472 25482 25485 25488 25497 25517 25524
9 10093 25530 25540 25543 25546 25555 25575 25582 25583
6 25596 25608 25618 25621 25624 25633
6 20908 25654 25664 25667 25670 25679
8 25702 25714 25724 25727 25730 25739 25759 25766
6 25771 25783 25793 25796 25799 25808
5 25821 25833 25843 25846 25849
9 21259 25864 25874 25877 25880 25889 25909 25916 25917
9 13185 25937 25947 25950 25953 25962 25982 25989 25990
6 26001 26013 26023 26026 26029 26038
7 26055 26067 26077 26080 26083 26092 26112
2 11497 26119
6 26131 26143 26153 26156 26159 26168
9 18293 26188 26198 26201 26204 26213 26233 26240 26241
5 26250 26262 26272 26275 26278
6 26288 26300 26310 26313 26316 26325
2 26333 26345
9 25941 26362 26372 26375 26378 26387 26407 26414 26415
6 8053 26428 26438 26441 26444 26453
7 26475 26487 26497 26500 26503 26512 26532
7 26535 26547 26557 26560 26563 26572 26592
6 26596 26608 26618 26621 26624 26633
3 26648 26660 26670
9 6557 14623 26676 26679 26682 26691 26711 26718 26719
6 21338 26728 26738 26741 26744 26753
6 26766 26778 26788 26791 26794 26803
6 26823 26835 26845 26848 26851 26860
1 26884
6 26903 26915 26925 26928 26931 26940
6 26948 26960 26970 26973 26976 26985
0
6 27015 27027 27037 27040 27043 27052
2 27067 27079
9 17292 27084 27094 27097 27100 27109 27129 27136 27137
6 27152 27164 27174 27177 27180 27189
7 27200 27212 27222 27225 27228 27237 27257
9 27264 27276 27286 27289 27292 27301 27321 27328 27329
6 23989 27344 27354 27357 27360 27369
1 27397
6 27413 27425 27435 27438 27441 27450
5 27454 27466 27476 27479 27482
6 12325 27490 27500 27503 27506 27515
5 27531 27543 27553 27556 27559
6 27567 27579 27589 27592 27595 27604
5 27629 27641 27651 27654 27657
2 27676 27688
6 20271 27700 27710 27713 27716 27725
5 23763 27750 27760 27763 27766
0
0
6 27795 27807 27817 27820 27823 27832
0
6 27849 27861 27871 27874 27877 27886
5 27908 27920 27930 27933 27936
0
6 27291 27957 27967 27970 27973 27982
6 18521 28002 28012 28015 28018 28027
0
7 28044 28056 28066 28069 28072 28081 28101
5 28118 28130 28140 28143 28146
1 28159
6 28179 28191 28201 28204 28207 28216
0
9 28236 28248 28258 28261 28264 28273 28293 28300 28301
1 28315
6 28324 28336 28346 28349 28352 28361
7 21873 28388 28398 28401 28404 28413 28433
6 28442 28454 28464 28467 28470 28479
2 28505 28517
6 23110 28534 28544 28547 28550 28559
0
6 28570 28582 28592 28595 28598 28607
1 28629
6 28642 28654 28664 28667 28670 28679
6 28690 28702 28712 28715 28718 28727
7 27694 28750 28760 28763 28766 28775 28795
2 28811 28823
7 28839 28851 28861 28864 28867 28876 28896
1 28912
0
9 28930 28942 28952 28955 28958 28967 28987 28994 28995
9 29016 29028 29038 29041 29044 29053 29073 29080 29081
5 29098 29110 29120 29123 29126
0
0
7 29145 29157 29167 29170 29173 29182 29202
6 29212 29224 29234 29237 29240 29249
5 29262 29274 29284 29287 29290
7 12573 23710 29303 29306 29309 29318 29338
1 29351
0
0
4 29373 29385 29395 29398
6 29413 29425 29435 29438 29441 29450
6 29474 29486 29496 29499 29502 29511
6 29533 29545 29555 29558 29561 29570
9 29587 29599 29609 29612 29615 29624 29644 29651 29652
0
6 29675 29687 29697 29700 29703 29712
7 10622 29723 29733 29736 29739 29748 29768
0
9 17919 29791 29801 29804 29807 29816 29836 29843 29844
3 29861 29873 29883
8 29886 29898 29908 29911 29914 29923 29943 29950
9 13757 29960 29970 29973 29976 29985 30005 30012 30013
6 30019 30031 30041 30044 30047 30056
6 30082 30094 30104 30107 30110 30119
5 30140 30152 30162 30165 30168
6 30176 30188 30198 30201 30204 30213
9 30229 30241 30251 30254 30257 30266 30286 30293 30294
6 30306 30318 30328 30331 30334 30343
7 30355 30367 30377 30380 30383 30392 30412
5 30430 30442 30452 30455 30458
6 30476 30488 30498 30501 30504 30513
6 30538 30550 30560 30563 30566 30575
1 30592
7 30602 30614 30624 30627 30630 30639 30659
9 30662 30674 30684 30687 30690 30699 30719 30726 30727
9 11552 15194 17439 18250 23889 30742 30762 30769 30770
3 30796 30808 30818
0
1 30841
0
5 30868 30880 30890 30893 30896
6 30899 30911 30921 30924 30927 30936
0
7 29243 30955 30965 30968 30971 30980 31000
7 31012 31024 31034 31037 31040 31049 31069
6 23985 31086 31096 31099 31102 31111
7 31132 31144 31154 31157 31160 31169 31189
7 30823 31207 31217 31220 31223 31232 31252
2 31271 31283
6 31294 31306 31316 31319 31322 31331
6 31346 31358 31368 31371 31374 31383
5 31405 31417 31427 31430 31433
6 31444 31456 31466 31469 31472 31481
6 23882 31493 31503 31506 31509 31518
5 31545 31557 31567 31570 31573
6 31585 31597 31607 31610 31613 31622
6 31641 31653 31663 31666 31669 31678
4 31706 31718 31728 31731
2 31746 31758
6 31772 31784 31794 31797 31800 31809
5 31832 31844 31854 31857 31860
9 28487 31877 31887 31890 31893 31902 31922 31929 31930
6 31943 31955 31965 31968 31971 31980
6 32000 32012 32022 32025 32028 32037
9 32063 32075 32085 32088 32091 32100 32120 32127 32128
5 32146 32158 32168 32171 32174
7 19673 32193 32203 32206 32209 32218 32238
7 28255 32250 32260 32263 32266 32275 32295
5 32313 32325 32335 32338 32341
6 32353 32365 32375 32378 32381 32390
6 32407 32419 32429 32432 32435 32444
9 32460 32472 32482 32485 32488 32497 32517 32524 32525
9 21629 32532 32542 32545 32548 32557 32577 32584 32585
6 32591 32603 32613 32616 32619 32628
6 32645 32657 32667 32670 32673 32682
2 32696 32708
5 32730 32742 32752 32755 32758
2 32770 32782
6 32791 32803 32813 32816 32819 32828
0
5 32859 32871 32881 32884 32887
0
4 32910 32922 32932 32935
1 32944
7 30182 32954 32964 32967 32970 32979 32999
6 33019 33031 33041 33044 33047 33056
6 33074 33086 33096 33099 33102 33111
5 33130 33142 33152 33155 33158
7 33161 33173 33183 33186 33189 33198 33218
6 33231 33243 33253 33256 33259 33268
4 33294 33306 33316 33319
0
6 33337 33349 33359 33362 33365 33374
2 33400 33412
6 20336 33430 33440 33443 33446 33455
7 18036 30660 33478 33481 33484 33493 33513
6 33521 33533 33543 33546 33549 33558
7 33571 33583 33593 33596 33599 33608 33628
2 33638 33650
9 33656 33668 33678 33681 33684 33693 33713 33720 33721
6 33731 33743 33753 33756 33759 33768
7 27780 33794 33804 33807 33810 33819 33839
5 33859 33871 33881 33884 33887
0
6 33908 33920 33930 33933 33936 33945
6 33968 33980 33990 33993 33996 34005
3 34034 34046 34056
2 34072 34084
6 34095 34107 34117 34120 34123 34132
0
6 34151 34163 34173 34176 34179 34188
0
9 20926 34212 34222 34225 34228 34237 34257 34264 34265
5 34277 34289 34299 34302 34305
6 34321 34333 34343 34346 34349 34358
5 34374 34386 34396 34399 34402
7 34422 34434 34444 34447 34450 34459 34479
5 34486 34498 34508 34511 34514
0
9 34533 34545 34555 34558 34561 34570 34590 34597 34598
6 34601 34613 34623 34626 34629 34638
5 34644 34656 34666 34669 34672
2 34691 34703
9 23204 34711 34721 34724 34727 34736 34756 34763 34764
6 7886 26041 34782 34785 34788 34797
9 34818 34830 34840 34843 34846 34855 34875 34882 34883
6 17738 34902 34912 34915 34918 34927
2 34956 34968
1 34988
7 35001 35013 35023 35026 35029 35038 35058
0
5 35070 35082 35092 35095 35098
7 35110 35122 35132 35135 35138 35147 35167
7 35182 35194 35204 35207 35210 35219 35239
5 35256 35268 35278 35281 35284
0
6 35289 35301 35311 35314 35317 35326
5 35350 35362 35372 35375 35378
2 35382 35394
7 35408 35420 35430 35433 35436 35445 35465
0
0
9 15825 35472 35482 35485 35488 35497 35517 35524 35525
5 27225 35540 35550 35553 35556
6 35566 35578 35588 35591 35594 35603
5 35618 35630 35640 35643 35646
2 35664 35676
9 35684 35696 35706 35709 35712 35721 35741 35748 35749
4 35770 35782 35792 35795
3 35806 35818 35828
6 35839 35851 35861 35864 35867 35876
9 35886 35898 35908 35911 35914 35923 35943 35950 35951
6 35968 35980 35990 35993 35996 36005
9 36027 36039 36049 36052 36055 36064 36084 36091 36092
0
2 36117 36129
0
5 36149 36161 36171 36174 36177
6 36190 36202 36212 36215 36218 36227
4 36249 36261 36271 36274
7 20176 36282 36292 36295 36298 36307 36327
9 19614 36339 36349 36352 36355 36364 36384 36391 36392
9 27052 36406 36416 36419 36422 36431 36451 36458 36459
6 36469 36481 36491 36494 36497 36506
6 36513 36525 36535 36538 36541 36550
0
6 36579 36591 36601 36604 36607 36616
5 36640 36652 36662 36665 36668
1 36682
5 36695 36707 36717 36720 36723
0
6 27454 36740 36750 36753 36756 36765
0
0
6 36794 36806 36816 36819 36822 36831
8 36853 36865 36875 36878 36881 36890 36910 36917
6 13480 36923 36933 36936 36939 36948
6 36970 36982 36992 36995 36998 37007
3 37027 37039 37049
2 34301 37061
0
0
0
6 37079 37091 37101 37104 37107 37116
7 37142 37154 37164 37167 37170 37179 37199
6 37214 37226 37236 37239 37242 37251
0
6 37273 37285 37295 37298 37301 37310
6 37321 37333 37343 37346 37349 37358
9 37383 37395 37405 37408 37411 37420 37440 37447 37448
2 37460 37472
1 37486
0
6 37505 37517 37527 37530 37533 37542
1 37559
6 37572 37584 37594 37597 37600 37609
5 37624 37636 37646 37649 37652
6 37665 37677 37687 37690 37693 37702
0
7 21188 37737 37747 37750 37753 37762 37782
6 37792 37804 37814 37817 37820 37829
6 37845 37857 37867 37870 37873 37882
9 34869 37896 37906 37909 37912 37921 37941 37948 37949
9 26424 37969 37979 37982 37985 37994 38014 38021 38022
5 38044 38056 38066 38069 38072
0
7 38086 38098 38108 38111 38114 38123 38143
7 38154 38166 38176 38179 38182 38191 38211
6 38226 38238 38248 38251 38254 38263
0
0
7 38287 38299 38309 38312 38315 38324 38344
7 38354 38366 38376 38379 38382 38391 38411
6 38422 38434 38444 38447 38450 38459
7 38479 38491 38501 38504 38507 38516 38536
0
7 38556 38568 38578 38581 38584 38593 38613
6 38624 38636 38646 38649 38652 38661
0
7 38675 38687 38697 38700 38703 38712 38732
7 23371 38735 38745 38748 38751 38760 38780
6 38797 38809 38819 38822 38825 38834
7 38861 38873 38883 38886 38889 38898 38918
5 38929 38941 38951 38954 38957
2 38974 38986
6 39004 39016 39026 39029 39032 39041
7 39067 39079 39089 39092 39095 39104 39124
9 11885 20276 39130 39133 39136 39145 39165 39172 39173
1 39194
0
0
7 39207 39219 39229 39232 39235 39244 39264
6 36277 39280 39290 39293 39296 39305
6 39329 39341 39351 39354 39357 39366
6 39375 39387 39397 39400 39403 39412
9 23732 39425 39435 39438 39441 39450 39470 39477 39478
1 39483
2 39491 39503
6 39514 39526 39536 39539 39542 39551
7 39571 39583 39593 39596 39599 39608 39628
6 39638 39650 39660 39663 39666 39675
6 39696 39708 39718 39721 39724 39733
6 39751 39763 39773 39776 39779 39788
6 25065 39816 39826 39829 39832 39841
9 19563 39855 39865 39868 39871 39880 39900 39907 39908
6 39924 39936 39946 39949 39952 39961
5 39964 39977 39987 39990 39994
1 40008
7 38665 40030 40040 40043 40046 40055 40075
9 14637 40079 40089 40092 40095 40104 40124 40131 40132
1 40138
6 40156 40168 40178 40181 40184 40193
6 40211 40223 40233 40236 40239 40248
6 28573 40267 40277 40280 40283 40292
6 40319 40331 40341 40344 40347 40356
1 40380
0
9 11489 24967 40399 40402 40405 40414 40434 40441 40442
6 40449 40461 40471 40474 40477 40486
6 40501 40513 40523 40526 40529 40538
9 40554 40566 40576 40579 40582 40591 40611 40618 40619
6 40638 40650 40660 40663 40666 40675
0
6 40703 40715 40725 40728 40731 40740
0
6 40754 40766 40776 40779 40782 40791
0
9 40816 40828 40838 40841 40844 40853 40873 40880 40881
0
1 40914
5 40938 40950 40960 40963 40966
2 40986 40998
1 41020
6 41031 41043 41053 41056 41059 41068
6 33380 41083 41093 41096 41099 41108
3 41120 41132 41142
0
6 41094 41162 41172 41175 41178 41187
1 41200
5 41224 41236 41246 41249 41252
9 8755 31127 41265 41268 41271 41280 41300 41307 41308
7 16113 41314 41324 41327 41330 41339 41359
6 18800 41368 41378 41381 41384 41393
6 41410 41422 41432 41435 41438 41447
6 41465 41477 41487 41490 41493 41502
2 41527 41539
8 19641 41548 41558 41561 41564 41573 41593 41600
9 29746 41610 41620 41623 41626 41635 41655 41662 41663
6 41670 41682 41692 41695 41698 41707
6 15813 29296 41722 41725 41728 41737
1 41759
9 41776 41788 41798 41801 41804 41813 41833 41840 41841
6 41852 41864 41874 41877 41880 41889
9 20496 41905 41915 41918 41921 41930 41950 41957 41958
7 41971 41983 41993 41996 41999 42008 42028
0
7 42043 42055 42065 42068 42071 42080 42100
9 42108 42120 42130 42133 42136 42145 42165 42172 42173
6 36407 42192 42202 42205 42208 42217
6 42246 42258 42268 42271 42274 42283
0
9 8996 31828 42305 42308 42311 42320 42340 42347 42348
6 18944 42360 42370 42373 42376 42385
5 42410 42422 42432 42435 42438
6 42446 42458 42468 42471 42474 42483
5 42497 42509 42519 42522 42525
9 42308 42545 42555 42558 42561 42570 42590 42597 42598
6 42607 42619 42629 42632 42635 42644
6 42663 42675 42685 42688 42691 42700
6 42712 42724 42734 42737 42740 42749
0
7 42773 42785 42795 42798 42801 42810 42830
6 42846 42858 42868 42871 42874 42883
2 42906 42918
0
6 42931 42943 42953 42956 42959 42968
6 42982 42994 43004 43007 43010 43019
7 43037 43049 43059 43062 43065 43074 43094
9 15827 43099 43109 43112 43115 43124 43144 43151 43152
2 43158 43170
6 43184 43196 43206 43209 43212 43221
9 23730 43238 43248 43251 43254 43263 43283 43290 43291
2 43302 43314
6 40748 43335 43345 43348 43351 43360
2 43391 43403
9 32822 43417 43427 43430 43433 43442 43462 43469 43470
3 43483 43495 43505
6 43514 43526 43536 43539 43542 43551
0
0
0
7 22709 43580 43590 43593 43596 43605 43625
6 43632 43644 43654 43657 43660 43669
1 43702
6 34291 43709 43719 43722 43725 43734
2 43741 43753
6 9641 43763 43773 43776 43779 43788
6 43813 43825 43835 43838 43841 43850
3 43880 43892 43902
0
7 43920 43932 43942 43945 43948 43957 43977
7 12866 41313 43988 43991 43994 44003 44023
7 44032 44044 44054 44057 44060 44069 44089
0
6 44104 44116 44126 44129 44132 44141
5 44142 44154 44164 44167 44170
6 42003 44187 44197 44200 44203 44212
7 44225 44237 44247 44250 44253 44262 44282
1 44298
5 44316 44328 44338 44341 44344
1 35389
6 44362 44374 44384 44387 44390 44399
6 44426 44438 44448 44451 44454 44463
6 44492 44504 44514 44517 44520 44529
0
6 44550 44562 44572 44575 44578 44587
4 44601 44613 44623 44626
6 44640 44652 44662 44665 44668 44677
5 44683 44695 44705 44708 44711
3 44733 44745 44755
6 44757 44769 44779 44782 44785 44794
0
0
0
6 44834 44846 44856 44859 44862 44871
6 44877 44889 44899 44902 44905 44914
9 41601 44924 44934 44937 44940 44949 44969 44976 44977
1 44996
9 10028 25394 45003 45006 45009 45018 45038 45045 45046
5 42021 45069 45079 45082 45085
4 45100 45112 45122 45125
6 45141 45153 45163 45166 45169 45178
6 45188 45200 45210 45213 45216 45225
6 33669 45253 45263 45266 45269 45278
1 45298
6 45319 45331 45341 45344 45347 45356
7 25945 45374 45384 45387 45390 45399 45419
6 45428 45440 45450 45453 45456 45465
8 45481 45493 45503 45506 45509 45518 45538 45545
9 18482 26777 45551 45554 45557 45566 45586 45593 45594
3 45608 45620 45630
9 32118 45639 45649 45652 45655 45664 45684 45691 45692
2 45706 45718
6 15827 45725 45735 45738 45741 45750
0
6 45779 45791 45801 45804 45807 45816
7 45842 45854 45864 45867 45870 45879 45899
6 45905 45917 45927 45930 45933 45942
2 45975 45987
6 22664 45998 46008 46011 46014 46023
6 46048 46060 46070 46073 46076 46085
7 25933 46100 46110 46113 46116 46125 46145
9 46157 46169 46179 46182 46185 46194 46214 46221 46222
1 46244
6 46261 46273 46283 46286 46289 46298
7 46326 46338 46348 46351 46354 46363 46383
6 46391 46403 46413 46416 46419 46428
9 21303 46438 46448 46451 46454 46463 46483 46490 46491
7 46503 46515 46525 46528 46531 46540 46560
6 46564 46576 46586 46589 46592 46601
5 46616 46628 46638 46641 46644
6 18876 46655 46665 46668 46671 46680
8 46699 46711 46721 46724 46727 46736 46756 46763
9 15090 27124 46766 46769 46772 46781 46801 46808 46809
1 46826
5 46830 46842 46852 46855 46858
5 46871 46883 46893 46896 46899
8 27328 46909 46919 46922 46925 46934 46954 46961
6 15642 46968 46978 46981 46984 46993
6 47011 47023 47033 47036 47039 47048
9 47058 47070 47080 47083 47086 47095 47115 47122 47123
6 35520 47134 47144 47147 47150 47159
0
9 47179 47191 47201 47204 47207 47216 47236 47243 47244
6 43163 47259 47269 47272 47275 47284
0
7 47320 47332 47342 47345 47348 47357 47377
1 47386
9 47390 47402 47412 47415 47418 47427 47447 47454 47455
5 47467 47479 47489 47492 47495
6 47507 47519 47529 47532 47535 47544
0
1 47567
0
9 47588 47600 47610 47613 47616 47625 47645 47652 47653
6 39969 47665 47675 47678 47681 47690
0
4 47714 47726 47736 47739
6 47740 47752 47762 47765 47768 47777
9 8053 46801 47788 47791 47794 47803 47823 47830 47831
4 47840 47852 47862 47865
7 47868 47880 47890 47893 47896 47905 47925
6 47935 47947 47957 47960 47963 47972
6 47989 48001 48011 48014 48017 48026
6 48040 48052 48062 48065 48068 48077
1 48089
9 7231 21831 48103 48106 48109 48118 48138 48145 48146
7 48167 48179 48189 48192 48195 48204 48224
6 48239 48251 48261 48264 48267 48276
6 48294 48306 48316 48319 48322 48331
0
9 48356 48368 48378 48381 48384 48393 48413 48420 48421
7 48425 48437 48447 48450 48453 48462 48482
0
7 48492 48504 48514 48517 48520 48529 48549
9 48564 48576 48586 48589 48592 48601 48621 48628 48629
6 48638 48650 48660 48663 48666 48675
6 48697 48709 48719 48722 48725 48734
9 27030 48753 48763 48766 48769 48778 48798 48805 48806
2 48822 48834
7 16584 45022 48851 48854 48857 48866 48886
9 48893 48905 48915 48918 48921 48930 48950 48957 48958
5 48973 48985 48995 48998 49001
7 7386 49009 49019 49022 49025 49034 49054
1 49073
6 45379 49090 49100 49103 49106 49115
6 49137 49149 49159 49162 49165 49174
9 10365 49195 49205 49208 49211 49220 49240 49247 49248
7 49259 49271 49281 49284 49287 49296 49316
7 49327 49339 49349 49352 49355 49364 49384
6 47431 49396 49406 49409 49412 49421
6 49446 49458 49468 49471 49474 49483
0
6 17401 49509 49519 49522 49525 49534
4 49554 49566 49576 49579
6 49589 49601 49611 49614 49617 49626
2 49646 49658
1 49678
9 49683 49695 49705 49708 49711 49720 49740 49747 49748
5 49752 49764 49774 49777 49780
1 49802
6 49817 49829 49839 49842 49845 49854
2 49881 49893
9 9525 24757 49906 49909 49912 49921 49941 49948 49949
7 15392 49958 49968 49971 49974 49983 50003
7 50016 50028 50038 50041 50044 50053 50073
6 50084 50096 50106 50109 50112 50121
1 50149
2 50162 50174
7 50186 50198 50208 50211 50214 50223 50243
2 50257 50269
2 50281 50293
6 43542 50307 50317 50320 50323 50332
10 32108 50347 50357 50360 50363 50372 50392 50399 50400 50415
6 28023 50419 50429 50432 50435 50444
1 50461
5 50464 50476 50486 50489 50492
5 50499 50511 50521 50524 50527
7 50529 50541 50551 50554 50557 50566 50586
7 50598 50610 50620 50623 50626 50635 50655
0
6 50669 50681 50691 50694 50697 50706
6 50722 50734 50744 50747 50750 50759
5 50785 50797 50807 50810 50813
0
0
0
7 50831 50843 50853 50856 50859 50868 50888
2 50901 50913
7 40034 50921 50931 50934 50937 50946 50966
1 50980
6 50995 51007 51017 51020 51023 51032
6 51057 51069 51079 51082 51085 51094
9 15070 34757 51109 51112 51115 51124 51144 51151 51152
0
5 51172 51184 51194 51197 51200
9 51207 51219 51229 51232 51235 51244 51264 51271 51272
2 45012 51285
6 39426 51302 51312 51315 51318 51327
2 51343 51355
6 25516 51368 51378 51381 51384 51393
2 51416 51428
6 49756 51447 51457 51460 51463 51472
9 51499 51511 51521 51524 51527 51536 51556 51563 51564
4 51586 51598 51608 51611
6 51613 51625 51635 51638 51641 51650
6 51671 51683 51693 51696 51699 51708
0
6 51720 51732 51742 51745 51748 51757
0
7 22136 51781 51791 51794 51797 51806 51826
9 30128 51834 51844 51847 51850 51859 51879 51886 51887
6 51899 51911 51921 51924 51927 51936
6 51948 51960 51970 51973 51976 51985
1 52010
5 21287 52021 52031 52034 52037
6 52047 52059 52069 52072 52075 52084
0
5 52103 52115 52125 52128 52131
3 52143 52155 52165
0
9 6439 15482 35072 46964 52169 52178 52198 52205 52206
6 52210 52222 52232 52235 52238 52247
6 34652 51294 52267 52270 52273 52282
7 17326 45235 52306 52309 52312 52321 52341
6 52348 52360 52370 52373 52376 52385
1 52394
6 52406 52418 52428 52431 52434 52443
6 52466 52478 52488 52491 52494 52503
0
6 52516 52528 52538 52541 52544 52553
0
2 52582 52594
9 13937 28515 52609 52612 52615 52624 52644 52651 52652
6 41856 52674 52684 52687 52690 52699
6 14953 52708 52718 52721 52724 52733
7 52764 52776 52786 52789 52792 52801 52821
8 15052 52824 52834 52837 52840 52849 52869 52876
7 52883 52895 52905 52908 52911 52920 52940
6 52951 52963 52973 52976 52979 52988
9 11700 52635 53011 53014 53017 53026 53046 53053 53054
3 53069 53081 53091
7 9811 21234 53100 53103 53106 53115 53135
5 53150 53162 53172 53175 53178
6 53191 53203 53213 53216 53219 53228
1 53252
2 53270 53282
5 53293 53305 53315 53318 53321
5 53336 53348 53358 53361 53364
7 36189 53373 53383 53386 53389 53398 53418
5 53426 53438 53448 53451 53454
7 13907 53456 53466 53469 53472 53481 53501
8 46962 53515 53525 53528 53531 53540 53560 53567
0
6 53592 53604 53614 53617 53620 53629
5 53648 53660 53670 53673 53676
2 53692 53704
0
6 28741 53731 53741 53744 53747 53756
0
9 43163 53773 53783 53786 53789 53798 53818 53825 53826
9 15234 53035 53843 53846 53849 53858 53878 53885 53886
1 53908
5 53920 53932 53942 53945 53948
7 53955 53967 53977 53980 53983 53992 54012
9 54023 54035 54045 54048 54051 54060 54080 54087 54088
2 54099 54111
0
7 46238 54130 54140 54143 54146 54155 54175
1 54192
6 54205 54217 54227 54230 54233 54242
6 34034 50336 54263 54266 54269 54278
7 54305 54317 54327 54330 54333 54342 54362
0
9 23985 54372 54382 54385 54388 54397 54417 54424 54425
7 16179 49340 54435 54438 54441 54450 54470
6 54486 54498 54508 54511 54514 54523
6 42926 54549 54559 54562 54565 54574
6 54604 54616 54626 54629 54632 54641
6 54647 54659 54669 54672 54675 54684
6 54691 54703 54713 54716 54719 54728
7 54740 54752 54762 54765 54768 54777 54797
9 54807 54819 54829 54832 54835 54844 54864 54871 54872
1 54889
6 54895 54907 54917 54920 54923 54932
9 53791 54944 54954 54957 54960 54969 54989 54996 54997
6 55017 55029 55039 55042 55045 55054
1 55069
9 11439 21523 55070 55073 55076 55085 55105 55112 55113
6 55128 55140 55150 55153 55156 55165
2 55192 55204
9 8100 15425 22330 36405 55211 55220 55240 55247 55248
6 55262 55274 55284 55287 55290 55299
5 55320 55332 55342 55345 55348
7 19595 52675 55358 55361 55364 55373 55393
0
1 55412
6 55422 55434 55444 55447 55450 55459
7 55478 55490 55500 55503 55506 55515 55535
5 18535 55543 55553 55556 55559
6 55568 55580 55590 55593 55596 55605
7 27262 55621 55631 55634 55637 55646 55666
5 55674 55686 55696 55699 55702
9 4852 13439 33661 55704 55707 55716 55736 55743 55744
0
7 55756 55768 55778 55781 55784 55793 55813
6 55816 55828 55838 55841 55844 55853
2 55868 55880
0
7 55888 55900 55910 55913 55916 55925 55945
6 55950 55962 55972 55975 55978 55987
1 56006
6 56011 56023 56033 56036 56039 56048
6 56071 56083 56093 56096 56099 56108
9 7731 51799 56130 56133 56136 56145 56165 56172 56173
7 41106 56183 56193 56196 56199 56208 56228
2 56239 56251
0
5 56264 56276 56286 56289 56292
9 22304 56294 56304 56307 56310 56319 56339 56346 56347
7 39600 56359 56369 56372 56375 56384 56404
0
7 5693 37950 56418 56421 56424 56433 56453
1 56457
7 56477 56489 56499 56502 56505 56514 56534
6 56544 56556 56566 56569 56572 56581
6 56600 56612 56622 56625 56628 56637
4 56661 56673 56683 56686
7 48124 56696 56706 56709 56712 56721 56741
8 56742 56754 56764 56767 56770 56779 56799 56806
6 56820 56832 56842 56845 56848 56857
6 28212 52521 56863 56866 56869 56878
6 53111 56900 56910 56913 56916 56925
1 56939
1 56949
0
0
6 56987 56999 57009 57012 57015 57024
6 37772 57039 57049 57052 57055 57064
3 57086 57098 57108
4 57112 57124 57134 57137
6 57153 57165 57175 57178 57181 57190
1 57211
7 48775 57226 57236 57239 57242 57251 57271
9 9164 33492 57275 57278 57281 57290 57310 57317 57318
5 54273 57334 57344 57347 57350
9 30093 57362 57372 57375 57378 57387 57407 57414 57415
6 57429 57441 57451 57454 57457 57466
5 57478 57490 57500 57503 57506
6 57514 57526 57536 57539 57542 57551
9 57556 57568 57578 57581 57584 57593 57613 57620 57621
9 57630 57642 57652 57655 57658 57667 57687 57694 57695
6 45802 57710 57720 57723 57726 57735
6 57759 57771 57781 57784 57787 57796
6 57819 57831 57841 57844 57847 57856
6 57869 57881 57891 57894 57897 57906
6 57920 57932 57942 57945 57948 57957
6 57965 57977 57987 57990 57993 58002
9 57522 58016 58026 58029 58032 58041 58061 58068 58069
6 58090 58102 58112 58115 58118 58127
0
9 23424 58147 58157 58160 58163 58172 58192 58199 58200
9 58212 58224 58234 58237 58240 58249 58269 58276 58277
8 57507 58296 58306 58309 58312 58321 58341 58348
6 53839 58360 58370 58373 58376 58385
6 58395 58407 58417 58420 58423 58432
7 12610 26428 58441 58444 58447 58456 58476
2 58486 58498
8 13439 36519 58516 58519 58522 58531 58551 58558
6 58562 58574 58584 58587 58590 58599
6 58614 58626 58636 58639 58642 58651
0
9 9313 33660 58667 58670 58673 58682 58702 58709 58710
6 58729 58741 58751 58754 58757 58766
2 58783 58795
8 40689 58811 58821 58824 58827 58836 58856 58863
6 58865 58877 58887 58890 58893 58902
6 58915 58927 58937 58940 58943 58952
7 16035 34629 58964 58967 58970 58979 58999
1 59013
2 59030 59042
0
6 59051 59063 59073 59076 59079 59088
2 59110 59122
1 59131
5 59145 59157 59167 59170 59173
0
9 59183 59195 59205 59208 59211 59220 59240 59247 59248
6 52280 59264 59274 59277 59280 59289
6 59316 59328 59338 59341 59344 59353
7 59371 59383 59393 59396 59399 59408 59428
7 47918 59445 59455 59458 59461 59470 59490
9 59507 59519 59529 59532 59535 59544 59564 59571 59572
6 59588 59600 59610 59613 59616 59625
5 59650 59662 59672 59675 59678
7 59684 59696 59706 59709 59712 59721 59741
7 43140 59759 59769 59772 59775 59784 59804
9 45698 59819 59829 59832 59835 59844 59864 59871 59872
2 59899 59911
2 59926 59938
8 59956 59968 59978 59981 59984 59993 60013 60020
6 43235 60028 60038 60041 60044 60053
0
6 60075 60087 60097 60100 60103 60112
5 60127 60139 60149 60152 60155
2 60167 60179
6 60189 60201 60211 60214 60217 60226
6 60257 60269 60279 60282 60285 60294
9 37971 60303 60313 60316 60319 60328 60348 60355 60356
0
9 13035 20519 39600 60359 60362 60371 60391 60398 60399
9 16053 44396 60411 60414 60417 60426 60446 60453 60454
9 60477 60489 60499 60502 60505 60514 60534 60541 60542
0
6 38653 60550 60560 60563 60566 60575
9 16753 60588 60598 60601 60604 60613 60633 60640 60641
0
6 60654 60666 60676 60679 60682 60691
4 41945 60703 60713 60716
0
6 60725 60737 60747 60750 60753 60762
9 40075 60780 60790 60793 60796 60805 60825 60832 60833
0
6 60852 60864 60874 60877 60880 60889
6 41718 60910 60920 60923 60926 60935
6 60960 60972 60982 60985 60988 60997
9 61013 61025 61035 61038 61041 61050 61070 61077 61078
7 61086 61098 61108 61111 61114 61123 61143
5 61148 61160 61170 61173 61176
7 61199 61211 61221 61224 61227 61236 61256
0
6 61266 61278 61288 61291 61294 61303
9 15684 42479 61326 61329 61332 61341 61361 61368 61369
5 61381 61393 61403 61406 61409
6 61418 61430 61440 61443 61446 61455
9 61460 61472 61482 61485 61488 61497 61517 61524 61525
9 24117 61533 61543 61546 61549 61558 61578 61585 61586
8 15498 30651 61593 61596 61599 61608 61628 61635
6 61643 61655 61665 61668 61671 61680
1 61705
1 41207
6 61715 61727 61737 61740 61743 61752
9 61765 61777 61787 61790 61793 61802 61822 61829 61830
6 61837 61849 61859 61862 61865 61874
5 50633 61897 61907 61910 61913
6 61921 61933 61943 61946 61949 61958
0
9 61978 61990 62000 62003 62006 62015 62035 62042 62043
9 12216 39595 62046 62049 62052 62061 62081 62088 62089
1 62105
6 62109 62121 62131 62134 62137 62146
7 62164 62176 62186 62189 62192 62201 62221
6 62227 62239 62249 62252 62255 62264
6 51858 62285 62295 62298 62301 62310
0
7 33108 62327 62337 62340 62343 62352 62372
1 62385
6 62405 62417 62427 62430 62433 62442
6 62457 62469 62479 62482 62485 62494
9 13711 35412 62506 62509 62512 62521 62541 62548 62549
6 55381 62560 62570 62573 62576 62585
0
7 62593 62605 62615 62618 62621 62630 62650
6 62658 62670 62680 62683 62686 62695
2 62711 62723
6 26396 62728 62738 62741 62744 62753
6 62774 62786 62796 62799 62802 62811
1 37729
4 62779 62846 62856 62859
2 62872 62884
1 62907
3 62928 62940 62950
9 24423 62956 62966 62969 62972 62981 63001 63008 63009
5 63023 63035 63045 63048 63051
6 63056 63068 63078 63081 63084 63093
6 63111 63123 63133 63136 63139 63148
6 63165 63177 63187 63190 63193 63202
7 30122 60040 63218 63221 63224 63233 63253
0
1 63267
0
9 52127 63279 63289 63292 63295 63304 63324 63331 63332
7 63350 63362 63372 63375 63378 63387 63407
1 63417
6 63418 63430 63440 63443 63446 63455
7 63458 63470 63480 63483 63486 63495 63515
6 63526 63538 63548 63551 63554 63563
6 63588 63600 63610 63613 63616 63625
9 4843 9468 13958 16099 20146 53497 63647 63654 63655
6 63678 63690 63700 63703 63706 63715
0
0
9 63730 63742 63752 63755 63758 63767 63787 63794 63795
7 63805 63817 63827 63830 63833 63842 63862
1 63877
6 39261 63886 63896 63899 63902 63911
7 63936 63948 63958 63961 63964 63973 63993
7 63999 64011 64021 64024 64027 64036 64056
0
4 38861 64072 64082 64085
7 64099 64111 64121 64124 64127 64136 64156
7 64166 64178 64188 64191 64194 64203 64223
7 22071 44512 64233 64236 64239 64248 64268
6 18981 64275 64285 64288 64291 64300
3 64313 64325 64335
0
0
6 64350 64362 64372 64375 64378 64387
7 18137 64410 64420 64423 64426 64435 64455
3 64467 64479 64489
8 64503 64515 64525 64528 64531 64540 64560 64567
5 64568 64580 64590 64593 64596
7 64604 64616 64626 64629 64632 64641 64661
5 64676 64688 64698 64701 64704
1 64718
2 64735 64747
7 49831 64763 64773 64776 64779 64788 64808
4 64826 64838 64848 64851
7 64861 64873 64883 64886 64889 64898 64918
6 19563 64923 64933 64936 64939 64948
6 64976 64988 64998 65001 65004 65013
6 65021 65033 65043 65046 65049 65058
9 65068 65080 65090 65093 65096 65105 65125 65132 65133
7 28718 36923 65149 65152 65155 65164 65184
6 65199 65211 65221 65224 65227 65236
0
6 65258 65270 65280 65283 65286 65295
7 34043 65307 65317 65320 65323 65332 65352
9 14769 51991 65363 65366 65369 65378 65398 65405 65406
9 20251 59539 65418 65421 65424 65433 65453 65460 65461
6 62255 65477 65487 65490 65493 65502
7 65523 65535 65545 65548 65551 65560 65580
4 65588 65600 65610 65613
9 9665 49702 65622 65625 65628 65637 65657 65664 65665
6 65666 65678 65688 65691 65694 65703
9 65709 65721 65731 65734 65737 65746 65766 65773 65774
0
6 36774 65783 65793 65796 65799 65808
7 65823 65835 65845 65848 65851 65860 65880
2 65899 65911
4 65925 65937 65947 65950
6 65963 65975 65985 65988 65991 66000
6 66013 66025 66035 66038 66041 66050
0
9 22203 39802 66070 66073 66076 66085 66105 66112 66113
7 66118 66130 66140 66143 66146 66155 66175
6 66186 66198 66208 66211 66214 66223
7 66251 66263 66273 66276 66279 66288 66308
5 66321 66333 66343 66346 66349
0
1 66367
9 36510 66369 66379 66382 66385 66394 66414 66421 66422
6 66437 66449 66459 66462 66465 66474
2 66503 66515
6 58693 66527 66537 66540 66543 66552
6 66572 66584 66594 66597 66600 66609
9 42591 66635 66645 66648 66651 66660 66680 66687 66688
8 66704 66716 66726 66729 66732 66741 66761 66768
6 52332 66780 66790 66793 66796 66805
0
6 66827 66839 66849 66852 66855 66864
6 45993 66889 66899 66902 66905 66914
1 66930
0
2 66952 66964
3 66974 66986 66996
9 67001 67013 67023 67026 67029 67038 67058 67065 67066
7 49541 67077 67087 67090 67093 67102 67122
7 55388 67132 67142 67145 67148 67157 67177
9 19131 67186 67196 67199 67202 67211 67231 67238 67239
7 67250 67262 67272 67275 67278 67287 67307
7 11582 39091 67318 67321 67324 67333 67353
0
9 23079 43564 67362 67365 67368 67377 67397 67404 67405
1 67411
5 67421 67433 67443 67446 67449
6 67464 67476 67486 67489 67492 67501
9 35706 67512 67522 67525 67528 67537 67557 67564 67565
9 67583 67595 67605 67608 67611 67620 67640 67647 67648
5 67652 67664 67674 67677 67680
1 67695
9 16113 60178 67716 67719 67722 67731 67751 67758 67759
9 67763 67775 67785 67788 67791 67800 67820 67827 67828
7 22517 67837 67847 67850 67853 67862 67882
8 67900 67912 67922 67925 67928 67937 67957 67964
7 43282 67972 67982 67985 67988 67997 68017
2 68030 68042
6 68055 68067 68077 68080 68083 68092
6 42673 68104 68114 68117 68120 68129
1 68149
6 68163 68175 68185 68188 68191 68200
5 68220 68232 68242 68245 68248
8 68261 68273 68283 68286 68289 68298 68318 68325
9 68332 68344 68354 68357 68360 68369 68389 68396 68397
5 68420 68432 68442 68445 68448
5 68456 68468 68478 68481 68484
7 68502 68514 68524 68527 68530 68539 68559
7 68572 68584 68594 68597 68600 68609 68629
0
6 68652 68664 68674 68677 68680 68689
8 7874 30160 68703 68706 68709 68718 68738 68745
2 68749 68761
7 68776 68788 68798 68801 68804 68813 68833
9 8750 68840 68850 68853 68856 68865 68885 68892 68893
6 68916 68928 68938 68941 68944 68953
9 16222 31032 47815 62987 68963 68972 68992 68999 69000
0
0
0
0
5 69020 69032 69042 69045 69048
0
2 69071 69083
0
8 18351 65668 69102 69105 69108 69117 69137 69144
6 45564 69153 69163 69166 69169 69178
4 69197 69209 69219 69222
1 14
6 33 45 55 58 61 70
0
6 107 119 129 132 135 144
9 163 175 185 188 191 200 220 227 228
9 249 261 271 274 277 286 306 313 314
9 329 341 351 354 357 366 386 393 394
0
0
9 420 432 442 445 448 457 477 484 485
0
7 508 520 530 533 536 545 565
6 584 596 606 609 612 621
6 649 661 671 674 677 686
5 717 729 739 742 745
6 764 776 786 789 792 801
6 823 835 845 848 851 860
1 892
4 917 929 939 942
7 957 969 979 982 985 994 1014
6 1034 1046 1056 1059 1062 1071
6 1093 1105 1115 1118 1121 1130
6 1160 1172 1182 1185 1188 1197
5 1228 1240 1250 1253 1256
6 1275 1287 1297 1300 1303 1312
9 1346 1358 1368 1371 1374 1383 1403 1410 1411
9 1433 1445 1455 1458 1461 1470 1490 1497 1498
9 1520 1532 1542 1545 1548 1557 1577 1584 1585
5 1602 1614 1624 1627 1630
9 1646 1658 1668 1671 1674 1683 1703 1710 1711
6 1727 1739 1749 1752 1755 1764
0
6 1797 1809 1819 1822 1825 1834
7 1855 1867 1877 1880 1883 1892 1912
6 1927 1939 1949 1952 1955 1964
6 1991 2003 2013 2016 2019 2028
9 2059 2071 2081 2084 2087 2096 2116 2123 2124
6 2139 2151 2161 2164 2167 2176
6 2194 2206 2216 2219 2222 2231
6 2253 2265 2275 2278 2281 2290
6 2317 2329 2339 2342 2345 2354
0
9 2397 2409 2419 2422 2425 2434 2454 2461 2462
6 2483 2495 2505 2508 2511 2520
6 2535 2547 2557 2560 2563 2572
2 2590 2602
0
0
3 2637 2649 2659
6 2674 2686 2696 2699 2702 2711
7 2739 2751 2761 2764 2767 2776 2796
6 2813 2825 2835 2838 2841 2850
6 2866 2878 2888 2891 2894 2903
6 2923 2935 2945 2948 2951 2960
7 2977 2989 2999 3002 3005 3014 3034
3 3051 3063 3073
2 3088 3100
1 3115
9 3136 3148 3158 3161 3164 3173 3193 3200 3201
2 3218 3230
7 3246 3258 3268 3271 3274 3283 3303
7 3323 3335 3345 3348 3351 3360 3380
0
6 3403 3415 3425 3428 3431 3440
6 3466 3478 3488 3491 3494 3503
6 3532 3544 3554 3557 3560 3569
6 3595 3607 3617 3620 3623 3632
7 3659 3671 3681 3684 3687 3696 3716
9 3735 3747 3757 3760 3763 3772 3792 3799 3800
7 3817 3829 3839 3842 3845 3854 3874
6 3889 3901 3911 3914 3917 3926
5 3953 3965 3975 3978 3981
3 3997 4009 4019
9 4034 4046 4056 4059 4062 4071 4091 4098 4099
9 4114 4126 4136 4139 4142 4151 4171 4178 4179
2 4194 4206
8 4222 4234 4244 4247 4250 4259 4279 4286
9 4301 4313 4323 4326 4329 4338 4358 4365 4366
6 4388 4400 4410 4413 4416 4425
6 4459 4471 4481 4484 4487 4496
9 4522 4534 4544 4547 4550 4559 4579 4586 4587
0
9 4612 4624 4634 4637 4640 4649 4669 4676 4677
6 4702 4714 4724 4727 4730 4739
8 4753 4765 4775 4778 4781 4790 4810 4817
5 4830 4842 4852 4855 4858
6 4877 4889 4899 4902 4905 4914
6 4943 4955 4965 4968 4971 4980
7 5010 5022 5032 5035 5038 5047 5067
7 5081 5093 5103 5106 5109 5118 5138
9 5157 5169 5179 5182 5185 5194 5214 5221 5222
6 5247 5259 5269 5272 5275 5284
9 5301 5313 5323 5326 5329 5338 5358 5365 5366
7 5384 5396 5406 5409 5412 5421 5441
7 5454 5466 5476 5479 5482 5491 5511
6 5530 5542 5552 5555 5558 5567
9 5584 5596 5606 5609 5612 5621 5641 5648 5649
7 5668 5680 5690 5693 5696 5705 5725
7 5742 5754 5764 5767 5770 5779 5799
7 5820 5832 5842 5845 5848 5857 5877
6 5891 5903 5913 5916 5919 5928
6 5953 5965 5975 5978 5981 5990
6 6017 6029 6039 6042 6045 6054
7 6079 6091 6101 6104 6107 6116 6136
5 6154 6166 6176 6179 6182
1 6200
7 6215 6227 6237 6240 6243 6252 6272
7 6289 6301 6311 6314 6317 6326 6346
7 6364 6376 6386 6389 6392 6401 6421
6 6438 6450 6460 6463 6466 6475
6 6494 6506 6516 6519 6522 6531
3 6551 6563 6573
3 6590 6602 6612
6 6628 6640 6650 6653 6656 6665
8 6696 6708 6718 6721 6724 6733 6753 6760
6 6774 6786 6796 6799 6802 6811
5 6832 6844 6854 6857 6860
7 6877 6889 6899 6902 6905 6914 6934
6 6953 6965 6975 6978 6981 6990
4 7009 7021 7031 7034
6 7051 7063 7073 7076 7079 7088
5 7120 7132 7142 7145 7148
6 7170 7182 7192 7195 7198 7207
0
9 7235 7247 7257 7260 7263 7272 7292 7299 7300
6 7315 7327 7337 7340 7343 7352
0
6 7379 7391 7401 7404 7407 7416
4 7431 7443 7453 7456
6 7468 7480 7490 7493 7496 7505
7 7538 7550 7560 7563 7566 7575 7595
0
6 7620 7632 7642 7645 7648 7657
5 7674 7686 7696 7699 7702
0
7 7719 7731 7741 7744 7747 7756 7776
9 7789 7801 7811 7814 7817 7826 7846 7853 7854
9 7873 7885 7895 7898 7901 7910 7930 7937 7938
6 7951 7963 7973 7976 7979 7988
6 8019 8031 8041 8044 8047 8056
8 8087 8099 8109 8112 8115 8124 8144 8151
6 8163 8175 8185 8188 8191 8200
3 8224 8236 8246
5 8261 8273 8283 8286 8289
7 8300 8312 8322 8325 8328 8337 8357
2 8368 8380
2 8402 8414
9 8429 8441 8451 8454 8457 8466 8486 8493 8494
1 8509
8 8526 8538 8548 8551 8554 8563 8583 8590
7 8603 8615 8625 8628 8631 8640 8660
6 8677 8689 8699 8702 8705 8714
10 8738 8750 8760 8763 8766 8775 8795 8802 8803 8818
7 8833 8845 8855 8858 8861 8870 8890
2 8908 8920
1 8942
6 8959 8971 8981 8984 8987 8996
6 9021 9033 9043 9046 9049 9058
1 9078
0
0
6 9110 9122 9132 9135 9138 9147
6 9167 9179 9189 9192 9195 9204
6 9219 9231 9241 9244 9247 9256
1 9272
9 9292 9304 9314 9317 9320 9329 9349 9356 9357
2 9372 9384
1 9406
0
6 9429 9441 9451 9454 9457 9466
5 9489 9501 9511 9514 9517
9 9531 9543 9553 9556 9559 9568 9588 9595 9596
6 9607 9619 9629 9632 9635 9644
0
5 9659 9671 9681 9684 9687
0
6 9719 9731 9741 9744 9747 9756
6 9770 9782 9792 9795 9798 9807
0
6 9823 9835 9845 9848 9851 9860
6 9888 9900 9910 9913 9916 9925
6 9941 9953 9963 9966 9969 9978
9 10004 10016 10026 10029 10032 10041 10061 10068 10069
0
9 10087 10099 10109 10112 10115 10124 10144 10151 10152
9 10175 10187 10197 10200 10203 10212 10232 10239 10240
9 10255 10267 10277 10280 10283 10292 10312 10319 10320
6 10338 10350 10360 10363 10366 10375
8 10403 10415 10425 10428 10431 10440 10460 10467
9 10480 10492 10502 10505 10508 10517 10537 10544 10545
0
6 10573 10585 10595 10598 10601 10610
0
6 10626 10638 10648 10651 10654 10663
7 10683 10695 10705 10708 10711 10720 10740
6 10754 10766 10776 10779 10782 10791
6 10802 10814 10824 10827 10830 10839
6 10862 10874 10884 10887 10890 10899
2 10925 10937
0
2 10962 10974
0
8 11001 11013 11028 11031 11034 11043 11063 11070
6 11084 11096 11106 11109 11112 11121
0
6 11152 11164 11174 11177 11180 11189
7 11206 11218 11228 11231 11234 11243 11263
7 11284 11296 11306 11309 11312 11321 11341
0
6 11355 11367 11377 11380 11383 11392
1 11406
4 11421 11433 11443 11446
6 11460 11472 11482 11485 11488 11497
7 11520 11532 11542 11545 11548 11557 11577
7 11596 11608 11618 11621 11624 11633 11653
6 11672 11684 11694 11697 11700 11709
9 11739 11751 11761 11764 11767 11776 11796 11803 11804
2 11820 11832
9 11851 11863 11873 11876 11879 11888 11908 11915 11916
4 11940 11952 11962 11965
7 11973 11985 11995 11998 12001 12010 12030
2 12043 12055
6 12077 12089 12099 12102 12105 12114
7 12144 12156 12166 12169 12172 12181 12201
0
7 12230 12242 12252 12255 12258 12267 12287
0
7 12303 12315 12325 12328 12331 12340 12360
5 12378 12390 12400 12403 12406
6 12424 12436 12446 12449 12452 12461
9 12490 12502 12512 12515 12518 12527 12547 12554 12555
5 12568 12580 12590 12593 12596
1 12617
4 12635 12647 12657 12660
5 12672 12684 12694 12697 12700
6 12718 12730 12740 12743 12746 12755
7 12777 12789 12799 12802 12805 12814 12834
7 12850 12862 12872 12875 12878 12887 12907
9 12922 12934 12944 12947 12950 12959 12979 12986 12987
7 13004 13016 13026 13029 13032 13041 13061
1 13070
6 13084 13096 13106 13109 13112 13121
6 13143 13155 13165 13168 13171 13180
6 13206 13218 13228 13231 13234 13243
1 13260
1 13284
0
6 13313 13325 13335 13338 13341 13350
6 13364 13376 13386 13389 13392 13401
7 13430 13442 13452 13455 13458 13467 13487
6 13492 13504 13514 13517 13520 13529
6 13533 13545 13555 13558 13561 13570
6 13588 13600 13610 13613 13616 13625
6 13653 13665 13675 13678 13681 13690
1 13722
9 13740 13752 13762 13765 13768 13777 13797 13804 13805
6 13816 13828 13838 13841 13844 13853
0
6 13884 13896 13906 13909 13912 13921
6 13946 13958 13968 13971 13974 13983
3 14008 14020 14030
6 14046 14058 14068 14071 14074 14083
7 14114 14126 14136 14139 14142 14151 14171
0
2 14193 14205
6 14222 14234 14244 14247 14250 14259
6 14289 14301 14311 14314 14317 14326
0
9 14360 14372 14382 14385 14388 14397 14417 14424 14425
5 14438 14450 14460 14463 14466
5 14479 14491 14501 14504 14507
3 14524 14536 14546
0
0
7 14570 14582 14592 14595 14598 14607 14627
6 14639 14651 14661 14664 14667 14676
7 14687 14699 14709 14712 14715 14724 14744
7 14759 14771 14781 14784 14787 14796 14816
1 14827
0
2 14853 14865
0
0
9 14886 14898 14908 14911 14914 14923 14943 14950 14951
9 14965 14977 14987 14990 14993 15002 15022 15029 15030
9 15049 15061 15071 15074 15077 15086 15106 15113 15114
0
6 15135 15147 15157 15160 15163 15172
0
6 15178 15190 15200 15203 15206 15215
6 15239 15251 15261 15264 15267 15276
0
7 15307 15319 15329 15332 15335 15344 15364
4 15368 15380 15390 15393
6 15399 15411 15421 15424 15427 15436
5 15461 15473 15483 15486 15489
6 15512 15524 15534 15537 15540 15549
0
6 15567 15579 15589 15592 15595 15604
6 15628 15640 15650 15653 15656 15665
6 15682 15694 15704 15707 15710 15719
5 15740 15752 15762 15765 15768
6 15783 15795 15805 15808 15811 15820
6 15837 15849 15859 15862 15865 15874
5 15900 15912 15922 15925 15928
6 15947 15959 15969 15972 15975 15984
6 16008 16020 16030 16033 16036 16045
0
6 16071 16083 16093 16096 16099 16108
6 16139 16151 16161 16164 16167 16176
7 16204 16216 16226 16229 16232 16241 16261
3 16279 16291 16301
5 16317 16329 16339 16342 16345
7 16366 16378 16388 16391 16394 16403 16423
6 16438 16450 16460 16463 16466 16475
1 16497
7 16512 16524 16534 16537 16540 16549 16569
6 16584 16596 16606 16609 16612 16621
0
6 16645 16657 16667 16670 16673 16682
6 16712 16724 16734 16737 16740 16749
7 16771 16783 16793 16796 16799 16808 16828
6 16837 16849 16859 16862 16865 16874
3 16893 16905 16915
5 16931 16943 16953 16956 16959
6 16971 16983 16993 16996 16999 17008
0
0
7 17037 17049 17059 17062 17065 17074 17094
7 17113 17125 17135 17138 17141 17150 17170
7 17182 17194 17204 17207 17210 17219 17239
9 17255 17267 17277 17280 17283 17292 17312 17319 17320
9 17338 17350 17360 17363 17366 17375 17395 17402 17403
7 17413 17425 17435 17438 17441 17450 17470
7 17484 17496 17506 17509 17512 17521 17541
6 17554 17566 17576 17579 17582 17591
3 17619 17631 17641
6 17652 17664 17674 17677 17680 17689
5 17722 17734 17744 17747 17750
0
9 17771 17783 17793 17796 17799 17808 17828 17835 17836
9 17849 17861 17871 17874 17877 17886 17906 17913 17914
0
5 17940 17952 17962 17965 17968
6 17979 17991 18001 18004 18007 18016
6 18040 18052 18062 18065 18068 18077
6 16600 18103 18113 18116 18119 18128
6 18153 18165 18175 18178 18181 18190
6 18217 18229 18239 18242 18245 18254
7 18285 18297 18307 18310 18313 18322 18342
6 18350 18362 18372 18375 18378 18387
5 18412 18424 18434 18437 18440
2 18460 18472
0
6 18495 18507 18517 18520 18523 18532
0
0
0
6 8373 18561 18571 18574 18577 18586
6 18612 18624 18634 18637 18640 18649
0
6 18679 18691 18701 18704 18707 18716
5 18732 18744 18754 18757 18760
1 18776
0
6 18798 18810 18820 18823 18826 18835
3 18857 18869 18879
6 18888 18900 18910 18913 18916 18925
6 18950 18962 18972 18975 18978 18987
0
5 19030 19042 19052 19055 19058
7 19081 19093 19103 19106 19109 19118 19138
6 17546 19153 19163 19166 19169 19178
7 19194 19206 19216 19219 19222 19231 19251
0
6 19265 19277 19287 19290 19293 19302
6 19316 19328 19338 19341 19344 19353
6 19372 19384 19394 19397 19400 19409
6 19432 19444 19454 19457 19460 19469
0
0
5 19500 19512 19522 19525 19528
0
6 19548 19560 19570 19573 19576 19585
7 19608 19620 19630 19633 19636 19645 19665
9 19684 19696 19706 19709 19712 19721 19741 19748 19749
2 19767 19779
1 19797
4 19814 19826 19836 19839
6 19856 19868 19878 19881 19884 19893
6 19917 19929 19939 19942 19945 19954
7 19977 19989 19999 20002 20005 20014 20034
0
6 20055 20067 20077 20080 20083 20092
6 20125 20137 20147 20150 20153 20162
6 20180 20192 20202 20205 20208 20217
6 20244 20256 20266 20269 20272 20281
7 20312 20324 20334 20337 20340 20349 20369
6 20384 20396 20406 20409 20412 20421
6 20443 20455 20465 20468 20471 20480
6 20494 20506 20516 20519 20522 20531
7 20550 20562 20572 20575 20578 20587 20607
7 20621 20633 20643 20646 20649 20658 20678
2 20695 20707
4 20726 20738 20748 20751
0
6 20770 20782 20792 20795 20798 20807
6 20826 20838 20848 20851 20854 20863
6 20886 20898 20908 20911 20914 20923
0
6 20962 20974 20984 20987 20990 20999
7 21019 21031 21041 21044 21047 21056 21076
1 21086
