3 14 40 59
0
1 92
4 130 156 175 191
5 206 232 251 267 270
5 291 317 336 352 355
3 377 403 422
5 452 478 497 513 516
3 544 570 589
3 607 633 652
4 671 697 716 732
1 748
5 772 798 817 833 836
3 853 879 898
5 919 945 964 980 983
2 1000 1026
2 1043 1069
3 1100 1126 1145
2 1164 1190
0
3 1215 1241 1260
4 1286 1312 1331 1347
5 1360 1386 1405 1421 1424
3 1450 1476 1495
5 1514 1540 1559 1575 1578
3 1598 1624 1643
5 1662 1688 1707 1723 1726
3 1752 1778 1797
2 1817 1843
4 1873 1899 1918 1934
3 1950 1976 1995
3 2008 2034 2053
3 2083 2109 2128
2 2148 2174
3 2198 2224 2243
3 2260 2286 2305
3 2323 2349 2368
5 2391 2417 2436 2452 2455
4 2473 2499 2518 2534
2 2549 2575
2 2601 2627
1 2648
3 2686 2712 2731
0
3 2766 2792 2811
2 2829 2855
3 2885 2911 2930
3 2950 2976 2995
5 3016 3042 3061 3077 3080
5 3090 3116 3135 3151 3154
1 3181
5 3195 3221 3240 3256 3259
1 3276
4 3305 3331 3350 3366
5 3378 3404 3423 3439 3442
3 3452 3478 3497
3 3519 3545 3564
3 3582 3608 3627
3 3643 3669 3688
5 3714 3740 3759 3775 3778
3 3800 3826 3845
3 3870 3896 3915
3 3942 3968 3987
1 4004
5 4038 4064 4083 4099 4102
5 4118 4144 4163 4179 4182
5 4191 4217 4236 4252 4255
5 4266 4292 4311 4327 4330
4 4352 4378 4397 4413
3 4427 4453 4472
4 4489 4515 4534 4550
5 4565 4591 4610 4626 4629
5 3083 4659 4678 4694 4697
2 4715 4741
5 4762 4788 4807 4823 4826
2 4843 4869
3 4884 4910 4929
2 4957 4998
5 5020 5046 5065 5081 5084
4 5097 5123 5142 5158
5 5172 5198 5217 5233 5236
2 5245 5271
5 5293 5319 5338 5354 5357
3 5374 5400 5419
4 5443 5469 5488 5504
3 5516 5542 5561
5 5564 5590 5609 5625 5628
5 5640 5666 5685 5701 5704
4 5717 5743 5762 5778
5 5788 5814 5833 5849 5852
3 5864 5890 5909
5 5918 5944 5963 5979 5982
2 6000 6026
5 6045 6071 6090 6106 6109
3 6124 6150 6169
3 6187 6215 6236
4 6253 6279 6298 6314
5 6321 6347 6366 6382 6385
4 6403 6429 6448 6464
1 6479
5 6505 6531 6550 6566 6569
1 6584
1 6609
5 6632 6658 6677 6693 6696
3 6709 6735 6754
3 6771 6797 6816
1 6832
1 6860
5 6896 6922 6941 6957 6960
2 6975 7001
1 7022
5 7053 7079 7098 7114 7117
2 7126 7152
3 7171 7197 7216
5 7221 7247 7266 7282 7285
2 7307 7333
5 5382 7365 7384 7400 7403
1 7420
3 7431 7457 7476
4 7499 7525 7544 7560
4 7570 7596 7615 7631
2 7644 7670
1 7697
5 7112 7745 7764 7780 7783
5 7801 7827 7846 7862 7865
3 7887 7913 7932
3 7952 7978 7997
3 8013 8039 8058
5 8079 8105 8124 8140 8143
3 8150 8176 8195
1 8219
1 8248
3 7233 8287 8306
0
5 8336 8362 8381 8397 8400
5 5728 8427 8446 8462 8465
1 8483
1 8499
1 8516
5 8531 8557 8576 8592 8595
3 8327 8623 8642
3 8656 8682 8701
5 7811 8742 8761 8777 8780
5 7811 8818 8837 8853 8856
4 8877 8903 8922 8938
3 8945 8971 8990
2 9011 9037
5 7077 9075 9094 9110 9113
2 9130 9156
2 9182 9208
3 9223 9249 9268
5 9279 9305 9324 9340 9343
3 9352 9378 9397
2 9411 9437
3 9456 9482 9501
5 9526 9552 9571 9587 9590
2 9604 9630
4 9649 9675 9694 9710
2 9719 9745
2 9769 9795
5 8729 9831 9850 9866 9869
1 9883
1 9901
2 9913 9939
5 9952 9978 9997 10013 10016
5 10029 10055 10074 10090 10093
5 10107 10133 10152 10168 10171
5 10186 10212 10231 10247 10250
5 10269 10295 10314 10330 10333
3 10345 10371 10390
5 8576 10418 10437 10453 10456
5 10466 10492 10511 10527 10530
3 10547 10573 10592
2 10608 10634
4 10648 10674 10693 10709
5 9509 10737 10756 10772 10775
2 10791 10817
3 10826 10852 10871
5 10878 10904 10923 10939 10942
1 10965
5 10979 11005 11024 11040 11043
5 11048 11074 11093 11109 11112
2 11121 11147
5 11157 11183 11202 11218 11221
5 9718 11247 11266 11282 11285
3 11300 11326 11345
3 8671 11382 11401
1 11414
2 11448 11474
3 11495 11521 11540
5 11555 11581 11600 11616 11619
3 11626 11652 11671
5 11684 11710 11729 11745 11748
4 11757 11783 11802 11818
5 11825 11851 11870 11886 11889
5 8718 11912 11931 11947 11950
3 11967 11993 12012
2 12030 12056
5 12075 12101 12120 12136 12139
3 12154 12180 12199
4 12163 12215 12234 12250
5 7786 12276 12295 12311 12314
3 7692 12339 12358
2 12386 12412
3 12423 12449 12468
5 4378 12496 12515 12531 12534
5 4682 12549 12568 12584 12587
1 12602
2 12633 12659
3 12685 12711 12730
3 12742 12768 12787
2 12800 12826
5 4799 12839 12858 12874 12877
3 12897 12923 12942
5 12956 12982 13001 13017 13020
3 13034 13060 13079
2 13102 13128
1 13152
3 13162 13188 13207
3 13213 13239 13258
5 13264 13290 13309 13325 13328
3 13335 13361 13380
4 8414 13407 13426 13442
5 9555 13468 13487 13503 13506
1 13522
3 13548 13574 13593
1 13620
3 13646 13672 13691
5 10784 13724 13743 13759 13762
3 6027 13790 13809
3 5226 13840 13859
0
3 13877 13903 13922
3 13939 13965 13984
2 14003 14029
4 14033 14059 14078 14094
5 14062 14120 14139 14155 14158
2 14174 14200
3 14222 14248 14267
3 14278 14304 14323
5 14334 14360 14379 14395 14398
2 14418 14444
1 14472
5 14480 14506 14525 14541 14544
3 14560 14586 14605
1 14615
3 14638 14664 14683
4 14690 14716 14735 14751
3 14756 14782 14801
1 14827
1 14863
5 7246 14888 14907 14923 14926
5 5087 14949 14968 14984 14987
5 15001 15027 15046 15062 15065
4 15073 15099 15118 15134
5 15136 15162 15181 15197 15200
0
3 14971 15237 15256
3 8664 15286 15305
3 15324 15350 15369
1 15389
5 7623 15420 15439 15455 15458
3 9937 15483 15502
3 15510 15536 15555
3 15574 15600 15619
2 15632 15658
2 15687 15714
1 15736
3 15764 15790 15809
3 6840 15830 15849
3 15868 15894 15913
2 15924 15950
3 15968 15994 16013
3 16025 16051 16070
5 6332 16096 16115 16131 16134
2 16139 16165
5 16177 16203 16222 16238 16241
2 16262 16288
1 16300
5 16329 16355 16374 16390 16393
3 16411 16437 16456
2 16473 16499
5 11684 16541 16560 16576 16579
5 8816 16612 16631 16647 16650
3 16266 16681 16700
3 16718 16744 16763
4 16780 16806 16825 16841
2 16853 16879
3 16905 16931 16950
3 16969 16995 17014
3 17030 17056 17075
3 17095 17121 17140
3 17166 17192 17211
2 17223 17249
5 12569 17279 17298 17314 17317
3 7525 17340 17359
4 7125 17394 17413 17429
3 17433 17459 17478
3 17492 17518 17537
3 17563 17589 17608
5 17620 17646 17665 17681 17684
2 17705 17731
5 8282 17758 17777 17793 17796
5 17762 17831 17850 17866 17869
5 6420 17882 17901 17917 17920
2 17931 17957
0
3 17976 18002 18021
3 12343 18051 18070
3 15953 18106 18125
5 15315 18161 18180 18196 18199
3 18214 18240 18259
4 17262 18291 18310 18326
3 15425 18349 18368
3 18388 18414 18433
1 18448
3 7427 18482 18501
2 16679 18534
3 18552 18578 18597
4 12884 18622 18641 18657
2 18664 18690
2 18709 18735
2 18753 18779
3 18792 18818 18837
3 18846 18872 18891
3 14940 18925 18944
4 18962 18988 19007 19023
2 19026 19052
5 14929 19090 19109 19125 19128
2 19143 19169
5 19110 19206 19225 19241 19244
2 19253 19279
1 19312
5 5178 11817 19331 19347 19350
3 19366 19392 19411
5 19415 19441 19460 19476 19479
2 19490 19516
3 17436 19545 19564
3 19578 19604 19623
3 19627 19653 19672
5 19689 19715 19734 19750 19753
5 19765 19791 19810 19826 19829
3 4212 19858 19877
2 19890 19916
3 19071 19952 19971
5 18916 20010 20029 20045 20048
3 20052 20078 20097
5 5382 20121 20140 20156 20159
5 10731 20181 20200 20216 20219
5 10007 20229 20248 20264 20267
3 20279 20305 20324
5 20346 20372 20391 20407 20410
2 20419 20445
3 20465 20491 20510
3 20527 20553 20572
5 20583 20609 20628 20644 20647
3 20660 20686 20705
1 20715
3 20744 20770 20789
2 20796 20822
3 20849 20875 20894
3 16131 20925 20944
5 9291 20977 20996 21012 21015
5 7390 21039 21058 21074 21077
1 21091
5 21107 21133 21152 21168 21171
2 21189 21215
0
4 17348 21259 21278 21294
4 20781 21321 21340 21356
5 14760 21380 21399 21415 21418
2 21426 21452
3 21473 21499 21518
5 21530 21556 21575 21591 21594
3 13085 21613 21632
1 21652
3 21661 21687 21706
5 21723 21749 21768 21784 21787
3 21795 21821 21840
2 21860 21886
5 21896 21922 21941 21957 21960
4 21976 22002 22021 22037
3 22043 22069 22088
3 7282 22122 22141
5 19366 22179 22198 22214 22217
3 22226 22252 22271
5 22275 22301 22320 22336 22339
4 22348 22374 22393 22409
3 10401 22434 22453
3 22467 22493 22512
5 22495 22544 22563 22579 22582
4 10007 22603 22622 22638
2 22646 22672
5 12886 22704 22723 22739 22742
2 22747 22773
5 22789 22815 22834 22850 22853
3 22861 22887 22906
2 22927 22953
3 22966 22992 23011
5 23023 23049 23068 23084 23087
3 23095 23121 23140
3 23150 23176 23195
2 23213 23239
3 23254 23280 23299
3 23317 23343 23362
3 23372 23398 23417
1 23437
2 23453 23479
5 18343 23522 23541 23557 23560
3 23568 23594 23613
5 23629 23655 23674 23690 23693
5 12220 23709 23728 23744 23747
4 9278 23772 23791 23807
5 23815 23841 23860 23876 23879
5 17268 23898 23917 23933 23936
5 8060 23438 23957 23973 23976
5 17268 24005 24024 24040 24043
2 24057 24083
3 24098 24124 24143
5 12587 24161 24180 24196 24199
3 24211 24237 24256
2 24265 24291
1 24309
5 24341 24367 24386 24402 24405
5 24409 24435 24454 24470 24473
5 9362 24491 24510 24526 24529
3 24535 24561 24580
3 12573 24606 24625
5 5899 24642 24661 24677 24680
3 20834 24718 24737
4 24750 24776 24795 24811
3 24812 24838 24857
1 24872
1 24904
5 16175 24924 24943 24959 24962
3 14787 24979 24998
3 22413 25034 25053
3 25065 25091 25110
3 25120 25146 25165
3 25179 25205 25224
4 19642 25262 25281 25297
3 24239 25323 25342
3 25358 25384 25403
2 25417 25443
5 23757 25486 25505 25521 25524
5 10093 25544 25563 25579 25582
3 25596 25622 25641
3 20908 25668 25687
5 25702 25728 25747 25763 25766
2 25771 25797
2 25821 25847
5 21259 25878 25897 25913 25916
5 13185 25951 25970 25986 25989
3 26001 26027 26046
3 26055 26081 26100
1 11497
3 26131 26157 26176
5 18293 26202 26221 26237 26240
2 26250 26276
2 26288 26314
1 26333
5 25941 26376 26395 26411 26414
3 8053 26442 26461
3 26475 26501 26520
3 26535 26561 26580
3 26596 26622 26641
1 26648
5 6557 26680 26699 26715 26718
3 21338 26742 26761
3 26766 26792 26811
3 26823 26849 26868
1 26884
2 26903 26929
3 26948 26974 26993
0
2 27015 27041
1 27067
5 17292 27098 27117 27133 27136
2 27152 27178
3 27200 27226 27245
5 27264 27290 27309 27325 27328
3 23989 27358 27377
1 27397
2 27413 27439
2 27454 27480
2 12325 27504
2 27531 27557
3 27567 27593 27612
2 27629 27655
1 27676
3 20271 27714 27733
2 23763 27764
0
0
2 27795 27821
0
3 27849 27875 27894
2 27908 27934
0
3 27291 27971 27990
3 18521 28016 28035
0
4 28044 28070 28089 28105
2 28118 28144
1 28159
2 28179 28205
0
5 28236 28262 28281 28297 28300
1 28315
3 28324 28350 28369
4 21873 28402 28421 28437
3 28442 28468 28487
1 28505
2 23110 28548
0
2 28570 28596
1 28629
2 28642 28668
3 28690 28716 28735
3 27694 28764 28783
1 28811
3 28839 28865 28884
1 28912
0
5 28930 28956 28975 28991 28994
5 29016 29042 29061 29077 29080
2 29098 29124
0
0
3 29145 29171 29190
2 29212 29238
2 29262 29288
3 12573 29307 29326
1 29351
0
0
2 29373 29399
3 29413 29439 29458
3 29474 29500 29519
3 29533 29559 29578
5 29587 29613 29632 29648 29651
0
3 29675 29701 29720
3 10622 29737 29756
0
5 17919 29805 29824 29840 29843
1 29861
5 29886 29912 29931 29947 29950
5 13757 29974 29993 30009 30012
3 30019 30045 30064
3 30082 30108 30127
2 30140 30166
3 30176 30202 30221
5 30229 30255 30274 30290 30293
2 30306 30332
4 30355 30381 30400 30416
2 30430 30456
3 30476 30502 30521
2 30538 30564
1 30592
3 30602 30628 30647
5 30662 30688 30707 30723 30726
5 11552 20496 30750 30766 30769
1 30796
0
1 30841
0
2 30868 30894
2 30899 30925
0
4 29243 30969 30988 31004
4 31012 31038 31057 31073
3 23985 31100 31119
4 31132 31158 31177 31193
4 30823 31221 31240 31256
1 31271
2 31294 31320
3 31346 31372 31391
2 31405 31431
2 31444 31470
3 23882 31507 31526
2 31545 31571
3 31585 31611 31630
3 31641 31667 31686
2 31706 31732
1 31746
3 31772 31798 31817
2 31832 31858
5 28487 31891 31910 31926 31929
3 31943 31969 31988
3 32000 32026 32045
5 32063 32089 32108 32124 32127
2 32146 32172
3 19673 32207 32226
4 28255 32264 32283 32299
2 32313 32339
3 32353 32379 32398
2 32407 32433
5 32460 32486 32505 32521 32524
5 21629 32546 32565 32581 32584
2 32591 32617
2 32645 32671
1 32696
2 32730 32756
1 32770
3 32791 32817 32836
0
2 32859 32885
0
1 32910
1 32944
4 30182 32968 32987 33003
3 33019 33045 33064
2 33074 33100
2 33130 33156
3 33161 33187 33206
3 33231 33257 33276
1 33294
0
3 33337 33363 33382
1 33400
3 20336 33444 33463
3 18036 33482 33501
2 33521 33547
3 33571 33597 33616
1 33638
5 33656 33682 33701 33717 33720
3 33731 33757 33776
4 27780 33808 33827 33843
2 33859 33885
0
3 33908 33934 33953
3 33968 33994 34013
1 34034
1 34072
3 34095 34121 34140
0
3 34151 34177 34196
0
5 20926 34226 34245 34261 34264
2 34277 34303
3 34321 34347 34366
2 34374 34400
3 34422 34448 34467
2 34486 34512
0
5 34533 34559 34578 34594 34597
2 34601 34627
2 34644 34670
1 34691
5 23204 34725 34744 34760 34763
3 7886 34786 34805
5 34818 34844 34863 34879 34882
3 17738 34916 34935
1 34956
1 34988
4 35001 35027 35046 35062
0
2 35070 35096
3 35110 35136 35155
4 35182 35208 35227 35243
2 35256 35282
0
3 35289 35315 35334
2 35350 35376
1 35382
3 35408 35434 35453
0
0
5 15825 35486 35505 35521 35524
2 27225 35554
2 35566 35592
2 35618 35644
1 35664
5 35684 35710 35729 35745 35748
2 35770 35796
1 35806
3 35839 35865 35884
5 35886 35912 35931 35947 35950
3 35968 35994 36013
5 36027 36053 36072 36088 36091
0
1 36117
0
2 36149 36175
2 36190 36216
2 36249 36275
3 20176 36296 36315
5 19614 36353 36372 36388 36391
5 27052 36420 36439 36455 36458
2 36469 36495
3 36513 36539 36558
0
3 36579 36605 36624
2 36640 36666
1 36682
2 36695 36721
0
3 27454 36754 36773
0
0
3 36794 36820 36839
5 36853 36879 36898 36914 36917
3 13480 36937 36956
3 36970 36996 37015
1 37027
1 34301
0
0
0
3 37079 37105 37124
3 37142 37168 37187
2 37214 37240
0
2 37273 37299
3 37321 37347 37366
5 37383 37409 37428 37444 37447
1 37460
1 37486
0
2 37505 37531
1 37559
2 37572 37598
2 37624 37650
3 37665 37691 37710
0
3 21188 37751 37770
2 37792 37818
2 37845 37871
5 34869 37910 37929 37945 37948
5 26424 37983 38002 38018 38021
2 38044 38070
0
4 38086 38112 38131 38147
3 38154 38180 38199
3 38226 38252 38271
0
0
3 38287 38313 38332
4 38354 38380 38399 38415
3 38422 38448 38467
3 38479 38505 38524
0
3 38556 38582 38601
2 38624 38650
0
3 38675 38701 38720
4 23371 38749 38768 38784
3 38797 38823 38842
4 38861 38887 38906 38922
2 38929 38955
1 38974
3 39004 39030 39049
3 39067 39093 39112
5 11885 39134 39153 39169 39172
1 39194
0
0
4 39207 39233 39252 39268
3 36277 39294 39313
2 39329 39355
2 39375 39401
5 23732 39439 39458 39474 39477
1 39483
1 39491
3 39514 39540 39559
3 39571 39597 39616
3 39638 39664 39683
3 39696 39722 39741
3 39751 39777 39796
3 25065 39830 39849
5 19563 39869 39888 39904 39907
2 39924 39950
2 39964 39991
1 40008
3 38665 40044 40063
5 14637 40093 40112 40128 40131
1 40138
3 40156 40182 40201
3 40211 40237 40256
3 28573 40281 40300
3 40319 40345 40364
1 40380
0
5 11489 40403 40422 40438 40441
2 40449 40475
2 40501 40527
5 40554 40580 40599 40615 40618
3 40638 40664 40683
0
2 40703 40729
0
3 40754 40780 40799
0
5 40816 40842 40861 40877 40880
0
1 40914
2 40938 40964
1 40986
1 41020
2 41031 41057
2 33380 41097
1 41120
0
3 41094 41176 41195
1 41200
2 41224 41250
5 8755 41269 41288 41304 41307
3 16113 41328 41347
3 18800 41382 41401
3 41410 41436 41455
3 41465 41491 41510
1 41527
5 19641 41562 41581 41597 41600
5 29746 41624 41643 41659 41662
3 41670 41696 41715
3 15813 41726 41745
1 41759
5 41776 41802 41821 41837 41840
3 41852 41878 41897
5 20496 41919 41938 41954 41957
3 41971 41997 42016
0
3 42043 42069 42088
5 42108 42134 42153 42169 42172
3 36407 42206 42225
3 42246 42272 42291
0
5 8996 42309 42328 42344 42347
3 18944 42374 42393
2 42410 42436
2 42446 42472
2 42497 42523
5 42308 42559 42578 42594 42597
3 42607 42633 42652
3 42663 42689 42708
3 42712 42738 42757
0
4 42773 42799 42818 42834
3 42846 42872 42891
1 42906
0
2 42931 42957
3 42982 43008 43027
3 43037 43063 43082
5 15827 43113 43132 43148 43151
1 43158
3 43184 43210 43229
5 23730 43252 43271 43287 43290
1 43302
3 40748 43349 43368
1 43391
5 32822 43431 43450 43466 43469
1 43483
2 43514 43540
0
0
0
3 22709 43594 43613
3 43632 43658 43677
1 43702
2 34291 43723
1 43741
3 9641 43777 43796
3 43813 43839 43858
1 43880
0
3 43920 43946 43965
3 12866 43992 44011
3 44032 44058 44077
0
2 44104 44130
2 44142 44168
3 42003 44201 44220
4 44225 44251 44270 44286
1 44298
2 44316 44342
1 35389
3 44362 44388 44407
3 44426 44452 44471
3 44492 44518 44537
0
2 44550 44576
2 44601 44627
2 44640 44666
2 44683 44709
1 44733
3 44757 44783 44802
0
0
0
2 44834 44860
2 44877 44903
5 41601 44938 44957 44973 44976
1 44996
5 10028 45007 45026 45042 45045
2 42021 45083
2 45100 45126
3 45141 45167 45186
3 45188 45214 45233
3 33669 45267 45286
1 45298
3 45319 45345 45364
3 25945 45388 45407
3 45428 45454 45473
5 45481 45507 45526 45542 45545
5 18482 45555 45574 45590 45593
1 45608
5 32118 45653 45672 45688 45691
1 45706
3 15827 45739 45758
0
3 45779 45805 45824
3 45842 45868 45887
3 45905 45931 45950
1 45975
3 22664 46012 46031
3 46048 46074 46093
3 25933 46114 46133
5 46157 46183 46202 46218 46221
1 46244
3 46261 46287 46306
3 46326 46352 46371
2 46391 46417
5 21303 46452 46471 46487 46490
3 46503 46529 46548
3 46564 46590 46609
2 46616 46642
3 18876 46669 46688
5 46699 46725 46744 46760 46763
5 15090 46770 46789 46805 46808
1 46826
2 46830 46856
2 46871 46897
5 27328 46923 46942 46958 46961
3 15642 46982 47001
2 47011 47037
5 47058 47084 47103 47119 47122
3 35520 47148 47167
0
5 47179 47205 47224 47240 47243
3 43163 47273 47292
0
4 47320 47346 47365 47381
1 47386
5 47390 47416 47435 47451 47454
2 47467 47493
3 47507 47533 47552
0
1 47567
0
5 47588 47614 47633 47649 47652
2 39969 47679
0
1 47714
2 47740 47766
5 8053 47792 47811 47827 47830
2 47840 47866
3 47868 47894 47913
2 47935 47961
3 47989 48015 48034
2 48040 48066
1 48089
5 7231 48107 48126 48142 48145
3 48167 48193 48212
3 48239 48265 48284
3 48294 48320 48339
0
5 48356 48382 48401 48417 48420
3 48425 48451 48470
0
3 48492 48518 48537
5 48564 48590 48609 48625 48628
3 48638 48664 48683
3 48697 48723 48742
5 27030 48767 48786 48802 48805
1 48822
3 16584 48855 48874
5 48893 48919 48938 48954 48957
2 48973 48999
4 7386 49023 49042 49058
1 49073
3 45379 49104 49123
3 49137 49163 49182
5 10365 49209 49228 49244 49247
3 49259 49285 49304
3 49327 49353 49372
3 47431 49410 49429
3 49446 49472 49491
0
3 17401 49523 49542
1 49554
3 49589 49615 49634
1 49646
1 49678
5 49683 49709 49728 49744 49747
2 49752 49778
1 49802
3 49817 49843 49862
1 49881
5 9525 49910 49929 49945 49948
4 15392 49972 49991 50007
4 50016 50042 50061 50077
3 50084 50110 50129
1 50149
1 50162
4 50186 50212 50231 50247
1 50257
1 50281
3 43542 50321 50340
5 32108 50361 50380 50396 50399
2 28023 50433
1 50461
2 50464 50490
2 50499 50525
4 50529 50555 50574 50590
3 50598 50624 50643
0
2 50669 50695
3 50722 50748 50767
2 50785 50811
0
0
0
3 50831 50857 50876
1 50901
3 40034 50935 50954
1 50980
3 50995 51021 51040
3 51057 51083 51102
5 15070 51113 51132 51148 51151
0
2 51172 51198
5 51207 51233 51252 51268 51271
1 45012
3 39426 51316 51335
1 51343
3 25516 51382 51401
1 51416
3 49756 51461 51480
5 51499 51525 51544 51560 51563
1 51586
3 51613 51639 51658
2 51671 51697
0
3 51720 51746 51765
0
3 22136 51795 51814
5 30128 51848 51867 51883 51886
2 51899 51925
3 51948 51974 51993
1 52010
2 21287 52035
2 52047 52073
0
2 52103 52129
1 52143
0
5 6439 47672 52186 52202 52205
3 52210 52236 52255
3 34652 52271 52290
4 17326 52310 52329 52345
2 52348 52374
1 52394
3 52406 52432 52451
3 52466 52492 52511
0
3 52516 52542 52561
0
1 52582
5 13937 52613 52632 52648 52651
2 41856 52688
3 14953 52722 52741
3 52764 52790 52809
5 15052 52838 52857 52873 52876
3 52883 52909 52928
3 52951 52977 52996
5 11700 53015 53034 53050 53053
1 53069
4 9811 53104 53123 53139
2 53150 53176
3 53191 53217 53236
1 53252
1 53270
2 53293 53319
2 53336 53362
3 36189 53387 53406
2 53426 53452
3 13907 53470 53489
5 46962 53529 53548 53564 53567
0
3 53592 53618 53637
2 53648 53674
1 53692
0
2 28741 53745
0
5 43163 53787 53806 53822 53825
5 15234 53847 53866 53882 53885
1 53908
2 53920 53946
3 53955 53981 54000
5 54023 54049 54068 54084 54087
1 54099
0
4 46238 54144 54163 54179
1 54192
3 54205 54231 54250
3 34034 54267 54286
3 54305 54331 54350
0
5 23985 54386 54405 54421 54424
4 16179 54439 54458 54474
3 54486 54512 54531
3 42926 54563 54582
2 54604 54630
2 54647 54673
3 54691 54717 54736
3 54740 54766 54785
5 54807 54833 54852 54868 54871
1 54889
2 54895 54921
5 53791 54958 54977 54993 54996
2 55017 55043
1 55069
5 11439 55074 55093 55109 55112
3 55128 55154 55173
1 55192
5 8100 40468 55228 55244 55247
3 55262 55288 55307
2 55320 55346
4 19595 55362 55381 55397
0
1 55412
3 55422 55448 55467
3 55478 55504 55523
2 18535 55557
2 55568 55594
3 27262 55635 55654
2 55674 55700
5 4852 55705 55724 55740 55743
0
3 55756 55782 55801
2 55816 55842
1 55868
0
3 55888 55914 55933
3 55950 55976 55995
1 56006
3 56011 56037 56056
3 56071 56097 56116
5 7731 56134 56153 56169 56172
3 41106 56197 56216
1 56239
0
2 56264 56290
5 22304 56308 56327 56343 56346
3 39600 56373 56392
0
3 5693 56422 56441
1 56457
3 56477 56503 56522
3 56544 56570 56589
3 56600 56626 56645
2 56661 56687
3 48124 56710 56729
5 56742 56768 56787 56803 56806
2 56820 56846
3 28212 56867 56886
3 53111 56914 56933
1 56939
1 56949
0
0
2 56987 57013
3 37772 57053 57072
1 57086
2 57112 57138
3 57153 57179 57198
1 57211
3 48775 57240 57259
5 9164 57279 57298 57314 57317
2 54273 57348
5 30093 57376 57395 57411 57414
2 57429 57455
2 57478 57504
2 57514 57540
5 57556 57582 57601 57617 57620
5 57630 57656 57675 57691 57694
3 45802 57724 57743
3 57759 57785 57804
3 57819 57845 57864
2 57869 57895
2 57920 57946
2 57965 57991
5 57522 58030 58049 58065 58068
3 58090 58116 58135
0
5 23424 58161 58180 58196 58199
5 58212 58238 58257 58273 58276
5 57507 58310 58329 58345 58348
2 53839 58374
2 58395 58421
3 12610 58445 58464
1 58486
5 13439 58520 58539 58555 58558
2 58562 58588
3 58614 58640 58659
0
5 9313 58671 58690 58706 58709
2 58729 58755
1 58783
5 40689 58825 58844 58860 58863
3 58865 58891 58910
3 58915 58941 58960
3 16035 58968 58987
1 59013
1 59030
0
3 59051 59077 59096
1 59110
1 59131
2 59145 59171
0
5 59183 59209 59228 59244 59247
3 52280 59278 59297
3 59316 59342 59361
4 59371 59397 59416 59432
4 47918 59459 59478 59494
5 59507 59533 59552 59568 59571
3 59588 59614 59633
2 59650 59676
4 59684 59710 59729 59745
4 43140 59773 59792 59808
5 45698 59833 59852 59868 59871
1 59899
1 59926
5 59956 59982 60001 60017 60020
3 43235 60042 60061
0
2 60075 60101
2 60127 60153
1 60167
3 60189 60215 60234
2 60257 60283
5 37971 60317 60336 60352 60355
0
5 13035 60360 60379 60395 60398
5 16053 60415 60434 60450 60453
5 60477 60503 60522 60538 60541
0
3 38653 60564 60583
5 16753 60602 60621 60637 60640
0
2 60654 60680
1 41945
0
3 60725 60751 60770
5 40075 60794 60813 60829 60832
0
3 60852 60878 60897
3 41718 60924 60943
3 60960 60986 61005
5 61013 61039 61058 61074 61077
4 61086 61112 61131 61147
2 61148 61174
3 61199 61225 61244
0
3 61266 61292 61311
5 15684 61330 61349 61365 61368
2 61381 61407
2 61418 61444
5 61460 61486 61505 61521 61524
5 24117 61547 61566 61582 61585
5 15498 61597 61616 61632 61635
3 61643 61669 61688
1 61705
1 41207
2 61715 61741
5 61765 61791 61810 61826 61829
3 61837 61863 61882
2 50633 61911
3 61921 61947 61966
0
5 61978 62004 62023 62039 62042
5 12216 62050 62069 62085 62088
1 62105
3 62109 62135 62154
3 62164 62190 62209
3 62227 62253 62272
3 51858 62299 62318
0
3 33108 62341 62360
1 62385
2 62405 62431
2 62457 62483
5 13711 62510 62529 62545 62548
2 55381 62574
0
3 62593 62619 62638
3 62658 62684 62703
1 62711
3 26396 62742 62761
3 62774 62800 62819
1 37729
2 62779 62860
1 62872
1 62907
1 62928
5 24423 62970 62989 63005 63008
2 63023 63049
3 63056 63082 63101
2 63111 63137
2 63165 63191
3 30122 63222 63241
0
1 63267
0
5 52127 63293 63312 63328 63331
3 63350 63376 63395
1 63417
2 63418 63444
4 63458 63484 63503 63519
3 63526 63552 63571
2 63588 63614
5 4843 16120 63635 63651 63654
2 63678 63704
0
0
5 63730 63756 63775 63791 63794
4 63805 63831 63850 63866
1 63877
3 39261 63900 63919
3 63936 63962 63981
4 63999 64025 64044 64060
0
2 38861 64086
3 64099 64125 64144
3 64166 64192 64211
3 22071 64237 64256
2 18981 64289
1 64313
0
0
3 64350 64376 64395
4 18137 64424 64443 64459
1 64467
5 64503 64529 64548 64564 64567
2 64568 64594
3 64604 64630 64649
2 64676 64702
1 64718
1 64735
4 49831 64777 64796 64812
2 64826 64852
3 64861 64887 64906
3 19563 64937 64956
2 64976 65002
2 65021 65047
5 65068 65094 65113 65129 65132
4 28718 65153 65172 65188
3 65199 65225 65244
0
3 65258 65284 65303
4 34043 65321 65340 65356
5 14769 65367 65386 65402 65405
5 20251 65422 65441 65457 65460
3 62255 65491 65510
3 65523 65549 65568
2 65588 65614
5 9665 65626 65645 65661 65664
2 65666 65692
5 65709 65735 65754 65770 65773
0
3 36774 65797 65816
4 65823 65849 65868 65884
1 65899
2 65925 65951
2 65963 65989
3 66013 66039 66058
0
5 22203 66074 66093 66109 66112
3 66118 66144 66163
3 66186 66212 66231
3 66251 66277 66296
2 66321 66347
0
1 66367
5 36510 66383 66402 66418 66421
3 66437 66463 66482
1 66503
3 58693 66541 66560
3 66572 66598 66617
5 42591 66649 66668 66684 66687
5 66704 66730 66749 66765 66768
3 52332 66794 66813
0
3 66827 66853 66872
2 45993 66903
1 66930
0
1 66952
1 66974
5 67001 67027 67046 67062 67065
3 49541 67091 67110
4 55388 67146 67165 67181
5 19131 67200 67219 67235 67238
4 67250 67276 67295 67311
3 11582 67322 67341
0
5 23079 67366 67385 67401 67404
1 67411
2 67421 67447
3 67464 67490 67509
5 35706 67526 67545 67561 67564
5 67583 67609 67628 67644 67647
2 67652 67678
1 67695
5 16113 67720 67739 67755 67758
5 67763 67789 67808 67824 67827
4 22517 67851 67870 67886
5 67900 67926 67945 67961 67964
3 43282 67986 68005
1 68030
2 68055 68081
3 42673 68118 68137
1 68149
3 68163 68189 68208
2 68220 68246
5 68261 68287 68306 68322 68325
5 68332 68358 68377 68393 68396
2 68420 68446
2 68456 68482
3 68502 68528 68547
4 68572 68598 68617 68633
0
2 68652 68678
5 7874 68707 68726 68742 68745
1 68749
4 68776 68802 68821 68837
5 8750 68854 68873 68889 68892
2 68916 68942
5 16222 68961 68980 68996 68999
0
0
0
0
2 69020 69046
0
1 69071
0
5 18351 69106 69125 69141 69144
3 45564 69167 69186
1 69197
1 14
3 33 59 78
0
2 107 133
5 163 189 208 224 227
5 249 275 294 310 313
5 329 355 374 390 393
0
0
5 420 446 465 481 484
0
4 508 534 553 569
3 584 610 629
3 649 675 694
2 717 743
3 764 790 809
3 823 849 868
1 892
2 917 943
4 957 983 1002 1018
2 1034 1060
3 1093 1119 1138
3 1160 1186 1205
2 1228 1254
3 1275 1301 1320
5 1346 1372 1391 1407 1410
5 1433 1459 1478 1494 1497
5 1520 1546 1565 1581 1584
2 1602 1628
5 1646 1672 1691 1707 1710
3 1727 1753 1772
0
2 1797 1823
3 1855 1881 1900
3 1927 1953 1972
3 1991 2017 2036
5 2059 2085 2104 2120 2123
2 2139 2165
2 2194 2220
3 2253 2279 2298
3 2317 2343 2362
0
5 2397 2423 2442 2458 2461
2 2483 2509
2 2535 2561
1 2590
0
0
1 2637
3 2674 2700 2719
3 2739 2765 2784
2 2813 2839
2 2866 2892
2 2923 2949
3 2977 3003 3022
1 3051
1 3088
1 3115
5 3136 3162 3181 3197 3200
1 3218
4 3246 3272 3291 3307
4 3323 3349 3368 3384
0
3 3403 3429 3448
3 3466 3492 3511
3 3532 3558 3577
3 3595 3621 3640
4 3659 3685 3704 3720
5 3735 3761 3780 3796 3799
3 3817 3843 3862
3 3889 3915 3934
2 3953 3979
1 3997
5 4034 4060 4079 4095 4098
5 4114 4140 4159 4175 4178
1 4194
5 4222 4248 4267 4283 4286
5 4301 4327 4346 4362 4365
3 4388 4414 4433
3 4459 4485 4504
5 4522 4548 4567 4583 4586
0
5 4612 4638 4657 4673 4676
2 4702 4728
5 4753 4779 4798 4814 4817
2 4830 4856
3 4877 4903 4922
3 4943 4969 4988
3 5010 5036 5055
4 5081 5107 5126 5142
5 5157 5183 5202 5218 5221
2 5247 5273
5 5301 5327 5346 5362 5365
3 5384 5410 5429
4 5454 5480 5499 5515
2 5530 5556
5 5584 5610 5629 5645 5648
3 5668 5694 5713
4 5742 5768 5787 5803
3 5820 5846 5865
3 5891 5917 5936
3 5953 5979 5998
3 6017 6043 6062
3 6079 6105 6124
2 6154 6180
1 6200
3 6215 6241 6260
4 6289 6315 6334 6350
3 6364 6390 6409
2 6438 6464
3 6494 6520 6539
1 6551
1 6590
3 6628 6654 6673
5 6696 6722 6741 6757 6760
3 6774 6800 6819
2 6832 6858
4 6877 6903 6922 6938
2 6953 6979
2 7009 7035
3 7051 7077 7096
2 7120 7146
2 7170 7196
0
5 7235 7261 7280 7296 7299
2 7315 7341
0
2 7379 7405
1 7431
3 7468 7494 7513
4 7538 7564 7583 7599
0
2 7620 7646
2 7674 7700
0
3 7719 7745 7764
5 7789 7815 7834 7850 7853
5 7873 7899 7918 7934 7937
3 7951 7977 7996
3 8019 8045 8064
5 8087 8113 8132 8148 8151
3 8163 8189 8208
1 8224
2 8261 8287
4 8300 8326 8345 8361
1 8368
1 8402
5 8429 8455 8474 8490 8493
1 8509
5 8526 8552 8571 8587 8590
4 8603 8629 8648 8664
3 8677 8703 8722
5 8738 8764 8783 8799 8802
4 8833 8859 8878 8894
1 8908
1 8942
3 8959 8985 9004
3 9021 9047 9066
1 9078
0
0
2 9110 9136
2 9167 9193
2 9219 9245
1 9272
5 9292 9318 9337 9353 9356
1 9372
1 9406
0
3 9429 9455 9474
2 9489 9515
5 9531 9557 9576 9592 9595
2 9607 9633
0
2 9659 9685
0
2 9719 9745
2 9770 9796
0
3 9823 9849 9868
2 9888 9914
3 9941 9967 9986
5 10004 10030 10049 10065 10068
0
5 10087 10113 10132 10148 10151
5 10175 10201 10220 10236 10239
5 10255 10281 10300 10316 10319
3 10338 10364 10383
5 10403 10429 10448 10464 10467
5 10480 10506 10525 10541 10544
0
2 10573 10599
0
2 10626 10652
3 10683 10709 10728
2 10754 10780
3 10802 10828 10847
3 10862 10888 10907
1 10925
0
1 10962
0
5 11001 11032 11051 11067 11070
3 11084 11110 11129
0
2 11152 11178
4 11206 11232 11251 11267
3 11284 11310 11329
0
2 11355 11381
1 11406
1 11421
3 11460 11486 11505
4 11520 11546 11565 11581
4 11596 11622 11641 11657
3 11672 11698 11717
5 11739 11765 11784 11800 11803
1 11820
5 11851 11877 11896 11912 11915
1 11940
3 11973 11999 12018
1 12043
3 12077 12103 12122
3 12144 12170 12189
0
3 12230 12256 12275
0
4 12303 12329 12348 12364
2 12378 12404
3 12424 12450 12469
5 12490 12516 12535 12551 12554
2 12568 12594
1 12617
2 12635 12661
2 12672 12698
3 12718 12744 12763
3 12777 12803 12822
3 12850 12876 12895
5 12922 12948 12967 12983 12986
3 13004 13030 13049
1 13070
3 13084 13110 13129
3 13143 13169 13188
2 13206 13232
1 13260
1 13284
0
2 13313 13339
3 13364 13390 13409
3 13430 13456 13475
2 13492 13518
3 13533 13559 13578
3 13588 13614 13633
3 13653 13679 13698
1 13722
5 13740 13766 13785 13801 13804
3 13816 13842 13861
0
3 13884 13910 13929
3 13946 13972 13991
1 14008
3 14046 14072 14091
4 14114 14140 14159 14175
0
1 14193
3 14222 14248 14267
3 14289 14315 14334
0
5 14360 14386 14405 14421 14424
2 14438 14464
2 14479 14505
1 14524
0
0
3 14570 14596 14615
3 14639 14665 14684
3 14687 14713 14732
3 14759 14785 14804
1 14827
0
1 14853
0
0
5 14886 14912 14931 14947 14950
5 14965 14991 15010 15026 15029
5 15049 15075 15094 15110 15113
0
2 15135 15161
0
3 15178 15204 15223
3 15239 15265 15284
0
3 15307 15333 15352
2 15368 15394
3 15399 15425 15444
2 15461 15487
2 15512 15538
0
3 15567 15593 15612
2 15628 15654
3 15682 15708 15727
2 15740 15766
2 15783 15809
3 15837 15863 15882
2 15900 15926
3 15947 15973 15992
3 16008 16034 16053
0
3 16071 16097 16116
3 16139 16165 16184
4 16204 16230 16249 16265
1 16279
2 16317 16343
4 16366 16392 16411 16427
3 16438 16464 16483
1 16497
4 16512 16538 16557 16573
2 16584 16610
0
3 16645 16671 16690
3 16712 16738 16757
3 16771 16797 16816
3 16837 16863 16882
1 16893
2 16931 16957
3 16971 16997 17016
0
0
4 17037 17063 17082 17098
3 17113 17139 17158
3 17182 17208 17227
5 17255 17281 17300 17316 17319
5 17338 17364 17383 17399 17402
3 17413 17439 17458
3 17484 17510 17529
3 17554 17580 17599
1 17619
3 17652 17678 17697
2 17722 17748
0
5 17771 17797 17816 17832 17835
5 17849 17875 17894 17910 17913
0
2 17940 17966
3 17979 18005 18024
3 18040 18066 18085
3 16600 18117 18136
3 18153 18179 18198
3 18217 18243 18262
3 18285 18311 18330
3 18350 18376 18395
2 18412 18438
1 18460
0
3 18495 18521 18540
0
0
0
3 8373 18575 18594
3 18612 18638 18657
0
2 18679 18705
2 18732 18758
1 18776
0
3 18798 18824 18843
1 18857
3 18888 18914 18933
3 18950 18976 18995
0
2 19030 19056
4 19081 19107 19126 19142
2 17546 19167
3 19194 19220 19239
0
2 19265 19291
3 19316 19342 19361
3 19372 19398 19417
3 19432 19458 19477
0
0
2 19500 19526
0
3 19548 19574 19593
4 19608 19634 19653 19669
5 19684 19710 19729 19745 19748
1 19767
1 19797
2 19814 19840
3 19856 19882 19901
3 19917 19943 19962
3 19977 20003 20022
0
3 20055 20081 20100
3 20125 20151 20170
3 20180 20206 20225
3 20244 20270 20289
4 20312 20338 20357 20373
3 20384 20410 20429
3 20443 20469 20488
3 20494 20520 20539
3 20550 20576 20595
3 20621 20647 20666
1 20695
2 20726 20752
0
2 20770 20796
3 20826 20852 20871
3 20886 20912 20931
0
3 20962 20988 21007
3 21019 21045 21064
1 21086
