0
0
0
0
0
0
0
0
0
0
0
0
0
0
0
0
0
0
0
0
0
0
0
0
0
0
0
0
0
0
0
0
0
0
0
0
0
0
0
0
0
0
0
0
0
0
0
0
0
0
0
0
0
0
0
0
0
0
0
1 0
0
0
0
0
0
0
0
0
0
0
0
0
0
0
0
0
0
0
0
0
0
0
0
0
0
1 0
0
1 0
0
0
0
0
0
0
0
0
0
0
0
0
0
0
0
0
0
0
0
0
0
1 1
0
0
0
0
0
0
0
0
0
0
0
0
0
0
0
0
0
0
0
0
0
0
0
0
0
1 1
0
1 1
0
0
0
0
0
0
0
0
0
1 240
0
0
0
0
1 2
1 881
0
0
0
1 1368
0
0
0
0
0
0
0
0
1 228
1 1062
0
0
1 1117
0
0
0
0
0
2 247 1314
1 1433
1 2
0
1 2
2 997 1361
0
0
5 174 416 464 503 537
2 59 257
2 112 1005
1 1103
0
0
0
0
0
2 1112 1609
0
0
1 1869
2 3 199
0
0
0
1 507
0
0
1 1574
0
0
0
0
0
0
0
0
0
4 173 320 842 1105
3 150 1035 1163
2 1111 1655
1 1889
0
5 134 583 765 1397 1443
5 371 434 960 1211 1510
11 40 258 284 422 803 1130 1389 1393 1400 1542 1622
7 98 294 640 1009 1184 1526 1811
12 3 94 119 249 704 918 984 1096 1364 1602 1621 1660
5 29 252 908 1177 1327
1 3
0
2 424 427
10 186 324 445 529 539 585 637 1032 1520 1607
1 578
0
7 358 670 707 1362 1629 1824 1888
2 527 563
0
0
0
0
0
0
2 562 944
1 1146
0
0
0
1 47
0
1 4
4 246 1203 1431 1641
0
0
0
1 153
1 983
0
0
0
0
0
0
0
0
0
0
0
1 921
0
0
0
0
0
0
0
1 4
0
1 4
0
0
0
0
3 355 466 1010
0
0
3 829 1619 1722
11 39 45 132 307 530 681 737 1238 1321 1342 1698
0
3 1261 1384 1776
10 125 222 239 313 590 723 1188 1658 1714 1770
6 68 93 169 365 1212 1450
10 218 390 454 543 650 698 776 1297 1615 1632
22 144 236 339 386 439 446 470 498 642 643 739 809 838 839 887 917 932 980 1011 1082 1452 1651
4 592 1457 1501 1836
0
22 5 95 229 394 471 531 534 566 586 792 1081 1128 1142 1155 1241 1273 1325 1414 1504 1665 1754 1813
18 317 448 561 573 674 675 760 798 1014 1039 1191 1371 1404 1418 1623 1643 1689 1880
27 21 35 64 124 359 378 463 533 627 791 886 891 947 1000 1034 1037 1156 1407 1412 1548 1557 1720 1753 1768 1782 1833 1881
15 138 328 382 469 500 665 669 942 1068 1182 1311 1383 1553 1710 1867
25 6 71 131 140 213 227 267 311 318 577 636 654 705 903 968 975 981 1024 1181 1228 1296 1329 1333 1580 1709
0
3 75 139 1285
4 141 310 1114 1137
34 90 197 216 254 352 387 441 495 568 726 757 797 818 834 888 1019 1080 1165 1235 1277 1291 1315 1359 1365 1366 1424 1436 1487 1588 1644 1723 1821 1832 1837
1 1253
7 22 356 363 717 905 1186 1207
1 392
19 18 44 83 91 127 285 372 373 465 502 746 840 1317 1426 1476 1485 1591 1717 1830
7 397 756 793 1138 1166 1556 1818
0
0
4 297 619 1085 1786
0
10 121 361 388 611 1318 1370 1473 1638 1652 1697
8 215 641 864 958 1604 1692 1760 1856
19 217 259 304 811 814 956 988 1140 1148 1179 1313 1345 1380 1437 1595 1670 1690 1800 1805
0
2 751 964
3 27 212 1490
1 1439
1 209
3 5 652 969
17 9 11 43 128 241 250 332 600 631 817 845 1028 1094 1306 1334 1713 1858
3 5 1378 1656
5 115 116 1018 1565 1766
11 269 289 348 420 552 655 978 1008 1075 1445 1469
3 51 202 876
1 50
5 331 902 1076 1590 1831
6 42 518 1161 1336 1635 1636
23 105 231 281 485 557 634 691 771 938 1118 1160 1196 1213 1248 1266 1320 1375 1486 1533 1570 1592 1653 1765
0
0
0
0
0
0
2 481 1180
0
3 279 1521 1855
1 210
13 129 176 225 308 330 462 800 1003 1031 1195 1369 1514 1683
0
3 158 235 1307
0
0
6 734 1423 1519 1528 1583 1612
0
0
7 130 282 305 1038 1488 1525 1851
0
0
2 551 1522
0
2 6 632
0
1 6
2 967 1451
0
1 1440
0
0
0
1 936
1 948
0
0
0
2 333 1561
0
0
3 1041 1374 1861
1 1600
0
8 219 402 509 580 1267 1324 1593 1676
17 85 329 451 458 547 576 714 725 916 935 1429 1460 1517 1646 1771 1809 1870
0
1 7
0
0
1 1216
0
0
7 55 408 435 1185 1472 1667 1868
0
0
4 1087 1293 1396 1527
2 31 729
0
0
0
0
0
1 991
0
0
0
2 501 816
0
0
8 15 146 603 1176 1269 1350 1499 1757
0
3 198 1197 1395
1 7
2 827 1734
1 7
0
0
0
6 472 894 927 1245 1408 1732
0
0
0
4 223 528 1347 1413
0
12 754 778 789 850 992 1221 1252 1271 1494 1518 1559 1736
2 8 161
4 261 1129 1509 1820
0
0
2 147 1328
22 89 162 444 617 688 735 770 802 869 1183 1249 1279 1302 1343 1373 1377 1475 1608 1654 1777 1780 1877
10 370 412 706 750 847 1162 1257 1555 1558 1839
1 1810
3 914 1226 1884
4 163 575 796 1756
10 208 316 875 1097 1258 1286 1352 1385 1419 1491
2 1425 1823
0
6 166 523 1208 1449 1785 1796
1 907
1 1477
0
10 456 579 584 720 819 1046 1064 1088 1284 1794
3 1259 1308 1614
3 1299 1300 1547
6 385 860 906 1173 1409 1530
1 1376
7 286 335 461 638 846 976 1282
0
0
4 184 306 601 713
1 8
0
1 8
1 1398
0
1 1694
0
0
1 1596
2 910 1630
8 26 155 550 657 1033 1043 1074 1642
2 1045 1093
0
6 326 683 1275 1410 1416 1729
0
0
11 46 293 455 553 621 755 835 1220 1239 1254 1671
1 1479
0
5 88 376 626 937 1388
0
10 54 301 492 1026 1125 1223 1649 1790 1826 1873
0
1 851
0
2 684 1497
2 1236 1386
2 499 1628
0
0
10 56 201 733 759 911 953 1281 1298 1500 1730
1 9
0
1 9
3 152 595 1666
0
2 694 784
0
0
0
1 466
11 143 340 473 633 762 915 1312 1430 1456 1537 1865
3 10 1764 1852
3 925 1175 1840
3 711 1022 1243
0
1 1326
1 926
3 179 924 1438
3 554 570 934
0
1 1686
4 979 1036 1420 1860
17 96 450 488 540 588 700 821 892 955 999 1109 1340 1348 1390 1838 1866 1871
3 207 943 1691
4 133 232 515 767
2 1152 1797
0
1 843
3 99 658 1801
0
1 722
4 312 476 545 1012
0
0
0
10 13 401 478 589 710 833 1002 1070 1611 1814
4 120 609 962 1696
1 10
0
1 10
2 549 1828
6 350 679 736 1381 1585 1845
8 148 189 483 520 1330 1391 1415 1822
2 1057 1586
0
0
0
0
1 195
1 467
4 882 1084 1523 1620
1 1763
3 309 801 1402
1 1120
0
3 1218 1566 1648
1 1455
9 16 268 696 712 716 1053 1278 1637 1695
2 896 977
3 517 622 1124
9 66 345 536 878 1280 1338 1504 1633 1854
5 374 779 854 996 1454
3 266 598 781
1 11
10 33 347 403 848 939 1233 1664 1675 1707 1859
1 11
2 145 442
2 1504 1632
4 448 623 867 1733
1 674
2 980 1548
1 718
5 183 758 787 1576 1724
0
0
0
0
0
3 366 1158 1783
0
0
0
0
0
0
0
9 283 438 440 457 995 1441 1539 1747 1799
1 12
0
0
0
2 963 1549
0
0
0
0
0
1 1843
0
0
0
0
0
0
0
0
0
1 1115
0
3 323 546 1198
0
0
0
1 12
1 73
2 12 429
1 185
0
0
0
0
0
0
8 177 504 597 662 728 748 1049 1789
0
1 772
2 97 1270
3 452 699 1846
1 931
0
2 1761 1812
2 167 188
0
1 1875
2 272 852
0
1 1769
0
9 41 480 673 703 861 1119 1149 1512 1546
6 20 157 411 857 1719 1725
0
0
8 65 277 342 795 973 1134 1150 1589
0
4 866 1354 1372 1560
3 398 1056 1575
3 123 1171 1227
0
1 13
1 1078
1 13
0
0
6 405 766 822 913 1231 1262
1 1139
0
3 788 1131 1250
0
0
0
0
0
0
0
0
3 137 630 1864
0
1 14
0
0
0
0
0
0
0
0
0
0
0
0
0
0
0
0
0
0
0
0
0
0
0
0
0
1 14
0
1 14
0
0
0
0
0
0
0
8 267 391 592 614 887 1316 1541 1886
3 880 1067 1755
4 715 1190 1417 1450
0
2 1108 1659
0
0
1 317
1 1153
0
5 808 1004 1399 1450 1619
1 1569
8 519 723 731 1256 1331 1610 1728 1742
1 1657
0
0
1 15
1 290
4 15 299 895 1829
0
0
0
11 24 131 466 726 739 887 1136 1317 1632 1643 1802
0
1 194
6 317 359 388 397 674 1092
2 708 1872
10 60 109 407 686 889 940 1157 1290 1712 1745
12 226 248 479 487 606 738 775 950 1126 1192 1230 1506
2 807 1746
3 607 1030 1292
0
1 395
0
0
3 280 620 1759
8 135 344 431 505 732 1040 1639 1703
1 1731
0
3 672 982 1170
0
0
0
1 724
0
4 69 491 898 1048
0
1 1480
2 58 1470
2 836 1304
0
3 16 946 1467
0
3 16 594 628
2 1095 1309
3 296 430 1122
4 418 823 1174 1616
0
0
0
0
0
2 649 1332
0
1 890
0
2 1193 1276
0
1 17
0
0
0
0
2 777 1461
1 747
4 28 314 1086 1568
0
0
0
1 1323
0
1 1435
0
0
0
0
2 193 490
1 1164
0
0
0
0
0
0
1 17
0
1 17
4 255 668 1072 1711
0
0
0
0
0
2 396 1803
0
0
0
1 604
2 339 1496
0
0
1 1418
2 18 1627
0
1 18
0
0
0
0
0
3 397 420 1155
1 1538
0
3 62 82 92
1 1448
0
3 118 1059 1127
0
3 865 904 1841
0
1 1141
3 288 587 1303
1 206
2 19 682
3 954 1079 1305
0
1 1058
0
0
1 1606
0
2 187 1337
2 1178 1815
0
0
0
0
0
3 113 341 1225
0
1 191
0
3 325 933 1346
1 832
0
1 602
0
1 753
1 844
2 19 1850
1 721
6 19 114 368 375 1564 1787
0
2 160 1017
1 514
0
0
0
0
1 1367
2 1319 1715
0
9 81 263 780 941 1133 1189 1405 1464 1772
0
4 511 1222 1263 1268
7 53 106 433 591 1247 1442 1647
0
1 84
0
2 409 651
0
1 522
1 709
0
1 1123
0
5 164 513 556 648 1735
0
1 1446
0
0
0
0
3 20 826 1144
0
4 20 256 1289 1762
0
0
1 1029
0
0
0
0
2 828 1132
1 645
0
0
5 400 421 439 446 1577
0
0
1 525
0
0
0
1 21
0
2 21 581
0
0
0
0
9 388 394 929 980 1034 1069 1188 1403 1643
0
1 1102
4 642 1483 1548 1619
9 22 127 131 448 532 654 665 739 825
9 394 439 592 1014 1235 1317 1325 1418 1604
1 22
0
1 1426
0
3 726 903 1634
0
2 932 1821
0
9 80 102 108 974 1232 1432 1672 1740 1825
8 190 292 459 1015 1145 1752 1788 1808
1 873
9 354 572 743 824 897 1047 1493 1502 1781
0
2 486 1531
1 1678
1 555
1 23
0
0
2 48 841
0
4 221 773 1135 1242
0
0
0
0
0
1 181
1 667
0
0
0
0
1 275
0
0
0
0
2 151 1387
0
5 414 453 512 689 1581
0
3 23 122 262
2 663 1468
3 23 510 1680
1 1857
2 362 426
3 428 582 1344
2 302 1001
0
8 93 104 233 702 859 1498 1605 1876
0
4 1090 1358 1481 1714
1 1534
0
1 970
0
4 359 625 1034 1188
0
1 805
4 336 730 1339 1817
0
0
7 44 68 124 636 791 1014 1644
0
0
0
0
0
3 685 1107 1224
0
2 267 586
0
4 24 294 680 1692
1 856
1 24
2 885 1739
1 1471
0
0
0
0
0
0
0
0
0
1 25
6 136 175 449 635 1392 1874
5 63 608 610 952 1849
0
1 989
5 270 413 567 877 1599
0
0
0
0
0
0
0
1 1580
0
0
0
1 337
0
1 393
0
0
0
0
0
1 593
1 25
0
1 25
1 932
0
0
0
0
0
0
5 387 669 903 1366 1652
0
3 125 757 1235
0
0
12 26 285 619 636 642 809 1037 1137 1186 1261 1277 1557
1 496
2 26 273
1 830
1 870
4 495 600 1412 1580
4 128 1155 1310 1427
3 560 624 1327
4 197 387 465 815
0
4 420 834 1652 1818
6 399 640 868 1379 1598 1682
0
1 27
1 43
1 27
0
0
0
0
0
0
0
0
1 745
3 204 446 987
0
0
0
0
1 646
0
0
0
0
1 1751
1 380
0
5 666 810 1545 1738 1879
0
0
0
2 28 803
0
4 28 1484 1640 1776
0
1 742
0
0
0
0
0
0
2 1644 1748
3 243 764 1515
0
0
0
0
0
1 1287
8 427 618 961 1063 1083 1295 1579 1737
3 29 443 498
0
1 29
0
0
3 154 295 1776
1 994
1 482
0
0
0
2 30 321
0
0
2 67 820
2 1028 1853
0
5 278 402 605 1626 1702
2 893 1204
1 1567
1 300
0
2 427 990
1 1143
1 1356
1 1217
0
0
0
0
0
0
3 1199 1535 1848
0
0
0
1 1206
1 30
0
1 30
0
0
0
1 1673
0
0
1 1714
0
1 1662
0
0
0
2 707 1168
0
0
0
0
2 74 238
0
0
2 31 616
0
1 31
0
0
0
0
0
3 460 477 1272
0
0
0
0
0
0
0
1 1718
0
0
1 32
1 1238
1 1016
2 377 1571
3 364 935 1595
2 1573 1856
1 265
3 406 697 1060
3 269 1200 1750
1 1842
0
0
0
0
1 33
0
1 33
2 1244 1246
3 211 244 544
0
0
0
1 1513
2 383 1521
1 1100
2 34 1007
0
0
2 639 786
0
0
0
1 1793
0
0
0
0
0
3 168 419 542
0
0
0
0
0
1 1210
0
0
1 676
2 432 1775
0
0
1 34
0
3 34 1283 1882
0
0
0
0
0
1 763
0
1 883
0
1 35
1 1042
7 35 339 537 1085 1261 1277 1327
6 44 149 1234 1422 1655 1885
0
11 71 495 935 1037 1140 1291 1329 1366 1651 1837 1880
1 1692
0
5 349 425 640 1214 1434
0
0
0
0
0
0
2 36 1462
1 858
0
0
2 103 1169
0
0
1 837
0
0
0
0
0
0
1 1685
0
0
0
3 49 741 785
0
1 196
0
0
0
0
1 541
1 36
0
1 36
1 220
0
0
0
0
0
0
0
0
0
1 862
0
2 874 1260
1 1106
1 1663
1 1862
1 37
0
0
0
0
0
0
0
0
0
0
0
0
0
0
0
0
0
0
0
0
0
0
0
0
0
1 37
0
2 37 303
0
0
0
0
0
0
0
0
1 769
1 38
0
0
1 200
1 671
0
0
0
1 1688
0
0
0
1 360
0
0
0
0
0
0
1 1661
0
2 629 813
0
0
0
0
1 38
3 647 661 1071
1 38
0
4 353 804 1508 1704
0
0
1 251
0
1 555
3 294 765 1019
1 489
1 698
2 900 1784
4 64 507 1334 1836
1 153
0
0
1 437
1 39
2 508 693
1 39
0
0
0
2 269 707
0
0
0
3 369 423 1476
0
1 1540
0
2 1827 1837
1 1360
7 507 537 688 803 1019 1655 1754
2 40 1624
1 1617
1 40
0
0
2 234 842
0
0
2 1024 1651
1 170
2 799 1536
3 93 688 986
2 379 1314
0
3 86 585 681
1 1543
0
1 41
0
1 41
0
1 526
0
2 706 1414
2 1215 1727
2 569 936
2 972 1421
4 811 817 1412 1451
2 751 1765
0
0
1 172
0
0
0
0
0
0
0
2 42 1411
1 791
1 42
1 285
2 363 619
0
0
2 250 386
1 1798
4 217 498 652 1336
6 43 125 756 1591 1604 1821
7 128 465 669 811 888 1228 1380
6 600 751 958 1085 1186 1880
3 212 1329 1818
0
5 71 127 502 656 1023
4 840 1313 1380 1557
1 654
4 373 386 958 1291
11 115 124 144 165 271 365 372 502 792 968 1325
0
0
1 250
1 690
1 1869
0
0
0
2 1101 1871
1 644
2 634 1166
1 45
0
1 45
0
2 665 675
0
0
0
0
0
0
0
0
0
1 1476
1 692
0
0
0
0
0
0
0
0
0
0
0
0
1 46
0
1 46
0
0
4 960 965 1489 1700
3 153 307 328
0
0
0
0
0
1 47
1 1541
6 47 171 686 768 876 1229
0
1 585
0
0
1 1819
0
2 434 1602
0
0
0
0
0
0
2 48 555
0
1 48
0
0
0
0
1 87
2 315 719
0
0
0
0
0
2 76 1072
0
0
0
0
0
2 794 945
0
0
0
1 260
1 701
1 494
0
0
2 115 1371
1 327
0
0
0
2 49 1349
0
1 49
0
0
0
0
0
0
0
0
0
0
0
0
0
0
0
1 50
7 141 259 471 809 1137 1451 1782
1 50
0
0
0
0
0
0
0
0
0
0
0
0
0
1 51
0
1 51
0
0
0
3 390 1836 1856
3 372 652 698
0
0
0
1 52
0
0
1 706
0
0
0
8 61 212 441 705 756 901 1426 1565
0
0
1 1773
0
0
0
1 371
0
2 920 1098
0
0
0
0
3 159 484 985
0
0
0
1 1251
4 52 358 960 1795
1 530
1 52
0
0
0
0
1 1743
0
0
0
0
0
0
0
0
1 324
0
0
0
0
0
1 447
0
0
0
0
3 485 1045 1336
1 53
0
1 53
0
0
0
0
0
0
0
0
0
4 54 1290 1334 1809
4 169 1340 1375 1510
1 54
0
0
2 687 1407
0
2 797 1045
0
0
0
0
8 586 792 818 1011 1166 1437 1591 1636
0
1 1265
2 637 1315
0
1 1732
2 55 1683
0
1 55
0
1 1383
0
1 1050
0
2 308 1765
0
2 1238 1804
0
0
1 1202
0
1 1768
0
2 56 1314
1 1006
1 56
0
0
0
1 1869
0
0
0
1 1701
0
1 57
0
0
0
0
0
0
0
0
0
0
0
0
0
0
0
0
0
2 78 1524
1 1609
0
1 197
0
0
0
0
2 57 855
0
5 57 346 727 923 993
0
0
0
0
0
0
0
1 1364
0
0
0
0
0
0
0
1 371
0
0
1 1035
0
0
0
0
1 829
2 358 402
0
1 58
1 1697
1 58
0
0
0
0
0
0
0
0
0
3 225 842 1844
1 503
1 242
0
0
0
0
2 59 681
0
2 59 936
0
0
0
0
0
0
0
4 281 404 472 1871
0
0
0
4 450 812 1340 1440
1 60
0
3 60 186 375
0
0
0
0
0
0
1 467
0
0
0
0
0
0
1 264
1 138
0
0
1 1587
0
0
0
0
0
0
1 1495
0
0
0
0
0
0
1 61
0
1 61
0
0
0
0
0
0
0
2 333 908
1 334
2 643 1621
1 966
0
0
0
1 1051
0
0
0
1 509
0
0
2 1072 1595
0
1 62
0
1 62
0
0
0
3 1241 1628 1771
0
0
0
0
0
0
0
0
0
0
0
0
0
2 1463 1542
0
1 416
1 210
0
1 63
0
2 63 257
0
0
0
0
0
0
0
1 1321
3 333 1537 1607
0
0
0
0
3 96 1061 1373
0
0
1 1249
0
0
0
1 749
0
0
1 1716
0
0
0
0
0
0
0
0
14 307 363 365 470 534 627 834 988 1011 1082 1383 1522 1612 1717
3 64 390 1424
1 1615
1 1710
0
0
0
0
0
0
0
0
0
0
0
0
1 782
0
3 111 535 849
0
2 1055 1112
0
0
2 765 1184
0
1 1792
0
0
0
0
3 65 434 1077
0
1 65
0
0
2 1167 1778
0
0
0
0
7 203 478 796 1408 1438 1541 1621
1 1486
3 381 1414 1758
2 186 1440
1 1820
2 357 384
0
1 1211
1 66
0
2 66 1089
1 956
1 142
0
2 281 1397
0
1 132
0
2 275 1201
0
0
0
0
0
0
0
1 72
0
0
0
0
0
1 1516
0
1 67
0
1 67
0
0
0
1 1754
0
0
0
4 68 1179 1424 1510
2 83 968
13 202 308 471 797 840 888 1008 1266 1375 1556 1600 1683 1697
1 470
4 236 793 1114 1722
0
1 328
2 967 1028
0
0
0
1 790
1 1559
1 112
0
0
1 69
0
1 69
0
0
0
0
0
0
0
1 70
0
1 599
1 500
0
0
0
2 222 497
0
0
0
0
0
0
0
0
1 1459
0
0
0
0
0
0
0
0
0
1 70
0
1 70
0
0
0
0
0
0
0
2 304 1612
3 373 441 1851
1 1371
9 228 637 798 1024 1094 1452 1709 1760 1820
0
0
1 291
0
0
1 831
0
2 1094 1710
7 140 817 948 967 1228 1851 1861
0
8 138 213 356 450 611 677 1600 1717
0
0
0
1 501
0
0
0
5 169 216 627 938 1181
0
0
0
2 140 213
1 948
0
0
0
1 72
0
1 72
0
1 1744
1 615
0
0
0
0
4 94 704 876 1499
0
1 1809
0
0
0
0
0
0
2 139 1364
0
0
1 73
0
2 73 1529
0
7 90 94 566 964 1241 1257 1609
0
1 568
0
0
0
0
0
0
2 100 1406
0
0
1 863
0
0
0
0
0
0
0
0
1 1807
0
0
0
0
0
0
1 74
0
1 74
0
0
0
0
0
0
0
2 75 330
4 144 352 1343 1667
1 75
0
3 297 1490 1594
0
0
1 355
0
0
0
0
0
0
0
0
0
0
0
0
0
1 1269
0
0
0
0
0
0
1 872
1 554
0
0
1 76
0
1 76
1 96
0
0
0
1 1225
0
0
0
0
0
2 1404 1457
0
0
0
0
0
0
1 77
0
0
0
0
0
0
0
0
0
0
0
0
0
0
0
0
0
0
0
4 98 201 814 879
0
0
0
0
0
1 77
0
1 77
0
0
0
0
0
0
0
0
0
2 1177 1563
0
0
1 478
0
0
1 1767
0
0
0
0
1 559
8 121 770 891 930 1008 1112 1142 1389
0
1 223
0
1 957
0
0
0
0
0
0
2 78 117
1 1237
1 78
0
0
0
0
0
0
0
0
0
1 1779
0
0
0
0
1 79
0
0
0
0
0
0
0
0
0
0
0
0
0
0
0
0
0
1 1389
0
0
0
0
0
0
0
1 79
1 1255
1 79
0
0
0
0
0
0
0
0
0
7 205 275 375 467 651 1035 1633
1 80
0
9 80 971 1243 1410 1438 1628 1653 1722 1723
3 355 1088 1607
0
0
1 1537
0
3 116 230 1249
0
0
0
0
0
0
0
0
0
1 1222
1 288
1 1732
0
1 1618
0
1 81
0
1 81
0
0
0
0
0
1 611
0
1 1341
3 711 904 1460
2 82 1803
1 167
1 82
0
0
0
1 1373
0
0
0
2 83 1285
0
3 818 1713 1770
0
0
0
0
0
0
0
0
0
0
0
0
0
0
1 1499
0
0
0
0
0
0
0
1 959
1 84
0
1 84
5 313 744 951 1154 1835
0
0
0
0
0
0
1 85
0
2 85 324
1 1357
1 848
0
1 1175
0
0
2 1407 1633
0
0
0
0
1 500
0
0
0
0
0
1 263
0
0
0
0
0
0
0
3 793 922 1615
1 156
0
0
0
1 884
1 86
0
2 86 550
0
0
0
0
0
0
0
0
0
1 1650
0
0
0
0
0
0
0
0
0
0
0
0
0
0
1 87
0
1 87
1 944
1 1491
0
2 578 660
0
0
0
0
2 354 691
0
1 798
0
0
0
0
0
0
0
0
1 88
0
1 88
0
0
0
1 1313
0
0
0
13 352 472 533 626 947 1269 1445 1469 1491 1525 1570 1782 1831
0
9 141 254 469 561 829 1181 1404 1501 1723
2 1810 1833
0
2 222 838
0
3 617 1212 1520
0
2 89 1613
0
1 89
0
3 445 1494 1542
0
0
0
0
3 643 1177 1184
6 90 492 757 938 1038 1636
2 228 1110
1 1301
1 1593
0
2 129 1140
1 1257
0
0
1 1343
0
1 112
0
1 1103
0
0
0
0
0
2 91 1103
0
1 91
0
0
0
0
1 493
0
0
2 1027 1677
1 1578
0
0
1 288
0
0
0
1 927
0
1 1590
0
0
1 92
0
2 92 161
0
0
0
0
0
0
0
0
0
0
0
0
0
0
1 1832
0
0
1 1066
1 223
3 95 451 1160
2 161 298
1 95
1 1503
0
1 179
0
8 162 444 566 1226 1273 1284 1602 1810
0
1 704
0
0
1 904
0
1 1444
0
0
2 578 651
0
1 1768
0
0
1 1458
0
0
0
1 210
1 97
0
1 97
0
2 451 997
0
1 214
0
0
0
1 98
0
1 975
0
0
0
0
0
1 1811
0
0
0
0
1 99
0
2 99 330
1 1213
0
0
0
0
1 755
0
0
1 1693
0
0
0
0
0
0
0
0
0
0
0
0
2 1559 1622
0
0
0
0
0
1 100
0
1 100
0
3 1013 1352 1625
0
0
0
0
0
0
2 101 1363
0
0
0
0
0
0
0
0
0
0
0
0
0
0
0
0
0
1 1274
0
0
0
0
0
0
0
1 101
0
1 101
0
0
0
0
1 1705
0
0
0
0
0
0
0
1 102
0
1 102
1 1149
0
1 201
0
0
0
0
0
0
0
0
0
0
0
0
0
0
0
0
0
0
0
0
1 1891
0
0
0
0
1 103
0
1 103
0
0
2 871 1475
0
0
0
0
0
0
0
2 304 1565
0
0
7 143 163 367 456 596 1130 1494
1 823
5 104 146 202 1410 1866
2 738 1216
2 104 775
1 491
1 1087
0
2 490 1507
0
0
0
0
1 501
1 105
2 1486 1667
1 105
0
0
1 675
0
0
0
0
0
0
0
0
0
2 575 1397
0
0
1 1347
0
0
2 1302 1889
0
2 106 927
1 1706
1 106
0
0
0
0
0
0
0
0
5 459 554 1116 1290 1788
2 548 838
0
0
1 1678
1 176
4 886 924 1428 1517
0
1 108
2 179 570
1 108
0
0
3 490 1225 1233
0
0
3 248 1213 1408
0
3 109 139 630
0
1 109
4 283 1130 1259 1263
0
0
0
0
0
1 775
0
0
0
0
0
1 110
0
0
0
0
0
0
0
0
0
0
0
0
0
0
0
0
0
0
0
0
0
0
0
0
0
1 110
0
2 110 1684
0
0
0
0
0
3 514 1005 1157
0
0
0
0
1 410
0
0
0
0
0
0
0
0
0
0
0
0
0
0
0
0
2 111 382
0
1 111
0
0
0
0
0
0
0
0
0
0
0
1 1203
0
2 217 1320
4 148 1012 1787 1861
0
0
0
1 779
0
0
0
0
0
0
0
1 113
0
1 113
0
4 509 1175 1395 1488
0
0
3 215 926 1243
0
1 779
0
0
0
0
1 602
1 114
0
2 114 1178
1 628
0
0
1 925
0
0
0
2 634 1218
2 735 1760
0
0
0
2 540 659
2 116 148
2 969 981
0
1 1521
1 1514
2 435 1321
0
2 129 227
0
0
0
0
0
0
0
0
0
0
0
0
0
0
0
0
0
0
0
0
0
0
0
0
1 117
0
1 117
0
0
0
0
0
0
0
0
1 583
0
0
0
2 1413 1590
0
0
1 1196
0
1 118
0
1 118
0
0
0
0
0
0
0
0
0
1 119
0
1 119
0
0
0
1 1211
0
0
1 1505
12 132 235 1142 1146 1182 1183 1279 1429 1665 1757 1813 1833
1 737
0
0
0
0
0
1 120
2 206 440
1 120
0
0
0
1 891
1 738
0
1 1185
1 121
0
0
0
1 1456
0
0
3 469 723 1653
0
0
2 848 1278
0
0
0
2 122 312
0
2 122 954
0
1 1561
1 1788
0
0
0
1 1771
0
0
0
0
0
0
1 881
0
0
0
0
1 1163
7 456 770 1485 1547 1660 1786 1831
0
0
1 123
0
1 123
0
0
0
1 249
0
0
0
1 902
2 819 1395
0
0
0
1 1419
0
0
0
0
0
0
1 126
0
0
0
0
0
0
0
0
0
0
1 1532
0
0
0
0
0
0
0
0
0
0
0
0
0
0
1 126
0
1 126
0
0
0
0
0
0
0
2 1062 1501
0
2 531 988
0
0
1 981
0
0
0
0
0
0
0
1 576
0
2 802 1436
1 784
0
1 130
0
2 130 1658
0
1 533
1 905
0
0
0
1 1525
0
7 310 1212 1452 1569 1570 1649 1654
7 416 638 949 1097 1485 1665 1814
1 1070
0
0
0
3 984 1182 1839
0
1 231
3 232 1322 1396
0
0
0
0
0
1 1240
0
0
0
0
0
3 133 162 1480
1 1845
1 133
0
0
0
1 941
0
1 570
2 711 1196
0
0
1 1477
0
0
0
1 134
3 249 550 664
1 134
0
1 1160
2 992 1146
0
0
0
0
0
0
2 135 481
1 245
1 135
0
0
0
0
0
0
0
0
0
0
3 1104 1226 1611
4 174 1070 1721 1814
0
0
0
0
1 424
0
0
2 568 1436
1 1368
0
1 136
0
2 136 1347
0
0
0
0
0
0
0
0
0
2 137 320
0
1 137
1 1195
0
3 672 1005 1149
0
0
0
0
0
0
0
1 491
4 1021 1409 1551 1648
2 331 942
2 1082 1469
0
0
1 1588
0
5 216 313 632 816 1000
0
0
1 1248
1 1460
0
0
0
3 229 771 1514
3 1419 1430 1648
0
0
0
0
0
0
0
0
0
0
0
0
0
0
0
0
0
0
0
0
3 796 1382 1681
0
0
1 142
0
1 142
0
0
0
0
0
0
0
2 143 1720
0
2 1031 1067
0
0
0
1 886
0
0
3 239 499 743
1 969
1 1811
0
0
0
0
0
0
0
1 1183
1 145
0
1 145
0
1 236
2 621 1522
1 819
0
0
0
3 146 241 1179
1 283
1 905
3 444 924 1399
0
0
0
5 621 1038 1254 1830 1832
0
0
0
0
0
0
4 166 348 1284 1385
0
1 1475
0
1 147
0
2 147 1478
0
0
0
1 167
0
0
0
0
0
1 1637
0
0
0
1 483
0
0
0
0
0
0
0
0
0
2 528 983
0
0
0
0
0
1 149
0
1 149
0
0
0
0
0
0
0
0
0
0
2 150 1660
0
4 150 686 752 1075
0
0
0
2 1097 1172
0
1 1286
3 944 1198 1443
2 1666 1678
0
0
2 151 732
1 1781
5 151 682 691 1772 1884
0
0
1 594
0
0
1 1740
0
0
0
0
0
0
4 229 530 942 1311
4 209 235 462 916
1 152
1 1207
1 152
0
1 1777
0
0
1 1093
1 917
0
0
0
2 492 1445
1 1867
0
0
0
0
2 459 689
0
0
0
0
0
1 417
0
0
0
1 1119
0
0
1 440
0
0
0
0
0
0
0
1 215
1 774
0
0
0
0
0
0
0
0
0
0
0
0
0
2 534 1080
1 154
0
1 154
0
0
1 1012
0
0
0
0
2 1490 1519
0
2 481 1285
1 155
0
1 155
0
1 1315
2 382 1207
0
0
0
0
0
0
1 297
1 1873
0
0
0
0
0
0
0
0
0
0
0
0
0
0
0
1 165
0
1 156
0
1 156
0
1 165
0
0
0
0
0
0
0
1 157
0
3 157 668 1800
1 257
0
0
1 505
5 354 736 865 1385 1456
1 1794
0
2 1387 1432
0
1 1429
1 1480
1 1403
1 1432
2 572 1803
0
0
0
0
1 1468
0
0
0
0
1 219
0
0
0
1 1271
0
0
1 158
1 1433
1 158
2 750 1318
0
3 552 737 1670
0
3 407 1273 1352
0
0
0
1 1477
1 1197
0
0
2 575 728
1 1631
0
0
0
0
1 1270
0
4 529 670 913 1271
1 159
0
1 159
0
0
0
2 1091 1834
0
0
2 389 1582
0
2 1111 1465
1 1362
0
0
0
2 1588 1815
0
0
1 1766
1 1664
1 248
1 572
1 160
0
1 160
0
0
0
0
0
0
0
3 622 802 1067
0
4 166 712 732 1520
0
0
1 1866
0
0
1 984
3 261 846 983
1 163
1 641
0
2 1409 1608
3 1216 1757 1794
1 962
0
2 1443 1720
2 1114 1608
0
1 164
0
1 164
2 1105 1281
2 1248 1854
0
0
0
0
0
0
0
0
4 1111 1345 1479 1698
0
0
0
3 320 736 847
1 1368
3 1259 1278 1649
0
1 1362
0
0
2 1222 1531
0
0
0
1 1205
1 915
1 1263
1 916
0
0
1 168
0
1 168
0
2 563 1464
0
0
0
2 511 1603
0
1 176
1 947
1 318
0
0
0
0
0
0
0
0
2 1119 1351
0
0
0
0
0
0
0
0
0
0
0
1 170
0
1 170
0
0
0
0
0
0
1 909
0
0
0
0
0
0
1 955
0
0
0
0
0
0
0
0
0
0
1 171
0
1 171
0
0
0
0
0
0
0
0
0
0
0
0
12 209 225 531 602 630 755 925 1236 1281 1320 1324 1365
0
0
0
0
0
1 1039
0
0
0
0
0
0
0
1 1345
1 172
0
1 172
3 538 1132 1399
1 1010
0
0
0
0
0
1 1052
0
0
1 173
1 974
2 173 1195
0
0
4 422 617 1088 1889
0
0
0
1 504
0
1 174
0
0
3 226 915 997
1 540
0
0
0
0
0
0
0
0
0
0
0
0
2 937 1197
0
1 175
0
1 175
1 177
0
0
0
0
0
0
0
0
0
0
0
0
0
0
1 177
0
0
1 1268
0
1 694
1 556
0
0
0
0
3 1164 1454 1841
0
2 348 631
0
1 180
1 1855
0
1 1266
0
0
0
0
0
0
0
1 1676
0
0
0
0
0
0
0
0
0
0
0
0
0
0
1 180
0
1 180
0
0
0
0
0
0
1 717
0
1 181
4 286 528 1658 1740
1 181
0
1 683
0
0
0
2 670 1890
0
0
0
0
0
0
1 1863
0
0
0
1 182
0
0
0
0
0
0
0
0
0
0
0
0
0
0
0
1 1586
0
3 1039 1080 1457
2 424 992
0
0
0
2 1376 1526
0
3 823 1062 1666
0
0
1 183
0
2 183 232
0
0
0
0
0
0
0
0
0
0
0
1 184
1 1162
1 184
2 263 1022
0
0
0
0
0
0
0
0
0
0
0
1 185
2 1413 1574
1 185
0
1 322
0
0
0
0
0
0
1 847
0
0
0
0
2 529 1270
0
0
0
0
3 340 620 1381
1 366
0
1 662
0
0
0
0
1 187
1 668
1 187
0
0
0
1 1218
0
0
0
0
0
0
1 712
0
1 1279
5 312 1198 1398 1611 1888
0
0
3 728 869 1763
1 773
0
0
0
1 188
1 672
3 188 1048 1054
0
0
0
3 1431 1441 1479
0
0
1 1799
1 1004
0
3 576 1233 1753
1 1787
0
0
0
0
0
1 1801
1 189
0
1 189
0
0
1 1390
0
0
0
1 1523
0
3 206 628 1736
2 190 632
1 237
1 190
0
0
0
0
0
1 954
2 841 1304
0
1 1303
1 1571
0
1 479
0
0
1 191
0
1 191
0
2 1073 1517
0
5 438 758 894 1064 1841
2 1442 1781
0
0
1 1159
1 1645
0
0
0
0
2 192 1854
0
0
0
0
1 783
0
1 1430
0
0
0
0
2 934 1245
0
0
0
0
0
0
0
0
0
0
0
0
0
1 192
0
1 192
0
0
0
0
0
0
0
1 1022
0
0
0
0
0
0
1 193
0
1 193
0
0
0
0
0
0
1 1338
1 194
0
1 194
0
0
1 1302
0
0
0
4 457 940 1403 1468
1 1656
0
1 1031
2 195 1105
0
1 195
1 1093
0
1 1176
0
3 1109 1245 1800
0
0
0
0
0
0
0
2 226 428
0
0
1 418
0
1 514
0
0
0
0
1 663
1 196
0
1 196
0
1 563
1 1180
0
0
0
0
1 551
0
0
0
0
0
0
0
0
1 198
0
1 198
0
0
0
0
0
1 199
1 1855
0
1 199
3 240 258 638
0
0
0
1 754
1 877
1 240
0
0
0
0
0
0
0
1 843
0
0
0
0
0
0
0
1 200
0
1 200
0
0
0
0
0
1 1772
1 1850
1 1883
0
1 846
0
0
0
1 485
0
0
0
0
0
0
0
0
2 1164 1498
0
0
0
0
0
1 558
0
0
0
1 869
0
1 203
0
1 203
0
1 700
0
0
0
0
0
0
0
0
1 504
4 204 926 931 1437
0
2 204 523
0
0
0
0
0
0
0
0
0
0
0
0
0
0
0
0
1 1816
0
0
0
0
0
0
0
0
1 205
0
1 205
0
0
0
0
0
0
0
0
0
0
0
0
0
0
1 207
0
2 207 1087
0
1 934
1 1860
0
0
0
0
0
0
0
0
3 731 1574 1813
1 208
0
1 208
1 881
0
0
0
0
0
0
1 1637
0
1 594
1 860
0
0
0
0
0
0
1 771
0
1 1318
0
0
1 1365
1 1822
2 293 1416
0
0
0
0
0
0
1 310
0
1 1176
0
0
0
0
0
0
0
0
1 1531
0
2 211 552
0
1 211
0
0
0
0
0
0
0
0
0
0
0
0
0
0
0
0
0
0
0
0
0
0
0
0
0
0
0
0
0
0
0
0
0
2 214 1679
0
1 214
2 252 1654
0
1 1434
0
0
0
0
0
0
0
0
0
0
1 1753
0
0
0
2 1306 1676
0
1 259
3 239 435 626
3 953 964 1185
1 254
2 392 1161
2 218 231
5 524 839 917 1770 1881
1 218
1 612
0
0
0
1 305
0
0
1 219
1 631
0
0
0
0
0
0
0
0
0
0
0
0
0
0
0
0
0
1 220
0
1 220
0
0
0
1 1394
0
0
0
0
0
1 221
0
3 221 396 1815
0
0
0
1 1178
0
0
0
2 1138 1324
0
1 991
0
2 919 1799
0
0
0
0
0
0
0
0
0
0
1 224
0
0
0
0
0
0
0
0
0
0
0
0
0
0
0
0
0
1 1433
0
0
0
0
0
0
0
1 224
0
1 224
0
0
1 1498
0
0
0
0
0
1 486
0
1 505
0
0
1 1387
0
0
0
0
1 902
0
0
0
0
0
0
0
3 227 1384 1766
1 1867
0
0
0
1 1297
0
0
5 458 1084 1556 1614 1670
1 462
3 622 801 1561
1 463
2 385 499
1 1547
1 1549
0
0
1 573
1 750
0
0
0
0
0
0
0
0
0
1 1526
0
0
0
1 810
0
0
0
0
0
0
1 1840
0
0
0
0
0
1 895
0
0
0
0
0
0
0
1 230
0
1 230
0
0
0
0
0
0
0
0
0
2 1239 1378
0
0
0
0
0
1 329
0
0
0
0
0
0
1 1309
1 233
0
1 233
2 579 1704
0
0
0
0
0
3 272 826 1616
0
0
3 280 620 789
0
0
0
0
0
0
2 234 1381
0
1 234
0
0
0
0
0
0
0
0
0
0
0
4 305 378 392 1830
0
0
3 717 894 1391
2 708 1518
1 729
1 488
2 759 1152
2 977 1079
1 996
0
0
0
0
5 279 340 496 1074 1286
0
0
3 962 996 1079
0
0
2 488 1152
0
0
0
0
0
0
1 743
1 237
0
1 237
0
0
0
0
0
1 403
0
0
0
0
0
1 238
0
1 238
0
0
0
0
0
0
0
0
0
0
0
0
0
2 464 710
0
0
0
0
0
0
3 241 814 1671
0
0
0
1 356
0
0
0
0
0
0
0
0
0
0
0
1 1544
0
0
0
0
0
0
1 242
0
1 242
0
0
0
0
0
0
0
0
1 1622
0
0
0
0
1 833
0
2 561 577
0
0
4 243 246 577 1569
0
1 243
0
1 833
0
0
0
1 1059
0
0
0
0
1 1571
0
0
1 244
0
2 244 1311
0
0
0
0
0
0
1 545
1 1015
0
0
0
0
0
0
0
0
0
0
0
0
0
0
1 245
0
1 245
0
0
0
0
0
0
0
0
2 246 1698
1 1466
0
1 1203
0
0
0
0
0
1 247
0
1 247
0
0
0
0
0
0
0
0
0
0
0
0
0
3 503 731 937
2 1239 1449
0
0
1 428
0
0
1 251
0
1 251
0
0
0
0
0
1 663
0
0
1 252
0
1 370
0
0
0
0
0
0
2 1492 1796
0
0
2 1390 1530
1 1881
1 1003
0
0
1 1839
1 800
1 1333
0
0
0
0
0
0
2 709 1724
1 445
0
0
0
0
0
1 1161
0
0
0
0
0
0
0
1 1312
1 255
0
1 255
0
0
1 1065
1 1838
0
0
0
0
0
0
6 483 941 1396 1845 1865 1870
0
0
1 784
0
0
0
0
1 256
0
1 256
0
0
0
1 1000
0
0
0
0
0
1 1236
1 300
0
0
0
0
1 368
0
0
1 258
0
0
0
0
0
0
0
0
0
0
0
0
0
0
0
0
0
0
0
0
0
0
0
0
0
2 260 827
0
1 260
1 1840
0
0
0
0
0
0
1 261
0
3 801 1307 1593
2 1173 1724
0
0
2 407 808
1 610
0
0
1 873
0
1 689
0
1 262
0
1 262
1 873
0
0
0
1 1157
1 1464
0
0
1 579
0
0
0
0
0
0
0
1 843
0
0
0
0
0
0
0
0
0
0
1 264
0
2 264 1554
0
0
0
0
0
0
0
0
1 908
0
0
0
0
0
1 265
0
1 265
0
0
0
0
0
2 429 1333
1 350
1 266
0
1 266
0
0
0
0
0
0
1 1774
0
0
0
1 1884
2 852 1258
0
3 808 852 1398
1 370
0
0
0
0
1 268
0
1 268
0
1 474
0
0
0
0
0
0
0
0
1 270
0
1 270
0
1 556
0
0
0
0
0
1 1873
1 1763
1 1566
0
0
0
0
0
0
0
0
0
0
0
0
0
0
0
0
1 271
0
1 271
0
0
0
0
0
0
0
1 343
2 272 1189
0
0
0
0
0
0
0
0
0
2 832 1789
0
0
0
1 479
0
0
1 684
0
1 273
0
1 273
0
0
1 1647
0
0
0
0
0
0
0
0
1 274
0
0
0
0
0
0
0
0
0
0
0
0
0
0
0
0
0
0
0
0
0
0
0
0
0
1 274
0
1 274
1 287
0
0
0
0
0
0
1 321
0
0
0
0
0
0
0
0
1 276
0
0
0
0
0
0
0
0
0
0
0
0
0
0
0
0
0
0
0
0
0
0
0
0
0
1 276
0
1 276
0
0
0
0
0
0
0
0
0
0
0
0
1 277
2 976 1158
1 277
0
0
0
2 1606 1664
0
1 1696
0
0
0
0
0
0
0
1 278
0
1 278
0
0
0
2 438 1253
0
1 1731
1 1292
2 1299 1388
1 279
0
0
0
3 703 1219 1581
0
0
0
1 280
0
3 1393 1431 1847
0
0
1 1304
0
0
0
2 282 1745
0
2 282 486
1 329
0
0
0
0
0
0
0
1 729
0
1 284
0
2 284 318
1 1454
0
0
0
0
0
0
1 603
1 286
0
1 826
0
2 694 714
1 1420
0
0
0
0
0
0
0
0
0
0
0
0
0
0
0
0
0
0
0
0
0
0
0
0
0
0
2 287 1425
0
1 287
0
0
0
1 1122
0
0
0
0
0
1 289
0
2 289 1733
0
0
0
2 331 1449
0
0
0
0
0
0
0
0
0
0
0
1 347
4 1084 1231 1620 1786
0
1 1780
1 290
0
1 290
0
0
0
0
0
0
0
0
0
0
0
0
0
0
1 291
1 1306
1 291
0
0
0
0
0
0
0
1 292
0
1 292
0
0
0
0
0
0
0
0
1 293
0
0
0
0
0
0
0
0
0
0
0
0
0
0
0
1 295
2 510 1801
1 295
0
0
1 955
0
0
0
0
0
1 296
0
2 296 1553
0
0
0
0
0
0
0
0
0
0
0
0
1 807
1 1303
0
0
0
0
0
0
0
2 298 976
0
1 298
0
0
0
0
0
0
0
1 1434
0
0
1 913
0
0
0
1 299
1 1032
1 299
0
1 1616
0
0
0
0
0
2 300 865
1 1015
0
0
0
0
0
0
1 301
0
2 301 1726
0
0
0
0
0
0
1 1858
0
0
1 302
2 418 1680
1 302
0
0
0
0
0
0
0
0
0
0
0
0
0
0
0
0
0
0
0
0
0
0
1 303
0
1 303
0
0
0
0
0
0
0
0
0
0
0
0
0
2 595 1599
0
0
0
0
0
2 306 746
0
1 306
0
0
0
0
0
0
0
5 385 921 1173 1747 1870
3 734 776 956
0
0
2 1312 1416
0
0
0
0
0
1 309
0
1 309
0
1 835
0
0
0
0
0
0
0
1 1384
1 1180
0
0
0
3 311 374 1267
0
1 311
0
0
0
1 1690
0
1 1092
0
0
0
0
1 1386
0
0
0
0
2 1342 1614
0
0
0
0
0
0
0
0
1 314
0
1 314
0
0
0
0
0
0
0
0
0
0
1 974
0
0
0
0
0
0
0
0
0
1 315
0
1 315
0
0
0
0
0
0
0
0
1 735
1 316
0
2 316 1859
0
0
0
0
1 1071
0
0
4 1268 1536 1704 1885
1 1696
0
1 603
0
0
0
0
0
1 319
0
0
0
0
0
0
0
0
0
0
0
0
0
0
0
0
0
2 1262 1482
0
0
0
0
0
0
0
1 319
0
1 319
0
0
0
0
0
0
0
0
0
0
0
0
0
1 321
0
0
0
0
0
0
0
0
0
0
0
0
0
0
0
0
0
0
1 1523
0
0
0
0
0
0
0
0
0
1 323
0
3 323 422 1796
2 1162 1785
0
0
0
0
0
0
0
0
0
1 325
0
1 325
0
0
0
0
0
0
0
0
1 953
1 1400
4 326 496 835 1223
0
1 326
1 1026
0
0
0
0
0
0
0
1 624
0
1 327
0
1 327
0
0
0
1 1711
0
0
0
0
0
0
0
0
1 1254
1 979
0
0
0
0
0
0
0
0
2 641 1712
0
0
0
0
0
0
0
1 332
0
1 332
0
0
0
0
0
0
0
1 1822
0
0
0
0
0
0
0
0
0
0
0
0
0
1 334
0
1 334
0
0
0
0
0
0
0
0
0
1 335
0
1 335
0
0
0
0
0
0
0
0
1 777
0
0
1 336
0
1 336
0
0
0
0
0
0
0
0
0
0
0
0
0
0
0
0
1 400
1 337
0
1 337
0
0
0
0
1 635
0
0
0
1 1069
0
0
0
0
0
1 338
0
0
0
0
0
0
0
0
0
0
0
0
0
0
0
0
0
0
0
0
0
0
0
0
2 344 822
1 338
0
1 338
0
0
0
0
0
0
0
0
2 708 807
2 536 857
0
0
0
0
1 341
0
1 341
0
0
0
0
1 682
0
0
0
1 921
0
1 342
0
1 342
0
0
0
0
0
1 584
0
0
1 1048
0
0
0
0
0
0
0
0
0
0
0
0
0
0
0
0
0
0
0
0
0
1 343
0
1 343
0
0
0
0
0
0
0
1 1372
1 344
0
0
0
2 1328 1888
0
2 411 468
0
1 545
1 345
0
1 345
1 1577
3 403 700 857
2 1620 1865
0
0
0
0
1 1208
0
0
0
0
0
0
0
0
0
1 346
0
1 346
0
0
5 583 906 1231 1275 1759
0
0
0
0
1 1558
1 347
0
0
0
0
1 574
0
0
0
0
0
0
2 895 1145
0
1 349
0
1 349
0
1 449
0
0
0
0
0
2 1135 1292
1 350
2 758 1059
0
0
0
0
0
0
3 476 898 1127
0
0
0
0
0
0
0
0
1 1536
0
0
0
0
0
0
0
0
0
1 353
0
1 353
0
0
3 464 1777 1850
0
0
0
0
0
0
1 832
0
1 648
2 702 1145
0
0
0
1 1630
1 1812
1 1626
0
0
1 931
1 1376
0
0
2 1472 1635
0
0
1 378
0
0
0
1 1656
0
0
0
0
0
0
0
0
0
0
0
0
0
0
0
0
0
1 357
1 970
1 357
0
0
0
0
0
0
0
0
1 1439
0
0
0
0
0
0
0
0
0
0
0
0
0
0
0
0
2 360 940
0
1 360
0
0
0
0
0
0
0
0
3 567 1165 1509
0
0
0
1 573
0
1 361
0
2 361 854
0
0
1 776
0
0
0
2 515 1566
2 824 1859
0
0
0
2 362 1043
0
1 362
1 1386
0
0
0
0
0
0
0
0
0
0
2 411 754
1 907
0
0
1 1328
0
0
0
0
0
0
1 1858
0
0
0
0
0
0
0
0
0
1 1805
0
0
1 364
0
1 364
0
0
0
0
0
0
0
0
4 377 595 987 1388
1 991
0
1 1713
0
1 366
0
0
0
0
1 1109
0
0
0
0
0
0
0
0
1 1747
0
0
0
0
0
1 367
0
1 367
0
0
0
0
0
0
0
0
1 368
0
0
0
0
0
0
0
0
0
0
0
0
0
0
0
0
0
0
0
0
0
1 369
0
1 369
0
0
0
0
0
0
0
0
0
0
2 1117 1361
0
0
0
1 1075
1 1790
0
0
1 374
0
1 1539
0
1 536
0
0
2 789 1074
0
1 1044
1 1805
2 376 1223
0
1 376
0
1 854
0
0
0
0
0
0
1 377
0
0
0
0
0
0
0
0
0
0
0
0
1 1583
0
0
1 379
0
1 379
0
0
0
0
0
0
0
1 380
0
1 380
0
0
1 778
0
0
0
0
0
0
0
0
0
0
0
0
1 1823
0
3 1153 1518 1626
0
1 1646
0
0
1 979
0
0
3 383 684 830
0
1 383
1 1016
0
0
0
0
0
0
0
0
0
0
0
0
0
0
0
0
1 384
0
1 384
0
0
0
0
0
0
0
0
0
0
0
0
0
0
0
0
1 463
0
0
0
0
0
0
1 415
0
0
0
0
0
0
0
0
0
0
0
0
2 389 722
0
1 389
0
0
0
0
0
0
0
1 1577
1 1127
1 391
1 1734
1 391
0
0
0
0
0
0
0
0
1 816
0
0
0
0
0
0
0
0
0
0
0
0
0
0
0
0
0
0
0
0
0
0
1 393
2 400 918
1 393
0
0
0
0
0
2 1118 1473
2 875 1010
1 1370
2 1300 1546
4 1258 1299 1530 1759
3 679 1053 1064
0
1 511
0
0
0
0
1 421
1 395
0
1 395
0
0
0
0
0
0
0
1 396
1 667
0
0
0
0
0
0
1 398
2 713 850
1 398
0
0
1 821
0
2 547 1004
0
0
1 897
1 399
0
1 399
2 1135 1310
0
0
1 1842
2 1017 1153
0
0
0
0
0
0
1 1715
0
1 401
0
2 401 449
1 1425
0
0
0
0
0
0
0
1 870
0
0
0
0
0
0
0
0
0
0
0
0
0
0
0
0
0
0
0
1 404
0
1 404
0
0
1 1736
0
0
0
0
0
2 861 1769
0
0
1 405
0
1 405
0
0
0
0
0
0
0
0
0
0
0
1 406
0
1 406
0
0
0
0
0
0
0
0
0
1 1309
0
0
0
0
0
0
1 408
0
1 408
0
0
0
0
0
0
0
0
0
0
0
0
1 409
1 1156
1 409
0
0
0
0
0
0
0
0
0
0
0
0
0
0
0
0
0
0
1 410
0
1 410
0
0
0
0
0
0
0
0
0
0
0
1 961
0
0
1 412
1 1138
3 412 458 527
0
0
0
0
2 679 1250
0
0
0
0
0
0
0
0
0
1 975
0
0
0
0
1 413
0
1 413
0
1 1762
0
0
0
0
0
0
0
0
0
0
2 457 1586
0
1 414
0
1 414
0
0
0
0
0
0
0
0
0
0
0
0
0
0
0
0
0
0
0
0
0
0
0
0
0
0
0
0
0
1 415
0
1 415
0
1 853
0
0
0
0
0
0
0
0
0
0
0
0
0
0
0
0
0
0
0
0
0
1 899
0
0
0
0
0
0
0
0
0
0
1 417
0
1 417
0
0
0
0
0
0
0
1 781
1 1442
1 1420
0
0
0
0
0
0
0
0
0
0
1 419
0
1 419
1 970
0
0
0
0
0
0
0
0
1 421
0
0
0
0
0
0
0
1 1675
0
0
1 581
0
0
0
2 810 1400
2 696 1568
0
1 1189
0
0
0
0
1 425
0
1 425
0
0
1 1046
0
0
0
0
0
1 841
0
0
1 1752
0
1 426
0
1 426
0
0
0
0
0
0
0
0
1 1564
0
0
0
1 804
0
0
2 429 1687
0
0
0
0
0
0
0
0
0
0
0
0
1 430
0
1 430
0
0
0
0
2 1647 1789
0
0
1 861
0
1 836
0
2 431 1193
0
1 431
0
0
2 778 1122
0
0
0
0
2 1003 1838
0
0
1 624
0
0
0
0
0
0
1 432
0
1 432
0
0
0
0
0
0
0
1 1695
0
0
1 1731
1 433
0
2 433 1221
0
0
0
2 523 1553
0
0
0
1 1069
0
0
0
0
0
0
0
0
0
0
0
0
0
0
0
1 436
0
0
0
0
0
0
1 591
0
0
0
0
0
0
0
0
0
0
0
0
0
0
0
0
0
0
1 436
0
1 436
0
0
0
0
0
0
0
0
0
0
0
0
1 437
0
1 437
0
0
0
0
0
0
0
0
0
2 515 896
0
0
0
1 1694
1 799
0
0
1 1391
0
0
0
0
0
0
0
0
0
0
0
0
0
0
2 442 759
0
1 442
0
0
0
0
0
0
0
0
0
0
0
0
0
0
0
0
0
0
0
0
0
0
1 443
0
1 443
0
0
0
0
0
0
0
0
0
0
0
0
0
3 710 1086 1610
1 662
0
0
0
0
1 447
0
1 447
0
0
0
0
0
1 1712
0
3 518 1043 1076
0
0
1 635
0
0
0
1 725
0
0
0
0
1 703
0
0
0
0
0
0
0
1 452
0
1 452
0
0
0
0
0
0
0
0
1 1629
0
0
0
0
1 453
0
2 453 777
0
0
0
0
0
0
0
0
0
0
0
1 455
0
2 455 1691
0
0
0
0
0
0
0
0
0
0
1 1092
0
0
0
0
0
0
0
1 1156
0
0
0
0
0
0
0
2 769 1133
0
0
1 720
0
0
0
0
1 460
0
1 460
0
0
0
0
0
0
0
0
0
0
0
0
1 1512
0
1 800
1 1378
0
0
1 1148
0
0
0
0
0
0
0
0
0
0
0
0
0
0
0
0
0
0
0
1 858
0
0
0
0
0
0
0
0
0
0
0
0
0
0
0
0
1 468
0
1 468
0
0
0
0
0
0
0
0
0
0
0
0
0
2 906 1780
0
0
0
0
0
1 473
0
1 473
1 487
0
0
0
0
0
0
0
0
2 1053 1638
0
0
0
0
0
0
0
0
0
0
0
0
0
0
0
0
0
0
0
0
1 474
0
1 474
0
0
0
0
0
0
0
0
0
0
0
0
0
0
0
0
0
0
0
1 475
0
0
0
0
0
0
0
0
0
0
0
0
0
0
0
0
0
0
0
0
0
0
0
0
0
1 475
0
1 475
0
0
0
0
0
0
0
0
1 476
0
0
0
0
0
0
0
0
0
0
0
0
0
0
0
0
0
0
0
0
0
0
0
0
0
1 477
0
1 477
0
0
0
1 609
0
1 1745
0
0
0
2 1115 1630
1 850
1 480
0
1 480
0
0
0
0
0
0
0
0
1 1423
0
0
0
0
0
0
5 995 1379 1539 1558 1824
0
0
0
1 482
0
1 482
0
0
0
0
1 1769
1 1208
0
0
0
0
0
0
0
0
0
1 1115
0
0
0
0
0
0
2 484 890
0
1 484
0
0
0
0
0
0
0
0
0
0
0
0
0
0
0
0
0
0
0
0
1 487
0
0
0
0
0
0
0
0
0
0
1 978
0
0
0
0
0
1 1659
0
0
0
0
0
2 1171 1659
2 1086 1549
1 489
0
1 489
0
0
0
0
0
0
0
0
0
1 1009
0
0
0
1 520
0
1 1300
0
0
0
2 839 1081
0
0
0
0
0
0
0
0
0
0
0
0
1 493
0
1 493
0
0
0
0
0
0
0
0
0
0
0
0
0
0
0
2 1032 1338
0
1 494
0
1 494
0
0
0
0
0
0
0
0
1 1016
2 870 1310
0
0
1 1060
0
0
2 827 1174
0
0
0
0
0
0
0
0
1 497
0
1 497
0
0
0
0
0
0
0
0
0
0
0
0
1 650
0
0
1 1733
0
0
0
0
0
0
0
0
0
0
0
0
1 601
0
0
0
0
0
1 1817
1 952
0
1 1797
2 508 557
0
1 508
0
0
0
0
0
0
0
0
1 510
1 769
0
0
0
0
0
0
0
0
0
0
0
0
0
0
0
0
1 512
0
1 512
0
0
0
0
0
0
0
0
0
0
2 513 667
0
1 513
0
0
0
0
1 565
0
0
0
0
0
0
0
0
0
0
0
0
0
0
0
0
0
0
0
0
1 516
0
0
0
0
0
0
0
0
0
0
0
0
0
0
0
0
0
0
0
0
0
0
0
0
0
1 516
0
1 516
0
0
0
0
0
0
0
1 1592
0
0
0
0
0
0
0
0
0
1 517
0
1 517
0
0
0
0
0
0
0
0
1 518
0
0
0
0
0
0
0
0
0
2 907 1487
0
0
0
0
1 519
0
1 519
0
0
0
0
0
0
0
2 1132 1846
1 520
0
0
0
0
0
0
0
0
0
0
1 1875
1 522
0
1 522
0
0
0
0
0
0
0
0
0
0
0
0
0
0
0
0
0
0
0
0
0
0
0
0
0
0
0
0
0
0
1 524
0
1 524
0
0
0
0
0
0
0
1 525
0
1 525
0
1 648
0
0
0
0
0
0
0
0
1 1885
0
0
0
0
0
0
0
0
0
1 526
0
1 526
0
0
0
0
0
0
0
0
0
2 527 610
0
0
0
0
0
0
0
2 877 1289
0
0
1 1190
0
0
0
0
0
0
0
0
2 532 781
0
1 532
0
0
0
1 1307
0
0
0
0
0
1 1076
0
0
0
0
2 1690 1709
0
0
1 535
1 1585
1 535
0
0
0
0
0
0
0
0
0
0
0
0
0
0
0
0
0
0
0
0
0
0
0
0
0
0
0
0
0
0
0
0
0
0
1 538
0
1 538
0
0
0
1 1639
0
0
0
0
0
0
0
1 539
0
1 539
0
0
0
0
0
0
0
0
0
0
1 715
1 1564
0
0
0
0
1 1606
1 541
0
2 541 549
0
0
0
0
0
0
0
0
0
0
0
0
0
0
0
1 1377
1 542
0
1 542
3 614 1573 1737
0
0
0
0
0
0
0
1 543
0
1 543
0
0
0
0
0
0
1 1441
1 943
1 544
0
1 544
0
0
0
0
0
0
0
0
0
0
0
0
0
2 546 1288
0
1 546
0
0
0
0
0
0
0
0
0
0
1 564
0
0
0
0
0
0
0
0
0
0
0
0
0
0
1 548
0
1 548
0
0
0
0
0
0
0
0
1 549
0
0
0
0
0
0
0
0
0
1 551
0
0
1 657
0
0
0
0
0
0
0
0
0
2 553 1370
1 1735
1 553
0
0
0
0
0
0
1 978
0
0
0
0
0
1 1661
0
0
0
0
0
0
0
0
0
0
0
1 822
0
0
0
0
0
2 557 598
0
0
0
0
0
0
0
0
2 1001 1230
0
0
0
0
0
0
0
0
0
1 1581
0
0
0
0
0
0
0
0
0
0
0
0
0
0
0
1 558
0
1 558
0
0
1 1353
0
0
0
0
0
0
3 685 1078 1842
0
0
0
0
1 1573
0
0
0
1 1711
1 559
0
2 559 696
0
0
0
0
0
0
0
0
0
0
0
0
0
1 560
0
1 560
0
0
0
0
0
0
0
0
0
0
0
1 562
0
1 562
0
0
0
0
0
0
0
0
1 1165
0
0
0
0
0
0
0
0
0
0
0
0
0
0
0
0
0
0
0
0
0
0
1 564
0
1 564
0
0
0
0
0
0
0
0
0
0
0
0
0
1 1158
0
0
0
0
0
0
0
0
0
0
0
0
0
0
0
0
0
1 565
0
1 565
0
0
0
0
0
0
0
0
0
1 567
0
0
2 709 1828
0
0
0
1 1124
0
0
1 746
0
0
0
0
1 836
0
0
0
0
0
0
0
0
0
0
1 1439
0
0
0
0
0
0
0
0
0
0
0
0
0
0
0
0
0
0
0
0
0
0
0
0
0
0
1 574
0
1 574
0
0
0
0
0
0
0
1 1669
0
0
0
0
0
0
2 1026 1287
0
0
0
0
0
0
3 597 1163 1715
1 763
0
0
0
1 933
1 580
0
1 580
0
0
0
0
0
0
0
1 1372
1 581
0
1 1174
1 1764
0
1 1509
0
0
0
1 1280
1 697
0
1 582
0
1 582
0
0
0
1 1680
0
0
0
0
0
0
1 890
0
0
2 713 1843
2 584 1282
1 1877
0
2 1282 1725
0
0
1 1877
0
1 597
2 1252 1875
1 1148
0
0
0
0
2 587 1057
0
3 587 892 1646
0
0
0
1 1305
0
0
0
0
2 588 880
0
1 588
0
0
0
1 702
0
0
0
1 1133
1 589
0
1 589
0
0
0
0
0
1 734
0
0
1 590
0
1 590
0
0
0
1 1191
0
0
0
1 591
0
0
0
0
0
0
0
0
0
0
0
0
0
1 593
0
1 593
0
0
0
0
1 609
0
0
0
0
1 671
0
0
0
0
0
0
0
0
0
0
0
0
0
0
0
0
0
0
0
0
1 596
0
1 596
0
0
0
0
0
1 1129
0
0
0
0
0
2 547 1707
0
0
0
1 598
0
0
0
0
0
0
0
0
0
0
0
0
0
0
0
0
0
0
1 599
0
1 599
0
0
0
0
0
0
0
0
2 601 1638
0
0
0
0
0
0
0
0
0
1 725
2 730 1107
0
0
0
0
0
0
0
0
0
0
0
0
1 604
0
1 604
0
0
0
0
0
0
0
0
0
0
0
0
0
1 1224
1 605
0
1 605
0
0
0
0
0
0
0
0
0
0
0
0
0
0
0
0
0
0
1 977
0
0
0
0
0
0
1 606
0
1 606
0
0
0
1 1001
0
0
0
0
0
0
0
0
0
0
0
0
0
0
1 1108
1 607
0
1 607
0
0
0
0
0
0
0
1 1078
1 608
0
1 608
0
0
0
0
0
0
0
0
0
0
1 1579
0
0
0
0
0
0
0
0
0
0
0
0
0
0
0
0
0
0
0
0
0
0
0
0
0
0
0
0
1 612
0
1 612
0
0
0
0
1 714
0
0
0
0
1 613
0
0
0
0
0
0
0
0
0
0
0
0
0
0
0
0
0
0
0
0
0
0
0
0
0
1 613
0
1 613
0
0
0
0
0
0
0
1 614
0
1 1610
1 867
0
0
0
0
0
0
0
1 1762
0
0
0
0
0
0
0
0
0
0
0
0
0
0
0
0
1 615
0
1 615
0
0
0
0
0
0
0
0
0
0
0
0
2 616 721
0
1 616
0
0
0
0
0
0
0
1 1824
0
0
0
0
0
0
0
0
0
0
1 618
1 898
1 618
0
0
0
1 1049
0
0
0
0
0
0
0
1 1790
1 1691
0
1 1742
0
0
0
0
0
0
0
0
1 1472
0
1 623
0
1 623
0
0
0
0
0
0
0
0
0
1 892
0
0
0
1 864
1 625
0
1 625
0
0
0
0
0
0
1 875
0
0
0
0
0
0
0
0
0
0
0
0
0
0
0
0
0
0
0
0
1 629
0
1 629
0
0
0
0
0
0
0
0
0
0
0
0
0
1 1864
0
0
0
0
1 633
0
1 633
1 1224
0
0
0
0
0
0
0
0
0
0
1 952
0
0
0
0
0
0
2 858 1131
0
1 1596
0
0
0
0
1 639
0
1 639
0
1 1275
0
0
1 661
0
0
0
0
0
0
0
0
0
0
0
0
0
0
0
0
0
0
0
1 644
0
1 644
0
0
0
0
0
0
0
0
0
0
1 1287
0
0
1 645
0
1 645
0
0
0
0
0
0
0
0
0
0
1 646
0
1 646
0
0
0
0
0
0
0
0
0
0
0
1 647
0
1 647
0
0
0
0
1 1546
0
0
1 1527
1 946
0
0
0
0
1 649
0
1 649
0
0
0
0
0
0
0
1 650
0
0
0
0
0
0
0
0
1 655
0
1 655
0
0
0
0
0
0
0
0
0
1 1331
0
0
0
0
1 656
0
1 656
0
0
0
0
0
0
0
1 657
0
0
0
0
0
0
0
1 658
0
1 658
0
0
1 933
0
0
0
0
0
0
0
0
1 1686
0
0
0
0
0
0
1 659
0
1 659
0
0
0
0
0
0
0
0
0
0
0
0
0
0
1 799
0
0
0
1 660
0
1 660
0
0
0
0
0
0
0
1 661
2 804 1071
0
0
0
0
0
0
0
0
1 1144
0
0
0
0
0
0
0
0
0
0
0
0
0
0
0
1 1377
0
1 1342
0
0
0
0
0
0
0
0
0
0
1 1828
1 666
0
1 666
0
0
0
0
0
0
0
0
0
0
0
0
1 1519
0
0
0
0
0
0
0
1 671
0
0
0
0
0
1 1473
0
0
0
0
0
0
0
1 673
0
1 673
0
0
0
0
0
0
0
0
1 1090
0
0
0
0
0
0
0
0
1 676
0
1 676
0
0
0
0
0
0
0
0
0
0
1 1374
0
0
0
0
0
0
0
0
0
1 677
0
1 677
0
0
0
0
0
1 699
0
0
1 1129
0
0
1 678
0
0
0
0
0
0
0
0
0
0
0
0
0
0
0
0
0
0
0
0
0
0
0
0
0
1 678
0
1 678
0
0
0
0
0
0
0
0
1 1040
0
0
1 866
0
0
1 680
1 1448
1 680
0
0
0
0
0
0
0
0
0
0
1 1673
0
0
1 683
0
0
0
1 1125
0
0
0
1 1423
0
0
0
0
0
1 685
0
0
0
0
0
0
0
0
0
0
0
0
0
0
0
0
0
0
0
0
0
1 687
0
1 687
0
0
0
0
0
0
0
0
0
0
0
0
0
1 690
0
1 690
0
0
0
0
0
0
0
0
1 1808
0
0
0
0
0
0
0
1 692
0
1 692
0
0
0
0
0
1 1579
0
0
0
0
0
0
1 693
0
1 693
0
0
0
0
0
1 987
0
0
0
0
0
0
0
0
0
0
0
0
0
0
0
0
0
0
0
1 1246
0
1 697
0
0
0
0
0
0
0
1 1068
1 1775
1 699
0
0
2 1199 1806
0
0
0
0
0
0
0
0
0
0
0
0
0
0
0
1 880
0
0
0
0
0
0
0
1 701
0
1 701
0
0
0
0
0
0
0
0
0
0
0
0
0
0
0
0
0
0
0
0
0
0
0
0
0
0
0
0
0
0
1 705
0
0
0
0
0
0
0
0
0
0
0
0
0
0
0
0
0
1 1575
0
0
0
0
0
0
3 1009 1392 1599
0
0
0
0
0
0
0
0
0
0
0
0
1 720
0
1 1339
0
0
0
0
0
1 715
0
0
0
0
0
0
0
0
0
0
1 718
0
2 718 1296
0
0
0
0
0
0
0
0
0
1 719
0
1 719
0
0
0
0
0
0
0
0
0
0
0
1 1359
0
0
1 1737
0
1 943
0
0
0
0
0
0
1 1560
1 1756
0
0
1 721
0
0
0
0
0
0
0
1 722
0
0
0
0
0
0
0
0
1 1256
1 724
0
1 724
0
0
0
0
0
0
0
0
0
1 1849
0
0
0
0
0
0
0
0
0
0
0
0
0
0
0
1 727
1 786
1 727
0
0
0
0
0
0
0
0
0
0
0
0
0
0
0
0
0
0
1 730
0
0
0
0
0
0
0
0
0
0
0
1 1527
0
0
0
0
1 733
0
1 733
0
0
0
0
0
0
0
0
0
0
0
0
0
1 896
0
0
0
0
0
1 1686
0
0
0
0
0
0
0
0
0
0
0
0
0
0
0
0
0
0
0
1 741
0
1 741
0
0
0
0
0
0
0
0
0
0
1 1171
0
0
1 1489
0
0
1 742
0
1 742
0
0
0
0
0
0
0
0
0
0
0
0
0
1 1689
0
0
0
0
0
0
0
0
0
0
0
0
0
0
0
0
0
0
0
1 744
0
1 744
0
0
0
0
0
0
0
0
0
0
0
0
1 745
0
1 745
0
0
0
0
0
0
0
0
1 1330
2 772 1707
0
0
0
0
0
0
0
0
0
0
1 1017
0
2 820 1193
0
1 747
0
1 747
0
0
0
0
0
0
0
0
0
0
0
0
0
1 1214
0
1 748
0
1 748
0
0
0
0
0
0
0
0
0
0
0
0
1 990
0
0
0
0
0
0
1 749
0
1 749
0
0
0
0
0
0
0
0
0
0
0
0
0
0
0
0
0
0
0
0
0
0
0
0
0
0
0
0
0
0
0
0
1 752
0
1 752
0
0
0
0
0
0
0
0
0
0
0
0
1 753
0
1 753
0
0
0
0
0
1 1057
0
0
0
0
0
0
0
1 830
0
0
0
0
0
0
0
0
0
0
0
1 760
0
0
0
0
0
0
0
0
0
0
0
1 761
0
0
0
0
0
0
0
0
0
0
0
0
0
0
0
0
0
0
0
0
0
0
0
0
0
1 761
0
1 761
0
0
0
0
0
0
0
0
0
0
0
1 762
0
2 762 788
1 1077
0
0
0
0
1 1058
0
1 1098
1 763
0
0
0
0
0
0
0
1 764
0
1 764
0
0
0
1 866
0
0
0
0
0
0
0
0
0
0
0
1 766
0
1 766
0
0
0
0
0
0
0
0
0
1 767
0
1 767
0
0
0
0
0
0
0
0
0
1 768
0
1 768
0
0
0
1 844
0
0
0
1 773
0
0
0
0
0
0
0
0
1 772
0
0
0
0
0
0
0
0
0
0
0
0
0
0
0
0
0
0
0
0
0
0
0
0
0
0
0
0
0
0
0
0
1 774
0
1 774
0
0
0
0
0
0
0
1 1585
0
0
0
0
0
0
1 1002
0
1 855
0
0
0
0
0
0
0
1 794
0
0
0
0
0
0
1 780
0
1 780
1 1675
0
0
0
0
0
0
0
0
0
0
0
0
0
0
0
0
0
1 782
0
1 782
0
0
0
0
0
0
0
0
1 1677
0
0
0
0
0
0
0
2 783 1489
0
1 783
0
0
0
0
0
0
0
0
0
0
0
0
0
0
1 786
1 860
0
0
0
0
0
0
0
0
1 787
0
1 787
0
0
0
0
0
0
0
1 788
1 871
0
1 1461
2 1244 1694
0
0
0
1 1427
0
0
0
0
0
0
0
0
0
1 1484
0
1 790
0
1 790
0
0
0
1 1289
0
0
0
0
1 1864
0
0
1 794
0
0
0
0
0
0
0
0
1 795
0
1 795
0
0
0
0
0
0
0
0
0
0
0
0
0
0
0
0
3 897 1405 1435
0
0
0
0
0
1 1250
0
0
0
0
0
0
0
0
0
1 1124
2 889 1107
0
0
0
0
0
0
0
0
1 805
0
1 805
0
0
0
0
0
0
0
0
0
0
0
0
0
0
0
0
0
0
0
0
0
0
1 1488
0
0
0
1 1060
0
0
1 1040
0
0
0
0
0
0
0
0
0
0
0
0
0
0
0
0
0
1 812
0
1 812
1 1545
0
0
1 1508
0
0
0
1 813
0
1 813
0
0
0
0
0
0
0
0
0
0
0
0
0
0
0
0
0
1 815
0
1 815
0
0
0
0
0
0
0
0
0
0
0
0
0
0
0
0
0
0
0
0
0
1 1046
0
1 820
0
0
0
2 1230 1405
0
0
0
1 821
0
0
0
0
0
0
0
0
0
0
2 972 1214
0
0
0
0
0
1 824
0
0
0
0
0
0
0
0
0
1 1448
0
0
0
0
0
0
0
1 825
0
1 825
0
0
0
0
0
0
0
0
0
0
0
0
0
0
0
0
0
0
0
0
0
0
0
0
0
1 828
0
1 828
0
0
0
0
0
0
0
0
0
0
0
0
0
0
0
0
0
0
0
0
0
0
1 831
0
1 831
0
0
0
0
0
0
0
0
0
0
0
0
1 1857
0
0
0
0
0
0
0
1 1331
0
0
1 1592
0
0
0
0
0
1 837
0
1 837
0
0
0
0
0
0
0
0
0
0
0
0
1 1191
0
0
0
1 1348
0
0
0
0
1 1500
0
1 844
0
0
0
0
1 1673
0
1 1058
0
1 845
0
1 845
0
0
0
0
0
0
0
0
0
0
0
0
0
0
1 1695
0
0
0
0
0
0
1 849
0
1 849
0
0
0
0
0
0
0
0
1 1785
0
0
0
0
0
0
0
0
1 1018
0
0
0
0
0
1 1018
0
0
0
0
1 851
0
1 851
0
1 1500
0
0
1 1297
0
0
0
1 1642
0
0
0
0
0
0
0
0
0
0
0
0
0
0
0
0
0
0
0
0
0
0
0
1 853
0
1 853
0
0
0
0
0
0
0
0
0
0
0
0
1 855
0
0
0
1 1793
0
0
0
0
0
0
0
0
0
0
0
0
0
0
0
1 856
0
2 856 1121
0
0
0
0
0
0
0
0
1 1256
0
0
0
0
0
0
0
0
0
0
0
1 859
0
1 859
0
0
0
0
0
0
0
0
0
0
0
0
2 889 1639
0
0
0
0
0
0
0
1 862
0
1 862
0
0
0
0
0
0
0
0
0
1 863
0
3 863 1098 1596
0
0
0
0
0
0
0
0
0
1 864
0
0
0
0
0
0
0
0
0
0
0
0
1 950
0
1 1545
0
1 1131
0
0
1 867
0
0
1 1108
0
0
0
0
0
0
0
0
0
0
0
0
0
0
0
0
0
0
1 1513
0
0
0
0
0
0
0
1 1784
1 1252
0
0
1 871
0
0
0
0
0
0
0
1 872
0
1 872
0
0
0
0
0
0
0
0
0
0
0
0
0
0
0
0
0
0
0
1 874
0
1 874
1 1827
0
0
0
0
0
0
1 1242
0
0
0
0
0
0
0
0
0
1 1601
0
1 1392
0
0
0
1 1689
0
0
1 878
0
1 878
0
0
0
0
0
0
0
0
0
0
0
0
0
0
0
0
0
0
1 879
0
1 879
1 1729
0
0
0
0
0
0
0
1 1797
0
0
0
0
0
0
0
1 1773
1 882
0
1 882
0
0
0
0
0
0
0
1 1246
1 1677
1 883
0
1 883
0
0
0
0
0
0
0
0
0
0
0
0
0
0
0
0
1 884
0
1 884
0
0
0
0
0
0
0
0
0
2 885 1118
0
1 885
0
0
0
0
0
0
0
0
0
0
0
0
1 1725
0
0
0
0
0
0
0
0
0
1 1305
0
0
0
0
1 893
0
2 893 1393
0
0
1 1095
0
0
0
1 1427
0
1 1589
0
0
0
0
0
0
0
0
1 1493
0
0
0
0
0
0
0
0
0
0
0
0
0
0
0
0
0
0
0
0
0
0
0
0
0
0
1 1361
0
0
0
0
0
0
0
1 899
0
1 899
0
0
0
0
0
0
0
1 900
0
1 900
0
0
0
1 1113
0
0
0
0
0
0
0
1 901
0
1 901
0
0
0
0
0
0
0
1 1150
0
0
0
0
0
0
1 1293
0
0
0
0
0
0
0
2 1204 1227
0
0
0
0
0
0
0
0
1 1629
1 1354
0
0
0
0
0
0
0
0
0
0
0
0
0
0
0
1 909
0
1 909
0
0
0
0
0
0
0
0
0
1 1849
0
0
1 910
0
1 910
0
0
0
0
0
0
0
0
0
0
0
0
1 912
0
0
0
0
0
0
0
0
0
0
0
0
0
0
0
0
0
0
0
0
0
0
0
0
0
1 912
0
2 912 1887
0
0
0
0
0
0
0
0
0
0
0
0
0
0
0
0
1 914
0
1 914
0
0
0
0
0
0
0
0
1 1578
0
0
2 1755 1868
0
0
0
0
0
1 918
0
0
0
0
2 999 1081
0
0
0
0
0
0
0
0
0
0
0
0
0
0
0
0
0
0
0
0
0
1 919
0
1 920
0
1 920
1 1512
0
0
0
0
0
0
0
0
0
0
0
0
0
0
0
0
1 922
0
1 922
0
0
0
0
0
0
0
3 923 961 965
0
1 923
0
0
0
0
0
0
0
0
2 1117 1874
0
1 1379
0
0
0
0
1 930
0
1 930
0
0
1 999
0
0
0
0
0
1 1719
0
0
0
0
0
0
0
0
0
1 1374
1 939
0
1 939
0
0
0
0
0
0
0
0
0
0
0
0
0
0
0
0
0
0
0
0
0
0
0
1 1481
0
0
1 1568
0
0
0
1 945
0
1 945
0
0
0
0
0
0
1 1337
0
0
0
0
1 1550
0
0
1 946
0
0
0
0
0
0
0
0
0
0
0
0
0
0
0
1 1846
1 949
0
2 949 1435
0
0
0
0
0
0
0
1 950
0
0
0
0
0
0
0
0
0
1 951
0
1 951
0
0
1 1116
0
0
0
0
0
0
0
0
0
1 1144
0
0
0
0
0
0
0
0
0
0
0
0
0
0
0
1 1253
0
0
0
0
0
1 957
0
1 957
0
0
0
0
0
0
0
0
0
0
0
0
0
0
0
0
0
1 959
1 1808
1 959
0
0
0
0
0
0
0
0
0
0
1 1262
0
0
0
0
0
0
1 963
0
1 963
0
0
0
0
0
0
0
0
0
1 965
0
0
0
0
0
0
0
1 966
0
1 966
0
0
0
0
0
0
0
0
1 1033
0
0
0
0
0
0
0
0
1 1467
0
1 971
0
1 971
0
0
0
1 972
1 1116
0
0
0
0
0
0
0
0
0
0
0
1 973
0
1 973
0
0
0
0
0
0
0
1 1661
0
1 1139
0
0
0
0
0
0
0
0
0
0
0
0
0
0
0
0
0
0
0
1 1502
0
0
0
0
0
0
0
0
0
0
0
0
0
1 982
0
1 982
0
0
0
0
0
0
0
0
0
0
0
0
0
0
1 985
0
1 985
0
0
0
1 1735
0
1 1535
0
0
0
0
0
0
0
1 986
0
1 986
0
0
0
0
0
0
0
0
0
0
0
0
0
0
0
1 989
0
1 989
0
0
0
0
0
0
0
1 1716
1 990
0
0
0
0
0
0
0
0
0
0
0
0
0
0
1 993
0
1 993
1 1734
0
0
0
0
0
0
1 994
0
1 994
0
0
0
0
0
0
0
1 995
0
0
0
0
0
0
0
0
0
0
0
0
0
0
0
0
0
0
1 998
0
0
0
0
0
0
0
0
0
0
0
0
0
0
0
0
0
0
0
0
0
0
0
1 1021
0
1 998
0
1 998
0
0
0
0
1 1021
0
0
0
0
0
0
0
0
0
0
0
0
1 1598
0
0
0
0
1 1090
1 1002
0
0
0
0
0
0
0
0
0
0
0
0
0
0
0
0
0
0
0
0
1 1738
0
0
0
1 1006
0
1 1006
0
0
0
0
1 1077
0
0
0
0
0
0
1 1007
0
1 1007
0
0
0
1 1575
0
0
0
0
0
0
0
0
0
0
0
0
0
0
0
0
0
0
0
0
0
1 1013
0
1 1013
0
0
0
0
0
0
0
0
0
0
0
0
0
0
0
0
0
0
0
0
0
0
0
0
0
0
0
0
0
0
0
0
0
0
0
0
0
1 1147
0
0
1 1110
0
0
0
0
0
0
0
0
0
0
1 1023
0
1 1023
0
0
0
0
0
0
0
0
0
0
0
0
0
0
0
0
1 1025
0
0
0
0
0
0
0
0
0
0
0
0
0
0
0
0
0
0
0
0
0
0
0
0
0
1 1025
0
1 1025
0
0
0
0
0
0
0
0
0
0
0
1 1783
0
0
0
0
0
1 1578
0
0
0
0
0
0
1 1027
0
1 1027
0
0
0
0
0
0
0
0
0
1 1029
0
1 1029
0
0
0
0
0
0
0
0
0
0
0
0
0
0
1 1030
0
1 1030
0
0
0
0
0
0
0
0
0
0
0
1 1227
0
0
0
0
0
0
0
1 1033
0
0
0
0
0
0
0
0
0
1 1036
0
1 1036
0
0
0
0
0
0
0
0
0
0
0
0
0
0
0
0
0
0
0
0
0
0
1 1041
0
1 1041
0
0
0
0
0
0
0
2 1042 1095
0
1 1042
0
0
0
0
0
0
0
0
0
0
0
0
0
0
0
0
0
0
0
0
0
0
0
0
0
0
0
0
0
0
1 1044
0
2 1044 1139
0
0
0
0
0
0
0
0
0
0
0
0
0
1 1047
0
1 1047
0
0
0
0
0
0
0
0
0
0
0
0
1 1049
0
0
0
0
0
0
0
1 1819
1 1050
0
2 1050 1220
0
0
0
0
0
0
0
0
1 1051
0
1 1051
0
0
0
0
0
0
0
0
0
0
0
0
0
0
0
0
0
1 1879
1 1052
0
1 1052
1 1150
1 1700
0
0
0
0
0
0
0
0
0
0
0
0
0
0
0
0
0
0
0
1 1054
0
1 1054
0
0
0
0
0
0
0
0
0
0
0
1 1055
0
2 1055 1589
0
0
0
0
0
0
0
0
0
1 1056
0
1 1056
0
0
0
0
0
0
0
0
0
0
1 1346
0
0
0
0
0
0
0
0
0
0
0
1 1507
0
0
0
0
0
0
0
0
0
0
0
0
0
0
0
0
1 1741
0
1 1061
0
1 1061
0
0
0
0
0
0
0
0
0
0
0
1 1063
0
1 1063
0
0
0
0
0
0
0
0
0
1 1096
0
0
0
0
0
0
0
0
0
0
0
0
0
0
0
0
0
0
0
0
1 1775
0
1 1065
0
1 1065
0
0
0
0
0
0
0
0
0
0
0
0
0
0
0
0
0
0
0
0
0
0
1 1066
0
1 1066
0
0
0
0
0
0
0
1 1359
1 1773
0
0
0
0
1 1758
0
1 1068
0
0
0
0
0
0
0
0
0
0
0
0
0
0
0
0
0
0
0
0
0
0
0
0
1 1415
1 1073
0
1 1073
0
0
0
0
0
0
0
0
0
0
0
0
0
0
0
0
0
0
0
0
0
0
0
0
0
0
0
0
0
0
0
0
0
0
0
0
0
0
0
0
0
0
0
0
0
0
1 1083
0
1 1083
0
0
0
0
0
0
0
0
0
0
0
0
0
0
0
0
0
0
0
0
0
1 1089
0
1 1089
0
0
0
0
0
0
0
0
0
0
0
0
0
0
0
1 1168
0
0
0
0
0
0
0
0
1 1091
0
1 1091
0
0
0
0
0
0
0
0
0
0
0
0
0
0
0
0
0
0
0
0
0
1 1096
0
0
0
0
0
0
1 1128
0
1 1764
0
0
0
0
0
0
0
1 1251
0
0
0
0
0
0
0
0
0
0
0
0
0
0
0
0
0
0
0
0
0
1 1100
0
1 1100
0
0
0
0
0
0
0
0
0
0
1 1493
0
0
0
0
0
1 1101
0
1 1101
0
0
0
0
0
0
0
0
1 1860
1 1102
0
1 1102
0
0
0
0
0
0
0
0
0
0
1 1635
0
0
0
0
1 1104
0
1 1104
0
0
0
0
0
0
0
0
0
0
0
0
0
0
0
0
0
0
0
0
0
0
0
0
0
0
0
0
0
1 1106
0
1 1106
0
0
0
0
0
0
0
0
0
0
0
0
0
0
0
0
0
0
0
0
1 1110
0
0
0
0
0
0
0
0
0
0
0
0
0
0
0
0
0
0
0
0
0
0
0
0
0
0
0
0
0
0
1 1113
0
1 1113
0
0
0
0
0
0
0
0
0
0
0
0
0
0
0
0
0
0
0
0
0
0
0
0
0
0
0
0
0
0
1 1247
0
2 1267 1642
0
0
1 1120
0
1 1120
0
0
0
0
0
0
0
0
0
0
0
0
0
0
0
0
0
0
0
0
0
0
0
0
0
0
0
0
0
0
0
1 1121
0
1 1121
0
0
0
0
0
0
0
0
0
1 1123
0
1 1123
0
0
0
0
0
0
0
0
0
0
0
0
0
1 1125
0
0
0
0
1 1742
0
0
1 1126
0
1 1126
0
0
0
0
0
0
0
0
0
0
0
1 1128
0
0
0
0
0
0
0
0
0
0
0
0
0
1 1738
0
0
0
0
0
0
0
0
0
0
0
0
0
0
0
0
0
1 1204
0
0
1 1134
0
1 1134
0
0
0
0
0
0
0
0
1 1502
0
0
1 1136
0
1 1136
0
0
0
0
0
0
0
0
0
0
0
0
0
0
0
0
0
1 1843
0
0
0
0
0
1 1750
0
0
0
0
0
0
0
0
1 1141
0
1 1141
0
0
0
0
0
0
0
0
0
0
0
0
0
1 1143
0
1 1143
0
0
0
1 1535
0
0
0
0
0
0
0
0
0
0
0
0
0
0
0
0
0
0
0
0
0
0
0
0
0
0
0
0
0
0
0
0
0
0
0
0
0
0
0
0
0
0
0
0
0
0
0
0
0
0
0
0
0
0
0
1 1154
0
1 1154
0
0
0
0
0
0
0
0
0
0
0
0
0
0
0
0
0
0
0
0
0
0
0
0
0
0
0
0
0
1 1159
0
1 1159
0
0
0
0
0
0
0
0
0
0
0
0
0
0
0
0
0
0
0
0
0
0
0
1 1167
0
1 1167
0
0
0
0
0
0
0
0
0
0
1 1168
0
0
0
0
0
0
0
0
0
0
1 1169
1 1891
1 1169
0
0
0
0
0
0
0
0
0
0
0
0
0
0
0
1 1170
0
1 1170
0
0
0
0
0
0
0
0
0
0
0
0
0
0
0
0
0
0
0
0
0
0
0
0
0
0
0
0
0
0
0
0
0
0
0
0
0
0
1 1296
0
0
0
1 1755
0
0
0
0
1 1339
0
0
0
0
0
0
0
0
1 1190
0
0
0
0
0
0
0
0
0
0
0
1 1192
0
1 1192
0
0
0
0
0
0
0
0
0
0
0
0
0
0
0
1 1194
0
0
0
0
0
0
0
0
0
0
0
0
0
0
0
0
0
0
0
0
0
0
0
0
0
1 1194
0
1 1194
0
0
0
0
0
0
0
0
0
0
0
0
0
0
0
0
0
0
0
1 1199
0
0
0
0
0
0
0
0
0
0
1 1200
0
1 1200
0
0
0
0
0
0
0
0
0
1 1201
0
1 1201
0
0
0
0
0
0
0
0
0
0
0
1 1202
0
1 1202
0
0
2 1354 1700
0
0
0
0
0
0
0
0
0
0
0
0
0
0
0
0
0
0
1 1481
0
0
0
0
0
0
0
1 1205
0
1 1205
0
0
0
0
0
0
0
0
1 1206
0
1 1206
0
0
0
0
0
0
0
0
0
0
0
0
1 1210
0
1 1210
0
0
0
0
0
0
0
0
0
0
0
0
0
0
0
0
0
0
1 1891
0
0
0
1 1215
0
1 1215
0
0
0
0
1 1868
0
0
0
1 1484
0
0
0
1 1217
0
1 1217
0
0
0
0
0
0
0
0
0
0
0
0
0
0
0
0
0
0
0
0
0
1 1219
0
1 1219
0
0
0
0
0
0
0
0
1 1220
0
0
0
0
0
0
1 1886
1 1221
0
0
0
0
0
0
0
0
0
0
0
0
0
0
0
0
0
0
0
0
0
0
0
0
0
0
0
0
0
0
0
0
0
0
0
0
0
1 1229
0
1 1229
0
0
0
0
0
0
0
0
0
0
0
0
0
0
0
0
0
0
1 1232
0
1 1232
0
0
0
0
0
0
0
0
0
0
0
1 1234
0
1 1234
0
0
0
0
0
0
0
0
0
0
0
1 1237
0
1 1237
0
0
0
0
0
0
0
0
0
0
0
0
0
0
0
0
0
0
0
0
0
0
0
0
0
0
0
0
0
0
0
0
1 1240
0
1 1240
0
0
0
0
0
0
0
1 1242
1 1819
0
0
0
0
0
0
0
0
1 1244
0
0
0
0
0
0
0
0
0
0
0
0
0
0
0
1 1247
0
0
0
0
0
0
0
0
0
0
0
0
0
0
1 1251
0
0
0
0
0
0
0
0
0
0
0
0
0
0
0
0
0
0
0
0
0
0
0
1 1255
0
1 1255
0
0
1 1319
0
0
0
0
0
0
0
0
0
0
0
0
0
0
0
0
0
0
0
0
0
0
1 1260
0
1 1260
0
0
0
0
0
0
0
0
0
0
0
0
0
0
0
0
0
0
0
0
0
0
0
0
0
0
0
0
0
0
1 1265
0
1 1265
0
0
0
0
0
0
0
0
0
0
0
0
0
0
0
0
0
0
0
0
0
0
0
0
1 1272
0
1 1272
1 1560
0
0
0
0
0
0
1 1784
0
0
0
0
0
0
0
1 1274
0
1 1274
0
0
0
0
0
0
0
1 1463
0
0
0
0
0
0
0
1 1276
0
1 1276
0
0
0
0
0
0
0
0
0
0
0
0
0
1 1280
0
0
0
0
0
0
0
0
0
0
0
0
0
0
0
0
0
0
1 1283
0
1 1283
0
0
0
0
0
0
0
0
0
0
0
0
0
0
0
0
0
0
0
0
0
0
0
0
0
0
0
0
0
0
0
0
0
0
1 1288
0
1 1288
0
0
0
0
0
0
0
0
0
0
0
0
0
1 1293
0
0
0
0
0
0
0
0
0
0
1 1295
0
1 1295
0
0
0
0
0
0
0
0
0
0
0
0
0
0
0
0
0
0
0
0
0
1 1298
0
1 1298
0
0
0
0
0
0
0
0
0
0
0
0
0
0
0
0
0
1 1301
0
1 1301
0
0
0
0
0
0
0
0
0
0
0
0
0
0
0
0
0
0
0
0
0
0
0
0
0
0
1 1823
0
1 1308
0
1 1308
0
0
0
0
0
0
0
0
0
0
0
0
0
0
0
0
0
0
0
0
0
0
1 1730
1 1316
0
1 1316
0
0
0
0
1 1879
0
0
0
0
1 1402
1 1319
0
0
0
0
0
0
0
0
0
0
0
0
0
0
0
0
0
0
0
0
0
0
1 1322
0
1 1322
0
0
0
0
0
0
0
0
0
1 1567
1 1323
0
1 1323
0
1 1567
0
0
0
0
0
0
1 1326
0
1 1326
0
0
0
0
0
0
0
0
0
0
0
1 1330
0
0
0
0
0
0
0
0
0
0
0
1 1332
0
1 1332
0
0
0
0
0
0
0
0
0
0
0
1 1335
0
0
0
0
0
0
0
0
0
0
0
0
0
0
0
0
0
0
0
0
0
0
0
0
0
1 1335
0
1 1335
0
0
0
0
0
0
0
0
0
1 1337
0
0
0
0
0
0
0
0
0
0
0
0
1 1583
0
0
0
0
0
0
0
0
0
0
1 1341
0
1 1341
0
0
0
0
0
1 1617
0
0
0
0
0
0
0
0
0
0
0
0
0
0
0
1 1344
0
1 1344
0
0
0
0
0
0
0
0
0
1 1346
0
0
0
0
0
0
0
0
0
1 1348
0
0
0
0
0
0
0
0
0
0
0
1 1349
0
1 1349
0
0
0
0
0
0
0
1 1350
0
1 1350
0
0
0
0
0
0
0
0
0
0
1 1351
0
1 1351
1 1524
0
0
0
0
0
0
0
0
0
0
0
0
0
0
0
0
0
0
0
0
0
0
0
0
0
0
0
0
0
0
0
1 1353
0
1 1353
0
0
0
0
0
0
0
0
0
0
0
0
0
0
0
0
0
0
0
0
0
0
0
0
0
1 1355
0
0
0
0
0
0
0
0
0
0
0
0
0
0
0
0
0
0
0
0
0
0
0
0
0
1 1355
0
1 1355
0
1 1727
0
0
0
0
0
0
1 1356
0
1 1356
0
0
0
0
0
0
0
0
0
0
1 1357
0
1 1357
0
0
0
0
0
0
0
0
1 1358
0
1 1358
0
0
0
0
0
0
0
0
0
0
0
0
0
0
0
0
0
0
0
0
0
0
0
1 1360
0
1 1360
0
0
0
0
0
0
0
0
0
0
0
0
0
0
0
0
0
0
0
0
0
0
0
0
0
1 1363
0
1 1363
0
0
0
0
0
0
0
0
0
0
0
0
0
1 1367
0
1 1367
0
0
0
0
0
0
1 1369
0
1 1369
0
0
0
0
0
0
0
0
0
0
0
0
1 1463
0
0
0
0
0
0
0
0
0
0
0
0
0
0
0
0
0
0
0
0
0
0
0
0
0
0
0
0
0
0
0
0
0
1 1382
0
1 1382
0
0
0
0
0
0
0
0
0
1 1872
0
0
0
0
0
0
0
0
0
0
0
0
0
0
0
0
0
1 1756
0
0
0
0
0
0
0
0
0
0
0
0
0
0
0
0
0
0
0
0
0
0
0
0
0
0
0
0
0
0
0
0
0
0
1 1749
0
0
0
0
0
1 1402
0
0
0
0
0
0
0
0
0
0
0
0
0
0
0
1 1406
0
1 1406
0
0
0
0
0
0
0
0
0
0
0
0
0
0
0
0
0
0
0
0
0
1 1411
0
1 1411
0
0
0
0
0
0
0
0
0
0
1 1415
0
0
0
0
0
0
0
0
0
0
0
0
0
1 1417
0
1 1417
0
0
0
0
0
0
0
0
0
0
0
0
0
0
1 1421
0
1 1421
0
0
0
0
0
0
0
0
0
0
0
0
0
0
0
0
1 1422
0
1 1422
0
0
0
0
0
0
0
0
0
0
0
0
0
0
0
0
0
0
0
0
0
0
0
0
0
0
1 1428
0
1 1428
0
0
0
0
0
0
0
0
0
0
0
0
0
0
0
0
0
0
0
0
0
1 1829
0
0
0
0
0
0
0
0
0
0
0
0
0
0
0
0
0
0
0
0
0
0
0
0
0
0
0
0
0
0
0
0
0
0
0
1 1444
0
1 1444
0
0
0
0
0
0
0
0
0
0
0
0
0
1 1446
0
1 1446
0
0
0
0
0
0
0
0
0
0
0
0
0
0
0
0
1 1516
0
0
0
0
0
0
0
0
0
0
0
1 1455
1 1685
1 1455
0
0
0
0
0
0
0
0
0
0
0
1 1458
0
1 1458
0
0
0
0
0
0
0
0
0
0
0
0
0
0
1 1459
0
1 1459
0
0
0
0
0
0
0
0
0
0
1 1461
0
0
0
0
0
0
0
0
0
0
0
0
0
1 1462
0
1 1462
0
0
0
0
0
0
0
0
0
0
0
0
0
0
0
0
0
0
0
0
0
0
0
1 1465
0
1 1465
0
0
0
0
0
0
0
0
0
0
0
0
0
0
0
0
0
0
0
1 1791
0
1 1466
0
1 1466
0
0
0
0
0
0
0
0
1 1467
0
0
0
0
0
0
0
0
0
0
0
0
1 1470
0
1 1470
0
0
0
0
0
0
0
0
0
0
0
0
0
0
0
1 1471
0
1 1471
0
0
0
0
0
0
0
0
0
0
0
0
0
0
0
0
0
0
0
0
0
0
0
0
0
0
1 1478
0
1 1478
0
0
0
0
0
0
0
0
0
0
0
0
0
0
0
0
0
0
1 1662
0
0
0
0
0
0
0
0
0
0
0
0
0
0
0
0
1 1482
0
1 1482
0
0
0
0
0
0
0
1 1483
0
1 1483
0
0
0
0
0
0
1 1730
0
2 1506 1857
0
0
0
0
0
0
1 1487
0
0
0
0
0
0
0
0
0
0
0
0
0
0
0
0
0
0
0
0
0
0
0
0
0
0
0
0
0
0
0
0
0
0
0
1 1492
0
1 1492
0
0
0
0
0
0
0
0
0
0
0
0
0
0
0
1 1495
0
1 1495
0
0
0
0
1 1719
0
0
0
0
0
1 1496
0
1 1496
0
0
0
0
0
0
0
1 1497
0
1 1497
0
0
0
0
0
0
0
0
0
0
0
0
0
0
0
1 1617
0
0
0
0
0
0
0
0
0
0
0
0
0
0
0
0
0
0
0
0
0
0
0
0
0
0
0
0
0
0
0
1 1505
0
1 1505
0
0
0
0
0
0
0
0
1 1506
0
0
0
0
0
0
1 1739
0
1 1507
0
0
0
0
0
0
0
1 1508
0
0
0
0
0
0
0
0
0
0
0
0
0
0
0
0
0
1 1513
0
0
0
0
0
0
0
0
0
0
1 1515
0
1 1515
0
0
0
0
0
0
0
0
1 1516
0
0
0
0
0
0
0
0
0
0
1 1746
0
0
0
0
0
0
0
1 1750
0
0
0
1 1524
0
0
0
0
0
0
0
0
0
0
0
0
0
0
0
0
1 1528
0
1 1528
0
0
0
0
0
0
0
1 1529
0
1 1529
0
0
0
0
0
0
0
0
0
0
0
0
0
1 1872
0
0
1 1532
0
1 1532
0
0
0
0
0
0
0
0
1 1533
0
1 1533
0
0
0
0
0
0
0
0
0
1 1534
0
1 1534
0
0
0
0
0
0
0
0
0
0
0
0
0
0
0
0
1 1538
0
1 1538
0
0
0
0
0
0
0
0
0
0
0
0
0
1 1540
0
1 1540
0
0
0
0
0
0
0
0
0
1 1543
0
1 1543
0
0
0
0
0
0
0
0
0
0
0
0
0
0
0
0
0
0
0
0
0
0
1 1544
0
1 1544
0
0
0
0
0
0
0
0
0
0
0
0
0
0
0
0
0
0
0
0
0
0
0
0
0
0
0
0
0
0
0
0
0
0
0
1 1550
0
1 1550
0
0
0
0
0
0
0
0
0
0
0
1 1551
0
1 1551
0
0
0
0
0
0
0
0
0
0
1 1552
0
0
0
0
0
0
0
0
0
0
0
0
0
0
0
0
0
0
0
0
0
0
0
0
0
1 1552
0
1 1552
0
0
0
0
0
0
0
0
0
0
0
0
0
0
0
0
0
0
0
0
1 1554
0
1 1554
0
0
0
0
0
0
0
0
0
0
0
0
1 1555
0
1 1555
0
0
0
0
0
0
0
0
0
0
0
0
0
0
0
0
0
0
0
0
0
0
0
0
1 1563
0
1 1563
0
0
0
0
0
0
0
0
0
0
0
0
0
0
0
0
0
0
0
0
0
0
0
0
0
0
0
0
0
0
0
0
0
1 1572
0
0
0
0
0
0
0
0
1 1576
0
1 1576
0
0
1 1853
0
0
0
0
0
0
0
0
0
0
0
0
0
0
0
0
0
0
0
0
0
0
0
0
0
0
0
0
0
1 1582
0
1 1582
0
0
0
0
0
0
0
1 1817
0
0
0
0
0
0
0
0
0
0
0
0
0
0
0
0
0
0
0
0
0
0
0
0
1 1587
0
1 1587
0
0
0
0
0
0
0
0
0
0
0
0
0
0
0
0
0
0
0
0
0
0
0
0
0
0
0
0
0
0
0
0
0
1 1594
0
1 1594
0
0
0
0
0
0
0
0
0
0
0
0
0
1 1598
0
0
0
0
0
0
0
0
0
0
0
0
0
0
0
0
0
0
0
0
0
0
0
1 1601
0
1 1601
0
0
0
0
0
0
0
0
0
0
0
0
0
0
0
0
0
0
1 1603
0
1 1603
0
0
0
0
0
0
0
0
0
0
0
0
1 1605
0
1 1605
0
0
0
0
0
0
0
0
0
0
0
0
0
0
0
0
1 1623
0
0
0
0
0
0
0
0
0
1 1613
0
1 1613
0
0
0
0
0
0
0
0
0
0
0
0
0
0
0
0
0
0
0
0
0
0
1 1618
0
1 1618
0
1 1826
0
0
0
0
0
0
0
0
0
0
0
0
0
0
1 1623
0
0
0
0
0
1 1624
0
1 1624
0
0
0
0
0
0
0
0
0
0
0
0
0
0
0
1 1625
0
1 1625
1 1827
0
0
0
0
0
0
0
0
0
0
0
0
0
0
0
1 1627
0
1 1627
0
0
0
0
0
0
0
0
0
0
0
0
0
0
0
0
0
0
0
0
0
0
0
1 1631
0
1 1631
0
0
0
0
0
0
0
0
0
0
0
0
0
0
0
0
0
0
0
0
0
0
0
0
0
0
0
0
0
0
0
1 1640
0
1 1640
0
0
0
0
0
0
0
0
1 1641
0
1 1641
0
0
0
0
0
0
0
0
0
0
0
0
0
0
0
0
0
0
1 1645
0
1 1645
0
0
0
0
0
0
0
0
0
0
0
0
0
0
0
0
0
0
0
0
0
0
0
1 1650
0
1 1650
0
0
0
0
0
0
0
0
0
0
0
0
0
0
0
0
1 1657
0
1 1657
0
0
0
0
0
0
0
0
0
0
0
0
0
0
0
0
0
0
0
1 1662
0
0
0
0
0
0
0
0
0
0
0
1 1663
0
1 1663
0
0
0
1 1853
0
0
0
0
0
0
0
0
0
0
0
0
0
0
0
0
0
1 1668
0
0
0
0
0
0
0
0
0
0
0
0
0
0
0
0
0
0
0
0
0
0
0
0
0
1 1668
0
1 1668
0
0
0
0
0
0
0
0
0
0
0
0
0
0
0
0
0
0
0
1 1669
0
2 1669 1779
0
0
0
0
0
0
0
0
0
0
1 1671
1 1672
0
1 1672
0
0
0
0
0
0
0
0
0
0
0
0
0
0
0
0
0
1 1674
0
0
0
0
0
0
0
0
0
0
0
0
0
0
0
0
0
0
0
0
0
0
0
0
0
1 1674
0
1 1674
0
0
0
0
0
0
0
0
0
0
0
0
0
0
0
0
0
0
0
0
0
0
0
0
0
0
0
0
0
0
0
0
0
0
0
0
0
0
0
0
0
0
0
0
0
0
0
0
0
0
0
0
1 1681
0
1 1681
0
0
0
0
1 1793
0
0
0
0
0
1 1682
0
1 1682
0
0
0
0
0
0
0
0
0
0
0
0
0
0
0
0
0
1 1684
0
1 1684
0
0
0
0
0
0
0
0
1 1685
0
0
0
0
0
0
0
0
0
0
0
0
0
0
0
0
0
0
0
0
0
0
0
0
0
0
0
0
0
0
0
0
0
1 1687
0
1 1687
0
0
0
0
0
0
0
0
0
0
0
0
0
0
0
0
0
0
0
0
0
0
0
0
0
0
0
0
0
0
1 1693
0
1 1693
0
0
0
0
0
0
0
0
0
0
0
0
0
0
0
0
0
0
0
0
0
0
0
0
0
0
0
1 1699
0
0
0
0
0
0
0
0
0
0
0
0
0
0
0
0
0
0
0
0
0
0
0
0
0
1 1699
0
1 1699
0
0
0
0
0
0
0
0
0
0
0
0
0
0
0
0
0
0
0
1 1701
0
1 1701
0
0
0
0
0
0
0
0
0
0
1 1702
0
1 1702
0
0
0
0
0
0
0
0
0
0
1 1703
0
1 1703
0
0
0
0
0
0
0
0
0
0
0
1 1705
0
1 1705
0
0
0
0
0
0
0
0
0
0
0
0
0
0
0
0
0
0
0
0
0
0
1 1706
0
1 1706
0
0
0
0
0
0
0
0
0
0
0
0
0
0
0
0
0
0
0
0
0
0
0
1 1716
0
0
0
0
0
0
0
0
0
1 1718
0
1 1718
0
0
0
0
0
0
0
0
0
0
0
0
0
0
0
0
0
0
0
0
0
0
0
0
0
0
0
0
1 1721
0
1 1721
0
0
0
0
0
0
0
0
0
0
0
0
0
0
0
0
0
0
0
0
0
0
0
0
0
1 1726
0
1 1726
0
0
0
0
0
0
0
0
1 1727
0
0
0
0
0
0
0
0
0
0
0
0
0
0
0
0
1 1728
0
1 1728
0
0
0
0
0
0
0
1 1729
0
0
0
0
0
0
0
0
0
0
0
0
0
0
0
0
0
0
0
0
0
0
0
0
0
0
0
0
0
0
0
0
0
0
0
0
0
1 1739
0
0
0
0
0
0
0
0
0
0
0
0
0
0
0
0
0
0
0
0
0
0
0
0
0
0
0
0
0
0
1 1741
0
1 1741
0
0
0
0
0
0
0
0
0
0
0
0
0
0
0
1 1743
0
1 1743
0
0
0
0
0
0
0
0
0
0
0
0
0
1 1744
0
1 1744
0
0
0
0
0
0
0
0
0
0
0
1 1746
0
0
0
0
0
0
0
0
0
0
1 1748
0
1 1748
0
0
0
0
0
0
0
0
0
0
0
0
0
0
0
0
0
0
0
0
0
0
0
0
0
0
0
0
0
0
0
0
0
0
0
0
0
0
0
0
0
0
0
0
1 1751
0
1 1751
0
0
0
0
0
0
0
1 1752
0
0
0
0
0
0
0
0
0
0
0
0
0
0
0
0
0
0
0
0
1 1758
0
0
0
0
0
0
0
0
0
0
0
0
0
1 1761
0
1 1761
0
0
0
0
0
0
0
0
0
0
0
0
0
0
0
0
0
0
0
0
0
0
0
0
0
1 1767
0
1 1767
0
0
0
0
0
0
0
0
0
0
0
0
0
0
0
0
0
0
0
0
0
0
0
0
0
0
0
0
0
0
0
1 1774
0
1 1774
0
0
0
0
0
0
0
0
0
0
0
0
0
0
0
0
0
0
0
0
0
1 1778
0
1 1778
0
0
0
0
0
0
0
0
1 1779
0
0
0
0
0
0
0
0
0
0
0
0
0
0
0
1 1783
0
0
0
0
0
0
0
0
0
0
0
0
0
0
0
0
0
0
0
0
0
0
0
0
0
0
0
0
0
0
0
0
0
0
0
0
0
0
0
0
0
0
0
0
0
0
0
0
1 1791
0
1 1791
0
0
0
0
0
0
0
0
1 1792
0
1 1792
0
0
0
0
0
0
0
0
0
0
0
0
0
0
0
0
0
1 1795
0
1 1795
0
0
0
0
0
0
0
0
0
0
0
0
0
0
0
0
0
0
0
0
0
0
1 1798
0
1 1798
0
0
0
0
0
0
0
0
0
0
0
0
0
0
0
0
1 1802
0
1 1802
0
0
0
0
0
0
0
0
0
0
1 1804
0
1 1804
0
0
0
0
0
0
0
0
0
0
0
0
0
0
0
0
0
0
0
0
0
0
0
0
0
0
0
0
0
1 1806
0
1 1806
0
0
0
0
0
0
0
0
0
0
0
0
0
0
0
1 1807
0
1 1807
0
0
0
0
0
0
0
0
0
0
0
1 1812
0
0
0
0
0
0
0
0
0
0
0
0
0
0
0
0
0
0
0
0
0
0
0
0
0
0
0
0
0
0
1 1816
0
1 1816
0
0
0
0
0
0
0
0
0
0
0
0
0
0
0
0
0
0
0
0
0
0
0
0
0
0
0
0
0
0
0
0
0
0
0
0
0
0
0
0
0
0
0
0
1 1825
0
1 1825
0
0
0
0
0
0
0
0
0
1 1826
0
0
0
0
0
0
0
0
0
0
0
0
0
0
0
0
0
0
0
1 1829
0
0
0
0
0
0
0
0
0
0
0
0
0
0
0
0
1 1834
0
1 1834
0
0
0
0
0
0
0
0
0
0
0
1 1835
0
1 1835
0
0
0
0
0
0
0
0
0
0
0
0
0
0
0
0
0
0
1 1844
0
1 1844
0
0
0
0
0
0
0
0
0
0
0
0
0
0
0
0
0
0
0
0
0
0
0
0
1 1847
0
1 1847
0
0
0
0
0
0
0
1 1848
0
1 1848
0
0
0
0
0
0
0
0
0
0
0
0
0
0
0
1 1852
0
1 1852
0
0
0
0
0
0
0
0
0
0
0
0
0
0
0
0
0
0
0
0
0
0
0
0
0
0
0
0
0
0
0
0
0
0
0
0
1 1862
0
1 1862
0
0
0
0
0
0
0
0
0
0
0
0
0
0
0
0
0
1 1863
0
1 1863
0
0
0
0
0
0
0
0
0
0
0
0
0
0
0
0
0
0
0
0
0
0
0
0
0
0
0
0
0
0
0
0
0
0
0
0
0
0
1 1874
0
0
0
0
0
0
0
0
0
0
0
0
1 1876
0
1 1876
0
0
0
0
0
0
0
0
0
0
0
0
0
0
0
0
0
0
0
1 1882
0
1 1882
0
0
0
0
0
0
0
0
0
0
0
0
1 1883
0
1 1883
0
0
0
0
0
0
0
0
0
0
1 1886
0
0
0
0
0
0
0
0
0
0
0
0
0
0
0
0
0
0
0
0
0
0
0
0
0
0
0
0
0
1 1887
0
1 1887
0
0
0
0
0
0
0
0
0
0
0
0
0
0
0
0
0
1 1890
0
1 1890
0
0
0
0
0
0
0
0
0
0
0
0
0
0
1 423
0
1 423
0
0
0
0
0
0
0
0
