6 63 69 70 71 74 77
6 113 119 120 121 124 127
6 156 162 163 164 167 170
6 201 207 208 209 212 215
6 250 256 257 258 261 264
6 296 302 303 304 307 310
6 329 335 336 337 340 343
6 378 384 385 386 389 392
6 417 423 424 425 428 431
6 343 454 455 456 459 462
6 485 491 492 493 496 499
6 343 517 518 519 522 525
6 561 567 568 569 572 575
6 596 602 603 604 607 610
6 641 647 648 649 652 655
6 492 673 674 675 678 681
6 702 708 709 710 713 716
6 745 751 752 753 756 759
6 455 529 537 654 675 777
6 810 816 817 818 821 824
6 844 850 851 852 855 858
6 310 683 684 703 876 879
6 308 343 344 346 453 470
6 920 926 927 928 931 934
6 908 957 958 959 962 965
6 991 997 998 999 1002 1005
6 466 528 531 537 681 899
6 349 475 492 515 673 784
6 963 1054 1055 1056 1059 1062
6 422 593 614 799 866 1082
6 1105 1111 1112 1113 1116 1119
6 424 842 950 1100 1139 1142
0
6 796 1037 1038 1082 1172 1175
6 1198 1204 1205 1206 1209 1212
6 338 492 505 527 673 695
6 1251 1257 1258 1259 1262 1265
6 1296 1302 1303 1304 1307 1310
6 1334 1340 1341 1342 1345 1348
6 371 532 683 953 1043 1367
6 272 469 480 597 898 1090
6 701 908 909 948 1110 1360
6 460 781 783 786 1420 1423
6 327 458 460 469 536 675
6 327 459 460 463 517 674
6 334 673 695 727 942 1412
6 1097 1474 1475 1476 1479 1482
6 505 712 727 748 960 1081
6 950 1255 1265 1328 1349 1360
6 1530 1536 1537 1538 1541 1544
6 346 485 492 519 539 1562
6 372 695 784 789 902 1368
6 1601 1607 1608 1609 1612 1615
6 1110 1635 1636 1637 1640 1643
6 475 880 1025 1032 1171 1181
6 674 883 899 1089 1449 1673
6 593 1095 1105 1109 1201 1525
6 1714 1720 1721 1722 1725 1728
6 1235 1749 1750 1751 1754 1757
6 228 952 1063 1088 1375 1776
6 845 914 919 943 1110 1391
6 1811 1817 1818 1819 1822 1825
6 898 1843 1844 1845 1848 1851
6 1005 1827 1869 1870 1873 1876
6 302 322 323 324 360 462
6 1631 1933 1934 1935 1938 1941
6 748 1095 1146 1367 1417 1959
6 1330 1977 1978 1979 1982 1985
6 292 304 314 322 334 460
6 986 1288 1493 1695 1782 2011
6 2033 2039 2040 2041 2044 2047
6 338 460 469 475 532 640
6 2074 2080 2081 2082 2085 2088
6 953 1503 1506 1508 2107 2110
6 2128 2134 2135 2136 2139 2142
6 319 462 492 536 777 894
6 2170 2176 2177 2178 2181 2184
6 2216 2222 2223 2224 2227 2230
6 2251 2257 2258 2259 2262 2265
6 2294 2300 2301 2302 2305 2308
6 950 1239 1240 1265 1349 1403
6 953 1663 1778 2339 2342 2345
6 804 821 830 832 1187 1548
6 326 459 460 470 529 779
6 1929 2385 2386 2387 2390 2393
6 480 687 695 698 1026 1174
6 2423 2429 2430 2431 2434 2437
6 2011 2456 2457 2458 2461 2464
6 675 1680 1994 2071 2483 2486
6 434 849 850 1080 1098 1942
6 315 460 480 492 536 675
6 505 1067 1455 1547 2531 2534
6 1081 2252 2258 2414 2554 2557
6 300 343 372 455 519 695
6 412 697 703 748 1066 1370
6 532 850 854 1113 1375 1630
6 675 821 973 1032 1113 1179
6 973 1872 1880 1892 2429 2606
6 383 868 950 954 1064 1112
6 699 1035 1036 1110 1240 1506
6 2159 2651 2652 2653 2656 2659
6 2682 2688 2689 2690 2693 2696
6 948 1344 1351 1360 1780 2364
6 2634 2734 2735 2736 2739 2742
6 1403 1973 2328 2331 2348 2760
6 371 518 673 1894 2074 2079
6 1090 2365 2444 2585 2792 2795
0
6 928 1104 1207 1240 1341 2814
6 729 1090 1240 1351 1403 1794
6 2851 2857 2858 2859 2862 2865
6 2237 2887 2888 2889 2892 2895
6 262 724 896 985 990 995
6 1341 1903 1912 2047 2921 2924
6 914 1103 1104 1125 1979 2355
6 336 455 469 480 542 695
6 371 536 635 640 793 1033
6 2973 2979 2980 2981 2984 2987
6 1381 2552 2562 2585 2804 3007
6 480 721 945 1035 1090 1704
6 722 1230 1233 1240 1407 2766
6 327 480 492 531 668 894
6 1237 2047 2328 2331 2364 2774
6 1407 2619 3078 3079 3082 3085
6 319 383 417 455 517 542
6 292 338 343 356 455 519
6 3119 3125 3126 3127 3130 3133
6 319 458 460 492 525 537
6 334 492 517 522 538 675
6 460 695 781 906 1023 1442
6 512 921 961 963 1066 1705
6 304 322 323 327 343 449
6 300 708 748 904 1126 1389
6 698 944 946 969 1171 1641
6 418 616 1081 1088 1624 2518
6 865 1066 1101 1113 1360 1717
6 1495 3181 3239 3240 3243 3246
6 966 1403 1405 1418 2036 2332
6 308 327 343 449 469 638
6 310 424 450 460 668 698
6 312 343 380 455 492 539
6 312 343 372 492 531 536
6 3298 3304 3305 3306 3309 3312
6 492 681 691 957 1032 1107
6 300 327 334 338 449 522
6 1672 2963 2966 2968 3339 3342
6 452 527 534 674 788 1039
6 1085 1991 2355 2359 2942 3370
6 706 943 944 946 1105 1330
6 1869 3394 3395 3396 3399 3402
6 349 532 598 729 1368 1678
6 1351 1630 1694 1798 2327 2762
6 673 1073 1441 1449 2087 3284
6 286 304 310 326 461 542
6 2354 3492 3493 3494 3497 3500
6 463 921 1025 1100 1772 2506
6 2453 3536 3537 3538 3541 3544
6 911 1165 1366 1369 1866 2191
6 468 850 1240 1780 1970 2575
6 1938 1975 2264 2383 2562 3613
6 914 1272 1360 1512 1959 2354
6 492 807 1170 1186 1503 1623
6 520 960 1005 1035 1197 1391
6 435 708 720 848 950 1403
6 1034 1634 1857 2036 2427 2814
6 2036 2434 2436 2438 2442 3531
6 606 1210 1233 1367 1869 2564
6 845 950 1101 1104 1360 1409
6 1417 1979 2355 2604 2944 3317
6 351 458 460 469 492 518
6 3008 3725 3726 3727 3730 3733
6 1788 3752 3753 3754 3757 3760
6 3026 3782 3783 3784 3787 3790
6 505 1074 1076 1089 1375 2511
6 417 921 952 1088 1100 1234
6 1005 2504 2917 3334 3830 3833
6 458 517 519 674 687 957
6 843 1004 1053 1405 1815 2589
0
6 493 701 799 842 969 1107
6 3878 3884 3885 3886 3889 3892
6 1289 1704 1778 1782 2723 3027
5 3934 3940 3941 3942 3945
6 1095 2686 2798 2903 3947 3950
6 1121 1742 1778 1802 3026 3222
6 850 1233 1391 1403 1501 2837
6 419 532 593 677 727 956
6 837 1265 1531 1532 1849 2556
6 711 976 983 989 1388 1696
6 919 1999 2054 3177 3825 4052
6 933 1240 1251 1267 1916 2327
6 1179 2188 2194 2328 2601 3851
6 4109 4115 4116 4117 4120 4123
6 806 2139 2368 2800 3325 4089
6 848 1094 1098 1503 1778 2143
6 676 1025 1091 1176 1477 2420
6 1360 4181 4182 4183 4186 4189
6 314 327 336 343 450 492
6 510 1053 1063 1066 1664 1782
6 232 600 960 1039 1063 1295
6 1365 2955 4235 4236 4239 4242
6 701 837 841 859 1090 1240
6 455 595 640 695 880 950
6 3390 4271 4272 4273 4276 4279
6 1234 1440 1704 1877 3089 3465
6 2604 4313 4314 4315 4318 4321
6 1052 1179 1401 1403 1407 1641
6 957 1369 1845 1848 2191 2819
6 492 973 1107 1510 2262 3010
6 336 522 668 673 899 1368
6 606 976 977 984 995 1010
6 1513 2047 2154 2724 2950 3945
6 343 517 528 536 540 680
6 338 403 455 460 538 695
6 3421 4428 4429 4430 4433 4436
6 338 821 849 904 1265 1592
6 327 372 388 450 460 695
6 325 455 460 462 529 638
6 300 312 314 326 459 538
6 492 681 700 708 1034 1444
6 1631 2678 2696 2899 4489 4492
6 944 1207 1333 1349 1977 2949
6 295 338 462 469 673 1046
6 430 593 603 608 842 1080
6 4541 4547 4548 4549 4552 4555
6 449 480 492 496 695 1035
6 923 1267 1403 1794 2335 2357
6 304 338 343 450 460 777
6 289 419 479 526 542 897
6 300 492 508 527 677 710
6 3673 4629 4630 4631 4634 4637
6 449 526 535 537 680 899
6 674 807 959 1011 1175 1844
6 1403 2136 2360 2604 3397 3636
6 1536 3317 3669 4080 4374 4682
6 455 529 542 673 681 906
6 304 417 433 492 683 781
6 4710 4716 4717 4718 4721 4724
6 1780 2141 2143 2149 2159 2648
6 296 327 343 346 460 702
6 1283 1289 1290 1293 1303 1314
6 346 532 674 675 784 904
6 2727 4160 4777 4778 4781 4784
6 1691 2167 2431 3276 4802 4805
6 1543 2188 2598 2903 3926 4403
6 3692 4587 4839 4840 4843 4846
6 868 1005 1072 1470 2016 2168
6 378 868 992 1000 1067 2161
6 807 968 1035 1091 1136 1351
6 532 896 953 960 1368 1375
6 372 458 460 492 542 677
6 1799 2761 2764 2767 2953 3890
6 397 942 950 959 1455 2016
0
6 327 517 522 537 695 904
6 821 1844 1859 2199 2936 3736
6 1900 2331 3230 3287 4960 4963
6 527 989 990 992 1010 1063
6 419 1123 1268 1288 1623 1959
6 371 469 475 492 673 942
6 2371 4711 4712 4720 5007 5010
6 520 698 703 748 1234 1389
6 1334 2327 2328 2538 2814 3434
6 901 1116 1122 1240 1360 1403
6 3112 4753 5057 5058 5061 5064
6 1406 2560 2574 2774 3047 4884
6 701 957 970 973 1349 1504
6 311 327 338 343 449 462
6 911 1391 1397 1403 1807 5113
6 406 475 480 492 532 685
6 1070 1470 1495 1677 2511 3244
6 3553 5147 5148 5149 5152 5155
6 854 1160 1360 1402 1417 2460
6 1342 2463 4301 4352 5182 5185
6 5211 5217 5218 5219 5222 5225
6 950 1343 1349 1351 1360 1504
6 5256 5262 5263 5264 5267 5270
6 849 1415 1495 1723 3037 3432
6 1381 2161 2169 2571 3180 4167
6 424 894 1039 1081 1600 1766
6 923 1329 1341 1359 1801 2640
6 517 699 700 729 889 973
6 518 698 921 1023 1105 1661
6 703 1197 1265 1360 1406 1504
6 481 1066 1074 1370 1704 2390
6 323 380 455 458 478 537
6 480 868 871 969 1046 1066
6 5371 5377 5378 5379 5382 5385
6 828 937 942 943 1101 1341
6 455 525 537 542 1028 1442
6 1235 3099 3354 3666 5416 5419
6 2082 2788 3173 3287 4964 4973
6 927 1338 1352 1357 2767 3207
6 492 1043 1240 1438 2337 2966
6 294 371 418 469 519 528
6 1861 2718 2815 2826 3653 5473
6 865 1240 1360 1403 1795 2328
6 354 534 540 541 889 1031
6 3021 4262 4687 4711 5184 5508
6 1235 2463 3037 3248 3561 5145
6 1349 1794 1903 1905 2328 2364
6 521 898 1028 1033 1446 3016
6 1117 1360 1363 1403 2327 2818
6 2013 5458 5573 5574 5577 5580
6 323 451 463 466 519 537
6 525 1050 1234 1367 1919 2115
6 894 1100 1237 1391 2383 3173
6 290 325 346 419 528 691
6 458 675 680 686 700 1031
6 684 1432 1547 2010 2961 3367
6 311 683 691 698 880 1450
6 318 449 453 460 673 1466
6 859 1197 1207 1230 1503 1536
6 317 475 480 512 668 698
6 1035 2178 2431 2661 2815 5666
6 2326 4684 5038 5564 5686 5689
6 748 1794 1799 2328 2903 3390
6 302 323 326 327 380 492
6 327 512 519 528 695 898
6 5732 5738 5739 5740 5743 5746
6 426 842 850 894 1066 1146
6 1351 1801 1864 1959 2331 2833
6 5780 5786 5787 5788 5791 5794
6 748 1394 1401 1503 2122 2562
6 418 506 533 536 850 1039
6 1095 1446 1605 1636 1858 2823
6 492 695 899 1031 1383 2068
6 2185 2566 2567 2573 3498 4303
6 317 344 346 449 460 695
6 538 1025 1029 1036 1174 2106
6 492 538 673 674 695 957
6 372 492 522 536 680 1028
6 371 469 519 522 649 1604
6 455 531 538 542 683 957
6 2411 5837 5838 5839 5884 5887
6 960 1391 1736 1874 1975 3465
6 1387 1696 1781 1826 2585 3963
6 1874 2918 4042 4810 5134 5933
6 5962 5968 5969 5970 5973 5976
6 299 316 327 334 343 505
6 673 1081 1124 1190 1240 1536
6 911 1177 1511 1537 1663 2191
6 712 1770 1892 2250 3183 3671
6 6025 6031 6032 6033 6036 6039
6 1090 1409 1700 1949 2656 3257
6 805 1172 1184 1197 1973 3033
6 2518 3814 4159 4300 5765 6079
6 952 1945 2124 2392 2580 3037
6 480 609 847 889 1088 1235
6 1779 2765 2767 3029 3757 3912
6 957 1864 1865 1916 2641 2831
0
6 323 673 680 690 904 1438
6 1787 5243 5381 6136 6139 6142
6 934 1330 1333 1340 1403 1634
6 556 729 942 950 1033 1240
6 314 346 450 459 517 899
6 2678 5927 6188 6189 6192 6195
6 356 540 674 687 781 963
6 310 338 371 380 460 492
6 1864 6215 6216 6217 6220 6223
6 898 2068 2205 2211 4773 5664
6 1696 2818 2924 3388 4449 5682
6 325 449 455 458 517 673
6 1843 3757 4150 4153 6289 6292
6 327 406 453 458 673 883
6 729 1091 1176 1188 1369 1455
6 3670 5000 5107 5321 6325 6328
6 945 1265 1272 1351 1538 2364
6 1786 3961 5127 6355 6358 6361
6 540 1053 1095 1240 1704 3164
6 232 593 597 703 973 1086
6 320 399 450 455 475 680
6 327 517 522 525 675 698
6 923 1180 1397 1504 1798 2967
6 908 973 1240 1265 1349 1360
6 492 698 1026 1028 1367 3282
6 1342 3058 3336 4071 4710 4714
6 311 344 460 472 521 904
6 1979 2604 2634 2942 3368 3712
6 1396 2028 2255 3138 3633 3951
0
6 462 538 541 593 904 1240
6 4180 6410 6451 6452 6455 6458
6 2226 2904 3195 3320 6245 6478
6 536 894 1038 1235 1752 1759
6 298 325 338 371 519 635
6 327 458 460 492 536 640
6 323 492 517 519 528 640
6 5593 6509 6510 6511 6514 6517
6 293 317 327 343 455 695
6 894 1929 1932 1943 2387 2873
6 321 525 538 638 904 1386
6 3844 6555 6556 6557 6560 6563
6 296 320 321 323 354 460
6 859 995 1004 1081 1882 2550
6 834 957 1095 1110 1340 1696
6 319 354 372 380 460 492
6 738 1374 1409 1414 1727 1815
6 1149 1849 1926 2554 3678 4178
6 985 1005 1008 1010 1067 2511
6 709 1113 1153 1786 1881 2542
6 433 608 699 701 908 943
6 1082 1663 1664 1857 2815 3077
6 3207 6652 6653 6654 6657 6660
6 1872 3317 3327 3410 3911 5033
6 1188 2827 2830 3007 3653 4788
6 845 960 1080 1113 1375 1643
6 492 906 2087 2626 3520 5343
6 1290 2918 3501 3692 4766 6112
6 2895 2911 6477 6478 6740 6743
6 748 1929 1934 1942 2270 2553
6 842 1142 1385 1389 1864 2903
6 1050 4132 6382 6588 6779 6782
6 1630 2297 2302 2308 2766 5719
6 6817 6823 6824 6825 6828 6831
6 435 865 891 992 1063 1100
6 4932 6860 6861 6862 6865 6868
6 952 1357 1360 1363 1522 2328
6 1363 1718 1983 1988 3381 3864
6 343 460 464 469 520 673
6 989 1018 1072 1404 1677 2532
6 430 556 700 854 960 1081
6 2011 3252 3394 3406 4765 9897
6 506 855 1053 1109 1197 1877
6 2964 3355 4377 4378 4388 4912
6 1108 2328 2331 2463 3825 6155
6 327 487 492 498 511 538
6 1351 1801 2128 2157 2634 2815
6 977 1121 1137 1385 1727 2121
6 984 2003 2052 2262 2880 5325
6 901 2400 2409 2463 2609 4003
6 1791 3273 4810 4812 6265 7007
6 1092 2119 2519 2567 2795 3691
6 227 505 527 703 960 1142
6 460 635 673 674 906 1025
6 7059 7065 7066 7067 7070 7073
6 1753 2053 2161 2250 2918 4808
6 720 894 908 946 1100 1134
6 300 327 336 338 460 520
6 604 848 854 859 1121 1245
6 327 469 480 492 537 680
6 1496 3251 4925 5432 7120 7123
6 1392 4958 7141 7142 7145 7148
6 527 1142 1230 1366 1461 1508
6 426 683 848 960 1097 1370
6 296 323 325 327 372 469
6 2617 4134 4291 4683 4712 4724
6 300 325 326 327 452 460
6 995 1010 1018 1064 1881 1888
6 526 684 697 698 889 992
6 492 1095 1097 1117 1237 1391
6 1095 2178 2661 2718 2798 3037
6 1265 2458 2478 2522 3410 5923
5 296 469 517 522 2167
6 492 1234 1235 1237 1450 2161
6 710 1039 1081 1109 1403 1503
6 703 973 1231 1342 1403 1630
6 480 748 894 921 1032 1391
6 945 1328 1342 1349 1360 1514
6 1892 2607 2612 3092 5857 7171
6 942 3576 5361 5364 7287 7290
6 492 674 675 680 897 1581
6 327 695 777 781 894 2065
6 516 950 1060 1074 1105 1286
6 327 469 492 520 536 674
6 286 296 300 304 311 324
6 834 927 992 1025 1095 1349
6 7311 7317 7318 7319 7322 7325
6 315 372 455 517 675 963
6 294 343 346 372 537 789
6 312 470 473 519 683 793
6 481 675 680 681 784 1031
6 1066 1488 1722 1968 3376 5929
6 7366 7372 7373 7374 7377 7380
6 7414 7420 7421 7422 7425 7428
6 556 799 821 921 1171 1663
6 4878 7457 7458 7459 7462 7465
6 608 850 854 855 955 1122
6 801 1136 1170 1330 1845 2351
6 1039 1503 1600 1624 2507 2803
6 460 668 675 680 894 1454
6 1381 2512 2607 2619 4003 6170
6 712 963 977 1025 1185 1663
6 2262 3138 3620 3956 6770 7526
6 455 525 537 673 781 793
6 935 1335 1349 1397 1794 1999
6 1397 1903 2715 2815 3330 4211
6 681 1177 1189 1191 1857 2820
6 1874 2795 2835 2879 4399 7574
6 969 1173 1175 1176 1184 1240
6 834 1035 1037 1101 1187 1403
6 537 691 698 887 1025 1443
6 4040 5776 5777 6047 6895 7609
6 2514 5065 5290 6092 7296 7629
6 319 455 458 460 518 537
6 1039 1184 1189 1192 1661 2411
6 2380 4169 5662 6380 7653 7656
6 294 323 324 325 399 469
6 538 1232 1238 1240 1547 2052
6 453 673 677 695 793 1405
6 492 781 793 851 1025 1419
6 327 462 469 525 673 695
6 282 480 485 487 712 1052
6 1004 1204 1685 1698 1886 3222
6 854 1363 1402 1403 1630 1797
0
6 227 447 505 531 927 1081
6 1727 3693 3699 3741 4127 5825
6 402 491 492 512 674 1170
6 1122 1991 2136 2454 2634 2943
6 908 1193 1360 1403 1501 1961
6 1249 2741 2950 3401 3722 4182
6 1240 2250 2841 2879 3434 4042
6 943 1252 1265 1349 1360 1518
6 799 1180 1184 1191 1663 2617
6 7779 7785 7786 7787 7790 7793
6 904 4214 4584 5606 6120 7813
6 458 906 1386 1440 2440 3507
6 1392 3374 3376 3390 5424 6172
6 1283 1525 1697 1698 1999 3506
0
6 1094 1731 1795 1802 2722 3334
6 599 989 1052 1074 1095 1405
6 4870 7887 7888 7889 7892 7895
6 2421 2438 2440 2441 3423 3538
6 2873 5537 6769 6904 7925 7928
6 709 1010 1064 1080 1503 1886
6 812 940 973 1107 1286 1326
6 423 677 850 1096 1380 1932
6 360 706 709 712 842 992
6 298 349 372 455 532 695
6 1446 2232 2331 2886 4930 6485
6 314 479 519 532 778 786
6 300 455 460 517 640 793
6 2886 3195 3320 3762 6484 7980
6 702 1034 1036 1240 1865 2641
6 282 310 322 325 480 695
6 5081 8009 8010 8011 8014 8017
6 527 1066 1088 1089 1734 2315
6 679 784 807 1026 1174 1446
6 2745 3744 3852 4094 5108 6671
6 2592 4720 5122 5322 6265 8070
6 327 1121 1265 1397 3195 3602
6 1542 2177 2195 2554 2951 3921
6 799 1186 1188 1532 2598 2939
6 729 2434 2435 2766 3548 5049
6 511 1506 1960 1965 2594 3201
6 4185 8128 8129 8130 8133 8136
6 776 834 973 1107 1959 3031
6 460 680 695 778 793 1420
6 458 525 539 673 695 1449
6 646 956 1035 1089 1114 1482
6 492 784 788 899 1429 2425
6 701 1035 1107 1122 1171 1240
6 927 945 947 948 1265 1330
6 992 1286 1504 1525 1877 2532
6 460 698 894 898 1600 2020
6 8224 8230 8231 8232 8235 8238
6 2827 4018 4272 4984 8257 8260
6 1623 2801 3222 3424 4779 6072
6 300 354 372 383 528 716
6 527 703 712 952 1080 1510
6 608 837 845 850 1089 1772
6 8136 8316 8317 8318 8321 8324
6 8344 8350 8351 8352 8355 8358
6 320 460 479 517 697 1039
6 1158 1729 2504 2515 2688 4161
6 455 683 695 877 1089 1381
6 2262 6887 6995 7255 8390 8393
6 511 804 806 821 1107 1369
0
6 1035 1348 1351 1355 1517 1861
6 311 478 537 748 1442 1920
6 8409 8415 8416 8417 8420 8423
6 435 1081 1100 1154 1381 1508
6 492 695 708 880 946 1105
6 343 492 512 673 897 1696
6 434 609 610 616 845 955
6 609 1101 1109 1122 1402 2604
6 673 1240 1286 1334 1691 3401
6 1230 2124 2401 2514 2522 3374
6 1333 1827 2040 2431 4232 5114
6 426 527 598 600 1085 1230
6 699 973 1081 1233 1407 1762
6 527 710 720 908 950 1081
6 300 327 338 343 460 530
6 837 1716 2331 2575 3339 4093
6 706 1404 1438 1450 1480 2424
6 854 1417 1547 2040 2832 3620
6 293 455 459 695 1049 2052
6 942 1406 1417 1504 1805 2332
6 295 318 319 323 343 455
6 1389 3523 3601 3633 3960 8197
6 911 1403 1406 1417 1795 2328
6 530 1038 1177 1237 1371 2343
6 2876 7938 8089 8592 8595 8598
6 684 1233 1381 1505 2112 3242
6 955 1126 1366 1758 3821 3829
6 2044 5501 5620 5662 8632 8635
6 336 460 462 469 532 680
6 626 1495 1722 1736 2522 3243
6 909 957 973 1197 1349 1895
6 494 710 960 1047 1090 1175
6 971 2506 3464 3465 4042 7289
6 1194 2469 2478 3201 6262 8154
6 950 1121 1134 1141 1696 3064
6 957 3059 3422 4472 8734 8737
6 1407 2536 2538 2542 3181 3780
6 963 1867 1894 2091 2727 3026
6 1146 1729 1886 1968 2515 3692
6 354 461 480 517 778 882
6 6984 8782 8783 8784 8787 8790
6 8814 8820 8821 8822 8825 8828
6 957 1857 2820 3218 3673 3783
6 4977 8858 8859 8860 8863 8866
6 3195 3826 3982 4010 5482 6545
6 527 992 1005 1052 1066 1360
6 1213 3395 3401 3417 5535 6440
6 319 455 458 460 492 525
6 915 1095 1177 1232 1360 1653
6 469 781 963 1026 1661 2065
6 960 1367 1391 1400 1926 1971
6 2065 3350 3355 3526 4388 6931
6 1171 1663 1857 1959 2601 2827
6 1547 3422 3673 4355 4983 5507
6 520 683 784 963 1442 1906
6 343 460 524 526 542 683
6 847 973 1110 1122 1252 1349
6 1524 4193 6132 6516 8974 8977
6 701 950 957 973 1240 1403
6 449 519 525 529 668 782
6 455 680 695 788 897 921
6 759 1186 1366 1788 2795 3189
6 452 492 525 532 675 685
6 1070 1877 1883 1884 2539 3243
6 317 327 338 343 460 492
6 338 700 701 712 847 909
6 845 989 992 1005 1066 1142
6 1694 2841 3242 3394 3399 5138
6 286 356 371 372 422 492
6 327 525 536 537 695 1447
6 296 346 383 455 529 635
6 296 419 460 492 542 697
6 2444 5951 6561 6566 8345 9053
6 1623 3566 3808 3998 4600 6282
6 1869 3399 3414 3705 4045 5138
6 1799 2953 3075 3604 6034 6614
6 957 1794 1998 2168 2508 2834
6 1090 2656 2657 2671 3787 4956
6 372 1089 1105 1235 1909 2032
6 988 1123 1342 1349 1363 1869
6 323 349 371 452 460 469
0
6 311 323 326 327 449 469
6 452 781 793 894 1237 2161
6 2211 4873 6359 6425 6478 7969
6 673 903 1192 1450 2431 4640
6 804 956 1035 1043 1403 2355
6 3701 7686 8119 8362 9184 9187
6 3407 4005 5177 6001 9205 9208
6 1406 2328 2332 2448 2770 3917
6 848 1230 1495 1504 1808 2991
6 1329 1795 1799 1801 2332 2575
6 6104 9247 9248 9249 9252 9255
6 304 323 326 327 450 470
6 1877 3693 3949 3962 4622 5792
6 1248 1363 1406 1801 3439 4257
6 806 1172 1178 1183 1191 1849
6 305 338 343 371 460 536
6 748 1623 1736 1743 1968 2256
6 1385 2329 2331 2332 3433 5053
6 911 983 1097 1113 1240 1403
6 703 2620 3037 3221 4438 6174
6 304 327 338 343 449 458
6 304 327 336 338 349 469
6 2454 4812 4957 6902 6981 7332
6 3287 5449 5642 8859 9335 9338
6 9364 9370 9371 9372 9375 9378
6 853 1231 1367 1501 1970 3865
6 1105 1454 1525 1695 2023 3273
6 304 351 455 460 556 729
6 847 1239 1369 1416 1845 2355
6 492 695 953 963 1592 2052
6 538 1034 1038 1180 1857 2957
6 1380 3211 3212 3374 4090 4301
6 718 913 921 923 950 1240
6 2885 6476 6485 7594 9444 9447
6 469 593 608 701 729 908
6 1265 1349 1351 1357 1406 1994
6 1749 3356 4176 4524 5319 8393
6 475 505 530 534 1034 1177
6 1956 3959 4600 4955 5913 8473
6 2483 4251 4353 4582 6155 7258
6 538 921 927 942 959 1329
0
6 821 1663 1736 1865 2585 2941
6 1188 2556 2830 3571 4018 4090
6 295 338 343 346 460 522
6 761 1107 1109 1110 1207 2562
6 608 1136 1170 1177 1664 1845
6 2487 8101 8480 8706 9561 9564
6 1403 2331 2332 2335 2767 3043
6 842 1406 1504 1510 2609 2873
6 423 703 710 850 976 1230
6 324 460 462 469 525 695
6 491 531 542 675 729 1000
6 323 435 505 520 538 677
6 859 1232 1235 1237 1536 1845
6 990 1818 1869 1876 2012 2532
6 701 1046 1063 1064 1095 1370
6 494 799 957 969 1095 1177
6 889 1122 1233 1349 1797 2511
6 612 748 1146 1381 1726 1948
6 716 1063 1082 1100 1704 3050
6 716 1450 1453 1675 3427 4210
6 992 1503 1782 2113 6712 9654
6 323 519 532 539 898 1440
6 1547 2211 2890 2894 2911 7107
6 2326 2818 3433 3434 4040 5243
6 703 1342 1363 1966 2617 3575
6 1186 1779 2196 2364 2718 3645
6 712 1074 1288 1357 1698 2661
6 296 320 336 338 455 479
6 921 1695 1784 1891 2513 4761
6 526 992 1018 1064 1999 2115
6 317 338 343 346 460 522
6 2682 6869 6871 8197 9739 9742
6 697 1233 1381 1677 1932 2409
6 430 880 894 908 1089 1762
6 1187 2143 2558 2682 3026 3752
6 807 1186 1367 1401 1844 2513
6 851 1397 1403 1404 1794 2332
6 957 1964 1974 2164 4930 5368
6 475 685 695 903 1450 1675
6 505 865 960 976 1081 1367
6 804 1095 1171 1177 1576 2047
6 294 460 520 526 532 877
6 848 1039 1240 1349 1403 1493
6 304 343 346 371 452 460
0
6 2431 2944 2946 4206 6671 9822
6 2514 4002 5133 7003 9590 9841
6 923 1330 1333 1338 1536 2328
6 9863 9869 9870 9871 9874 9877
6 1525 2027 2028 2455 3483 4232
6 319 343 449 450 453 468
6 1366 2656 2657 5056 6617 9104
6 1182 2618 3178 3243 4812 9937
6 2086 4973 5801 8870 9956 9959
6 519 695 708 953 1089 1623
6 343 519 522 525 536 673
6 9980 9986 9987 9988 9991 9994
6 841 1035 1095 1240 1663 2369
6 439 972 1089 1391 1726 2262
6 522 687 698 1026 1038 1184
6 318 343 346 349 459 517
6 319 455 460 517 522 539
6 728 1367 1368 1461 1895 2587
6 701 1081 1142 1170 1381 1630
6 319 368 371 460 524 2077
6 10061 10067 10068 10069 10072 10075
6 960 1679 1778 1949 5301 8299
6 1611 1937 1948 1959 2873 3320
6 1641 3291 3304 3323 3975 5083
6 418 548 593 612 710 729
6 1746 2617 3671 4686 6012 8382
6 695 1095 1329 1401 1454 2087
6 2345 2770 2775 3408 3716 4684
6 1363 2767 2833 2881 3444 3845
6 428 710 739 849 1053 1158
6 449 492 527 536 708 1419
6 950 1454 1784 2507 4071 6003
6 935 1349 1360 1363 1988 1999
6 4134 10194 10195 10196 10199 10202
6 909 1240 1357 1370 1795 1805
6 300 528 683 691 1466 2160
6 1100 1772 1778 1781 2130 2696
6 614 1137 1385 1409 1722 1781
6 801 969 1035 1107 1171 1186
6 1083 1646 1651 1769 2766 5114
6 821 1171 1182 1369 1416 3069
6 1954 2889 2901 2903 5031 5921
6 4128 5477 8082 8706 8717 10276
6 536 1035 1171 1176 1664 1900
4 1402 10297 10298 10299
6 2028 2522 2604 2617 3405 3664
6 1033 1845 2227 2957 3367 5032
6 1415 2515 2521 3223 3393 3639
6 435 955 968 1081 1369 2348
6 3692 6116 6120 6785 9066 10333
6 310 336 338 380 492 668
6 305 343 346 368 455 519
6 459 695 701 777 921 1043
6 2414 3195 3208 3643 3927 4838
6 977 1931 1935 1948 2562 4045
6 447 846 848 850 955 1110
6 327 482 525 532 697 1033
6 371 526 527 530 695 1090
6 2751 3380 3444 3473 3630 4576
6 492 904 965 1043 1189 2067
6 542 892 963 1025 1476 2007
6 527 960 971 1039 1107 1387
6 310 447 492 505 534 673
6 1799 2770 2818 3433 4081 4894
6 1296 3948 3960 4158 7149 10401
0
6 923 1403 1504 1536 2575 3345
6 832 1101 1107 1109 1351 1417
6 294 308 311 319 327 348
6 1117 1401 1600 1736 1973 2691
6 327 460 480 522 538 675
6 3399 10443 10444 10445 10448 10451
6 1513 1521 1522 1527 3490 4693
6 338 492 525 675 784 1012
6 1389 3180 4008 4080 4123 4713
6 469 942 1023 1025 1240 1650
6 343 469 475 478 536 673
6 308 343 449 450 519 674
6 498 695 698 708 957 1504
6 2574 3380 3384 3433 3729 4299
6 959 1385 1461 1698 2060 3960
6 848 1495 1622 1932 1943 2522
6 942 1351 1357 1360 1801 2332
6 1194 1861 1977 1996 2366 2944
6 1095 5554 5556 6674 7594 9448
6 1342 1403 1406 1630 1898 1966
6 492 821 973 1089 1188 1849
6 1117 1409 1738 1786 1991 4522
6 293 323 326 334 517 695
6 1177 1857 2633 2645 4180 5131
6 2089 5442 5443 5451 8202 10603
6 921 1177 1197 1338 2191 2641
6 716 1066 1366 1370 1446 1784
6 321 455 458 460 480 539
6 492 540 770 1026 1038 1665
6 854 1404 1406 1455 1797 2766
6 1903 3170 3176 3177 3392 4078
6 371 491 530 531 1035 1177
6 302 322 326 343 537 695
6 322 460 470 478 522 655
6 942 1363 1403 1504 1794 2328
6 228 483 491 511 703 957
6 701 923 969 1261 1290 2355
6 1232 1964 2164 2211 3667 4410
6 451 478 538 673 784 1045
6 527 1039 1100 1415 1504 2511
6 529 746 748 770 1172 1495
6 806 1173 1176 1177 1237 1661
6 3195 3716 4491 4492 6495 9564
6 1080 1791 1968 2585 3144 3604
6 1535 8758 9661 9664 10722 10725
6 691 977 1083 1089 1235 2038
6 10746 10752 10753 10754 10757 10760
6 806 1088 1170 1186 1663 2196
6 1950 2648 2649 2650 2653 2657
6 1435 7149 8085 9649 10792 10795
6 675 698 708 793 1458 2005
6 1277 1517 1518 1522 1546 2803
6 1012 2016 2060 2429 3756 3890
6 709 1081 1142 1237 1536 1759
6 837 1122 1207 1230 1961 2400
6 1305 2915 3168 3980 4761 5547
6 2647 2653 2654 2655 2668 7314
6 460 898 904 921 1368 2587
6 814 1082 1107 1136 1181 1857
6 1080 1919 2116 2517 3869 4358
6 690 1374 1391 1455 2513 3362
6 3360 10320 10728 10901 10904 10907
6 531 850 950 1097 1391 1864
6 1171 1184 1189 1192 1669 4301
6 3620 5086 5301 5513 5800 6283
6 2411 2830 4082 4084 4951 5891
6 1250 1800 1801 2326 2818 4081
6 1305 5804 5841 5891 10426 10949
6 519 894 1039 1097 1746 2016
6 419 520 527 539 673 1038
6 1058 1288 1289 1295 2915 3252
6 960 1817 2763 3276 4822 8765
6 2904 5863 6476 6477 6480 6489
6 1184 2819 2820 2827 3281 4175
6 505 963 984 992 1375 1755
6 894 1604 1618 1786 2903 4225
6 2820 3566 3569 4035 5529 7120
6 4680 6051 7614 7616 10128 11050
6 1053 1746 1883 1926 5650 6724
6 455 527 531 534 708 1034
6 296 323 327 334 346 452
6 314 327 343 418 460 517
6 1082 1757 1808 1951 3664 3670
6 1092 1391 1495 1757 2124 2465
6 338 683 695 697 963 1391
6 702 1237 1366 1406 1672 2605
6 1414 1774 1781 1826 3739 4353
6 493 695 962 963 1366 1423
6 859 1493 1794 1850 2508 2777
6 624 853 942 952 1124 1962
6 928 1700 1701 1734 2355 2942
6 859 1351 1403 1794 2354 2506
6 9120 11139 11140 11141 11144 11147
6 1849 3601 3631 4035 4727 6167
6 2068 3637 3806 3952 4955 5927
6 365 469 480 496 541 695
6 310 343 354 371 492 528
6 837 1136 1171 1186 1349 1663
6 338 537 539 683 1023 1442
6 623 1146 1150 1381 1721 2068
6 593 1064 1089 1098 1943 3092
6 371 601 603 624 727 1141
6 5016 10324 10569 11216 11219 11222
6 1064 3287 3814 4426 6025 7842
6 537 788 793 1023 1443 1447
6 11264 11270 11271 11272 11275 11278
6 1053 1604 1605 1928 1943 2195
6 695 2074 2091 2328 4813 8945
6 527 911 955 1101 1123 1461
6 673 698 942 957 1438 1798
6 308 327 343 529 791 902
6 346 728 894 897 992 1476
6 6545 11336 11337 11338 11341 11344
6 1931 2585 2696 2903 4930 6101
6 310 703 729 894 1415 1747
6 2453 3543 3551 3552 4441 8171
6 3380 4860 5177 5682 6619 6761
6 498 1034 1037 1039 1082 1237
6 988 1067 1070 1240 1876 1886
6 518 807 1025 1026 1176 1237
6 498 960 966 973 1090 1201
0
2 1440 8182
6 2673 3674 4037 4093 5847 9474
6 626 1623 1929 2262 2596 2820
6 295 327 336 338 380 460
6 944 2359 2363 2364 2943 3641
6 612 1172 1219 1222 1237 2415
6 460 530 531 534 681 701
6 548 712 722 729 901 973
6 538 1033 1039 1174 1342 1794
6 369 673 683 685 702 877
6 745 1237 1705 1850 3203 4346
6 859 1235 1240 1342 1403 1966
6 950 1240 1272 1391 1525 2018
6 311 417 450 460 537 780
6 538 973 1107 1237 1691 1900
6 570 950 976 984 1018 1081
6 3653 4988 4990 5477 8717 9787
6 1418 2853 2874 2881 3702 6904
6 304 460 469 479 695 1043
6 394 478 480 539 700 1033
6 3374 4138 5535 5807 6440 8479
6 842 1405 1407 2586 4447 6097
6 2844 4167 5324 5537 6813 7926
6 997 1801 1874 1876 1883 2012
6 511 1028 1035 1136 1368 1498
6 1171 1504 1663 1844 2348 2358
6 908 950 969 973 1177 1341
6 322 458 459 460 534 693
6 2604 5177 5973 6021 7219 11540
6 343 492 518 522 673 683
6 3021 6176 6689 6761 10323 11560
6 423 608 612 708 712 851
6 1942 2266 2387 2401 3467 3627
6 845 932 937 1032 1101 1334
6 848 1381 1504 1722 3430 5301
6 323 458 460 462 532 685
6 1736 3377 4146 4401 6039 7346
6 2337 3339 3851 3852 4640 5998
6 473 673 675 680 698 899
6 324 394 460 512 640 783
6 360 538 663 673 679 784
6 1228 1928 1948 2522 3221 3656
6 2874 6814 6904 7108 7929 8178
6 1943 3403 3406 3408 3702 6414
6 1064 1455 2262 3180 3665 7204
6 950 1360 1363 1403 1794 2331
6 323 397 493 500 894 1114
6 866 1645 2065 2617 3407 4301
6 703 1237 1397 1504 1805 3405
6 536 1423 1427 1672 2447 3153
6 527 1034 1036 1177 1663 2161
6 295 314 319 322 327 380
6 319 354 455 492 674 793
6 1403 5537 7934 7941 9200 11264
6 527 866 950 973 1405 1758
6 612 1088 1089 1142 1391 1472
6 2822 4874 4877 5072 7886 11264
6 1903 3437 4081 4375 5038 8222
6 1380 2047 2068 3066 3418 3993
6 433 675 677 680 781 1038
6 1107 1506 1507 1660 2801 5307
6 1910 2079 2262 2590 3447 4973
6 527 952 956 1366 1496 1910
6 426 950 960 1053 1088 1381
6 2553 6213 6611 6614 7226 8266
6 1406 3090 3338 3672 4670 6458
6 854 1508 1802 1879 3334 4285
6 807 1171 1176 1186 1237 2065
6 712 1005 1060 1194 1285 1289
6 11815 11821 11822 11823 11826 11829
6 556 1461 1956 1999 3390 3783
6 305 695 1043 1374 1919 2086
6 1104 1701 1997 1998 2344 3177
6 729 1368 1376 1404 2062 4360
6 512 905 963 1089 1366 1454
6 952 1235 1374 1763 2131 3080
6 296 700 703 706 989 1043
6 2457 3090 3380 4005 6586 8694
6 1954 2657 2671 3656 5238 6861
6 520 684 691 695 897 1146
6 327 691 709 1035 1286 1292
6 334 904 950 991 1089 1455
6 296 358 372 449 460 539
6 797 1029 1082 1136 1173 1186
6 3486 6275 6765 9225 11133 11922
6 305 343 353 372 459 519
6 934 1177 1254 1341 1663 2364
6 1179 2195 2199 2227 2599 2827
6 1409 2556 2559 2560 2755 3868
6 476 1498 1535 1587 3281 4592
6 360 430 465 475 498 528
0
6 6420 10320 10667 10721 10725 10729
6 511 805 806 914 1864 2133
6 2324 3332 4637 4810 7652 11976
6 305 326 343 418 479 529
6 12007 12013 12014 12015 12018 12021
6 525 680 681 685 770 1033
6 5426 8266 8268 9943 12045 12048
6 356 517 522 524 538 683
6 1244 2028 2150 2647 3207 3501
6 848 1330 1397 1636 3205 5995
6 480 674 676 687 980 1366
6 423 691 697 716 1074 1367
6 458 680 695 778 788 1438
6 310 336 338 343 455 466
6 227 426 433 441 695 960
6 561 2036 2763 3058 3429 3795
6 319 460 464 492 536 673
6 460 680 683 684 770 1025
6 343 635 695 716 959 1496
6 1095 1634 1781 2612 3380 4367
6 450 781 785 963 3530 7387
6 1942 2407 2521 2609 3633 6276
6 458 695 898 1177 2020 2789
6 7943 11661 12170 12171 12174 12177
6 465 674 675 679 784 1033
6 492 898 921 1025 1366 1663
6 947 1664 1701 1845 1991 3191
6 985 1349 1363 1403 1706 2454
6 859 1113 1403 1455 1717 2454
6 2424 3107 3158 3533 3559 4449
6 2641 4086 4093 4277 5847 7603
6 4960 9820 9923 10886 12246 12249
6 673 960 1405 1510 1804 3051
6 5238 6902 7015 8592 11862 12273
6 1949 3298 3601 3622 4935 8707
6 1000 2585 2755 3297 4093 5921
6 806 1843 1845 1846 2191 2920
6 1177 1916 1999 2047 2853 4022
6 837 938 956 1109 1184 2364
6 1759 2830 2963 3180 4392 5191
6 2081 8202 8208 10294 12340 12343
6 187 936 950 989 1046 1064
6 2294 3465 3956 4224 7702 8381
6 608 942 984 1039 1107 1373
6 7775 12384 12385 12386 12389 12392
6 6769 10866 12410 12411 12414 12417
6 889 1230 1237 1381 1506 1623
6 695 2375 2380 2506 3425 5127
6 921 1100 1105 1330 2029 2955
6 621 870 992 1064 1818 2028
6 1794 2765 2770 2777 3434 4081
6 801 825 832 834 942 1095
6 4640 8517 8518 8522 9167 11397
6 473 942 1034 1038 1502 1758
6 458 539 540 677 1033 1440
6 521 960 1081 1393 2117 2578
6 2471 3250 3253 3397 3817 5786
6 760 1167 1391 1392 1928 2554
6 1035 1197 1265 1532 1844 2415
6 323 540 695 785 894 1455
6 683 891 1373 1600 1956 2134
6 296 460 479 525 542 695
6 1892 3092 3187 3421 3982 6679
6 684 1088 1089 1097 1400 2068
6 343 519 525 529 538 781
6 1387 2515 2522 2562 3620 3662
6 700 1090 1141 1349 1388 1677
6 604 847 850 851 1100 1403
6 3581 3607 4072 4478 6886 9689
6 1122 2431 2463 2588 3189 4810
6 7507 11088 11546 11549 12053 12561
6 845 1107 1230 1397 1865 2191
6 673 904 1028 1237 1449 1581
6 380 492 517 520 538 680
6 1405 2604 2609 2612 2983 3701
6 527 722 728 729 1080 1144
6 595 950 973 984 992 1070
6 1933 2653 2901 3111 3605 5231
0
6 1403 2767 3265 3433 9296 12624
6 2328 3703 3816 5322 8179 12643
6 1004 1890 2014 2475 2917 3844
6 593 984 987 988 992 1010
6 3414 6635 8918 9023 9274 11138
6 227 608 703 889 973 1389
6 10427 12697 12698 12699 12702 12705
6 1518 2332 2365 2920 3202 5403
6 953 2418 2429 2524 3061 3673
6 681 1170 1171 1184 1369 1849
6 3222 5527 6097 6282 7862 8475
6 294 505 527 529 1053 1461
6 295 431 527 540 748 894
6 12745 12751 12752 12753 12756 12759
6 336 456 459 461 473 791
6 728 1114 1403 1418 1835 2881
6 2849 5537 6040 6231 6814 7929
6 192 516 729 842 950 1052
6 536 1114 1423 1466 2032 3153
6 836 1110 1122 1220 1403 1959
6 959 1491 1664 2164 3602 6185
6 12817 12823 12824 12825 12828 12831
6 950 1240 1263 1276 1404 1791
6 1080 2511 2918 3243 4555 5781
6 783 1400 1455 1720 3173 3719
6 684 1763 1784 1883 2052 3464
6 1113 1786 2454 3099 5136 6944
6 914 1122 1170 1392 1440 2351
6 422 859 898 1088 1391 1961
6 431 854 1053 1381 1630 2404
6 430 677 859 953 1039 1415
6 862 1691 1728 2511 3242 5923
6 950 1110 1122 1136 1363 1691
6 956 1136 1230 1397 1788 2191
6 854 2511 2567 4622 10364 11450
6 1173 1508 1845 1857 2795 3336
6 2036 2504 3251 3602 4217 6594
6 314 343 346 380 469 525
6 522 1368 1438 1547 1919 2205
6 901 1363 1403 1418 1998 2478
6 336 492 534 536 673 695
6 2284 3864 4519 6803 8230 10375
6 415 433 434 498 683 976
6 2261 4123 4358 5527 6761 8268
6 1504 1872 2014 2473 3399 4071
6 973 1845 1903 1913 2337 2614
6 527 1066 1089 1100 1415 1624
1 13014
6 455 663 673 695 1237 3153
6 711 973 1101 1113 1235 1403
6 1150 2522 2562 2565 4069 5674
0
6 848 948 1032 1035 1177 1330
6 1096 2331 2641 2820 3566 3678
6 3099 7005 7486 7694 10639 11258
6 327 475 480 492 538 674
6 516 963 1081 1089 1291 1701
6 722 942 1101 1235 1360 1794
6 727 1089 1113 1235 1503 2262
6 8705 10164 11026 11564 13072 13075
6 423 532 534 598 889 1038
6 460 638 674 695 1000 1435
6 626 748 754 894 1366 1726
6 282 527 529 683 780 902
6 973 1692 1845 1864 1991 2365
6 444 1089 1107 1374 1704 2068
6 319 450 455 465 673 680
6 2489 2671 4755 5289 7312 8576
6 1403 2516 2518 2522 3257 3808
6 1512 2950 3202 4189 6162 7742
6 1926 3674 4285 5503 11355 13143
6 1100 1950 2124 2252 2573 3620
5 6089 9237 11768 13166 13169
6 908 1089 1234 1381 1755 1825
6 971 1444 1581 1588 2586 3051
6 493 809 845 921 1025 1171
6 519 685 695 781 1234 1452
6 422 603 609 612 1039 1381
6 911 1272 1329 1402 1852 2355
6 338 452 455 460 680 897
6 455 695 781 793 921 1105
6 327 458 460 517 522 789
6 319 517 518 519 674 897
6 441 712 849 894 1233 1415
6 415 435 444 527 626 1100
6 460 680 693 698 793 1421
6 325 455 458 460 518 673
0
6 290 310 312 319 343 449
6 872 1193 1231 1403 1959 2469
6 899 1571 2112 2250 2452 2814
6 311 892 904 1919 1922 3463
6 821 1176 1237 1369 2491 2920
6 1624 2136 2266 2393 2563 2808
6 13244 13250 13251 13252 13255 13258
6 548 727 728 842 950 1233
6 464 536 538 540 674 708
6 515 701 848 1046 1381 1503
6 712 1039 1360 1403 1547 2127
6 1212 2942 3112 3380 3651 4521
6 1532 3361 3751 4786 5797 6624
6 2752 4201 4251 4511 6132 8889
6 3327 6586 6922 7167 9673 11890
6 988 1006 1010 1018 1877 1883
6 1151 1763 1929 2404 2795 3221
6 6921 10078 11528 11714 13346 13349
6 1622 4691 4963 5031 6099 9467
6 327 478 479 520 668 1033
6 612 889 1039 1081 1230 1493
0
6 1761 6026 6034 6036 6944 7312
6 371 709 746 850 960 1052
6 418 695 703 710 953 1039
6 492 540 959 1036 1184 1191
6 2458 3327 3407 3663 4100 4110
6 2250 2946 3433 4375 5175 8220
6 704 909 927 1025 1351 1504
6 1235 1835 3407 3444 6967 8633
6 538 905 1034 1171 1180 1446
6 7643 11639 11692 11700 13436 13439
6 517 1435 1438 1450 3058 3783
6 498 799 969 1039 1136 1691
6 913 1113 1123 1240 1341 1363
6 492 681 708 1023 1033 1670
6 1634 2556 2559 2758 3723 4577
6 909 1171 1177 1179 1504 1844
6 527 1039 1097 1381 1961 2409
6 1624 3138 3212 3221 3993 6080
6 317 452 455 460 537 674
6 3801 7941 8602 9054 13493 13496
6 845 1125 1255 1334 1663 2355
6 936 1815 1939 2390 2512 3078
6 1959 3407 3661 3716 5140 8716
6 687 1026 1031 1038 1174 1179
6 2712 2999 3038 4777 6978 8161
6 312 346 455 458 492 537
6 491 970 973 1097 1388 1431
6 2455 4626 5298 6491 7985 10340
6 294 412 414 480 531 898
6 475 674 675 679 684 1368
6 3736 13572 13573 13574 13577 13580
6 426 520 534 710 1039 1082
6 1235 3104 3852 4093 5620 7042
6 506 720 911 921 973 1107
6 1849 2588 2617 2691 3271 4008
6 498 534 601 674 1082 1237
6 1641 2830 3037 3566 3661 6321
6 1622 2696 2999 3242 3613 4669
6 450 673 674 675 695 963
6 495 921 957 973 1171 1179
6 887 1738 1767 1771 3176 3618
6 1933 2903 2910 3195 5482 6189
6 727 1089 1230 1415 1624 2262
6 528 973 1230 1366 1641 2161
6 532 680 784 788 1675 2074
6 2766 4454 5789 6785 8226 8823
6 1142 2562 2587 2590 3374 4955
6 460 675 680 698 1023 1415
6 520 709 748 962 1088 1100
6 527 850 854 859 1081 1391
6 1784 3176 4224 4764 6728 7364
6 294 343 347 349 460 540
6 748 1879 1928 1937 2068 2515
6 938 1343 1349 1351 1363 1516
0
6 2452 3780 4093 4964 10892 13716
6 458 536 537 673 681 698
6 530 1072 1232 1424 1440 1864
6 908 1416 1417 1495 1875 2472
6 492 677 710 759 976 1038
6 616 854 858 1141 1510 1961
6 596 710 1081 1088 1381 1934
6 2560 3262 3317 3320 3617 6104
6 527 1039 1080 1081 1232 1375
6 3695 6489 6490 6494 9459 13745
6 675 788 903 1033 1450 1687
6 1403 2055 2161 3228 3441 4555
6 324 452 455 460 478 528
6 969 1172 1230 1366 1403 1857
6 433 697 973 1039 1107 1506
6 770 1446 1532 1627 2195 5186
6 512 1368 1401 1461 1845 2509
6 708 1385 1391 1415 1757 3671
6 1874 4270 4351 4367 6586 9932
6 495 701 759 960 1122 1375
6 319 380 455 460 470 635
6 598 1142 1176 1230 1405 1752
6 1476 2504 3037 3282 3451 5306
6 13494 13843 13844 13845 13848 13851
6 989 1216 1244 1289 1877 2511
6 745 919 923 928 1240 1342
6 327 460 492 517 673 695
6 1039 1493 1503 1511 2383 3284
6 721 1496 1751 1762 2036 2506
0
6 2524 3229 3429 3871 4176 5318
6 380 635 673 695 1000 1368
6 296 455 517 519 781 1043
6 538 1033 1420 1443 1851 3341
6 446 1081 1097 1100 1391 1754
6 973 1657 1663 1991 3037 3099
6 3343 4387 4759 6564 7296 10175
6 431 703 942 960 1381 1403
6 818 1170 1182 1186 1967 2830
6 915 1340 1403 1504 1794 2766
6 1037 1857 2065 2526 3058 4718
6 369 1192 1234 1237 1571 2074
6 469 680 683 691 788 1170
6 460 950 1023 1033 2052 2169
6 1240 1413 1417 1509 1961 2606
6 1176 1381 1532 2065 2567 3037
6 305 372 394 452 538 894
6 675 1025 1029 1034 1082 2420
6 322 346 380 455 517 673
6 214 593 606 709 868 988
6 312 371 401 455 482 530
6 903 2064 2161 3089 3949 6588
6 312 371 452 455 469 517
6 336 480 492 530 894 1234
6 1141 3099 3221 3273 6801 8037
6 380 465 469 475 534 681
6 296 464 475 520 593 698
6 4621 8386 8477 9621 14000 14015
6 1697 2425 2585 2648 3794 5322
6 491 716 799 1012 1461 1985
6 305 320 327 336 380 459
6 504 2191 2413 2903 3526 7553
6 300 460 469 480 527 681
6 593 703 1089 1146 1929 2124
6 322 460 462 492 529 536
6 921 1845 1999 2507 2815 3969
6 1153 1669 2117 2821 3301 3640
6 1736 2596 2656 2671 3598 6927
6 322 478 695 904 1043 1825
6 338 455 458 460 480 498
6 14091 14097 14098 14099 14102 14105
6 417 520 522 526 675 683
6 1177 2172 2372 2715 4409 5188
6 963 1381 1472 1476 1768 2262
6 1170 1680 1973 2507 3363 4032
6 532 946 950 1025 1038 1171
6 3653 5479 5505 5515 8715 10035
6 612 1089 1145 1152 1654 2262
6 487 859 866 960 1074 1098
6 1163 1518 1983 1986 6364 12659
6 371 492 512 530 695 900
6 914 2175 2364 2369 3493 4086
6 519 1088 1090 1092 1389 1623
6 691 1447 2066 2070 4927 5353
6 2743 4409 4573 4855 5602 9684
6 635 1511 2049 2331 5114 7372
6 5923 8432 8479 9943 10571 11237
6 527 1005 1063 1064 1085 1142
6 14243 14249 14250 14251 14254 14257
6 869 1698 1730 1875 3243 3844
6 14297 14303 14304 14305 14308 14311
6 1413 3090 3429 3444 6402 7005
6 3008 3928 4014 4827 4834 8084
6 1955 3826 4030 4069 5917 8037
6 504 597 701 770 1109 1425
6 1815 3953 5921 6443 11927 14372
6 371 869 950 990 1052 1095
6 434 842 849 1066 1098 1367
6 3320 6484 6756 12295 14397 14400
6 418 527 532 538 708 845
6 371 534 536 894 1036 1237
6 343 460 469 480 522 536
6 1371 2463 2507 2718 3263 4515
6 187 868 871 891 992 1066
6 673 2957 3282 3350 4397 5412
6 480 942 1232 1234 2968 3345
6 299 323 325 326 349 479
6 850 1085 1158 1204 1942 2586
6 482 687 698 770 957 1038
6 438 952 1081 1086 1391 1805
6 455 538 663 673 685 957
6 799 1097 1146 1189 1368 1403
6 597 1096 1237 1403 2549 3180
6 340 460 496 538 686 788
6 1368 2594 2632 2641 3210 3851
6 343 522 525 536 640 781
6 726 1197 1240 1351 1403 1536
6 3416 4188 5299 8979 9633 10443
6 323 517 519 528 674 904
6 294 354 358 462 677 1450
6 486 908 1066 1090 1175 1373
6 526 1034 1038 1180 1581 3059
6 1035 1330 1338 1341 1363 1630
6 532 1391 1536 1766 2968 4380
6 418 601 842 849 946 1100
6 710 1231 1381 1391 1798 2328
6 695 897 961 1383 1423 2076
6 1010 1881 2511 2515 3166 4622
6 598 1039 1081 1113 1634 2016
4 14530 14536 14537 14538
6 482 807 894 963 1170 1186
6 433 708 710 831 894 1100
6 292 433 504 531 683 894
6 527 962 1039 1088 1391 1624
6 950 1368 1506 1511 1976 2122
6 444 1107 1194 1283 1291 1312
0
6 921 1454 1691 1696 3566 4657
6 1216 1417 1460 1504 1805 2722
6 304 338 343 346 522 695
6 954 1988 1991 2604 3227 3722
6 2648 2657 3477 4755 8309 10785
6 480 538 698 700 908 963
6 469 539 685 699 709 1081
6 475 695 702 719 898 1435
6 527 908 943 973 1039 1504
6 2380 3816 4176 4707 7663 10424
6 315 343 346 452 469 525
6 433 623 703 709 1081 1142
6 419 527 533 540 684 894
6 663 1048 1438 1455 1593 2957
6 480 1023 1025 1028 1036 2010
6 889 1753 1956 2262 3182 4600
6 303 320 327 338 449 460
6 527 894 971 980 1235 1506
6 748 1107 1397 1403 1959 1964
6 2024 3444 3473 3692 4045 6230
6 1773 5163 5685 6558 11543 14648
6 390 473 519 525 906 2957
6 326 522 529 537 693 904
6 541 1100 1381 1415 1600 2552
6 319 460 461 462 528 675
6 1369 2640 2641 2820 3180 4640
6 4117 4727 4788 5301 6647 11166
6 480 626 842 850 1142 1372
6 530 799 1034 1171 1177 1188
6 739 1004 1107 1113 1404 2454
6 938 1328 1349 1351 1363 1801
6 217 1039 1109 1142 1386 1864
6 1459 2430 2432 2434 2452 2881
6 825 959 1168 1409 1542 2556
6 344 519 520 526 695 897
6 323 455 459 478 519 695
6 608 908 923 943 973 1177
6 326 904 1028 1033 1535 2205
6 423 608 609 699 703 848
6 711 859 865 950 1113 1240
6 1233 1406 1459 1460 2112 2336
6 412 700 709 727 1053 1234
6 4716 5015 5016 5019 5995 10625
6 460 529 530 538 695 894
6 1074 3394 3395 3396 3411 8176
0
6 1136 1702 1705 1905 3177 3960
6 525 695 906 959 1370 1454
6 294 319 327 338 349 460
6 459 517 525 537 674 695
6 418 453 522 532 683 877
0
6 957 1191 1392 1401 1858 1895
6 1081 1866 2688 2958 3438 5352
6 703 1235 1240 1369 1663 1864
6 327 449 460 484 674 958
6 3242 4526 5312 6316 10109 11204
6 3810 6582 8557 9097 11524 13872
6 506 809 823 837 1095 1207
6 1230 1880 1895 2485 3631 4124
6 2650 8908 10233 10747 10845 12697
6 2466 3421 3702 3982 5788 9590
6 922 1109 1110 1122 1213 1852
6 6169 10427 10439 11090 12682 14868
6 5860 11080 13790 14886 14889 14892
6 977 1763 2025 2822 3363 3961
6 1240 1363 1403 1406 1504 2250
6 346 537 542 673 691 788
6 969 1784 1845 2725 4042 4878
6 1624 2590 3220 3808 6977 14934
6 455 1033 1036 1420 2065 2919
6 343 638 695 880 1043 1762
0
6 527 1109 1155 1368 1510 1864
6 322 452 455 458 526 540
6 527 1366 1381 1391 1501 1763
6 4037 6034 6042 6614 11107 11385
6 705 942 950 957 1349 1677
6 909 1240 1338 1342 1360 1663
6 1235 1883 2443 2515 3820 5073
6 14075 14116 14994 14995 14998 15001
6 992 2536 2542 3050 3992 8475
6 1630 2837 3099 3843 5253 6892
6 542 887 894 952 1547 1763
6 450 487 492 675 898 957
6 438 950 1025 1089 1447 2614
6 460 494 498 512 695 1023
6 1942 3715 4011 4104 4711 6021
6 349 456 463 480 505 904
6 683 950 992 1005 1063 1070
6 6688 14619 15058 15059 15062 15065
6 948 1513 1651 1988 2777 3368
6 520 685 697 710 971 1186
6 2668 3919 5190 6439 7542 9642
6 1107 3173 3180 3253 5021 10579
6 695 793 894 992 1600 4176
6 1212 1524 1880 1964 2360 2476
6 532 677 681 685 1038 1097
6 859 1604 1611 2068 2211 3280
6 315 449 455 460 695 899
6 1036 1672 1800 1846 2646 3332
6 4397 15143 15144 15145 15148 15151
6 300 315 317 318 326 397
6 4214 7234 7819 7830 11323 15156
6 948 2322 2323 2324 3949 6895
6 3031 3783 3852 3870 4344 5098
6 1518 2991 3433 3698 5053 6230
6 697 866 1063 1066 1155 1961
6 292 426 447 455 527 585
0
6 859 1240 1781 1963 2596 3576
6 1854 2903 3425 4095 4523 4884
6 455 517 536 640 680 781
6 2727 4408 4515 4963 6926 10545
6 2315 4363 4526 6785 6803 7200
6 464 889 1029 1034 1180 1192
6 593 1036 1100 1107 1237 3090
6 459 640 781 957 1237 1664
6 418 449 463 533 845 1053
6 418 530 532 534 683 710
6 455 525 534 538 683 1023
6 684 1107 1126 1374 1772 1975
6 1949 2522 3048 3257 3624 4011
6 460 526 529 540 683 697
6 703 1097 1385 1387 1399 1968
6 532 982 1072 1234 1374 2365
6 478 674 680 695 1033 2528
6 3281 6742 6760 9117 11026 13337
6 612 1230 1403 1495 1506 1962
6 1101 1402 1403 1404 1991 2332
6 3986 7936 9363 9365 9598 9604
6 493 1043 1095 1342 2164 2956
6 1826 4282 4624 6012 7054 11102
6 1929 3211 3304 3566 4107 4348
6 1407 2767 2814 2835 3433 3845
6 511 919 921 942 973 1330
6 942 2777 3265 3274 3526 5138
6 968 1508 1511 1649 1973 2571
6 1396 2100 2635 2784 3960 6355
6 722 908 909 950 1117 1240
6 428 703 709 712 973 1137
6 2011 3045 3816 4285 4526 5115
6 6822 13978 15381 15382 15385 15388
6 1504 3165 3601 4401 5660 6924
6 845 956 969 973 1122 1375
6 532 886 887 894 1089 1366
6 305 338 368 369 373 460
6 894 1956 2110 2160 2443 2618
6 15055 15418 15419 15420 15423 15426
6 3808 8716 8718 9224 10496 11460
6 15465 15471 15472 15473 15476 15479
6 310 460 479 527 635 963
6 6967 13048 13051 13056 13763 15502
6 1039 2727 3464 3916 6121 11354
6 318 455 458 460 540 683
6 308 346 453 455 469 521
6 710 1506 1973 2515 2795 3236
6 849 1052 1063 1064 1088 1375
6 1140 1942 1949 2256 2580 3566
6 536 1032 1035 1082 1171 1900
0
6 2515 5879 6026 6042 6619 8312
6 944 1107 1110 1170 1518 2017
6 455 476 482 487 531 675
6 683 1447 1496 1510 2161 3081
6 1697 2648 2679 2755 4947 5530
6 1122 1401 1954 1960 2585 2791
6 770 1028 1039 1088 1389 1502
6 458 542 593 640 880 1028
6 1179 1661 1669 1844 2188 2199
0
6 1438 2424 2552 2588 2827 4020
6 223 527 703 709 896 1962
6 1089 2455 2558 2604 3702 4438
6 684 1604 1999 2047 3385 5560
6 950 1801 1959 2331 2882 3205
6 3020 5923 6614 8257 10384 11216
6 1772 3089 3782 3792 4621 5555
6 323 380 455 458 469 520
6 1114 1360 1630 1696 2297 3379
6 9213 10110 10380 11928 14864 15624
6 399 519 526 674 905 2509
0
6 809 1844 1861 1959 2696 2903
6 799 908 914 984 1095 1170
6 1839 11692 11714 13357 15129 15659
6 327 453 458 460 526 687
6 1211 1938 2068 2124 3620 4366
6 435 697 748 848 1023 1146
6 322 460 492 496 674 695
6 518 781 788 793 1032 1443
6 455 526 534 640 698 793
6 3736 4996 5556 5749 7594 9444
6 338 450 453 455 482 521
6 956 1824 1959 1962 2463 2718
0
6 1091 1663 1726 2724 3379 4717
6 1370 2328 2343 2344 2920 3831
6 460 542 629 673 781 957
6 12694 12701 12702 12704 12718 15735
6 295 527 609 703 950 1081
6 4860 11100 11108 11671 15609 15756
6 327 479 492 493 522 538
6 1373 3813 4167 4818 7674 10692
6 1265 1926 1942 2504 2810 3465
6 447 699 700 701 848 973
6 466 894 1029 1031 1096 1192
6 204 228 231 418 613 703
6 1029 1472 1671 1921 2587 2962
6 608 850 859 908 973 1113
6 460 538 640 673 680 781
6 3221 6092 6584 7509 8620 9244
6 598 894 976 980 1391 1919
6 299 314 326 338 517 695
6 1349 1417 1630 1748 2766 2844
6 2207 2956 3089 3195 4232 5000
6 3391 8663 8668 9691 10485 14497
6 290 300 304 346 412 459
6 540 1146 1180 1237 1391 2582
6 423 677 697 700 712 957
6 371 952 992 1052 1095 1385
6 308 394 460 462 539 2068
6 3792 5030 5411 5853 6733 10410
6 4030 6617 6618 7310 14526 15868
6 1369 2619 2820 3221 3423 3678
6 2061 3460 4390 5650 8634 15150
6 487 534 702 708 1039 1186
6 412 727 849 894 1405 2261
6 541 889 1088 1089 1723 2120
6 6177 10164 11216 11218 11225 12501
6 294 314 316 319 324 343
6 908 969 1032 1035 1330 1360
1 3424
6 344 783 793 894 1604 2506
6 346 526 537 538 675 691
6 710 1113 1146 1237 1360 1511
6 609 973 1080 1107 1412 1943
6 1107 1786 1809 2118 3598 4277
6 1600 2504 3287 3465 7869 9333
6 527 999 1113 1366 2012 5655
6 475 1434 2506 3058 3461 5823
6 310 336 338 346 460 520
6 319 452 455 458 492 526
6 4140 8713 9704 10117 12759 15608
6 492 673 958 973 1366 2410
6 1231 1511 1630 2106 2835 3221
6 799 1035 1171 1176 1197 1636
6 500 674 894 909 1089 1234
6 4765 6928 9349 9897 12389 16005
6 296 319 322 323 449 519
6 334 424 452 455 492 536
6 433 700 894 923 1039 1415
6 423 623 701 703 908 1230
6 228 431 433 596 616 748
6 424 898 972 1028 1434 1441
6 1042 1675 1731 2781 7241 10680
6 697 1066 1142 1370 1704 1778
6 1029 1381 1877 1959 2645 3673
6 292 691 879 880 894 1366
6 1417 2347 2365 2448 2853 3698
6 2036 3267 3429 3812 6258 7135
6 2932 4905 5461 6730 8911 10145
6 834 1171 1188 1197 1504 2135
6 418 540 673 683 849 1080
6 700 1004 1010 1067 1357 1455
6 460 688 711 727 859 1233
6 16094 16100 16101 16102 16105 16108
6 10122 13755 13757 13758 16127 16130
6 524 877 897 902 1038 2007
6 537 686 781 784 899 1449
6 1423 2511 3040 3053 4401 7372
6 1207 1932 1939 1943 3243 3733
6 16176 16182 16183 16184 16187 16190
6 748 1493 1962 1968 2567 3059
6 453 695 783 789 904 2007
6 3566 4105 4107 4109 4117 5508
6 948 1351 1357 1360 1522 1977
6 16225 16231 16232 16233 16236 16239
6 1248 1351 1355 1360 1512 1518
6 3479 4101 4426 8716 9570 11236
6 2682 4298 4780 5591 8417 11344
6 458 538 673 675 695 899
6 5681 11468 11541 11635 13082 16278
6 1959 3667 3670 4690 6400 6727
6 608 1095 1110 1237 2429 2534
6 12756 16315 16316 16317 16320 16323
6 1416 2835 3433 5036 5563 16342
6 572 1113 1397 1418 1811 1834
6 326 519 521 528 894 1496
6 681 1184 1189 1237 2819 4207
6 323 399 449 453 478 519
6 3149 5072 5505 5758 6612 8884
6 691 1369 1380 1845 1975 2830
6 894 1409 1501 1696 2122 2751
6 845 1177 1342 1403 1780 1959
6 360 492 537 673 698 793
6 310 505 532 880 942 1005
6 16398 16404 16405 16406 16409 16412
6 2522 3755 3808 5291 6092 8471
6 3187 5680 6026 6034 8660 16378
6 1717 3435 3703 3864 4580 7719
6 850 2571 2679 2718 2999 6026
6 1406 2250 2328 2767 2851 3444
6 4160 8418 8423 8516 9554 10220
6 4742 16265 16492 16493 16496 16499
6 1039 1680 1763 2250 2594 3423
0
6 311 353 455 459 517 882
6 308 343 404 449 492 540
6 806 1186 1217 1385 1532 3374
6 847 1393 1403 1440 1663 2164
6 372 538 668 673 695 793
6 296 430 484 490 520 536
6 976 1008 1074 1080 2918 3243
6 2084 3448 3450 3453 5213 8854
6 524 695 780 892 961 1089
6 2250 3569 7129 7248 9237 12586
6 950 1162 1204 2392 2564 3616
6 416 532 534 536 950 1176
6 5678 14382 15794 16560 16563 16566
6 295 323 343 360 677 789
6 371 461 480 492 524 674
6 697 1370 1374 1381 1623 1975
6 1039 1640 1660 1757 3037 3666
6 7594 10554 10557 10559 10566 16594
6 2621 2882 3997 4112 7114 8627
6 1835 6084 6548 10370 15914 16622
6 492 1028 1564 1921 4472 4930
6 712 2250 2610 2837 3993 7033
6 1081 2116 2118 2256 2580 3432
6 492 677 950 973 1031 1039
6 675 1170 1177 1191 1446 1845
6 612 1235 1380 1391 2262 2918
6 1102 1134 1240 1397 2404 4187
6 480 697 748 770 1187 1389
6 1532 2195 2368 2830 4145 4664
6 1396 3186 3222 3263 4298 5426
6 1455 2284 2286 2309 2612 3826
6 1008 1404 1454 1504 1877 2029
6 16687 16693 16694 16695 16698 16701
6 848 1233 2005 2647 3010 4215
6 3252 4503 4934 5737 10109 11903
6 3502 8198 8856 9955 9966 14585
6 801 1174 1175 1191 1788 1845
6 1232 1759 1766 1767 3354 4709
6 699 1032 1038 1039 1504 2161
6 2106 2605 3221 3304 4115 4360
6 16780 16786 16787 16788 16791 16794
6 1493 3336 4692 5200 6392 6624
6 1795 2472 2515 3244 6597 10393
6 944 1513 1660 1769 2355 2824
6 383 921 927 946 1370 1763
6 526 799 801 850 1066 1095
6 1026 1647 1664 1675 2633 3173
6 1039 1503 1506 1511 2116 3334
6 430 536 609 612 674 889
6 3221 4115 4133 4270 4711 6310
6 973 1746 1752 1757 2766 3354
6 324 476 479 485 541 832
6 889 1939 2410 3058 4669 6863
6 1089 2526 3182 3449 3756 4890
6 883 2164 2424 2427 2617 3280
6 854 1088 1101 1194 2392 2814
6 460 538 640 673 680 698
6 476 695 777 899 1050 1593
6 3616 6702 7505 7507 9621 10327
6 343 460 519 522 674 784
6 1081 1768 1961 1971 2124 2401
6 295 316 324 343 595 701
6 482 683 710 714 973 1366
6 913 1349 1351 1360 1769 2331
6 1931 2893 2896 2901 3280 6211
6 8707 10164 10460 11219 15456 16914
6 1815 2478 2585 2647 2680 3477
6 293 310 327 372 469 635
6 977 1237 1240 1340 1492 2071
6 3477 8309 9746 10228 11769 16938
6 2315 6807 6815 6816 8224 8253
6 600 1089 1100 1112 1381 1699
6 1240 1403 1794 1799 2328 2345
6 314 517 519 528 683 880
6 677 973 1381 1502 1763 4524
6 2594 3604 3869 3997 6092 7042
6 746 1552 1691 1696 3008 3498
6 419 526 528 539 778 1089
6 915 969 1171 1330 1663 1911
6 933 1349 1351 1355 1406 2326
6 852 1966 2211 2328 2575 3425
6 680 786 793 894 1419 2576
6 17000 17006 17007 17008 17011 17014
6 2211 2903 2910 3195 4491 6487
6 1631 2522 2797 2808 3195 3485
6 848 1504 1623 1869 2383 2521
6 2392 3721 4112 4600 9074 12101
6 748 963 971 1094 1503 1746
6 952 1857 2588 2656 2830 4141
6 2207 6758 7967 9667 12813 17070
6 712 1233 1381 1391 1407 1630
6 418 527 531 673 700 1177
6 748 1136 1171 1209 1787 1999
6 2003 2485 2899 2907 6479 8171
6 834 940 945 969 1110 1265
6 2585 3567 4625 5078 6440 6927
6 491 1095 1170 1461 1779 3029
6 12828 17126 17127 17128 17131 17134
6 2651 4918 7527 9439 10234 17152
6 1195 1518 1524 2458 3704 7179
6 698 908 909 915 1035 1360
6 434 848 887 894 1088 1391
6 415 534 608 703 1177 1397
6 882 1721 1763 1815 2161 2763
6 480 1039 1043 1081 1405 1508
6 843 988 989 992 1074 1835
6 933 1389 1401 1403 2157 2743
6 7627 17189 17190 17191 17194 17197
6 1385 1400 2068 3180 3949 4501
6 319 450 455 459 522 668
6 1767 4093 4296 4393 7100 8071
6 435 542 593 683 703 973
6 320 452 455 458 522 673
6 957 1845 1863 1895 2774 2921
6 517 683 698 788 1038 1447
6 430 992 1081 1142 2580 4033
6 1010 3252 3603 4496 17241 17244
6 522 1034 1038 1461 3851 4636
6 1968 2657 2661 2671 4232 4753
6 768 1053 1097 1122 1803 2349
6 1738 2585 3112 4148 6613 10690
6 317 517 519 698 1066 2010
6 427 697 748 849 1089 1381
6 460 593 683 684 880 971
6 422 683 848 854 1081 1391
6 7752 10324 10467 12152 12574 14022
6 3425 5128 6320 6855 8190 11102
6 295 311 325 326 460 519
6 346 492 520 522 673 695
6 683 904 960 1089 1375 3084
6 492 674 675 676 698 953
6 681 1172 1176 1177 1189 1493
6 948 1461 1630 1651 1895 2331
6 1859 2830 3361 3566 3639 4022
6 616 1089 1415 1624 2393 3975
6 2116 3754 3757 3764 4791 6120
6 720 1082 1095 1100 1136 1695
6 911 1147 1525 1694 1815 2661
6 6907 8957 9482 10127 16680 17355
6 1879 3099 3222 3243 3255 6274
6 1882 2429 2534 2841 3267 3845
6 927 1095 1105 1330 1999 2941
6 492 680 687 693 784 1025
6 991 1801 1877 1903 3395 4963
6 2506 4053 4247 4707 5642 8445
6 728 1366 1367 1369 1510 1934
6 479 897 1000 1067 1397 1595
6 334 455 458 460 519 691
6 1347 2941 2943 2946 4521 6162
6 455 675 897 899 1450 2483
6 936 1368 1455 1482 1699 2612
6 534 698 770 821 1043 1501
6 387 512 525 526 676 695
6 1702 3168 3207 4071 4802 8207
6 5544 8261 9569 10362 14350 17442
6 695 2007 2052 2914 3452 4059
6 534 1034 1035 1036 1171 1366
6 536 973 1037 1082 1240 1446
6 323 680 779 783 1421 2008
6 492 1012 1050 1189 1857 2526
6 285 529 532 593 851 976
6 695 1234 1237 1672 1798 3105
6 700 854 859 909 950 1171
6 1053 1960 1964 2357 3149 4176
6 680 1034 1050 1096 1450 2377
6 1058 1704 1818 1827 2024 2696
6 972 1403 1415 1600 2592 3431
6 1055 1883 1891 2507 4526 7172
6 435 1230 1503 1504 1511 1757
0
6 1146 2567 2580 2801 3438 3691
6 299 338 371 372 480 538
6 308 510 511 548 950 1571
6 2366 7880 8140 8291 9548 10486
6 6161 12197 12813 14075 15132 15823
6 603 1366 1381 1415 1506 2116
6 1406 2722 2766 2767 2835 2879
6 1453 2641 2957 3061 3783 5144
6 17562 17568 17569 17570 17573 17576
6 511 850 858 1066 1375 2331
6 232 505 527 608 850 1142
6 5072 11002 12412 13262 16364 17596
6 4098 7735 8127 8129 8133 8151
