9 55 59 66 70 71 75 81 84 87
9 105 109 116 120 121 125 131 134 137
9 148 152 159 163 164 168 174 177 180
9 193 197 204 208 209 213 219 222 225
9 242 246 253 257 258 262 268 271 274
9 288 292 299 303 304 308 314 317 320
9 289 296 332 336 337 341 347 350 353
9 370 374 381 385 386 390 396 399 402
9 223 413 420 424 425 429 435 438 441
9 294 319 451 455 456 460 466 469 472
9 399 481 488 492 493 497 503 506 509
9 296 319 455 518 519 523 529 532 535
9 553 557 564 568 569 573 579 582 585
9 221 505 599 603 604 608 614 617 620
9 633 637 644 648 649 653 659 662 665
9 300 397 532 674 675 679 685 688 691
9 224 527 705 709 710 714 720 723 726
9 737 741 748 752 753 757 763 766 769
9 293 304 470 537 654 680 781 784 787
9 802 806 813 817 818 822 828 831 834
9 414 609 847 851 852 856 862 865 868
9 283 294 419 684 703 877 883 886 889
9 288 302 322 344 346 456 695 897 900
9 912 916 923 927 928 932 938 941 944
9 608 695 954 958 959 963 969 972 975
9 983 987 994 998 999 1003 1009 1012 1015
9 312 449 494 531 537 698 1024 1027 1030
9 294 315 455 492 515 674 1034 1040 1043
9 283 748 1051 1055 1056 1060 1066 1069 1072
9 197 224 441 614 799 1080 1086 1089 1092
9 959 1101 1108 1112 1113 1117 1123 1126 1129
9 219 384 593 950 1100 1140 1146 1149 1152
2 1165 1169
9 487 534 957 1038 1082 1173 1179 1182 1185
9 1089 1194 1201 1205 1206 1210 1216 1219 1222
9 222 294 460 505 527 683 1081 1231 1234
9 1243 1247 1254 1258 1259 1263 1269 1272 1275
9 1288 1292 1299 1303 1304 1308 1314 1317 1320
9 1248 1330 1337 1341 1342 1346 1352 1355 1358
9 219 283 466 683 953 1081 1371 1374 1377
9 83 221 323 480 597 1000 1388 1391 1394
9 412 608 729 909 948 1122 1405 1408 1411
9 300 326 640 783 786 1421 1427 1430 1433
9 296 319 346 460 469 640 899 1033 1441
9 293 304 450 460 463 519 781 899 1235
9 252 283 505 695 727 950 1458 1461 1464
9 306 455 1434 1475 1476 1480 1486 1489 1492
9 221 244 697 727 748 973 1385 1501 1504
9 832 919 1240 1265 1328 1351 1514 1517 1520
9 822 1265 1533 1537 1538 1542 1548 1551 1554
9 296 324 469 492 519 638 1566 1569 1572
9 293 323 519 784 789 904 1582 1585 1588
9 423 1597 1604 1608 1609 1613 1619 1622 1625
9 482 848 1536 1636 1637 1641 1647 1650 1653
9 371 460 680 1025 1032 1176 1532 1662 1665
9 315 380 788 899 1089 1450 1677 1680 1683
9 290 469 704 1105 1109 1349 1694 1697 1700
9 1154 1710 1717 1721 1722 1726 1732 1735 1738
9 598 721 1746 1750 1751 1755 1761 1764 1767
9 176 185 372 1063 1088 1704 1780 1783 1786
9 548 700 859 919 943 1334 1795 1798 1801
9 1130 1604 1814 1818 1819 1823 1829 1832 1835
9 483 796 1186 1844 1845 1849 1855 1858 1861
9 871 989 1064 1869 1870 1874 1880 1883 1886
9 286 294 314 323 324 459 537 1023 1920
9 521 612 1930 1934 1935 1939 1945 1948 1951
9 469 530 859 1146 1367 1511 1963 1966 1969
9 935 1104 1341 1978 1979 1983 1989 1992 1995
9 283 287 296 314 322 380 680 904 2003
9 435 718 992 1493 1695 1881 2015 2018 2021
9 942 2029 2036 2040 2041 2045 2051 2054 2057
9 289 296 372 469 475 537 963 1033 1446
9 1900 1985 2077 2081 2082 2086 2092 2095 2098
9 424 584 1230 1506 1508 2108 2114 2117 2120
9 776 1147 2131 2135 2136 2140 2146 2149 2152
9 285 298 372 492 536 788 1438 1672 2162
9 822 1532 2173 2177 2178 2182 2188 2191 2194
9 2208 2212 2219 2223 2224 2228 2234 2237 2240
9 1108 1728 2254 2258 2259 2263 2269 2272 2275
9 2286 2290 2297 2301 2302 2306 2312 2315 2318
9 718 908 1095 1240 1265 1351 1805 2328 2331
9 593 845 1231 1778 2339 2343 2349 2352 2355
9 700 796 814 830 832 1531 2128 2364 2367
9 294 304 450 460 470 635 1432 1922 2375
9 586 850 2265 2386 2387 2391 2397 2400 2403
9 315 372 519 695 698 1038 1237 1844 2413
9 729 1406 2426 2430 2431 2435 2441 2444 2447
9 1194 1525 2027 2457 2458 2462 2468 2471 2474
9 300 458 1342 1994 2071 2484 2490 2493 2496
9 216 418 593 850 1080 1495 2409 2512 2515
9 292 300 338 480 492 537 698 1028 2523
9 214 304 957 1455 1547 2532 2538 2541 2544
9 486 796 1945 2258 2414 2555 2561 2564 2567
9 224 287 318 372 455 528 781 908 1403
9 184 223 437 703 748 1090 1391 1999 2122
9 221 292 709 854 1113 1381 2511 2586 2589
9 406 492 759 973 1032 1171 1661 1844 2195
9 265 596 1509 1880 1892 2604 2610 2613 2616
9 184 222 532 950 954 1095 1379 1877 2624
9 419 498 1029 1036 1110 1265 2633 2636 2639
9 1414 2131 2648 2652 2653 2657 2663 2666 2669
9 2665 2678 2685 2689 2690 2694 2700 2703 2706
9 718 908 1094 1351 1360 1977 2715 2718 2721
9 1220 1251 2731 2735 2736 2740 2746 2749 2752
9 729 950 1798 2328 2331 2357 2764 2767 2770
9 294 327 394 673 1894 2076 2091 2779 2782
9 527 848 1973 2444 2585 2793 2799 2802 2805
0
9 608 908 948 1207 1240 1360 2818 2821 2824
9 527 700 909 1240 1351 1417 2161 2332 2834
9 2843 2847 2854 2858 2859 2863 2869 2872 2875
9 1613 1937 2884 2888 2889 2893 2899 2902 2905
9 151 186 423 896 985 992 1017 2014 2534
9 530 821 1788 1912 2047 2922 2928 2931 2934
9 812 834 934 1104 1125 2157 2943 2946 2949
9 288 321 371 469 480 681 1050 1438 1547
9 295 321 455 635 640 899 1449 2161 2963
9 1223 2273 2976 2980 2981 2985 2991 2994 2997
9 697 799 1537 2562 2585 3005 3011 3014 3017
9 181 223 527 945 1035 1095 2602 3026 3029
9 371 506 779 1233 1240 1999 3040 3043 3046
9 286 310 450 492 531 674 1237 1571 3054
9 834 942 1794 2328 2331 2765 3064 3067 3070
9 205 616 2016 3078 3079 3083 3089 3092 3095
9 288 294 346 417 455 519 698 952 1450
9 279 286 305 343 356 459 695 963 1441
9 3111 3115 3122 3126 3127 3131 3137 3140 3143
9 294 304 343 460 492 526 680 788 1446
9 294 319 458 517 522 640 793 1033 1442
9 311 338 537 781 906 1025 1851 2523 2970
9 283 346 781 961 963 1254 3165 3168 3171
9 288 296 314 323 327 349 517 673 898
9 161 283 519 748 904 1234 1759 1968 3037
9 481 494 720 946 969 1177 2369 3200 3203
9 205 219 497 1081 1088 1934 3213 3216 3219
9 292 709 919 1101 1113 1404 2925 3228 3231
9 593 988 2473 3239 3240 3244 3250 3253 3256
9 383 635 983 1405 1418 2050 2610 3265 3268
9 288 295 321 343 449 519 904 1587 2079
9 288 298 336 450 460 683 1438 1919 2832
9 289 296 324 380 455 522 1441 2076 2091
9 287 299 320 372 492 532 897 1234 2506
9 1109 1971 3301 3305 3306 3310 3316 3319 3322
9 336 480 540 691 957 1035 1848 2525 3330
9 282 289 319 334 338 462 977 1438 2161
9 411 536 2337 2966 2968 3340 3346 3349 3352
9 318 397 475 534 674 850 1504 2420 3360
9 219 417 1366 2355 2359 3368 3374 3377 3380
9 466 512 908 944 946 1107 1905 2329 2963
9 1074 1235 2604 3395 3396 3400 3406 3409 3412
9 190 215 449 598 729 1503 3037 3422 3425
9 859 938 1363 1694 1798 2328 2953 3435 3438
9 368 473 788 1441 1449 2970 3449 3452 3455
9 214 251 293 310 326 498 897 1370 1496
9 944 1095 3199 3493 3494 3498 3504 3507 3510
9 298 449 536 1025 1100 2006 3284 3520 3523
9 2434 2440 3533 3537 3538 3542 3548 3551 3554
9 220 609 1109 1366 1369 1961 3086 3563 3566
9 217 340 612 1240 1780 1974 3593 3596 3599
9 1100 1618 1949 2264 2383 2585 3617 3620 3623
9 806 836 1090 1360 1512 2133 2951 3643 3646
9 244 413 697 1170 1186 1509 2122 2562 2588
9 222 418 759 1005 1035 1385 1795 2250 3201
9 406 422 593 720 848 1176 1805 2612 3664
9 457 859 1368 1857 2036 2438 3429 3673 3676
9 538 1450 2424 2436 2438 2452 3540 3548 3556
9 222 426 960 1233 1367 1877 3010 3244 3656
9 423 601 927 1101 1104 1402 1884 2354 3384
9 908 1207 1630 2355 2604 2949 3704 3707 3710
9 282 287 372 460 469 493 698 1397 2087
9 1183 1401 3722 3726 3727 3731 3737 3740 3743
9 859 1504 2727 3753 3754 3758 3764 3767 3770
9 977 1423 3779 3783 3784 3788 3794 3797 3800
9 157 214 569 1076 1089 1403 3327 3810 3813
9 160 184 516 952 1088 1116 1975 3222 3822
9 842 988 2003 2917 3334 3831 3837 3840 3843
9 294 338 492 519 674 698 1446 2599 3718
9 181 593 988 1053 1405 1877 3271 3701 3859
0
9 430 487 511 799 842 973 1845 2191 2823
9 3686 3874 3881 3885 3886 3890 3896 3899 3902
9 191 927 1370 1778 1782 2727 3265 3910 3913
5 3926 3930 3937 3941 3942
9 325 542 1968 2798 2903 3948 3954 3957 3960
9 225 438 1415 1778 1802 3037 3968 3971 3974
9 422 586 960 1391 1403 2522 3983 3986 3989
9 214 228 480 593 677 848 1142 1405 1962
9 795 814 1177 1531 1532 2128 3011 4015 4018
9 383 601 908 983 989 1403 2332 4039 4042
9 295 512 1100 2054 3177 4050 4056 4059 4062
9 828 909 945 1251 1267 1977 3379 4071 4074
9 805 823 1845 2194 2328 2830 4085 4088 4091
9 4101 4105 4112 4116 4117 4121 4127 4130 4133
9 531 759 1082 2368 2800 3374 4144 4147 4150
9 422 697 953 1098 1503 1786 3180 4045 4160
9 419 518 892 1091 1176 2004 3304 4170 4173
9 1245 1267 1524 4182 4183 4187 4193 4196 4199
9 289 300 320 336 343 455 640 1034 1731
9 214 399 963 1063 1066 1704 4212 4215 4218
9 178 197 505 960 1039 1081 1704 3171 4227
9 937 1333 1994 4235 4236 4240 4246 4249 4252
9 244 469 804 841 859 1107 1964 2229 2724
9 292 323 492 640 695 894 1403 1816 2768
9 726 1959 3916 4272 4273 4277 4283 4286 4289
9 878 1053 1390 1704 1877 3229 4297 4300 4303
9 1495 2328 4005 4314 4315 4319 4325 4328 4331
9 435 805 1095 1401 1403 1532 2177 2882 4071
9 447 493 1109 1845 1848 2599 3783 4345 4348
9 228 423 608 1107 1510 2269 4357 4360 4363
9 296 317 356 668 673 957 2004 3061 3783
9 181 337 843 977 984 1004 1233 1877 2613
9 836 1187 1538 2154 2724 3008 4404 4407 4410
9 296 315 460 528 536 673 793 1028 1604
9 289 296 380 455 460 673 1906 2077 2091
9 854 2620 4425 4429 4430 4434 4440 4443 4446
9 288 311 493 849 904 1586 2009 2885 3492
9 294 300 349 388 450 512 1593 2082 3287
9 293 312 346 460 462 537 898 1028 2919
9 283 288 304 314 326 478 1504 3200 4473
9 300 371 528 700 708 1038 2070 3178 4481
9 511 1276 1964 2696 2899 4490 4496 4499 4502
9 815 921 948 1333 1349 2157 3734 4511 4514
9 228 286 323 462 469 685 1502 1965 2509
9 219 410 436 603 608 845 1375 2119 2586
9 4533 4537 4544 4548 4549 4553 4559 4562 4565
9 296 338 460 492 496 720 1446 1567 3783
9 498 701 1110 1403 1794 2354 2950 3724 4186
9 289 296 312 343 450 540 1432 2161 4592
9 83 166 295 479 526 683 1370 1968 2524
9 277 292 424 508 527 687 1824 2524 3451
9 1845 2337 4355 4630 4631 4635 4641 4644 4647
9 314 327 458 535 537 695 1504 2523 4471
9 480 494 770 959 1011 1179 2830 3064 3960
9 911 950 1627 2360 2604 3407 4577 4670 4673
9 1151 1397 2879 3669 4080 4447 4686 4689 4692
9 317 340 522 542 673 683 1496 2961 3452
9 283 289 343 433 492 695 894 1762 3354
9 1636 4073 4713 4717 4718 4722 4728 4731 4734
9 769 1147 1826 2143 2149 2556 4742 4745 4748
9 277 286 314 343 346 470 2528 3153 4467
9 36 147 1286 1290 1293 1311 1326 3912 4234
9 302 319 460 674 675 788 2004 3330 4769
9 955 1779 3752 4777 4778 4782 4788 4791 4794
9 525 1082 1825 2431 3276 4803 4809 4812 4815
9 807 1187 1844 2598 2903 4021 4825 4828 4831
9 944 3230 4185 4839 4840 4844 4850 4853 4856
9 184 247 988 1072 1470 2020 3265 4096 4865
9 160 176 495 992 1000 1283 3948 4873 4876
9 495 701 834 1035 1091 1186 1548 2724 3642
9 181 223 710 953 960 1372 1883 3051 3218
9 299 319 450 460 492 674 899 1380 1453
9 1240 1363 2326 2764 2767 3437 4893 4896 4899
9 178 224 505 950 959 1781 3425 4157 4908
1 4918
9 289 300 346 522 537 788 1448 1922 4469
9 494 770 1176 1859 2199 2939 4946 4949 4952
9 389 868 1985 3230 3287 4961 4967 4970 4973
9 149 185 952 990 992 1018 1763 1883 3567
9 176 221 749 1268 1288 1779 3633 4144 4992
9 292 312 455 475 492 695 1234 1547 4466
9 1176 1542 2566 4712 4720 5008 5014 5017 5020
9 286 414 683 703 748 1351 1919 3180 5028
9 908 942 1794 2328 2538 2916 5038 5041 5044
9 700 845 1101 1122 1240 1363 2327 2360 3975
9 1398 1815 3916 5057 5058 5062 5068 5071 5074
9 1089 1175 1979 2574 2774 3868 5085 5088 5091
9 377 532 908 970 973 1351 3490 3743 5101
9 288 296 320 338 343 450 519 540 971
9 430 527 1097 1397 1403 1959 5117 5120 5123
9 223 322 458 480 492 534 807 1097 1381
9 469 992 1090 1495 1677 2551 3844 5133 5136
9 675 1450 5144 5148 5149 5153 5159 5162 5165
9 412 604 950 1360 1402 1700 4576 4674 5174
9 684 1030 1677 4301 4352 5183 5189 5192 5195
9 5203 5207 5214 5218 5219 5223 5229 5232 5235
9 908 933 1266 1349 1351 1363 1518 1794 2328
9 5248 5252 5259 5263 5264 5268 5274 5277 5280
9 419 612 1100 1495 1723 3180 5289 5292 5295
9 894 1107 1754 2169 2571 3185 5305 5308 5311
9 283 336 532 1039 1081 1754 3184 4708 5320
9 699 708 1123 1341 1359 2331 3184 4387 5328
9 292 327 593 700 729 894 1391 1766 1973
9 302 346 663 921 1023 1237 3522 4963 5339
9 377 556 848 1265 1360 1417 1964 2833 3361
9 167 221 748 1074 1370 1798 3181 4963 5352
9 293 304 338 455 458 480 695 1023 1434
9 181 435 515 871 969 1052 1704 3692 5361
9 5220 5236 5374 5378 5379 5383 5389 5392 5395
9 726 804 911 942 943 1171 1895 2332 2556
9 300 322 469 537 542 1042 2919 4702 5407
9 410 690 2122 3354 3666 5417 5423 5426 5429
9 407 2071 2091 3173 3287 4965 5440 5443 5446
9 798 909 1240 1352 1357 2941 3730 4242 5456
9 338 455 677 1240 1438 2525 4093 4386 5465
9 201 222 310 418 469 520 683 894 1366
9 701 1095 2017 2815 2826 4372 5477 5480 5483
9 593 728 950 1360 1403 1802 3441 5491 5494
9 293 308 519 540 541 1023 1586 2068 3533
9 1197 2588 4110 4687 4711 5477 5512 5515 5518
9 431 691 1685 3037 3248 3672 5529 5532 5535
9 909 1110 1360 1903 1905 2332 4053 4272 5543
9 325 460 695 1028 1033 1604 4470 5413 5553
9 909 948 1336 1363 1403 2737 4517 5545 5565
9 1288 1320 3171 5573 5574 5578 5584 5587 5590
9 289 312 371 463 466 530 942 1547 2763
9 289 346 684 1234 1367 2003 3282 4474 4704
9 327 438 1088 1237 1391 2562 5606 5609 5612
9 223 283 296 346 419 529 897 1089 1919
9 315 338 534 680 686 793 1240 1459 2005
9 469 522 1023 1547 2010 3336 5626 5629 5632
9 286 299 460 691 698 1053 2067 2766 4395
9 289 296 343 453 460 695 3720 5646 5649
9 228 501 973 1207 1230 1504 1962 2726 4032
9 264 286 372 480 512 673 1679 2087 3287
9 511 748 1691 2431 2661 3374 5670 5673 5676
9 1515 1526 3579 5038 5564 5687 5693 5696 5699
9 282 423 1089 1799 2328 2953 4893 5708 5711
9 287 293 314 326 327 455 536 673 698
9 286 296 452 519 528 859 2882 3719 5352
9 3630 5728 5735 5739 5740 5744 5750 5753 5756
9 157 214 700 850 894 1070 1778 2835 3691
9 909 1101 1403 1864 1959 2332 4373 5053 5770
6 1366 3991 5783 5787 5788 5792
9 424 579 1367 1401 1503 2143 4144 5798 5801
9 204 228 460 533 536 894 1235 1511 2413
9 480 825 1191 1605 1636 1861 4669 5811 5814
9 338 452 685 899 1031 1449 4926 5824 5827
9 1219 1548 2411 2567 2573 4014 5007 5837 5840
9 287 295 328 346 449 538 880 1444 2009
9 318 372 687 1029 1036 1381 3282 4488 5340
9 296 338 530 673 674 698 1121 2005 2639
9 300 325 462 522 536 695 1604 2919 5411
9 306 319 455 519 522 680 5127 5870 5873
9 301 365 480 538 542 698 1369 1509 1895
9 1187 1844 4788 5838 5839 5885 5891 5894 5897
9 289 435 1142 1736 1874 2582 4625 5906 5909
9 597 960 1399 1781 1826 2691 5917 5920 5923
9 976 1004 1888 4042 4810 5931 5937 5940 5943
9 5954 5958 5965 5969 5970 5974 5980 5983 5986
9 285 289 304 327 334 354 536 695 1234
9 415 480 708 1124 1190 1397 2966 3345 4718
9 701 821 1036 1511 1537 1672 4105 6000 6003
9 427 612 1630 1892 2250 3310 5294 6013 6016
9 3630 5173 6028 6032 6033 6037 6043 6046 6049
9 597 709 1395 1700 1949 2696 5426 5923 6058
9 482 530 973 1184 1197 2116 3336 6066 6069
9 1080 1738 3374 4159 4300 6077 6083 6086 6089
9 418 534 1088 2124 2392 2581 4178 5317 6098
9 189 322 527 847 889 1107 1845 2594 3872
9 950 1240 2139 2767 3029 3761 5132 6111 6114
9 484 511 1095 1865 1916 2774 3682 4258 6123
0
9 286 300 346 680 690 1028 2005 2077 2504
9 1265 1360 2724 5381 6136 6140 6146 6149 6152
9 815 911 1122 1333 1340 1518 1961 2366 3571
9 224 279 595 942 950 1113 1418 2016 2332
9 288 302 320 450 459 519 1587 1922 4773
9 1613 1964 3606 6188 6189 6193 6199 6202 6205
9 197 231 492 674 687 889 1423 1511 1763
9 282 294 318 371 380 466 674 686 957
9 847 1342 2818 6216 6217 6221 6227 6230 6233
9 281 310 1586 2205 2211 4935 6244 6247 6250
9 828 946 2020 2924 3388 4807 6258 6261 6264
9 293 302 334 455 458 537 1023 1234 1919
9 770 1173 2420 4150 4153 6290 6296 6299 6302
9 282 287 356 453 458 683 980 1082 1919
9 480 548 976 1176 1188 1405 3045 3566 6316
9 1755 2766 4381 5107 5321 6326 6332 6335 6338
9 806 834 1095 1272 1351 1861 3643 4410 6347
9 871 1385 2029 5127 6355 6359 6365 6368 6371
9 148 419 963 1095 1240 2354 3425 4224 5116
9 201 220 447 597 703 1035 1385 1495 1754
9 293 304 336 450 455 519 1028 1449 1593
9 293 304 458 522 525 680 1025 1419 2066
9 491 531 1037 1397 1504 2830 3659 4718 6390
9 718 834 940 1240 1265 1351 1512 1795 2328
9 338 458 541 1026 1028 1673 4963 6400 6403
9 799 1172 1680 3336 4071 4711 5182 5814 6412
9 286 294 323 460 472 537 2068 4609 6181
9 940 1404 2136 2634 2942 3384 4677 6427 6430
9 533 1064 1817 2255 3138 3917 5800 6276 6440
2 1081 1961
9 224 295 512 541 593 950 1502 2161 3526
9 1031 1192 5200 6451 6452 6456 6462 6465 6468
9 1435 1964 2237 3195 3320 6476 6482 6485 6488
9 294 433 673 1038 1235 1754 3180 4008 5620
9 224 289 305 338 371 520 729 904 1449
9 289 300 372 460 492 538 695 957 1036
9 292 310 380 517 519 536 675 695 894
9 2755 3630 6506 6510 6511 6515 6521 6524 6527
9 282 288 296 327 343 469 1028 1374 1920
9 424 673 1230 1932 1943 2392 4115 6536 6539
9 289 303 343 538 638 959 2005 4468 4704
9 451 1006 6122 6556 6557 6561 6567 6570 6573
9 285 292 305 321 323 372 519 695 899
9 221 705 986 1004 1081 2532 6588 6591 6594
9 481 776 921 1095 1110 1349 2767 3864 6602
9 294 305 336 372 380 475 674 695 793
9 232 615 763 1409 1414 1738 4146 6035 6612
9 677 1039 1186 1926 2554 4018 6311 6620 6623
9 153 880 990 1008 1010 1876 2551 5136 6572
9 161 505 984 1153 1786 2532 4351 5708 6639
9 224 371 497 699 701 914 973 1095 1763
9 495 534 1191 1664 1857 2920 4711 4726 6071
9 1035 1794 4189 6653 6654 6658 6664 6667 6670
9 593 623 2455 3327 3410 3988 6678 6681 6684
9 960 1176 1854 2830 3007 4456 6692 6695 6698
9 505 700 859 1080 1113 1403 2586 3567 5034
9 341 380 663 2087 2626 3783 6711 6714 6717
9 36 852 1306 3501 3692 4767 6726 6729 6732
9 1830 2886 2903 6477 6478 6741 6747 6750 6753
9 439 609 1395 1934 1942 2400 3613 3982 6276
9 223 419 1080 1385 1389 1926 4624 6767 6770
9 638 992 1788 6382 6588 6780 6786 6789 6792
9 722 940 1991 2302 2308 2767 6803 6806 6809
9 3481 6512 6820 6824 6825 6829 6835 6838 6841
9 166 184 729 891 992 1076 1698 1786 3181
9 1727 3477 6835 6861 6862 6866 6872 6875 6878
9 700 729 1134 1360 1363 1526 3401 4188 5564
9 872 1207 1409 1983 1988 3383 6620 6898 6901
9 315 322 452 464 469 522 681 698 1038
9 593 880 999 1072 1404 2014 2913 4865 6911
9 167 221 505 700 854 962 1805 3668 5801
9 1052 1385 2455 3394 3406 5177 12070 17620 17623
9 101 227 513 1053 1109 1268 2471 3171 3949
9 640 1240 3347 4377 4378 4420 6909 6933 6936
9 916 946 1351 2331 2463 4960 6946 6949 6952
9 201 227 426 492 498 512 701 992 1112
9 908 947 1403 2128 2157 2764 2953 4096 4894
9 412 585 1103 1137 1385 1842 3751 4957 6968
9 505 728 1455 2052 2262 3265 6977 6980 6983
9 593 709 1872 2409 2463 2613 6991 6994 6997
9 738 1217 2089 4810 4812 7005 7011 7014 7017
9 527 848 1381 2519 2567 3010 7025 7028 7031
9 197 220 428 527 703 1081 1389 1502 1949
9 322 380 520 673 674 921 1772 2007 4467
9 7051 7055 7062 7066 7067 7071 7077 7080 7083
9 1094 1374 1872 2161 2250 3090 7092 7095 7098
9 484 556 815 908 946 1104 2364 4059 5315
9 284 289 314 336 338 517 680 793 899
9 325 556 712 854 859 1230 2328 2604 3484
9 283 300 397 480 492 538 1370 1447 2066
9 356 536 2960 4925 5432 7121 7127 7130 7133
9 401 1090 3948 7141 7142 7146 7152 7155 7158
9 225 418 960 1230 1366 1502 1973 2592 3363
9 219 228 527 848 960 1098 2107 2178 4935
9 279 289 311 325 327 455 520 695 1053
9 1197 1645 4114 4291 4683 4713 5516 7177 7180
9 286 293 314 326 327 455 480 537 898
9 187 988 1005 1018 1064 1882 4039 6033 6639
9 300 492 673 697 698 952 1089 1758 2079
9 223 372 673 1097 1117 1368 1483 2161 2618
9 193 597 1775 2661 2718 3027 6120 7207 7210
9 845 940 1417 2478 2522 4011 7220 7223 7226
6 282 288 340 517 522 4657
9 338 455 784 1235 1237 1581 5642 7237 7240
9 244 430 859 1081 1109 1406 1962 2610 3090
9 466 556 854 1231 1342 1406 2766 3975 6805
9 223 372 527 894 921 1039 3180 4052 6770
9 832 909 1251 1342 1349 1363 1960 2745 3471
9 950 1158 1965 2612 3092 6398 7271 7274 7277
6 228 435 1704 5361 5364 7288
9 310 338 529 675 680 900 2526 3282 4601
9 286 294 343 777 781 1042 3295 4395 6505
9 157 184 866 1060 1074 1107 1482 4233 6155
9 292 304 372 492 520 640 793 1025 1442
9 245 279 293 300 304 322 372 478 695
9 228 519 854 992 1025 1105 1694 1794 2328
9 2668 6064 7314 7318 7319 7323 7329 7332 7335
9 286 295 343 455 517 695 1547 2087 3061
9 283 289 317 346 372 538 1023 1593 2006
9 283 292 343 473 519 685 1366 1446 2005
9 300 406 534 680 681 1028 1446 1675 2504
9 223 480 1323 1722 1968 5458 6736 7354 7357
9 5113 5125 7369 7373 7374 7378 7384 7387 7390
9 7406 7410 7417 7421 7422 7426 7432 7435 7438
9 491 501 675 821 921 1342 2641 4885 7447
9 745 1158 7008 7458 7459 7463 7469 7472 7475
9 418 505 845 854 855 973 1495 1864 2253
9 498 701 957 1170 1330 1864 3064 3513 5188
9 223 608 1342 1600 1624 2588 7483 7486 7489
9 312 334 480 675 680 904 1587 3176 3520
9 418 1097 1872 2607 2619 4522 7505 7508 7511
9 406 512 894 977 1025 1197 3169 3330 4963
9 1097 1618 2515 3620 3956 7524 7530 7533 7536
9 294 327 492 537 673 784 1023 1438 4266
9 798 913 950 1349 1397 1902 3388 4258 5339
9 192 701 1808 2715 2815 3507 6138 7356 7557
9 418 492 1034 1189 1191 2329 3870 4350 4724
9 612 1367 2518 2835 2879 5719 7578 7581 7584
9 530 759 1170 1175 1176 1186 1845 2599 2827
9 521 718 973 1037 1101 1240 2211 2769 3279
9 296 460 674 698 887 1028 2079 2504 3465
9 1404 2549 4680 5777 6047 6905 7613 7616 7619
9 683 1544 3354 5290 6092 7627 7633 7636 7639
9 293 300 338 458 460 519 695 899 1237
9 687 1029 1176 1189 1192 1663 2599 4082 5825
9 1485 2036 3042 5662 6380 7654 7660 7663 7666
9 282 289 310 324 325 460 695 1063 1440
9 336 466 702 1238 1240 1689 2966 3077 4604
9 283 295 527 677 695 950 1746 2029 2425
9 300 394 608 793 851 1028 1864 2079 2779
9 294 304 346 469 525 680 1028 1443 1450
9 159 184 383 485 487 952 1095 1704 4890
9 167 593 1074 1685 1698 2511 3258 3817 4300
9 624 709 1110 1402 1403 1634 2814 2878 4576
0
9 176 201 412 505 531 955 1109 1367 1391
9 817 1376 3374 3699 3741 5424 7042 7704 7707
9 285 371 480 492 512 957 1369 1845 2936
9 908 944 1634 2136 2454 2726 4079 5038 7716
9 611 847 955 1360 1403 1630 3195 3631 6586
9 701 940 1349 2950 3401 3730 7730 7733 7736
9 566 859 1460 2841 2879 4039 7270 7746 7749
9 812 837 1095 1265 1349 1403 2364 2818 4191
9 350 494 1121 1184 1191 1845 4178 5621 7108
9 7771 7775 7782 7786 7787 7791 7797 7800 7803
9 334 529 1592 4584 5606 7811 7817 7820 7823
9 294 326 673 1386 1440 3454 6107 6548 7832
9 438 685 1722 3376 3390 5681 7843 7846 7849
9 444 512 1291 1697 1698 2450 4957 6406 7858
1 7866
9 593 854 1363 1795 1802 2991 5719 7869 7872
9 198 426 712 1052 1074 1146 2688 3691 7035
9 1448 4472 6758 7888 7889 7893 7899 7902 7905
9 706 883 2428 2440 2441 3534 5031 5642 7915
9 575 1413 3004 6769 6904 7926 7932 7935 7938
9 167 232 988 1064 1080 1504 4224 6097 7948
9 197 410 847 973 1107 1293 1769 2814 3912
9 211 228 609 850 1096 1495 3221 3618 4003
9 214 283 527 709 712 977 1235 1381 3451
9 283 292 322 372 455 635 1754 3151 3783
9 325 898 2207 2331 2886 6476 7964 7967 7970
9 286 294 343 519 532 781 1571 2115 3173
9 282 292 319 460 517 673 1370 1811 3507
9 1602 1937 2901 3320 3762 6487 7984 7987 7990
9 483 530 957 1036 1240 2065 4718 5995 6394
9 151 184 288 322 325 505 1052 1100 1391
9 1781 3801 8006 8010 8011 8015 8021 8024 8027
9 184 228 1053 1088 1089 1778 8035 8038 8041
9 460 492 682 807 1026 1184 1857 2599 3826
9 944 1272 3580 3852 4094 6162 8055 8058 8061
9 761 1207 3704 5122 5322 6460 8074 8077 8080
9 259 288 908 1265 1397 3463 6287 8088 8091
9 833 1187 1557 2195 2554 3008 5016 8099 8102
9 486 501 1136 1188 1532 2641 4144 4781 6066
9 358 579 1450 2435 2766 3553 5642 8115 8118
9 221 372 1039 1960 1965 2763 4476 5722 8620
9 1267 2815 6132 8129 8130 8134 8140 8143 8146
9 487 510 802 973 1107 2641 4095 7481 8155
9 319 449 517 695 778 1033 1446 2164 3218
9 321 349 480 539 673 788 2528 3347 8165
9 224 322 894 1035 1089 1240 2648 3027 4408
9 338 455 680 788 899 1689 4176 8177 8180
9 244 488 807 1107 1122 1176 1630 1959 2814
9 909 915 938 947 948 1328 1346 1360 1518
9 435 859 1064 1504 1525 2455 3244 3705 5138
9 310 327 638 894 898 1772 3828 5681 8211
9 1763 4281 8227 8231 8232 8236 8242 8245 8248
9 1153 2261 3021 4272 4984 8258 8264 8267 8270
9 703 1035 1973 3222 3424 5035 8280 8283 8286
9 286 293 310 372 383 586 921 2205 4810
9 214 239 600 712 952 1373 4300 6772 8300
9 197 232 806 845 850 1122 2136 2634 4201
9 4188 8129 8151 8317 8318 8322 8328 8331 8334
9 3445 7754 8347 8351 8352 8356 8362 8365 8368
9 282 292 426 479 517 748 1381 1939 2594
9 533 992 1400 2504 2515 3251 4617 5424 8378
9 282 300 529 695 877 1097 1919 2122 3251
6 729 1417 4444 6995 7255 8391
9 466 488 531 806 821 1136 1864 2365 3209
0
9 834 911 1335 1351 1355 1518 2724 3201 3643
9 260 293 326 537 748 1587 3280 4472 6246
9 4778 6103 8412 8416 8417 8421 8427 8430 8433
9 406 422 612 1100 1154 1495 2068 2580 3612
9 296 372 538 708 880 948 2079 3037 4052
9 286 296 372 512 673 1374 2082 4808 4813
9 206 229 505 610 616 848 1849 2476 2604
9 209 430 859 1109 1122 1404 3698 4576 5053
9 223 371 950 1286 1334 1720 5096 8221 8463
9 434 889 1932 2401 2514 2562 4626 6092 8472
9 921 947 1701 2040 2431 4578 6433 8483 8486
9 178 219 438 598 600 1097 1971 2590 6092
9 221 430 854 1081 1233 1544 2879 5294 8501
9 221 228 701 720 908 973 1363 1403 1506
9 287 292 312 338 343 492 695 963 1675
9 530 804 1653 2331 2575 3345 5995 8515 8518
9 327 492 950 1438 1450 1680 3336 8526 8529
9 423 505 1404 1547 2040 2835 5119 8537 8540
9 259 286 343 459 695 1454 4474 8548 8551
9 718 848 1240 1417 1504 1961 3363 6399 8559
9 285 290 303 319 323 397 517 538 899
9 748 1012 2483 3601 3633 4947 8569 8572 8575
9 699 726 1360 1406 1417 2032 2833 3433 4373
9 327 473 903 1177 1237 1919 3611 4813 6311
9 578 2766 6813 8089 8592 8596 8602 8605 8608
9 423 593 1080 1381 1505 2521 4528 8399 8509
9 423 532 1109 1366 1758 3822 5113 8036 8624
9 1418 2031 3429 5620 5662 8633 8639 8642 8645
9 296 319 450 462 469 673 781 1023 1443
9 412 438 1053 1722 1736 2596 3982 6278 8654
9 797 828 940 973 1197 1363 2364 2823 3783
9 311 397 525 960 1047 1171 1696 4933 5722
9 323 780 1731 3464 3465 4478 8674 8677 8680
9 506 1107 1861 2478 3201 6929 8691 8694 8697
9 500 701 1035 1134 1141 1772 8643 8722 8725
9 343 703 1604 3422 4472 8735 8741 8744 8747
9 726 989 2328 2538 2542 3464 5037 8755 8758
9 419 506 1777 1894 2091 2786 4351 6127 8580
9 219 989 1400 1886 1968 2798 4161 4623 7948
9 287 310 383 480 517 781 1587 1973 2361
9 3522 4474 8555 8783 8784 8788 8794 8797 8800
9 8249 8810 8817 8821 8822 8826 8832 8835 8838
9 356 673 1369 2820 3218 3677 4646 7715 8846
9 1848 2101 8855 8859 8860 8864 8870 8873 8876
9 616 1150 3615 3982 4010 5811 8885 8888 8891
9 184 418 709 1005 1052 1081 1388 2134 3816
9 509 1089 1698 3401 3417 5788 8906 8909 8912
9 294 308 327 458 460 505 540 898 1435
9 699 708 942 1177 1232 1504 2065 3184 4683
9 327 455 492 963 1026 1664 2967 3167 3367
9 222 529 1081 1391 1400 1939 2524 3251 4602
9 452 538 2528 3355 3526 5863 8934 8937 8940
9 799 1035 1179 1857 1959 2809 4456 5117 7008
9 702 957 2053 3673 4355 5303 8951 8954 8957
9 382 458 537 784 963 1443 2076 2102 4467
9 288 294 369 524 526 668 877 1000 2087
9 701 726 909 1110 1122 1265 1524 2354 4071
9 1252 1351 3471 6132 6516 8975 8981 8984 8987
9 466 635 719 957 973 1366 1762 2337 3783
9 294 319 468 525 529 673 1496 2079 4482
9 296 351 469 695 788 898 1788 2485 4072
9 223 480 1170 1366 1788 2830 8617 9005 9008
9 308 327 460 525 532 677 1189 1443 2957
9 865 988 1869 1883 1884 2916 5708 5940 7191
9 290 296 322 338 343 462 538 698 1028
9 214 228 511 701 712 848 1403 1604 2068
9 167 435 956 992 1005 1070 1369 3171 4228
9 1074 1197 1877 3242 3394 4447 8090 9033 9036
9 201 222 327 371 372 449 673 876 1240
9 294 311 455 536 537 973 2067 3356 5863
9 283 289 327 383 455 537 781 880 1028
9 251 289 327 460 492 683 1028 1370 2522
9 1405 1460 2916 6561 6566 8351 9057 9060 9063
9 520 877 2514 3808 3998 5801 9073 9076 9079
9 850 1058 2511 3414 3705 4622 8694 9089 9092
9 739 1357 2552 3075 3604 6064 9100 9103 9106
9 722 859 1363 1998 2168 2763 4081 5719 7917
9 232 735 1784 2657 2671 3916 5238 8312 9122
9 282 288 512 1105 1235 2029 4802 7104 9130
9 700 852 1004 1342 1349 1406 1890 2327 2604
9 289 318 327 371 452 462 539 1033 1593
1 460
9 286 296 319 326 327 450 492 693 1448
9 294 322 469 793 894 1443 4483 8936 9141
9 521 1446 2886 6359 6425 6479 9152 9155 9158
9 294 449 777 1192 1450 2463 4817 7018 9166
9 228 498 894 1035 1043 1805 3368 8513 9176
9 1459 2962 5330 8119 8362 9185 9191 9194 9197
9 1220 2478 3484 5177 6001 9206 9212 9215 9218
9 950 1357 2168 2332 2448 2814 5695 8585 9226
9 419 593 1008 1495 1504 2522 3296 3668 7173
9 701 943 1403 1799 1801 2365 3063 4096 4905
7 1506 3218 9244 9248 9249 9253 9259
9 287 295 312 326 327 459 519 777 1466
9 509 1066 3166 3949 3962 5463 9023 9265 9268
9 911 928 1341 1406 1801 3579 5569 6146 7747
9 531 770 821 1178 1183 1532 2703 2939 4017
9 289 295 314 343 371 519 894 963 1442
9 184 231 1089 1736 1743 1975 3166 3240 3919
9 909 1334 1536 2331 2332 3439 6231 7744 9289
9 700 712 948 1097 1113 1349 2250 2915 4041
9 430 608 1723 3037 3221 6081 7924 9302 9305
9 283 293 319 338 343 453 517 538 698
9 286 293 318 336 338 455 685 1450 2785
9 1112 1216 2614 4957 6902 6996 9319 9322 9325
9 1906 2079 3915 5642 8859 9336 9342 9345 9348
9 9356 9360 9367 9371 9372 9376 9382 9385 9388
9 419 511 1080 1367 1501 2511 4232 5765 6775
9 223 973 1289 1525 1695 3037 7301 9402 9405
9 221 283 334 455 460 557 1095 1405 1784
9 624 806 1136 1369 1416 2337 2724 3068 6008
9 289 452 631 953 963 2029 3465 3719 9419
9 349 464 681 1038 1180 2161 4291 5109 6466
9 626 969 2607 3212 3374 4124 6321 7842 9433
9 300 700 894 921 923 957 1360 1406 3425
9 469 1668 4943 6485 7594 9445 9451 9454 9457
9 224 418 511 608 701 846 1035 1240 1403
9 908 940 1339 1351 1357 1518 2726 3439 5040
9 883 1454 1763 4176 4524 5620 9467 9470 9473
9 220 327 491 530 534 1082 1397 1857 3438
9 1089 1477 2504 4600 4955 7604 9486 9489 9492
9 921 1376 3523 4353 4582 6363 9501 9504 9507
9 372 475 716 927 942 963 1675 2921 5365
0
9 497 527 1171 1736 1865 2920 4086 5188 8270
9 822 1176 1844 2830 3571 4020 6628 8263 9535
9 282 288 318 343 346 492 906 1237 1593
9 419 597 955 1109 1110 2457 3691 9221 9545
9 469 492 854 1170 1177 1680 2365 4142 6071
9 1091 1543 3007 8480 8706 9562 9568 9571 9574
9 729 950 1801 2332 2335 2777 3672 5716 8533
9 556 608 896 1504 1510 2621 3432 4889 7200
9 214 223 556 710 850 1081 1919 2014 2596
9 286 296 450 462 469 532 1033 1446 9605
9 338 419 515 542 675 770 1235 1370 1600
9 201 231 419 505 520 542 850 1097 1381
9 492 699 950 1235 1237 1766 2963 4008 5995
9 166 855 1074 1869 1876 2473 3248 4622 8381
9 223 505 869 1063 1064 1235 1705 2763 7172
9 397 483 511 957 969 1136 1850 2106 3210
9 360 527 960 1233 1349 1804 3181 3633 4029
9 325 438 616 1146 1381 1928 3374 5802 8500
9 304 372 921 1082 1100 2509 3801 5363 8805
9 469 675 1038 1453 1675 3507 5833 7546 9651
6 221 527 1081 1782 2113 6978
9 289 302 397 532 539 963 2425 3279 4707
9 324 541 1632 2890 2894 3280 9658 9661 9664
9 1357 1526 2347 3433 3434 4579 8761 9673 9676
9 214 430 859 1363 1966 2873 4931 6886 9643
9 804 833 1240 2196 2364 3008 4410 4711 9704
9 69 500 1058 1288 1357 1876 3962 6506 9712
9 282 286 308 336 338 458 542 676 3061
9 512 716 1406 1784 1891 3643 6484 7259 9724
9 221 372 950 1018 1064 2012 3663 5134 8664
9 293 300 322 343 346 462 674 693 904
9 748 1738 4213 6871 8197 9740 9746 9749 9752
9 412 593 1097 1381 1677 1943 3221 3594 4035
9 264 384 695 894 908 1511 2766 4683 5348
9 541 960 1401 2558 2682 3612 4908 5889 9771
9 487 685 1172 1367 1401 2115 2587 3693 4890
9 511 709 1070 1403 1404 1959 2763 3265 3656
9 323 469 1435 1974 2164 5365 9784 9787 9790
9 315 343 629 695 903 1453 3829 5144 8546
9 193 418 710 960 976 1098 1886 2918 5708
9 475 511 942 1171 1177 1663 2936 3296 3691
9 223 283 322 520 526 538 1400 3026 3602
9 505 701 960 1240 1349 1405 2106 2763 3051
9 279 289 322 346 371 455 537 680 898
1 1670
9 1090 1265 2730 2946 4206 7564 9826 9829 9832
9 854 1074 3244 5133 7003 9625 9845 9848 9851
9 832 911 947 1333 1338 1663 2814 3184 4731
9 1825 2404 9866 9870 9871 9875 9881 9884 9887
9 435 1052 2015 2028 2455 3485 9896 9899 9902
9 292 304 323 449 450 459 899 3553 8388
9 615 747 1403 2657 5056 9100 9923 9926 9929
9 371 593 1824 3178 3243 5950 9941 9944 9947
9 1095 1907 2497 5801 8870 9957 9963 9966 9969
9 314 419 536 708 953 1097 3144 3285 4610
9 295 314 460 522 525 537 1025 1095 1443
9 2297 3425 9983 9987 9988 9992 9998 10001 10004
9 806 830 944 1095 1240 2136 4086 10016 10019
9 222 412 615 1089 1391 1815 3261 4035 6276
9 321 455 675 698 1026 1039 1438 2587 3783
9 294 305 324 346 349 460 685 899 1604
9 293 300 343 460 517 535 898 973 2523
9 482 542 957 1368 1461 2337 3058 4093 6124
9 224 469 908 1142 1170 1391 3869 4522 7131
8 286 293 327 371 460 899 5653 10044
9 10053 10057 10064 10068 10069 10073 10079 10082 10085
9 372 480 1107 1778 1949 7036 10093 10096 10099
9 561 1228 1631 1948 1959 2911 4503 6439 10108
9 806 1082 2560 3304 3323 4105 7492 9704 10118
9 206 219 428 593 612 712 960 1230 1942
9 433 623 1932 3671 4686 6021 10130 10133 10136
9 460 494 914 1329 1401 1902 4967 10145 10148
9 1240 1504 2575 2775 3408 4372 4989 10157 10160
9 935 1329 1694 2833 2881 3698 4674 5572 7717
9 222 418 609 739 849 1081 1415 1968 3090
9 300 327 455 527 536 793 1650 2963 4381
9 423 595 992 1784 2507 4072 8643 9910 10177
9 842 921 1080 1360 1363 1990 3181 3864 10168
9 2018 3493 6852 10195 10196 10200 10206 10209 10212
9 480 701 947 1357 1370 1799 2331 2767 2841
9 260 288 356 683 691 1592 4525 4810 6253
9 610 746 1728 1778 1781 2585 4030 5751 7226
9 227 412 1089 1385 1409 1729 4232 5681 7000
9 497 531 825 1035 1107 1172 1850 2831 2941
9 608 845 1109 1651 1769 4011 10240 10243 10246
9 492 532 1037 1182 1369 1663 4455 6338 7968
9 1618 1935 2117 2901 2903 5442 10261 10264 10267
9 3023 4110 4711 8082 8706 9566 10280 10283 10286
9 224 475 770 1171 1176 1669 2641 2939 4966
5 909 1265 6155 10298 10299
9 857 1197 2460 2604 2617 3419 5177 7233 10301
9 462 542 1498 2227 2957 4093 7685 10310 10313
9 606 626 1943 2521 3223 3612 6765 9224 10321
9 221 412 609 968 1081 1511 2507 4374 6397
9 992 2014 4233 6120 6785 9630 10337 10340 10343
9 289 294 318 338 380 517 676 899 1432
9 286 292 317 346 368 460 683 1025 1675
9 292 305 529 701 777 965 1496 1999 2439
9 822 1538 2566 3208 3643 3939 8084 10203 10355
9 424 612 1503 1935 1948 2798 7172 10363 10366
9 227 422 608 848 850 1081 1415 1630 3317
9 289 300 460 525 532 698 1400 1446 2005
9 197 293 460 527 530 977 1786 2005 2485
9 1193 1402 2808 3444 3473 3729 6026 6895 9212
9 301 338 681 965 1043 1234 3061 4394 7292
9 455 522 685 963 1025 1679 3057 4600 5030
9 222 418 748 971 1039 1230 1399 2688 3654
9 197 221 419 492 505 540 709 1039 1391
9 950 1360 2328 2818 3433 4096 5038 6165 9227
9 523 959 2715 3960 4158 7164 10405 10408 10411
0
9 536 702 1237 1504 1536 2769 4718 4738 5995
9 310 683 911 1107 1109 1375 3037 3829 5115
9 284 289 302 311 319 338 460 695 1571
9 481 1066 1289 1600 1736 2417 3721 4171 6926
9 294 312 346 480 522 640 784 1180 1442
9 854 1798 4699 10444 10445 10449 10455 10458 10461
9 1335 1351 1516 1522 1527 3704 7205 8979 10471
9 302 312 455 525 675 788 1189 1444 4769
9 433 1036 2410 4008 4080 4291 6007 8997 10491
9 361 394 695 1023 1025 1444 1917 2487 6548
9 296 319 455 475 478 537 906 1237 2077
9 289 300 319 449 450 522 898 1580 2377
9 338 430 527 698 708 1238 2035 2425 3356
9 815 1104 2944 3384 3433 3825 7720 9483 10515
9 401 492 1297 1461 1698 2494 5814 6131 10523
9 410 623 1207 1622 1932 1961 4011 5482 8205
9 718 729 1070 1357 1360 2328 2604 2765 3955
9 739 911 1408 1977 1996 2934 4762 6131 10540
9 322 898 3019 5556 6674 9402 10554 10557 10560
9 706 866 1360 1406 1630 1959 2596 4576 5363
9 222 401 597 973 1089 1663 3112 4613 7655
9 626 876 1265 1738 1786 3674 10040 10585 10588
9 251 282 304 326 334 519 976 1672 2506
9 687 1031 1237 2633 2645 4301 5833 6461 10033
9 1121 2074 3782 5443 5451 8780 10607 10610 10613
9 806 826 1035 1197 1338 2364 2954 4861 6162
9 372 505 959 1366 1370 1623 1895 4173 4817
9 289 300 336 458 460 492 894 1028 1919
9 322 455 532 770 1026 1237 2065 5185 5825
9 593 722 1235 1406 1455 1802 4972 5719 8393
9 946 1254 2947 3176 3177 3508 6004 6406 10645
9 228 289 406 530 531 1095 1801 2164 2815
9 283 289 308 326 343 542 1921 4469 7604
9 293 304 343 470 478 539 1000 1440 2005
9 834 919 1330 1403 1504 1801 2777 3589 6945
9 197 214 419 491 511 710 1109 1366 1777
9 182 497 806 969 1261 1645 3508 4094 5061
9 447 831 1539 2164 2211 3670 5518 8507 10669
9 294 319 459 538 673 899 3153 10677 10680
9 422 435 799 1100 1415 1758 3296 3659 4262
9 232 419 684 748 770 1381 2106 3464 3998
9 493 534 825 1176 1177 1397 1857 2199 3064
9 1504 1937 3318 4491 4492 6756 10698 10701 10704
9 176 412 1726 1968 2585 3243 4146 6106 7486
9 281 462 6243 9661 9664 10723 10729 10732 10735
9 232 604 859 1083 1089 1634 3090 5098 5115
9 6731 6843 10749 10753 10754 10758 10764 10767 10770
9 487 531 845 1170 1186 1697 3693 6005 6405
9 977 1736 2146 2649 2650 2655 3567 6440 10783
9 701 974 6364 8085 9649 10793 10799 10802 10805
9 455 609 685 708 793 1461 3852 5624 6071
9 909 1248 1351 1518 1522 1961 5007 6895 9027
9 472 950 1482 2060 2429 3838 6121 10825 10828
9 410 433 953 1142 1237 1623 2795 4368 10302
9 428 608 950 1207 1230 2347 3221 4272 6991
9 1247 1286 1392 3168 3980 4764 10845 10848 10851
9 1930 2134 2650 2654 2655 2671 10230 10860 10863
9 295 311 493 904 921 1446 4707 7039 10873
9 501 801 944 1107 1136 1191 2599 3495 5543
9 422 614 1501 2116 2517 3988 7858 9399 10122
9 307 538 785 1391 1455 2562 5424 8473 10893
6 519 1039 5642 10728 10901 10905
9 223 418 703 950 1097 1403 2617 3747 4285
9 681 1032 1176 1189 1192 2633 5833 6459 7649
9 1207 2755 4115 5301 5513 6080 7858 10227 10927
9 1669 2188 2597 4082 4084 5011 8191 9691 10937
9 727 910 1407 1801 2326 2953 4375 5036 5045
9 1139 1288 1968 5841 5891 10947 10953 10956 10959
9 289 423 612 1039 1097 1762 3687 5294 8964
9 292 323 460 527 539 685 1381 1493 2106
9 151 992 1065 1289 1295 3163 4161 4226 7956
9 363 530 1397 2763 3276 5445 10982 10985 10988
9 2211 2232 3595 6476 6477 6484 8399 11006 11009
9 358 674 1895 2820 2827 3534 6171 8049 9564
9 92 153 849 984 992 1483 1888 2763 4364
9 325 520 1090 1618 1786 3086 7968 11026 11029
9 609 1230 3058 3569 4035 5801 10330 11038 11041
9 1402 2444 5181 7614 7616 10639 11054 11057 11060
9 719 976 1456 1883 1926 6107 10073 11069 11072
9 223 294 464 531 534 807 1240 2032 3336
9 285 289 312 327 334 354 517 538 695
9 289 300 323 343 418 479 695 1440 2005
9 501 700 1177 1808 1951 3667 4718 10142 10841
9 438 737 1197 1495 1757 2253 5907 6092 8497
9 250 294 517 695 697 1095 1536 1766 3050
9 371 492 1035 1366 1406 2065 4740 6505 8950
9 746 1108 1728 1781 1826 4008 6054 9322 11102
9 327 406 531 962 963 1368 1845 3167 4707
9 492 691 952 1794 1850 2760 3296 4252 6110
9 224 528 728 942 952 1455 3327 6582 9804
9 742 911 1286 1701 1734 2403 3591 6515 10383
9 534 718 970 1403 1794 2365 2831 5299 8911
9 5228 6865 9124 11140 11141 11145 11151 11154 11157
9 534 1369 2410 3631 4035 6103 7565 11037 11167
9 759 1604 2886 3806 3952 4958 11175 11178 11181
9 300 325 452 480 496 668 1443 1567 4584
9 286 296 322 354 371 519 708 898 1023
9 491 801 921 1171 1186 1461 1865 2331 2599
9 292 302 519 539 683 1118 1477 2377 3362
9 292 433 1088 1150 1381 1726 2504 5031 7349
9 221 427 614 1089 1098 2586 3822 6092 7842
9 197 224 505 603 624 1081 1403 1781 5083
9 2562 3750 6614 10569 11216 11220 11226 11229 11232
9 342 448 1139 3814 4426 6440 11241 11244 11247
7 338 469 680 793 1023 1444 11255
9 9938 11260 11267 11271 11272 11276 11282 11285 11288
9 521 623 1122 1605 1928 1948 2901 3601 5529
9 361 421 1894 2091 2328 5452 11301 11304 11307
9 349 480 675 955 1101 1163 2136 3380 3825
9 292 372 685 942 957 1450 2135 3053 3705
9 282 289 317 343 529 897 1587 3277 4472
9 161 223 570 894 897 1005 3276 4890 11325
8 2521 4526 11333 11337 11338 11342 11348 11351
9 1146 1613 1939 2696 2903 4935 9669 11353 11356
9 225 264 433 729 894 1544 1766 2612 6012
9 1685 2439 3534 3551 3552 4448 11370 11373 11376
9 1081 1738 3642 5177 5682 6628 8265 10261 11386
9 418 487 942 1037 1039 1170 1397 2594 3363
9 174 482 1004 1070 1240 1880 2542 2921 3783
9 460 486 685 1025 1026 1182 1671 2597 4301
9 228 406 703 966 973 1153 1663 1999 2803
0
3 460 894 1466
9 1368 2262 3567 4037 4093 6171 11398 11401 11404
9 419 598 1222 1929 2262 2608 3361 4035 6174
9 285 289 312 336 338 455 635 900 1016
9 803 825 1852 2363 2364 2950 4573 5544 9179
9 292 488 980 1219 1222 1746 3304 3431 4350
9 294 372 469 531 534 687 1034 1171 1237
9 219 360 700 722 729 950 1363 1406 1786
9 296 458 729 1039 1174 1406 2803 3830 4890
9 294 327 519 683 685 780 1025 1696 2523
9 491 534 1090 1705 1850 3330 7481 11423 11426
9 505 700 950 1240 1342 1630 2722 3607 6231
9 701 845 1070 1272 1391 1538 2941 3175 4963
9 282 295 321 450 460 595 2068 3277 3451
9 399 493 921 1107 1237 1696 4870 5855 9693
9 197 239 712 976 984 1064 1882 2121 3432
9 1351 1538 4410 4990 5477 9570 11453 11456 11459
9 577 724 2822 2874 2881 4295 7926 8595 11474
9 285 294 334 469 479 950 1592 2009 3719
9 308 361 450 480 539 898 1604 2005 2092
9 1122 3181 3814 5535 5807 7695 11487 11490 11493
9 603 701 1240 1407 2586 6077 9396 10122 11501
9 1406 2404 2876 5324 5537 6814 8611 11510 11513
9 984 989 1018 1874 1876 1886 3414 7191 9020
9 371 469 681 1035 1136 1435 2575 3280 5823
9 532 807 1186 1663 1844 2349 2777 3012 4080
9 399 492 933 969 973 1329 1902 3034 5486
9 289 312 343 459 460 680 1034 1864 5621
9 1193 2266 3393 5973 6021 8656 11544 11547 11550
9 295 311 455 518 522 675 788 1045 1449
9 1037 2400 3661 6689 6761 10670 11564 11567 11570
9 184 220 435 612 708 849 1092 1415 1623
9 616 1089 1968 2387 2401 3618 5426 6092 11384
9 416 506 911 937 1032 1122 1663 2769 4721
9 430 561 1197 1504 1722 4071 6679 8386 11590
9 286 314 346 460 462 673 1400 2115 4468
9 697 1495 2169 4146 4401 6092 10325 11089 11600
9 1663 1846 2966 3851 3852 5305 8514 8522 11610
9 315 354 518 675 680 784 1438 1663 2077
9 289 296 346 460 512 695 1023 1432 2004
9 300 318 458 663 673 680 1444 2065 3340
9 599 955 1597 1948 2522 3309 5921 6189 6902
9 957 2331 3816 6904 7108 7938 11478 11629 11632
9 834 1418 2617 3406 3408 4011 7941 10505 11636
9 585 612 1146 2262 3180 3668 10639 11648 11651
9 718 908 1151 1363 1403 2327 2841 3433 5687
9 289 296 343 493 500 1000 1788 2483 6785
9 325 435 1504 2065 2617 3419 4711 4724 5516
9 406 528 848 1397 1504 2718 4110 4711 8716
9 294 322 1000 1427 1672 2963 4740 6647 8187
9 397 491 799 1036 1177 1680 3361 5507 6463
9 285 289 304 319 322 343 460 538 894
9 290 296 336 455 492 695 1043 2781 3156
9 604 712 1824 7934 7941 10570 11691 11694 11697
9 181 252 710 950 973 1407 2841 3181 3663
9 176 223 748 1089 1142 1400 2504 3180 3662
9 613 1618 2984 4877 5072 9669 11708 11711 11714
9 1110 1403 2764 4081 4375 5046 11724 11727 11730
9 801 1053 1709 2068 3066 3658 4984 6110 9513
9 294 312 537 677 680 784 1420 1762 3153
9 527 991 1502 1507 1660 3694 11742 11745 11748
9 440 1112 1985 2262 2590 3451 8209 9958 11757
9 327 390 882 956 1366 1848 3361 4093 6312
9 184 412 614 960 1053 1089 1968 3215 3949
9 754 1738 3374 6611 6614 8071 11206 11771 11774
9 677 1096 2441 3338 3672 5539 8851 10385 11784
9 423 556 1367 1802 1879 3721 5307 7027 11792
9 492 531 1034 1176 1186 1663 2827 4262 4721
9 75 181 952 1060 1194 1286 1704 2026 3825
9 11807 11811 11818 11822 11823 11827 11833 11836 11839
9 420 492 965 1956 1999 3507 5847 7862 11407
9 285 294 369 1043 1374 2071 2506 3061 4977
9 828 948 1329 1997 1998 2431 4514 7739 8729
9 221 505 1113 1376 1404 2122 6644 9926 11863
9 288 338 691 963 1089 1368 2029 3458 7005
9 505 683 1199 1374 1763 2262 3393 4034 6617
9 176 186 527 703 706 992 1704 2016 3271
9 1110 1699 2478 3380 4005 8656 11884 11887 11890
9 739 1194 2648 2671 3656 6035 11898 11901 11904
9 283 322 529 691 695 971 1400 2003 2262
9 179 222 356 709 1035 1287 4232 7356 9630
9 251 279 473 950 991 1405 1841 2763 6580
9 284 289 310 372 449 469 1438 1480 1919
9 491 501 802 1082 1136 1174 1705 2335 3513
9 1954 2671 5289 6765 9225 11899 11926 11929 11932
9 286 293 319 353 372 479 781 898 963
9 797 909 944 1254 1341 1999 2946 4574 5544
9 816 1171 1859 2199 2227 2601 4352 5825 7648
9 506 836 2135 2559 2560 3566 5089 6614 9923
9 295 321 898 1535 1587 4472 7887 10320 10728
9 224 300 410 465 475 505 973 1230 1391
0
9 1535 3280 9658 10667 10721 10726 10739 11817 11844
9 232 483 759 806 914 1867 2700 3741 4141
9 677 1446 2626 4637 4810 7869 11980 11983 11986
9 287 296 312 343 418 517 897 963 2068
9 11999 12003 12010 12014 12015 12019 12025 12028 12031
9 338 460 674 681 685 784 2821 4925 8448
9 2264 2552 6761 8268 9943 12046 12052 12055 12058
9 298 319 469 522 524 673 963 1089 2010
9 153 871 1291 2150 2647 3252 10746 12067 12070
9 530 703 921 1397 1636 3843 12081 12084 12087
9 294 338 528 676 687 1043 2005 2819 4170
9 204 228 444 697 716 1081 1623 3814 7635
9 314 449 640 695 778 899 4207 8185 12107
9 287 294 318 338 343 458 673 695 957
9 184 215 292 433 441 712 1495 1755 2328
9 315 491 1510 2763 3058 3452 7886 12116 12119
9 289 294 338 464 492 538 880 1025 1237
9 317 346 529 683 684 897 1494 2504 3367
9 283 293 519 695 716 1000 2376 3279 3948
9 377 709 1134 1781 2612 3408 6971 8995 10441
9 295 368 459 785 963 6387 12138 12141 12144
9 623 1233 2274 2521 2609 4003 8973 11343 12154
9 349 449 532 898 1177 2056 3338 4810 7188
9 2853 6399 11478 12170 12171 12175 12181 12184 12187
9 319 450 492 675 679 788 1230 1450 1670
9 301 430 536 921 1025 1369 3218 4388 10513
9 720 911 1095 1701 1845 2924 7007 10175 12203
9 224 718 1004 1363 1403 1788 3258 3602 6025
9 221 593 1074 1403 1455 1903 5120 7419 12216
9 897 1687 2440 3158 3533 4426 5642 12224 12227
9 1716 1850 3210 4093 4277 7097 9046 12235 12238
9 1501 3808 8471 9923 10886 12247 12253 12256 12259
9 224 527 709 1405 1510 2609 4045 5765 7367
9 1791 4042 6025 7015 8592 12271 12277 12280 12283
9 1618 1939 2534 3601 3622 5292 12291 12294 12297
9 368 615 1704 2755 3297 5681 11407 12306 12309
9 494 513 1695 1845 1846 2194 3513 8157 10025
9 770 809 1843 1999 2047 2939 5801 8261 10676
9 531 799 909 956 1109 1371 3513 4348 6124
9 1032 1176 2415 2963 3180 4718 5998 6649 10438
9 492 1900 4991 8208 10294 12341 12347 12350 12353
9 147 167 593 950 989 1052 1704 2916 3955
9 971 1089 2522 3956 4224 7947 11250 12364 12367
9 222 430 709 984 1039 1240 1704 3265 6584
9 3731 4955 12381 12385 12386 12390 12396 12399 12402
9 1039 2585 7028 12410 12411 12415 12421 12424 12427
9 419 674 1039 1237 1381 1536 2795 3186 3654
9 286 295 1431 2380 2506 4598 7654 8950 12443
9 512 894 937 1105 1330 2032 4248 4578 7039
9 419 505 739 992 1064 1872 2465 2522 3243
9 945 1357 2348 2770 2777 3437 4894 5046 9227
9 494 770 807 832 834 969 1187 1401 1857
9 3107 4093 8051 8518 8522 10021 12237 12468 12471
9 343 449 673 1034 1038 1506 2506 4388 6397
9 291 322 524 540 677 1232 1672 3151 6386
9 321 325 894 1081 1393 2164 3654 6757 7980
9 1155 1949 3222 3253 3397 3991 6765 9898 11895
9 595 619 1089 1391 1392 2159 5841 6614 8755
9 530 807 1176 1265 1532 2065 3643 4711 4721
9 289 300 479 695 785 971 3049 3366 3948
9 193 292 877 1373 1600 2110 3465 7502 11330
9 284 289 317 479 525 673 894 1234 3282
9 623 1089 2265 3187 3421 5426 11045 12517 12520
9 292 520 886 1089 1097 1600 3180 3654 5424
9 295 308 455 525 529 680 1025 1041 1443
9 426 748 1403 2522 2562 3627 3962 5929 7581
9 300 383 942 1141 1349 1404 1874 2429 4348
9 220 430 701 850 851 1110 1815 2331 3816
9 1960 1969 3585 4072 4478 6888 12538 12541 12544
9 417 952 1699 2463 2588 3975 7000 9052 11862
9 2886 3627 9702 11546 11549 12559 12565 12568 12571
9 504 698 956 1230 1397 1959 3870 5331 7251
9 319 450 698 1028 1237 1450 1919 3360 4174
9 294 319 458 517 520 542 894 2010 2076
9 593 727 1892 2609 2612 2992 7607 8602 12152
9 206 223 705 728 729 1081 1786 8762 12593
9 187 423 621 973 984 1005 1801 2534 3429
9 848 1613 2131 2901 3111 3702 7369 10089 10863
1 12618
9 859 1193 2060 3265 3433 12622 12628 12631 12634
9 954 1459 2547 3816 5322 10424 12647 12650 12653
9 221 896 1064 2014 2475 3181 6639 8762 12665
9 164 187 865 987 988 1004 1801 2511 2542
9 1884 3242 4224 8918 9023 9900 12677 12680 12683
9 196 214 430 703 889 1081 2482 3390 4171
9 1058 1289 12694 12698 12699 12703 12709 12712 12715
9 802 969 1845 2365 2920 4587 6675 8480 10400
9 420 677 1502 2429 2524 3082 4524 6106 10896
9 480 492 1037 1171 1184 1663 2641 4171 6321
9 1919 2524 4700 6097 6282 8071 11041 11739 12736
9 185 216 310 527 529 1366 2524 3604 3687
9 161 193 419 527 540 877 1400 1919 2262
9 8713 11171 12748 12752 12753 12757 12763 12766 12769
9 289 299 449 459 461 777 1072 2006 3672
9 229 577 983 1403 1418 2609 5665 7367 7527
9 1406 2814 2876 6040 6231 6904 8598 11511 11637
9 93 170 435 729 842 952 1240 4878 11395
9 293 327 695 1423 1466 2483 3466 6363 11070
9 401 608 950 1122 1220 1409 2478 3380 3729
9 294 523 1005 1664 2164 3909 10424 12804 12807
9 4818 10805 12820 12824 12825 12829 12835 12838 12841
9 709 728 1121 1263 1276 1406 4506 5375 7000
9 444 857 1698 2918 3243 4863 6738 11112 12853
9 322 529 992 1455 1720 3360 7091 7638 10399
9 282 460 995 1784 1883 2504 6563 8090 12867
9 534 701 1698 2454 3099 5935 8469 12280 12877
9 511 799 969 1170 1392 2157 2798 5822 6536
9 221 292 609 898 1088 1502 2999 12335 12889
9 228 414 703 1053 1381 1701 5292 8448 9357
9 197 221 603 859 953 1403 1758 2691 2835
9 419 626 1414 1728 2511 3327 7219 7858 10890
9 729 876 1084 1122 1136 1403 2354 3433 7857
9 511 845 1035 1230 1397 1864 4095 6005 8537
9 435 612 1235 2567 4622 10467 12920 12923 12926
9 492 921 1192 1845 1857 3062 4171 6066 6624
9 289 695 2064 3251 3602 6056 9189 12278 12940
9 286 299 323 346 380 492 680 898 1571
9 286 305 685 1438 1547 1921 3090 3720 6769
9 227 624 1194 1403 1418 2207 3276 9088 12187
9 292 312 455 534 536 674 1023 1038 2528
9 500 803 2585 4519 6803 8243 12969 12972 12975
9 223 292 426 434 498 684 1370 1971 3037
9 901 1113 3678 4358 5527 8260 12985 12988 12991
9 848 866 1802 2014 2473 3407 4685 6924 11526
9 511 909 1170 1903 1913 2421 3783 6069 6165
9 219 240 616 1089 1100 1503 1767 2618 3222
2 11828 11970
9 293 312 631 673 695 2003 4605 7292 8511
9 505 608 729 1101 1113 1240 1746 2605 3271
9 435 612 1738 2562 2565 5292 7221 8654 12260
0
9 406 495 915 1032 1035 1197 1663 4383 4724
9 469 681 1374 2641 2820 3571 6122 6401 6628
9 1233 2404 4526 7486 7694 10640 13047 13050 13053
9 282 292 406 480 492 640 683 698 1034
9 221 294 746 1081 1089 1376 3166 6265 7259
9 505 700 728 1101 1235 1363 2768 2873 5049
9 418 548 894 1113 1235 1630 3181 4300 8348
9 3023 4099 8719 11026 11564 13073 13079 13082 13085
9 215 327 466 534 598 890 1368 2524 3221
9 312 326 522 674 695 1033 1960 2970 4941
9 221 419 691 754 894 1409 2053 3741 5802
9 166 215 457 529 683 842 1081 2068 8455
9 511 760 1161 1845 1864 2191 3203 3864 4275
9 219 300 898 1107 1374 1877 3280 5800 8309
9 292 305 338 455 465 674 1034 1450 1675
9 1089 1954 2649 4755 5289 7337 11601 13108 13111
9 427 1142 2124 2518 2522 3262 5426 11629 13122
9 944 1251 2736 3202 4189 6854 11001 13132 13135
9 300 712 3279 4285 5503 11558 13147 13150 13153
9 434 616 1932 2124 2252 3601 6064 6765 9843
6 3061 3429 7135 11768 13166 13170
9 259 433 953 1234 1381 1763 2445 4605 5620
9 517 729 1050 1581 1588 2781 4207 4926 8474
9 365 482 530 845 921 1095 1794 2365 2936
9 298 397 675 695 781 1422 2162 2957 4397
9 209 224 433 609 612 1081 1757 1951 2522
9 803 815 948 1329 1402 2136 2370 2946 4518
9 296 312 380 455 460 695 1450 1675 3360
9 294 334 529 781 793 937 2029 4051 5643
9 289 296 368 460 517 542 1592 2079 2506
9 286 295 369 518 519 881 1592 2087 3186
9 310 418 677 849 894 1366 1746 2262 3349
9 213 222 427 444 527 955 1495 1770 2522
9 327 380 522 693 698 1419 2067 2970 4468
9 293 302 343 458 460 537 793 1023 1443
0
9 282 286 296 312 319 356 517 880 957
9 593 845 1109 1231 1403 1962 3438 4272 6929
9 486 675 1029 2112 2250 2766 3949 7574 13210
9 282 293 326 904 1919 2378 4480 8403 10658
9 491 701 1035 1237 1369 2815 5844 13221 13224
9 428 739 1939 2266 2393 2620 4003 6685 9925
9 13236 13240 13247 13251 13252 13256 13262 13265 13268
9 285 338 675 728 842 977 2014 2882 3813
9 292 327 522 538 540 687 1237 1751 3210
9 224 399 683 848 1046 1391 1781 3584 3839
9 527 579 729 1360 1403 1864 2769 3363 4032
9 836 1122 2136 3112 3380 3712 6433 9121 13288
9 681 1177 2679 3751 4786 5885 12749 13298 13301
9 1512 1977 3380 4251 4511 6516 13307 13310 13313
9 1122 1694 4272 6922 7167 9677 13321 13324 13327
9 94 247 992 1010 1018 1880 2539 2916 4868
9 505 1108 1506 1929 2404 2983 6967 10885 12921
9 1938 3702 9930 11528 11714 13347 13353 13356 13359
9 880 1126 3037 4963 5031 6387 11110 13367 13370
9 289 302 455 479 520 673 1447 3279 3526
9 219 426 706 1039 1081 1233 4031 5317 7517
0
9 850 1213 2652 6034 6036 6971 12827 13382 13385
9 167 220 505 746 850 973 1240 1959 3033
9 221 287 520 703 710 960 1234 1973 3180
9 223 327 527 959 1036 1185 1375 2588 2830
9 908 1240 2608 3407 3663 4104 5477 8713 10534
9 1360 1416 2456 3433 4375 5427 12513 13407 13410
9 221 377 845 927 1025 1360 1705 2328 3668
9 1103 1115 1403 3407 3444 7271 9877 13422 13425
9 460 525 689 1034 1171 1189 1695 2645 4022
9 2844 5324 8595 11692 11700 13437 13443 13446 13449
9 338 455 695 1438 1450 3107 7188 11483 13458
9 231 412 611 969 1039 1235 2679 6062 13466
9 601 847 933 1123 1240 1349 1694 2331 3698
9 327 460 536 708 1023 1446 3367 4704 6401
9 424 969 1964 2559 2758 3921 6899 7492 9009
9 799 821 973 1177 1179 1663 1861 2195 2827
9 410 421 748 1097 1381 2122 2562 2591 3242
9 439 616 2254 3212 3221 5800 6691 9044 12099
9 289 296 343 455 460 538 906 1432 2077
9 976 1504 5504 8602 9054 13494 13500 13503 13506
9 401 701 911 1255 1334 1977 4184 6057 10519
9 527 623 1230 1939 2390 2564 3633 5315 6092
9 724 908 3317 3661 3716 5513 13521 13524 13527
9 492 534 807 1031 1038 1176 2195 2645 4052
9 859 1235 2844 3038 4777 7926 12192 13538 13541
9 288 300 322 455 458 519 680 781 1025
9 349 465 684 973 1097 1400 2161 3363 4983
9 1937 2274 3977 5298 6491 8074 12681 13552 13555
9 223 283 327 414 480 534 1035 1122 1691
9 338 455 522 675 679 898 1919 4468 4891
9 1559 3195 13569 13573 13574 13578 13584 13587 13590
9 211 292 482 534 710 1066 1389 1780 2122
9 853 921 1757 3852 4093 5847 8952 10878 13598
9 369 483 519 911 921 1082 1845 2079 2939
9 834 1186 2552 2617 2691 3368 7621 9482 13608
9 283 406 530 601 674 1176 2415 3691 4178
9 1029 1186 2415 3037 3566 4105 6626 8267 11037
9 603 848 2270 2999 3242 3621 9224 12158 13624
9 305 327 524 674 675 777 1848 3061 3678
9 223 418 530 957 973 1172 1368 1895 2337
9 419 626 1370 1767 1771 3273 5801 6611 10389
9 1604 1622 1948 2910 3195 5758 10268 12299 13639
9 211 412 977 1230 1415 2068 3222 8475 10924
9 214 301 842 1230 1366 1788 3296 4707 11542
9 375 455 542 784 788 1894 2526 3338 5853
9 2109 2317 3826 5789 6785 8253 13659 13662 13665
9 525 685 1368 2587 2590 3438 6454 9345 10814
9 318 419 525 680 698 1036 1664 2069 2529
9 225 423 593 748 962 1089 2068 3826 6583
9 415 431 593 854 859 1230 1506 2766 3693
9 1244 1288 2915 4224 4764 6926 10975 13690 13693
9 222 285 304 347 349 492 729 973 1234
9 423 623 1396 1928 1937 2266 3614 5031 11581
9 832 847 1248 1349 1351 1403 1522 2332 3704
1 13710
9 532 1677 3058 4093 4964 13714 13720 13723 13726
9 312 327 517 537 673 686 1045 1449 3877
9 323 371 700 1232 1424 1491 2956 5117 12802
9 706 847 1360 1417 1495 2454 2772 3770 5719
9 294 397 532 710 759 1034 1192 1506 2504
9 428 596 703 858 1141 1624 2460 3221 4003
9 216 412 616 1081 1088 1768 2515 3221 3620
9 849 1158 2612 3317 3320 3639 9493 13750 13753
9 219 292 728 1080 1081 1366 1503 2586 3604
9 1222 2696 6456 6490 6494 9619 13765 13768 13771
9 327 452 680 903 1033 1593 2962 5144 9038
9 228 739 1455 2161 3228 3745 11366 13786 13789
9 293 300 338 455 460 519 680 898 1234
9 484 527 1097 1230 1366 1623 2641 2830 3693
9 225 418 598 973 1039 1391 2262 3010 4031
9 469 530 1178 1532 1627 4826 5887 7760 13803
9 325 469 701 1401 1461 2161 3077 3637 3783
9 230 435 923 1391 1415 1766 5294 7199 8504
9 616 1222 2609 4351 4367 6994 13818 13821 13824
9 224 430 540 759 960 1174 2135 2592 3374
9 289 298 325 455 460 475 1033 1435 3520
9 221 423 814 1176 1230 1532 2641 3374 4718
9 697 1088 1945 3037 3282 4168 7581 8388 9074
9 7072 8116 13840 13844 13845 13849 13855 13858 13861
9 423 868 1010 1244 1289 1883 3252 7192 10347
9 492 700 908 923 928 1265 1397 1642 2814
9 293 300 371 492 517 675 1025 1105 1449
9 406 703 1366 1503 1511 2609 4983 5315 6122
9 264 383 882 1751 1762 2039 6579 11098 13875
0
9 472 1089 3026 3429 3871 4889 9517 12508 13888
9 288 296 469 673 695 1028 2425 8179 13192
9 282 288 312 517 519 894 2004 4592 10740
9 371 469 793 1420 1443 2964 4701 10662 13912
9 360 432 699 1097 1100 1405 2766 5061 6583
9 227 432 1109 1663 1991 3064 4522 6536 7600
9 777 2525 3356 4759 6564 8937 13926 13929 13932
9 223 418 673 942 960 1389 2119 2591 4163
9 796 804 841 1182 1186 2364 3584 4021 5508
9 706 722 950 1403 1504 1798 3665 3955 5333
9 530 807 1189 2065 2526 3336 6458 8518 11095
9 292 319 393 1234 1237 1894 2783 4421 5445
9 300 340 532 683 691 898 2578 4930 7974
9 319 431 673 1023 1033 2065 3906 13960 13963
9 703 727 1405 1417 1509 2164 3421 4444 6708
9 677 1034 1192 1532 2065 2641 5304 6311 7649
9 286 295 314 394 452 673 1919 3077 4831
9 327 480 683 1029 1034 1174 3282 4663 5624
9 294 312 326 380 455 529 698 1028 2500
9 93 176 247 606 709 984 1004 1064 1698
9 289 300 336 401 455 485 899 1675 3525
9 247 673 1496 2161 3089 6170 8763 13986 13989
9 294 304 319 452 455 492 673 687 899
9 289 310 450 492 530 1012 1857 3336 4383
9 612 843 2302 3221 3273 7067 12791 13412 14000
9 296 327 452 469 475 673 950 2161 3783
9 224 283 372 475 520 673 950 1664 2968
9 1888 3189 5754 8477 9621 14013 14019 14022 14025
9 480 752 1909 2585 2648 4222 12802 14035 14038
9 304 371 673 799 1012 1843 3151 3451 4522
9 287 292 314 327 336 450 675 897 1450
9 462 485 1238 2413 2903 3852 11425 12242 14049
9 201 224 418 469 480 532 724 1033 1234
9 225 417 612 1089 1146 1949 3613 5907 6280
9 283 296 369 462 492 532 680 1035 1444
9 214 512 1330 1999 2507 3177 5847 9722 14061
9 518 685 1472 2117 2821 3634 5186 7962 10634
9 439 735 2134 2656 2671 3623 10859 13157 14075
9 288 296 326 695 904 1431 2053 4260 5097
9 289 319 371 458 460 487 675 1038 1663
9 11937 14087 14094 14098 14099 14103 14109 14112 14115
9 300 326 480 522 526 676 1023 1089 1650
9 770 814 1531 2372 2715 4826 8204 9777 14125
9 327 530 1237 1472 1476 1854 2590 3693 7635
9 475 960 1506 1973 2507 3438 6003 9000 13201
9 372 492 921 950 1025 1095 1447 1663 1798
9 1518 2363 4262 5505 5515 8717 14145 14148 14151
9 193 283 712 1145 1152 1914 3273 5319 9254
9 224 418 710 866 960 1080 1506 2118 2532
9 911 947 1265 1983 1986 7549 14169 14172 14175
9 290 312 480 512 530 777 1865 2587 3797
9 802 825 1531 2364 2369 3577 8270 12202 14185
9 230 410 748 1090 1092 1391 1971 2682 3256
9 455 492 1047 2066 2070 4933 8671 10392 14195
9 1114 1552 3722 4573 4855 6838 14203 14206 14209
9 292 397 966 2049 2331 5127 8179 13363 14219
9 3257 3729 7223 8479 9943 10716 13129 14229 14232
9 215 423 710 1063 1064 1098 1704 2522 3604
9 6959 8251 14246 14250 14251 14255 14261 14264 14267
9 435 614 1074 1730 1875 3244 7005 9724 13330
9 14289 14293 14300 14304 14305 14309 14315 14318 14321
9 677 1114 1786 3429 3444 6615 10580 14329 14332
9 2171 2414 3921 4014 4827 4838 12935 14342 14345
9 292 952 2585 4030 4069 6441 11355 14353 14356
9 227 300 538 701 770 1136 3719 8699 12435
9 1385 1390 2798 5921 6443 14163 14376 14379 14382
9 148 181 483 950 990 1063 1784 2012 11147
9 216 231 593 849 1066 1142 1624 3089 3695
9 1948 2678 5117 6756 12295 14398 14404 14407 14410
9 197 223 435 532 538 709 1230 1405 2115
9 283 300 475 536 894 1107 1672 3341 4386
9 293 300 450 469 480 532 673 793 1237
9 431 842 1504 2507 2718 3794 10203 14423 14426
9 71 157 597 871 891 1005 1883 3089 3692
9 289 338 1593 3282 3350 4759 12484 14432 14435
9 283 310 673 1232 1234 3054 3905 6579 8178
9 287 293 312 325 326 353 894 1450 2067
9 593 614 952 1158 1204 2250 3808 4447 8471
9 327 418 538 698 770 963 1375 1845 2371
9 221 368 683 1081 1086 1503 3869 5492 11423
9 298 327 492 663 673 695 1438 1461 2005
9 223 434 1034 1146 1189 1389 2580 3952 6175
9 220 418 877 1237 1403 2608 4114 7036 9252
9 304 320 380 496 538 695 1449 1689 7293
9 426 1039 1843 2632 2641 3721 5317 6466 11397
9 294 312 462 525 536 680 1023 1420 1447
9 418 511 1035 1240 1351 1504 2718 3407 4690
9 1513 3317 3714 5299 8979 10085 14478 14481 14484
9 288 295 334 519 528 695 1454 1592 1919
9 259 285 336 358 462 685 1921 3451 5642
9 198 423 683 1066 1090 1182 2354 3010 3571
9 406 465 680 1038 1180 1857 3336 4700 6265
9 832 938 1240 1338 1341 1512 2331 2815 4579
9 298 458 699 1536 1766 3341 4718 5303 6311
9 197 221 500 842 849 960 1503 1991 2308
9 414 492 976 1381 1391 1973 3296 3691 4920
9 314 512 783 961 1383 1894 3173 4176 7116
9 520 988 1081 2511 2515 3692 7491 8384 10979
9 181 221 985 1081 1113 1811 3265 4526 11102
5 1334 4506 14533 14537 14538
9 310 399 493 894 963 1179 2169 2641 3104
9 223 383 598 710 831 923 1504 2918 4963
9 201 219 419 504 531 710 980 1186 2795
9 423 442 759 1039 1088 1501 3604 3993 5115
9 556 683 1081 1506 1511 2106 2768 3271 3801
9 153 221 869 1194 1283 1294 3207 4761 6926
1 1466
9 417 522 1124 1691 1696 3968 5315 11603 14553
9 729 894 1360 1460 1504 2443 2837 3136 4167
9 286 293 312 343 346 635 963 2079 2506
9 364 845 1125 1991 2604 3380 6897 8688 10519
9 1213 2131 2651 3477 4755 9532 13111 14568 14571
9 228 294 496 698 700 950 1177 1664 2420
9 322 406 527 685 699 1033 1366 1769 2830
9 300 433 539 702 719 1036 2010 3197 3667
9 294 452 673 943 973 1240 1664 2328 2768
9 1112 1431 3040 4176 4707 8179 14589 14592 14595
9 288 294 325 346 452 517 675 793 1419
9 222 410 505 703 709 1089 1503 2820 3988
9 220 292 426 533 540 697 1089 1391 1961
9 461 512 680 1438 1455 1965 5109 6183 14606
9 300 452 640 1025 1028 1421 3341 4386 5624
9 439 675 1374 1956 2262 3186 8509 13806 14622
9 287 293 308 327 338 455 673 695 899
9 418 423 612 971 980 1381 1755 2768 3296
9 435 491 969 1397 1403 1960 2718 4009 6888
9 950 1418 2512 3473 3692 5330 9623 14636 14639
9 880 1235 2168 5685 6558 13049 14652 14655 14658
9 294 343 455 519 525 963 3536 7188 9427
9 290 300 380 529 537 695 1592 1919 2003
9 265 424 973 1381 1415 1961 3296 4692 6640
9 294 304 371 461 462 532 782 899 1604
9 609 1034 1636 2641 2820 3296 5426 8278 11109
9 1096 2820 4711 4788 5301 9943 14681 14684 14687
9 223 372 520 842 850 1230 1965 2816 3576
9 397 480 683 1034 1171 1181 1857 3062 4112
9 153 247 984 1107 1113 1801 3265 3845 5330
9 812 908 1095 1349 1351 1512 2345 3201 3579
9 165 177 532 1109 1142 1623 2621 3464 4555
9 727 1240 2424 2432 2434 2453 3535 3955 5526
9 512 754 908 1168 1409 1663 3926 9027 11493
9 286 300 460 520 526 780 1600 2504 3251
9 294 312 336 459 478 530 1368 1604 4301
9 377 487 708 923 943 1095 1397 1864 2331
9 289 316 476 1028 1033 1587 3281 4704 8404
9 220 356 447 609 699 722 1230 1407 1962
9 228 556 748 865 950 1233 1883 3227 8098
9 706 848 1363 1459 1460 2326 2879 4046 6887
9 176 219 419 709 727 1081 1624 3271 3671
9 1859 2601 5010 5016 5019 6074 14741 14744 14747
9 294 322 518 530 538 789 1447 2068 3465
9 509 861 1525 3395 3396 3412 12212 14760 14763
0
9 494 797 1291 1705 1905 3207 4766 8220 10550
9 304 426 638 906 959 1401 3108 4603 5411
9 283 287 308 327 338 455 538 673 683
9 319 354 469 525 537 675 1025 1240 1571
9 282 289 447 522 532 710 1095 1919 3180
0
9 501 531 1171 1392 1401 1861 3072 3852 5353
9 371 526 1342 2688 2958 3659 12437 14791 14794
9 244 480 973 1240 1369 1677 2440 2718 3571
9 282 290 354 460 484 695 1455 2052 3948
9 1233 2609 3844 5312 6316 10169 12668 14805 14808
9 1891 2045 5792 8557 9097 12680 14819 14822 14825
9 220 372 712 823 837 1122 1802 1999 3291
9 521 746 1472 1895 2485 3741 6214 9484 14836
9 758 1247 5177 10233 10747 11880 14846 14849 14852
9 870 1879 3190 3702 3982 7107 10865 11794 14448
9 803 845 1101 1110 1122 1634 2758 3383 5050
9 1600 3632 8500 10439 11090 13764 14872 14875 14878
9 3233 4866 8115 13790 14886 14890 14896 14899 14902
9 247 724 1394 2025 2822 3808 6374 9953 14911
9 848 943 1328 1403 1406 1797 2770 3421 4167
9 308 322 458 542 673 695 1449 2068 3282
9 372 721 1123 1845 2725 4267 14920 14923 14926
9 608 977 1959 3220 3808 13166 14938 14941 14944
9 319 380 525 1036 1420 2525 4701 5863 8936
9 293 310 529 695 880 1455 3279 6244 9295
0
9 219 418 728 1155 1368 1781 2552 2606 3376
9 289 304 360 455 458 536 1036 1237 1476
9 410 428 612 1381 1391 1510 2524 3090 3608
9 1708 3380 4849 6042 6614 11216 14256 14970 14973
9 327 456 722 950 957 1363 2250 3433 4046
9 498 720 973 1338 1342 1363 2575 2774 3577
9 623 952 1824 2443 2515 3916 9869 10078 13349
9 1070 5746 14088 14994 14995 14999 15005 15008 15011
9 673 897 1405 2542 3050 4890 11706 14057 15021
9 896 1072 2604 3099 3843 5281 8597 10338 13419
9 292 304 684 894 952 1679 2524 3037 3181
9 312 327 458 492 675 899 1379 1845 2781
9 286 300 479 1025 1089 1455 4481 6611 15037
9 294 346 491 498 512 698 1177 1845 10434
9 859 1495 2999 4011 4104 5426 7218 8716 10284
9 283 315 450 463 480 511 1235 1455 3518
9 227 423 849 992 1005 1064 1094 2463 2504
9 2401 4917 12058 15058 15059 15063 15069 15072 15075
9 412 911 1161 1651 1988 2814 8457 10927 12645
9 197 412 540 697 710 1039 1500 2122 2766
9 747 1826 3403 5190 6439 7857 13333 15090 15093
9 674 781 1661 3180 3253 6387 13196 15103 15106
9 322 464 781 894 992 2375 7346 14548 15116
9 850 950 1360 1880 1964 2458 3393 4272 4568
9 294 397 542 681 685 1039 1483 1961 2392
9 272 469 1113 1611 2068 2887 6257 9664 10737
9 285 290 338 455 460 784 1921 2009 3151
9 531 911 1380 1800 1846 2819 5875 8920 12935
7 1577 2590 6476 15144 15145 15149 15155
9 287 292 305 317 318 327 465 522 537
9 1789 3036 4515 7819 7830 12317 15160 15163 15166
9 500 701 1169 2323 2324 4030 8311 14241 15175
9 1895 2774 3074 3852 3870 4627 7764 10688 15184
9 1252 1360 1805 3433 3698 5174 7613 10332 15192
9 222 414 854 1063 1066 1158 3810 5788 8477
9 190 220 415 447 455 532 1095 1503 2003
1 1857
9 228 608 968 1781 1963 3037 4475 6582 11357
9 504 1191 2800 3425 4095 4778 9439 9776 15210
9 312 338 469 536 640 695 2005 2964 3295
9 759 1082 3330 4515 4963 9403 14792 15220 15223
9 952 1991 2596 4526 6785 7005 8729 13330 15232
9 294 372 493 1029 1034 1184 2410 2819 4093
9 255 412 677 1100 1107 1766 4381 4610 6458
9 323 343 492 781 957 1240 3156 3445 9281
9 219 228 426 463 533 1035 1374 1790 3656
9 296 336 480 532 534 687 1037 1107 2966
9 325 349 469 534 538 695 1446 1672 3355
9 310 520 748 1126 1374 1919 2585 3090 5789
9 739 1728 2504 3048 3257 3627 9931 13119 15255
9 294 346 520 529 540 684 1234 1919 3178
9 197 222 973 1385 1387 1401 2585 3951 4620
9 304 383 683 1072 1234 1403 5315 7031 9783
9 319 343 537 680 695 1440 4482 15271 15274
9 691 2120 3948 6760 9117 11711 15278 15281 15284
9 418 433 1039 1403 1495 1508 2122 4032 6583
9 722 913 1349 1403 1404 2001 2844 3603 4406
9 3111 3126 5723 9363 9365 9599 11831 15300 15303
9 296 327 539 1095 1342 2232 6476 15311 15314
9 603 953 2696 4624 6012 8627 12828 15323 15326
9 729 1122 2605 3304 3566 4112 6679 11568 12995
9 854 1402 2250 2814 2835 3698 4375 5053 6140
9 365 480 720 921 942 1095 1794 1850 2335
9 456 794 1240 3265 3274 3890 11320 15342 15345
9 418 556 1367 1511 1649 2116 3671 5307 7505
9 959 1387 2082 2635 2784 4934 14157 15358 15361
9 548 673 845 909 950 1141 1403 1459 1959
9 197 221 593 709 712 1097 1367 1696 2517
9 966 1407 2460 3816 4285 4680 8592 15370 15373
9 3481 4785 9548 15381 15382 15386 15392 15395 15398
9 848 1066 2116 3601 4401 6310 8458 9782 10888
9 222 608 859 969 973 1360 2337 4095 9111
9 296 432 683 887 894 1158 1443 2504 4605
9 288 294 320 368 369 450 519 534 897
9 424 561 1763 2110 2160 2592 3451 4522 7581
9 9354 11471 15415 15419 15420 15424 15430 15433 15436
9 850 3280 5477 8718 9224 10706 15444 15447 15450
9 13506 15461 15468 15472 15473 15477 15483 15486 15489
9 288 295 323 479 527 695 3602 5492 7035
9 1722 5074 9038 13051 13056 14597 15506 15509 15512
9 201 419 2107 3464 3916 7981 15521 15524 15527
9 290 305 344 458 460 542 695 1368 4600
9 286 294 324 453 455 517 695 1023 1447
9 223 419 1142 1973 2515 3064 3949 4920 7505
9 176 412 952 1063 1064 1089 1704 1827 2661
9 430 614 1369 1949 2256 2591 6057 8499 13754
9 283 365 668 1035 1082 1186 2086 2635 4602
0
9 1792 2250 5073 6026 6042 6971 12412 15551 15554
9 799 834 973 1110 1170 1641 4071 4711 8053
9 288 321 461 482 487 538 904 1587 2763
9 323 525 709 1496 1510 2483 4351 5135 6257
9 752 1109 2191 2679 2755 4953 8190 13338 14040
9 572 748 1387 1954 1960 2647 3465 6439 11453
9 480 684 821 1039 1088 1391 2227 2830 4813
9 289 327 520 593 640 950 1420 2068 3180
9 816 1172 1532 1669 1844 2189 2601 2947 4826
2 10639 15588
9 677 1174 1543 2552 2588 3374 5424 8071 8263
9 181 204 412 703 709 960 2586 3869 4360
9 595 615 1743 2558 2604 3988 6617 8973 11908
9 491 542 965 1999 2047 3825 11198 13982 15599
9 726 880 1239 1959 2331 2947 3407 5253 6535
9 1125 2553 4007 6614 8257 10517 11224 11237 12049
9 691 1089 2103 3782 3792 4813 7507 8388 9498
9 286 296 327 455 458 479 673 880 1033
9 832 940 1252 1630 1696 2604 4576 5097 8230
9 2011 3630 9896 10380 11928 15622 15628 15631 15634
9 308 343 458 526 674 1017 5030 5822 14138
0
9 494 511 1110 1861 1959 2830 3643 7481 10220
9 228 513 847 914 984 1113 1522 3867 6805
9 607 1819 9880 11714 13357 15657 15663 15666 15669
9 288 300 372 458 460 534 1023 1970 3637
9 521 612 1624 2068 2124 3629 6765 9476 12297
9 283 325 469 748 848 1028 1604 2227 3010
9 289 304 343 492 496 675 952 1095 1675
9 312 327 538 788 793 1036 3180 7651 10637
9 294 371 492 534 640 703 1038 1805 5030
9 1387 2164 4468 5556 5749 7780 15699 15702 15705
9 287 312 397 453 455 492 534 1034 1857
9 310 447 1233 1959 1962 2607 3951 9028 10863
0
9 770 1039 1192 1726 2724 3501 7880 10845 15719
9 498 992 1794 2343 2344 3520 3836 3846 9630
9 319 369 522 629 673 788 1419 1919 2079
9 3912 10977 12697 12702 12704 12721 15739 15742 15745
9 202 223 422 609 703 960 1234 1506 2594
9 3380 3716 10380 11108 11671 15754 15760 15763 15766
9 293 311 346 492 493 526 680 788 1441
9 577 950 2607 4167 4818 8714 15775 15778 15781
9 529 812 1701 1942 2504 2950 3825 4517 8058
9 220 228 556 700 701 859 1403 1864 2332
9 336 418 532 1029 1031 1097 1766 3451 3672
9 157 193 220 231 418 697 1080 1613 2122
9 338 685 1230 1671 1921 2633 5800 6624 8848
9 228 505 844 859 908 1035 1495 2480 4032
9 312 343 492 640 673 695 1036 1444 2065
9 1391 2513 5292 6584 7509 8654 12986 15807 15810
9 295 431 691 976 980 1755 2618 4363 5665
9 283 288 305 326 338 519 1043 1919 2439
9 601 729 1403 1630 1748 2767 3700 4674 5537
9 541 1393 2896 3089 3195 4260 6484 7967 15132
9 1191 2351 7035 8668 9691 12164 15829 15832 15835
9 223 282 294 304 346 452 479 680 897
9 419 520 1034 1180 1237 1604 3654 5421 6072
9 219 223 480 697 700 850 1367 1509 1959
9 151 221 556 992 1052 1112 1501 1883 4803
9 284 293 322 460 462 1028 3293 6420 15852
9 1020 1392 3960 5411 5853 7951 15854 15857 15860
9 2653 2671 6060 6618 7310 15259 15872 15875 15878
9 616 1107 2410 2820 3221 3427 4301 5315 6458
9 680 785 3157 4390 5650 8640 15891 15894 15897
9 397 466 527 702 708 1107 1368 1857 2331
9 221 231 599 849 894 1942 4011 6057 11213
9 410 448 728 1088 1089 1738 3280 6104 7485
9 2261 3613 7507 11216 11218 11226 15917 15920 15923
9 284 288 300 316 319 327 462 532 695
9 492 530 921 1032 1035 1342 1663 1959 2420
3 469 904 15932
9 292 326 537 793 894 1922 4612 5649 12676
9 294 326 458 537 538 680 1391 1455 2523
9 221 527 973 1146 1237 1504 2332 2918 4371
9 221 310 709 1080 1107 1510 4003 5665 8654
9 446 709 1544 1809 2118 3669 6324 7674 10841
9 419 1072 1968 3287 3465 7883 11933 15954 15957
9 187 247 868 1113 1366 2448 8120 15965 15968
9 320 449 1050 2506 3058 4463 8758 10368 12802
9 285 293 322 338 346 462 539 685 894
9 292 300 338 455 458 522 680 894 1081
9 3399 4100 5660 9704 10117 12765 15983 15986 15989
9 327 372 505 958 973 1759 4663 6392 8518
9 527 848 1403 1630 2106 2879 4032 4524 6988
9 491 525 848 1171 1176 1450 2366 3202 3296
9 294 460 533 894 909 1107 1973 3178 3693
9 1268 2457 6406 9349 9897 13691 16009 16012 16015
9 284 289 312 322 323 453 668 1081 1400
9 292 310 371 452 455 522 695 899 1038
9 215 327 511 894 923 1136 1663 1919 3061
9 222 418 435 701 703 1039 1506 2413 4447
9 200 216 418 433 596 683 1039 1089 1391
9 293 320 522 972 1028 1439 2008 2380 6185
9 522 686 1444 1731 2781 9610 16028 16031 16034
9 200 286 1004 1142 1370 1730 2801 3037 3912
9 440 677 1189 1877 1959 3151 6467 7573 7580
9 166 223 505 879 880 952 2068 3037 3423
9 948 1349 2327 2365 2448 2881 5563 6898 11659
9 882 1138 2450 3429 3812 6265 9115 13166 16054
9 516 1290 3492 5461 6730 9307 16062 16065 16068
9 482 534 936 1188 1197 1663 2351 3210 5299
9 255 292 438 673 683 880 1366 2262 3181
9 222 473 865 1010 1067 1360 2560 2833 3955
9 315 380 673 711 727 936 1407 2040 2781
9 16086 16090 16097 16101 16102 16106 16112 16115 16118
9 2460 8441 12897 13757 13758 16128 16134 16137 16140
9 288 312 663 897 902 1455 3454 3526 4600
9 319 455 674 781 784 1419 2781 4704 16151
9 548 908 2032 3040 3053 4596 10340 15112 16154
9 734 1133 1389 1939 1943 3476 5907 9027 10674
9 16168 16172 16179 16183 16184 16188 16194 16197 16200
9 425 534 1389 1962 1968 2594 4032 5920 10247
9 312 371 518 783 789 1035 2506 3295 4464
9 1369 2552 3642 4107 4109 4123 6691 9539 11038
9 837 914 1337 1357 1360 1526 2332 2767 3433
7 1880 4444 16228 16232 16233 16237 16243
9 933 944 1341 1355 1360 1513 3439 5563 8490
9 2455 3317 3729 4426 8716 10382 13077 16252 16255
9 703 1039 2801 4780 5591 8694 15679 16265 16268
9 307 338 517 673 675 788 1419 1449 2005
9 1738 2875 9118 11541 11635 14076 16282 16285 16288
9 511 1261 3501 3670 4690 6404 10647 11466 16297
9 227 490 851 1110 1237 2478 3271 8154 9810
9 4717 6968 16312 16316 16317 16321 16327 16330 16333
6 957 1338 2327 3433 5036 6133
9 279 293 780 1397 1418 1816 3466 9500 10983
9 289 312 459 521 528 898 2439 3452 7985
9 475 493 1034 1189 1237 2830 5021 6472 8925
9 293 311 343 449 453 485 894 957 1238
9 1954 2648 3691 5505 5758 6861 12500 16260 16366
9 353 444 770 1380 1845 1999 3663 4352 10325
9 480 527 1187 1501 1696 2331 4695 6919 10695
9 232 506 1109 1342 1403 1781 3201 3864 5720
9 285 310 460 537 673 708 1237 1759 2005
9 221 283 453 532 880 991 2168 3077 4865
9 16191 16394 16401 16405 16406 16410 16416 16419 16422
9 976 1495 3243 3808 5291 6635 10639 11583 13330
9 1374 1708 4146 6026 6034 11180 16438 16441 16444
9 938 1107 1991 3703 3864 4586 13786 16454 16457
9 566 709 1342 2679 2718 3477 15405 16467 16470
9 729 1360 1630 2328 2767 3421 4167 4576 5719
9 511 2711 6068 8423 8516 9556 16478 16481 16484
9 2651 2804 7571 16492 16493 16497 16503 16506 16509
9 397 534 1235 1763 2250 2763 4522 8114 9912
0
9 287 296 325 455 459 519 1028 1919 7985
9 287 295 323 404 449 519 899 1920 2076
9 616 770 959 1217 1385 2559 4813 5628 8267
9 521 700 973 1403 1440 1864 3064 4046 7186
9 294 319 512 668 673 698 963 1682 6314
9 227 286 372 484 490 531 697 894 1136
9 435 843 988 1074 1080 3181 3865 5138 8455
9 493 1910 2096 3450 3453 7023 9352 10609 16533
9 286 304 532 780 892 963 1455 1835 2079
9 728 1166 3427 7129 7248 9306 15270 16542 16545
9 429 609 1086 1204 2392 3221 6281 9703 15098
9 224 294 480 534 536 1032 2065 3180 3671
9 1835 3243 10183 15794 16560 16564 16570 16573 16576
9 214 282 304 343 360 695 950 1466 2331
9 283 300 449 480 492 529 1444 1865 2506
9 417 542 1088 1374 1381 1919 3465 4602 5031
9 433 609 1501 1660 1757 3180 5421 8501 11085
9 2237 5553 9446 10557 10559 16592 16598 16601 16604
9 722 1416 2851 3997 4112 7926 10533 13082 16613
9 479 685 4301 6548 10370 16164 16626 16629 16632
9 311 452 784 1564 1921 4704 5863 11004 16640
9 229 469 1177 2610 2837 4105 10838 12591 15028
9 425 710 1511 2118 2256 2594 4632 5307 7028
9 224 406 532 950 973 1034 1349 1665 2349
9 491 538 799 1177 1191 1449 2823 4240 7682
9 209 401 850 1380 1391 2511 4032 5292 11775
9 713 859 1114 1240 1397 3037 5662 7382 11718
9 353 412 493 748 770 1251 2939 3746 6673
9 770 1089 1857 2368 2830 4147 6278 7595 9691
9 853 1066 2596 3222 3263 4700 9943 11583 12903
9 334 976 1825 2286 2309 3267 7468 12793 16678
9 848 908 1289 1454 1504 1881 2429 3252 3912
9 8200 12349 16690 16694 16695 16699 16705 16708 16711
9 468 685 1097 2005 2647 3045 5825 7172 12872
9 752 1630 3394 4934 5737 11110 14862 16726 16729
9 2082 2100 4967 8856 9955 9973 16739 16742 16745
9 497 700 1035 1175 1191 1794 2718 2939 7481
9 466 702 1752 1766 1767 3665 8510 14539 16757
9 372 556 733 1038 1039 1766 3347 4713 6330
9 677 1081 2409 3221 3304 4139 7831 16767 16770
8 6967 14547 16783 16787 16788 16792 16798 16801
9 1034 1177 1680 4692 5200 6412 10033 12335 15251
9 992 1063 1827 2515 3244 7286 16811 16814 16817
9 723 909 1118 1660 1769 2364 4008 5039 16825
9 286 294 569 927 946 1547 2036 3429 4460
9 222 292 701 801 850 1082 1122 1368 1999
9 480 674 1237 1664 1675 3054 4176 8950 13196
9 223 422 1170 1506 1511 2507 5317 7038 14512
9 219 397 492 609 612 692 1109 1999 3668
9 1389 1961 3612 4133 4270 5183 8077 11691 16846
9 418 708 1100 1752 1757 2795 4708 5319 6583
9 294 311 460 479 485 695 1234 1851 2958
9 419 600 1605 2410 3058 6088 13487 16859 16862
9 369 868 1874 3182 3449 4399 6355 6594 8857
9 338 521 1438 2424 2427 2820 3537 3672 5145
9 423 481 980 1101 1194 2418 3663 6316 12602
9 298 327 518 640 673 683 1036 1234 1689
9 301 321 674 777 899 1450 3061 3285 4592
9 1162 2256 4917 7505 7507 9774 14418 16887 16890
9 288 294 383 519 522 675 1112 1685 2606
9 419 606 1108 1961 1971 2253 4009 6583 7516
9 281 286 304 324 343 674 1835 2007 4472
9 228 372 530 710 714 1039 1630 1857 3077
9 701 845 1095 1351 1360 1864 2771 2955 4258
9 611 1607 2227 2896 2901 3320 8303 10267 12436
9 4120 5108 9219 10460 11219 16165 16918 16921 16924
9 855 1217 2150 2585 2647 2791 5224 6929 12398
9 259 285 296 327 372 512 708 992 1095
9 228 418 1121 1240 1340 1914 3043 3425 6155
9 1931 1954 5758 9746 10228 14096 16942 16945 16948
9 1100 2285 6800 6815 6816 8228 12968 14786 16957
9 231 418 615 1100 1112 1409 1761 3829 7349
9 834 911 1355 1794 1799 2331 2839 3436 4096
9 283 294 380 519 528 691 1089 1455 2504
9 360 548 727 1381 1502 1769 7042 11340 16973
9 1096 1369 3151 3869 3997 6970 10042 10909 13761
9 223 426 836 1691 1696 3023 4410 5481 10713
9 294 308 519 528 539 1028 1477 1975 5424
9 804 834 923 1171 1330 1900 2047 2830 4053
9 718 909 945 1351 1355 1663 2644 2777 3073
9 199 593 1367 2211 2328 3227 3633 5056 6988
9 322 460 779 793 894 1422 3829 4707 8924
9 12434 14898 17003 17007 17008 17012 17018 17021 17024
9 1627 1944 2678 2910 3195 4935 13640 17032 17035
9 834 1201 1948 2797 2808 3320 9439 10267 16260
9 222 430 952 1623 1869 2390 3183 3566 3668
9 905 1623 2810 4112 4600 9086 16719 17052 17055
9 419 426 894 971 1094 1623 3256 4700 5801
9 454 495 1107 2588 2656 3144 5573 7566 11018
9 1011 1439 2903 7967 9667 14397 17074 17077 17080
9 406 556 850 1381 1391 1413 3421 4035 4526
9 223 312 433 531 673 942 2820 3336 4178
9 418 498 1097 1171 1209 1900 3177 3825 5482
9 469 695 2211 2899 2907 6484 17093 17096 17099
9 701 776 914 945 969 1136 1663 2364 3580
9 1213 1691 3374 4625 5078 6525 12485 16802 17112
9 286 312 695 1170 1461 1892 4963 6122 6400
9 3482 9548 17123 17127 17128 17132 17138 17141 17144
9 1826 2143 3491 7527 9439 10867 17156 17159 17162
9 704 909 1392 1524 2458 4671 8895 9219 11569
9 224 372 729 909 915 1081 1493 1506 2108
9 222 420 623 887 894 1234 1624 2262 2594
9 201 222 428 608 703 1237 1759 2580 3341
9 360 600 1502 1763 1815 2524 3805 4522 17174
9 215 292 626 1043 1081 1503 1786 3026 4360
9 187 505 868 989 992 1240 2511 2918 3243
9 725 815 1109 1401 1403 2366 2946 3633 4514
9 3826 4320 14894 17190 17191 17195 17201 17204 17207
9 540 960 1391 2068 3180 3953 5370 7172 15642
9 293 305 338 455 459 537 788 882 1444
9 1234 1509 3058 4296 4393 7862 8954 10873 13599
9 289 414 520 593 683 770 1503 1805 2068
9 290 300 338 455 458 542 685 898 1441
9 455 512 1438 1863 1895 2820 3783 4355 5881
9 318 424 674 698 788 1419 1681 5850 13959
9 219 231 505 1081 1142 3222 5765 6102 8899
9 511 908 1321 3603 4496 17242 17248 17251 17254
9 318 460 685 1038 1461 4093 5561 15696 17264
9 1081 1389 2650 2661 2671 4624 8021 10371 15879
9 416 510 878 1097 1122 2106 3166 5319 9265
9 438 691 2283 3112 4148 7300 12262 13659 17284
9 287 304 372 519 698 1089 2526 3360 4704
9 193 325 614 748 849 1097 2119 2383 3090
9 289 300 524 683 684 892 1623 2504 3367
9 221 294 435 848 854 1234 1746 2262 3037
9 1949 3627 9309 10467 12152 13384 17297 17300 17303
9 1127 2404 3829 6320 6855 10570 17311 17314 17317
9 282 290 302 325 326 462 891 1028 1592
9 289 300 458 520 522 683 748 1234 1389
9 232 492 768 960 1089 1385 3672 3998 7005
9 285 419 542 675 676 877 1461 3090 4925
9 372 482 1037 1176 1177 1237 3064 4178 5021
9 701 801 1232 1630 1651 1999 3031 3783 4095
9 1091 1178 2554 3361 3566 3645 6066 6624 8258
9 417 567 860 1415 1624 2454 5765 6088 12958
9 859 1777 3026 3757 3764 4796 13296 16209 17338
9 228 511 944 1095 1100 1291 2023 3164 4963
9 232 597 1074 1525 1694 2585 3376 5115 11490
9 3701 5330 8073 9482 10127 17353 17359 17362 17365
9 746 1122 2522 3222 3243 3262 10227 11213 17375
9 706 989 1998 2534 2841 3271 5243 8592 11242
9 512 832 963 1105 1330 2355 4052 4235 6155
9 319 346 674 687 693 788 1449 2005 2077
9 294 481 1060 1877 1903 3417 8911 15422 17393
9 921 1105 3787 4247 4707 6947 11715 14908 16072
9 460 530 889 1367 1369 1623 3429 3677 4105
9 296 336 709 1000 1067 1454 2809 3785 4225
9 294 311 354 458 460 538 1023 1043 1592
9 826 945 2355 2943 2946 4861 7758 9826 15030
9 296 319 517 897 899 1675 3520 4659 6287
9 349 534 1234 1455 1482 2036 3567 5315 6258
9 371 491 683 770 821 1142 2185 3998 12662
9 344 368 458 525 526 680 1438 2076 2920
9 1095 1291 2023 3207 4071 4963 9722 14709 17432
9 2588 3926 6692 9569 10362 17440 17446 17449 17452
9 383 635 963 2052 2914 3687 7819 8097 10352
9 422 480 720 1035 1036 1222 3054 3677 6072
9 406 492 799 1037 1082 1397 1848 2575 3659
9 286 295 519 779 783 1444 2380 3461 4593
9 319 380 674 1050 1189 2004 3525 7293 13415
9 151 196 423 532 593 880 1112 1235 1704
9 294 372 946 1237 1672 2768 3668 4917 5620
9 228 492 726 859 909 963 1360 1403 1794
9 483 699 1265 1964 2357 3643 8501 12861 15298
9 450 460 777 1050 1096 1453 2960 3527 5144
9 597 988 1147 1818 1827 2028 6012 7314 17491
9 420 603 1240 1415 1600 2594 4364 7868 8510
9 556 950 1240 1891 2507 5436 13166 17503 17506
9 221 418 973 1503 1504 1655 4368 6583 8507
0
9 703 1066 1391 2580 2801 3619 6091 11420 13994
9 285 293 326 371 372 492 906 1033 1443
9 279 294 320 511 548 1417 2766 3277 4921
9 872 1222 3418 8140 8291 9678 13265 17393 17528
9 2221 4260 7966 12813 14075 15285 17537 17540 17543
9 224 421 708 1381 1415 1757 3086 3222 5112
9 729 1235 2327 2766 2767 2851 4167 5049 7926
9 455 673 2428 2957 3061 4922 9167 13457 17554
9 8244 11288 17565 17569 17570 17574 17580 17583 17586
9 197 231 709 858 1066 1495 3663 3975 6062
9 200 217 426 527 608 973 1501 2562 3816
9 3112 3919 6204 12412 13262 16934 17600 17603 17606
9 1251 2745 4860 8127 8129 8134 8332 10573 13404
