0
0
0
0
0
0
0
0
0
0
0
0
0
0
0
0
0
0
0
0
0
0
0
0
0
0
0
0
0
0
0
0
0
0
0
0
0
0
0
0
0
0
0
0
0
0
0
0
0
0
0
0
0
0
0
0
0
0
0
1 0
0
0
0
0
0
0
0
0
0
0
0
0
0
0
0
0
0
0
0
0
0
0
0
0
1 0
0
0
0
0
0
0
0
0
0
0
0
0
0
0
0
0
0
0
0
0
0
0
0
0
1 1
0
0
0
0
0
0
0
0
0
0
0
0
0
0
0
0
0
0
0
0
0
0
0
0
1 1
0
0
0
0
0
0
0
0
0
0
0
0
1 240
0
0
0
0
1 2
1 881
0
0
0
1 1368
0
0
0
0
0
0
0
0
1 228
1 1062
0
0
1 1117
0
0
0
0
0
2 247 1314
2 2 1433
0
0
0
2 997 1361
0
0
5 174 416 464 503 537
2 59 257
2 112 1005
1 1103
0
0
0
0
0
2 1112 1609
0
0
1 1869
2 3 199
0
0
0
1 507
0
0
1 1574
0
0
0
0
0
0
0
0
0
4 173 320 842 1105
3 150 1035 1163
2 1111 1655
1 1889
0
5 134 583 765 1397 1443
5 371 434 960 1211 1510
11 40 258 284 422 803 1130 1389 1393 1400 1542 1622
8 3 98 294 640 1009 1184 1526 1811
11 94 119 249 704 918 984 1096 1364 1602 1621 1660
5 29 252 908 1177 1327
0
0
2 424 427
10 186 324 445 529 539 585 637 1032 1520 1607
1 578
0
7 358 670 707 1362 1629 1824 1888
2 527 563
0
0
0
0
0
0
2 562 944
1 1146
0
0
0
1 47
0
1 4
4 246 1203 1431 1641
0
0
0
1 153
1 983
0
0
0
0
0
0
0
0
0
0
0
1 921
0
0
0
0
0
0
1 4
0
0
0
0
0
0
0
3 355 466 1010
0
0
3 829 1619 1722
11 39 45 132 307 530 681 737 1238 1321 1342 1698
0
3 1261 1384 1776
10 125 222 239 313 590 723 1188 1658 1714 1770
6 68 93 169 365 1212 1450
10 218 390 454 543 650 698 776 1297 1615 1632
22 144 236 339 386 439 446 470 498 642 643 739 809 838 839 887 917 932 980 1011 1082 1452 1651
4 592 1457 1501 1836
0
22 5 95 229 394 471 531 534 566 586 792 1081 1128 1142 1155 1241 1273 1325 1414 1504 1665 1754 1813
18 317 448 561 573 674 675 760 798 1014 1039 1191 1371 1404 1418 1623 1643 1689 1880
27 21 35 64 124 359 378 463 533 627 791 886 891 947 1000 1034 1037 1156 1407 1412 1548 1557 1720 1753 1768 1782 1833 1881
15 138 328 382 469 500 665 669 942 1068 1182 1311 1383 1553 1710 1867
25 6 71 131 140 213 227 267 311 318 577 636 654 705 903 968 975 981 1024 1181 1228 1296 1329 1333 1580 1709
0
3 75 139 1285
4 141 310 1114 1137
34 90 197 216 254 352 387 441 495 568 726 757 797 818 834 888 1019 1080 1165 1235 1277 1291 1315 1359 1365 1366 1424 1436 1487 1588 1644 1723 1821 1832 1837
1 1253
7 22 356 363 717 905 1186 1207
1 392
19 18 44 83 91 127 285 372 373 465 502 746 840 1317 1426 1476 1485 1591 1717 1830
7 397 756 793 1138 1166 1556 1818
0
0
4 297 619 1085 1786
0
10 121 361 388 611 1318 1370 1473 1638 1652 1697
8 215 641 864 958 1604 1692 1760 1856
19 217 259 304 811 814 956 988 1140 1148 1179 1313 1345 1380 1437 1595 1670 1690 1800 1805
0
2 751 964
3 27 212 1490
1 1439
2 5 209
2 652 969
17 9 11 43 128 241 250 332 600 631 817 845 1028 1094 1306 1334 1713 1858
2 1378 1656
5 115 116 1018 1565 1766
11 269 289 348 420 552 655 978 1008 1075 1445 1469
3 51 202 876
1 50
5 331 902 1076 1590 1831
6 42 518 1161 1336 1635 1636
23 105 231 281 485 557 634 691 771 938 1118 1160 1196 1213 1248 1266 1320 1375 1486 1533 1570 1592 1653 1765
0
0
0
0
0
0
2 481 1180
0
3 279 1521 1855
1 210
13 129 176 225 308 330 462 800 1003 1031 1195 1369 1514 1683
0
3 158 235 1307
0
0
6 734 1423 1519 1528 1583 1612
0
0
7 130 282 305 1038 1488 1525 1851
0
0
2 551 1522
1 6
1 632
0
0
2 967 1451
0
1 1440
0
0
0
1 936
1 948
0
0
0
2 333 1561
0
0
3 1041 1374 1861
1 1600
0
8 219 402 509 580 1267 1324 1593 1676
17 85 329 451 458 547 576 714 725 916 935 1429 1460 1517 1646 1771 1809 1870
0
1 7
0
0
1 1216
0
0
7 55 408 435 1185 1472 1667 1868
0
0
4 1087 1293 1396 1527
2 31 729
0
0
0
0
0
1 991
0
0
0
2 501 816
0
0
8 15 146 603 1176 1269 1350 1499 1757
0
4 7 198 1197 1395
0
2 827 1734
0
0
0
0
6 472 894 927 1245 1408 1732
0
0
0
4 223 528 1347 1413
0
12 754 778 789 850 992 1221 1252 1271 1494 1518 1559 1736
2 8 161
4 261 1129 1509 1820
0
0
2 147 1328
22 89 162 444 617 688 735 770 802 869 1183 1249 1279 1302 1343 1373 1377 1475 1608 1654 1777 1780 1877
10 370 412 706 750 847 1162 1257 1555 1558 1839
1 1810
3 914 1226 1884
4 163 575 796 1756
10 208 316 875 1097 1258 1286 1352 1385 1419 1491
2 1425 1823
0
6 166 523 1208 1449 1785 1796
1 907
1 1477
0
10 456 579 584 720 819 1046 1064 1088 1284 1794
3 1259 1308 1614
3 1299 1300 1547
6 385 860 906 1173 1409 1530
1 1376
7 286 335 461 638 846 976 1282
0
0
5 8 184 306 601 713
0
0
0
1 1398
0
1 1694
0
0
1 1596
2 910 1630
8 26 155 550 657 1033 1043 1074 1642
2 1045 1093
0
6 326 683 1275 1410 1416 1729
0
0
11 46 293 455 553 621 755 835 1220 1239 1254 1671
1 1479
0
5 88 376 626 937 1388
0
10 54 301 492 1026 1125 1223 1649 1790 1826 1873
0
1 851
0
2 684 1497
2 1236 1386
2 499 1628
0
0
11 9 56 201 733 759 911 953 1281 1298 1500 1730
0
0
0
3 152 595 1666
0
2 694 784
0
0
1 466
0
11 143 340 473 633 762 915 1312 1430 1456 1537 1865
3 10 1764 1852
3 925 1175 1840
3 711 1022 1243
0
1 1326
1 926
3 179 924 1438
3 554 570 934
0
1 1686
4 979 1036 1420 1860
17 96 450 488 540 588 700 821 892 955 999 1109 1340 1348 1390 1838 1866 1871
3 207 943 1691
4 133 232 515 767
2 1152 1797
0
1 843
3 99 658 1801
0
1 722
4 312 476 545 1012
0
0
0
10 13 401 478 589 710 833 1002 1070 1611 1814
5 10 120 609 962 1696
0
0
0
2 549 1828
6 350 679 736 1381 1585 1845
8 148 189 483 520 1330 1391 1415 1822
2 1057 1586
0
0
0
0
1 195
1 467
4 882 1084 1523 1620
1 1763
4 309 801 1402 1504
1 1120
0
3 1218 1566 1648
1 1455
9 16 268 696 712 716 1053 1278 1637 1695
2 896 977
3 517 622 1124
8 66 345 536 878 1280 1338 1633 1854
5 374 779 854 996 1454
5 11 266 598 781 1632
0
11 33 347 403 848 939 1233 1548 1664 1675 1707 1859
0
2 145 442
1 448
7 592 623 674 867 887 980 1733
0
1 267
1 718
5 183 758 787 1576 1724
0
0
0
0
0
3 366 1158 1783
0
0
0
0
0
0
0
9 283 438 440 457 995 1441 1539 1747 1799
1 12
0
0
0
2 963 1549
0
0
0
0
0
1 1843
0
0
0
0
0
0
0
0
0
1 1115
0
3 323 546 1198
0
0
1 12
0
1 73
1 429
1 185
0
0
0
0
0
0
8 177 504 597 662 728 748 1049 1789
0
1 772
2 97 1270
3 452 699 1846
1 931
0
2 1761 1812
2 167 188
0
1 1875
2 272 852
0
1 1769
0
9 41 480 673 703 861 1119 1149 1512 1546
6 20 157 411 857 1719 1725
0
0
8 65 277 342 795 973 1134 1150 1589
0
4 866 1354 1372 1560
3 398 1056 1575
3 123 1171 1227
1 13
0
1 1078
0
0
0
6 405 766 822 913 1231 1262
1 1139
0
3 788 1131 1250
0
0
0
0
0
0
0
0
3 137 630 1864
0
1 14
0
0
0
0
0
0
0
0
0
0
0
0
0
0
0
0
0
0
0
0
0
0
0
0
1 14
0
0
0
0
0
0
0
0
0
0
8 131 317 391 614 1316 1450 1541 1886
3 880 1067 1755
3 715 1190 1417
1 723
2 1108 1659
0
0
2 739 1619
1 1153
0
3 808 1004 1399
1 1569
8 519 731 1256 1331 1610 1643 1728 1742
2 359 1657
1 1317
1 15
0
1 290
3 299 895 1829
0
2 654 726
0
11 24 339 388 394 397 446 809 1034 1136 1418 1802
0
1 194
4 420 636 1092 1155
2 708 1872
10 60 109 407 686 889 940 1157 1290 1712 1745
12 226 248 479 487 606 738 775 950 1126 1192 1230 1506
2 807 1746
3 607 1030 1292
0
1 395
0
0
3 280 620 1759
8 135 344 431 505 732 1040 1639 1703
1 1731
0
3 672 982 1170
0
0
0
1 724
0
4 69 491 898 1048
0
1 1480
2 58 1470
2 836 1304
1 16
2 946 1467
0
2 594 628
2 1095 1309
3 296 430 1122
4 418 823 1174 1616
0
0
0
0
0
2 649 1332
0
1 890
0
2 1193 1276
0
1 17
0
0
0
0
2 777 1461
1 747
4 28 314 1086 1568
0
0
0
1 1323
0
1 1435
0
0
0
0
2 193 490
1 1164
0
0
0
0
0
1 17
0
0
0
4 255 668 1072 1711
0
0
0
0
0
2 396 1803
1 665
0
0
1 604
2 1235 1496
0
0
1 18
1 1627
0
0
2 127 1604
0
0
0
0
3 439 1366 1412
1 1538
0
3 62 82 92
1 1448
0
3 118 1059 1127
0
3 865 904 1841
0
1 1141
3 288 587 1303
1 206
2 19 682
3 954 1079 1305
0
1 1058
0
0
1 1606
0
2 187 1337
2 1178 1815
0
0
0
0
0
3 113 341 1225
0
1 191
0
3 325 933 1346
1 832
0
1 602
0
1 753
2 19 844
1 1850
1 721
5 114 368 375 1564 1787
0
2 160 1017
1 514
0
0
0
0
1 1367
2 1319 1715
0
9 81 263 780 941 1133 1189 1405 1464 1772
0
4 511 1222 1263 1268
7 53 106 433 591 1247 1442 1647
0
1 84
0
2 409 651
0
1 522
1 709
0
1 1123
0
5 164 513 556 648 1735
0
1 1446
0
0
0
1 20
2 826 1144
0
3 256 1289 1762
0
0
1 1029
0
0
0
0
3 640 828 1132
1 645
0
0
6 400 421 642 1188 1577 1580
0
1 1818
1 525
0
0
1 21
0
0
1 581
0
0
0
0
6 294 929 1069 1403 1644 1714
0
1 1102
3 22 1325 1483
8 532 619 825 903 1014 1137 1277 1821
6 44 495 756 791 1426 1652
1 932
0
0
0
3 68 386 1634
0
0
0
10 80 93 102 108 974 1232 1432 1672 1740 1825
8 190 292 459 1015 1145 1752 1788 1808
1 873
9 354 572 743 824 897 1047 1493 1502 1781
0
2 486 1531
1 1678
1 555
1 23
0
0
2 48 841
0
4 221 773 1135 1242
0
0
0
0
0
1 181
1 667
0
0
0
0
1 275
0
0
0
0
2 151 1387
0
5 414 453 512 689 1581
1 23
2 122 262
2 663 1468
2 510 1680
1 1857
2 362 426
3 428 582 1344
2 302 1001
0
7 104 233 702 859 1498 1605 1876
0
4 124 1090 1358 1481
1 1534
0
1 970
0
3 387 625 1692
0
1 805
4 336 730 1339 1817
0
0
4 125 586 669 1024
0
0
0
0
0
3 685 1107 1224
0
0
1 24
3 680 757 1261
1 856
0
2 885 1739
1 1471
0
0
0
0
0
0
0
0
0
1 25
6 136 175 449 635 1392 1874
5 63 608 610 952 1849
0
1 989
7 270 413 427 567 877 1599 1776
0
0
0
0
0
0
0
1 627
0
0
0
1 337
0
1 393
0
0
0
0
0
2 25 593
0
0
0
0
0
0
0
0
0
0
5 64 285 600 1186 1557
0
3 465 792 1037
0
1 26
6 90 212 217 834 1313 1836
1 496
1 273
1 830
1 870
6 43 71 128 652 1327 1880
4 197 1310 1427 1595
3 560 624 1329
1 815
0
2 1140 1334
6 399 803 868 1379 1598 1682
1 27
1 1085
0
1 1856
0
1 958
0
0
0
0
0
0
1 745
2 204 987
0
0
0
0
1 646
0
0
0
0
2 498 1751
2 380 1314
0
5 666 810 1545 1738 1879
0
0
1 28
0
0
2 1484 1640
0
1 742
0
0
0
0
0
0
2 1651 1748
4 243 365 764 1515
0
0
0
0
0
1 1287
12 29 307 618 961 1028 1063 1083 1295 1336 1579 1655 1737
1 443
0
0
0
0
5 154 295 402 751 1591
1 994
3 269 482 707
0
0
1 537
2 30 321
0
0
2 67 820
2 1291 1853
0
5 278 605 1521 1626 1702
2 893 1204
1 1567
1 300
0
1 990
1 1143
1 1356
1 1217
0
0
0
0
0
0
4 1199 1238 1535 1848
0
0
0
2 30 1206
0
0
0
0
0
0
1 1673
0
0
0
0
1 1662
0
0
0
1 1168
0
0
0
0
2 74 238
0
1 31
1 616
0
0
0
0
0
0
0
3 460 477 1272
0
0
0
0
0
0
0
1 1718
0
0
1 32
0
2 935 1016
2 377 1571
1 364
1 1573
1 265
3 406 697 1060
2 1200 1750
1 1842
0
1 811
0
1 33
0
0
0
3 1244 1246 1397
3 211 244 544
0
0
0
1 1513
1 383
1 1100
2 34 1007
0
0
2 639 786
0
0
0
1 1793
0
0
0
0
0
3 168 419 542
0
0
0
0
0
1 1210
0
0
1 676
2 432 1775
0
1 34
0
0
2 1283 1882
0
0
0
0
0
1 763
0
3 765 883 1019
1 35
0
1 1042
5 141 363 1082 1765 1837
5 149 1234 1422 1869 1885
0
3 698 817 1476
0
0
6 349 425 688 1214 1434 1451
0
0
0
0
0
0
2 36 1462
1 858
0
0
2 103 1169
0
0
1 837
0
0
0
0
0
0
1 1685
0
0
0
3 49 741 785
0
1 196
0
0
0
0
2 36 541
0
0
0
1 220
0
0
0
0
0
0
0
0
0
1 862
0
2 874 1260
1 1106
1 1663
1 1862
1 37
0
0
0
0
0
0
0
0
0
0
0
0
0
0
0
0
0
0
0
0
0
0
0
0
1 37
0
0
1 303
0
0
0
0
0
0
0
0
1 769
1 38
0
0
1 200
1 671
0
0
0
1 1688
0
0
0
1 360
0
0
0
0
0
0
1 1661
0
2 629 813
0
0
0
1 38
0
3 647 661 1071
0
0
5 353 555 804 1508 1704
0
0
1 251
0
0
1 842
2 489 507
2 1556 1754
2 900 1784
3 153 643 706
0
0
0
3 39 390 437
0
2 508 693
0
0
0
1 250
1 530
0
0
0
2 369 423
0
1 1540
0
1 1827
1 1360
2 40 1414
1 1624
1 1617
0
0
0
2 169 234
0
0
0
2 170 1072
2 799 1536
3 585 986 1871
1 379
3 186 681 1364
3 86 686 936
2 1440 1543
1 41
0
0
0
0
1 526
0
1 960
2 1215 1727
1 569
2 972 1421
1 373
1 1380
0
0
1 172
0
0
0
0
0
0
1 42
1 1411
2 968 1228
0
0
1 1285
0
0
3 115 144 485
1 1798
2 840 888
0
0
2 502 634
3 328 814 1612
0
5 471 656 705 797 1023
1 441
0
3 372 1266 1683
6 165 271 675 1045 1166 1371
0
0
0
1 690
3 1490 1636 1782
0
0
0
3 308 1101 1541
1 644
2 45 1375
0
0
0
0
1 1722
0
0
0
0
0
0
0
0
0
0
1 692
0
0
1 1011
0
0
0
0
0
0
0
0
1 46
0
0
0
1 876
0
4 371 965 1489 1700
0
0
0
0
0
1 47
1 434
1 1510
3 171 768 1229
0
3 1269 1602 1809
0
0
3 333 1621 1819
0
2 324 358
0
0
0
0
0
1 48
0
0
0
0
0
0
0
1 87
2 315 719
0
0
0
0
0
1 76
0
0
0
0
0
2 794 945
0
0
0
1 260
1 701
1 494
0
0
2 259 304
1 327
0
0
1 49
1 1349
0
0
0
0
0
0
0
0
0
0
0
0
0
0
2 225 902
0
1 50
0
1 121
0
0
0
0
0
0
0
0
1 818
0
0
0
0
1 51
0
2 138 1565
0
0
0
0
1 1383
1 470
0
0
0
1 52
0
0
0
0
0
0
4 61 637 901 1437
0
0
1 1773
0
0
0
0
0
3 920 1098 1609
0
0
0
0
3 159 484 985
0
0
0
2 52 1251
1 1795
0
0
0
0
0
0
2 796 1743
0
0
0
0
0
0
0
0
0
0
0
1 1290
0
0
1 447
0
0
0
0
1 53
0
0
0
0
0
0
0
0
0
0
0
1 54
2 967 1340
2 1321 1407
1 1732
0
0
1 687
0
0
0
3 75 829 1522
0
0
3 472 1179 1315
0
1 1265
0
0
1 55
0
1 1713
0
0
1 1768
0
1 1050
0
1 1378
0
1 1804
0
0
1 1202
0
2 938 1542
1 56
0
1 1006
0
0
0
0
1 503
0
0
0
1 1701
0
1 57
0
0
0
0
0
0
0
0
0
0
0
0
0
0
0
0
0
2 78 1524
0
0
0
0
0
0
1 57
1 855
0
4 346 727 923 993
0
0
0
0
0
0
0
0
0
0
0
0
1 1196
0
0
0
1 1035
0
0
1 450
1 1697
0
0
2 236 988
0
1 58
0
2 281 891
0
0
1 1408
1 1184
0
0
0
0
0
0
1 1844
0
1 242
1 1241
1 908
0
1 59
0
0
1 416
0
0
0
1 1520
0
0
0
3 275 404 467
1 375
0
0
2 60 812
0
0
0
0
0
0
2 1593 1820
0
0
0
0
0
1 534
0
0
0
1 264
1 202
0
0
1 1587
0
0
0
0
0
0
1 1495
1 1559
0
0
0
0
1 61
0
0
1 1717
0
0
0
0
0
0
0
0
3 85 96 334
4 509 1373 1486 1488
1 966
0
0
0
2 1051 1537
1 1760
0
0
0
0
0
3 691 1628 1771
1 62
0
0
0
0
0
4 478 956 1438 1607
1 1723
0
0
0
0
0
0
0
0
0
0
0
2 98 210
0
1 1463
0
0
0
3 63 257 1622
0
0
0
0
0
0
0
0
0
0
0
1 1249
0
0
0
0
1 1061
0
0
0
0
0
0
1 749
0
0
1 1716
0
0
0
0
0
0
0
0
9 139 1112 1424 1452 1525 1600 1615 1653 1709
1 1710
0
3 83 254 356
0
0
0
0
0
0
0
0
0
0
0
0
1 782
0
3 111 535 849
0
2 566 1055
0
0
0
0
1 1792
0
0
0
1 65
1 1077
0
1 1177
0
0
2 1167 1778
0
0
0
0
4 203 554 1211 1633
0
3 381 1499 1758
0
0
2 357 384
1 222
1 66
0
3 132 228 770
1 1089
1 1588
2 142 1142
0
2 611 1212
0
1 1786
0
1 1201
0
0
0
0
0
0
0
1 72
0
0
0
0
0
2 1389 1516
1 67
0
0
0
0
0
0
5 94 793 927 1460 1757
0
0
0
1 1008
0
4 330 798 948 1851
1 1114
2 435 1770
0
2 947 1501
1 1094
0
1 1361
0
3 112 704 790
0
2 355 1005
0
1 69
0
0
0
0
0
0
0
1 997
0
0
2 70 500
0
1 599
1 886
0
0
0
1 497
0
0
0
1 1667
0
0
0
0
1 1459
0
0
0
0
0
0
1 1457
0
1 70
0
0
0
0
0
0
0
0
0
0
1 969
0
0
5 297 1163 1445 1469 1570
1 1257
0
1 291
0
0
1 831
0
2 140 1861
2 213 352
0
6 501 631 677 1181 1243 1404
0
0
1 216
0
0
0
0
3 313 469 1182
0
0
0
0
0
0
0
1 72
0
0
0
0
1 1744
1 615
1 626
0
0
0
1 711
0
0
0
0
0
0
0
0
2 533 964
0
1 73
1 1343
1 223
1 1529
1 944
2 568 1494
0
0
0
0
0
0
0
0
2 100 1406
0
0
2 617 863
0
0
0
0
0
0
0
0
1 1807
0
0
0
0
0
1 74
0
0
0
0
0
0
0
0
0
0
0
5 116 227 382 451 1320
0
0
3 550 838 1594
0
0
0
0
0
0
0
0
0
0
0
0
0
1 445
0
0
0
0
0
0
0
0
0
1 872
0
0
2 76 179
0
0
0
1 1225
0
0
0
1 848
0
0
0
0
0
1 561
0
0
0
0
0
0
1 77
0
0
0
0
0
0
0
0
0
0
0
0
0
0
1 1590
0
1 201
0
0
1 879
0
0
0
0
1 77
0
0
0
0
0
0
0
0
0
0
0
0
2 162 1563
0
0
0
0
0
1 1767
0
0
0
0
1 559
5 930 1183 1665 1810 1833
0
0
0
1 957
0
0
0
0
0
1 78
1 117
1 1237
0
0
0
0
0
0
0
0
0
0
1 1779
0
0
0
0
1 79
0
0
0
0
0
0
0
0
0
0
0
0
0
0
0
0
0
0
0
0
0
0
0
0
1 79
0
1 1255
0
0
0
0
0
0
0
0
0
1 651
4 80 205 1216 1410
1 148
0
4 904 971 1088 1222
3 109 288 1263
0
0
1 1012
0
2 230 630
0
0
0
0
0
0
0
0
0
0
0
0
0
1 1618
1 81
0
2 167 628
0
0
0
0
0
1 263
0
0
1 1341
2 82 1803
2 570 1175
1 354
0
0
0
0
0
0
0
0
0
0
1 905
0
0
1 1656
0
0
1 1831
0
0
0
0
0
0
0
0
0
0
0
0
0
0
0
0
2 84 959
0
0
0
4 744 951 1154 1835
0
0
0
0
0
0
0
0
1 1654
1 1357
0
0
0
0
0
1 146
0
0
0
0
1 819
0
0
0
1 1087
0
0
0
0
0
0
0
0
0
1 922
1 156
0
0
0
2 86 884
0
0
0
0
0
0
0
0
0
0
0
0
1 1650
0
0
0
0
0
1 1491
0
0
0
0
0
0
0
1 87
0
0
0
0
1 578
0
1 660
0
1 1611
0
0
1 975
0
1 632
0
1 816
0
0
0
0
0
1 88
0
0
0
0
0
0
0
0
0
0
5 492 1038 1436 1547 1832
0
0
0
0
0
0
1 1103
1 89
1 1613
0
0
0
0
0
0
0
0
2 1070 1352
2 129 231
3 229 1110 1160
2 143 1301
0
0
0
0
0
0
0
0
1 1097
0
0
0
0
0
0
1 91
0
0
0
0
0
0
0
1 493
0
0
2 1027 1677
1 1578
0
0
0
0
0
0
0
0
2 161 1889
0
1 92
0
0
0
0
0
0
0
0
0
0
1 1866
0
0
0
0
2 575 1811
0
0
0
0
1 1066
2 95 1273
2 755 1345
2 298 1213
0
2 583 1503
2 1226 1302
2 444 1284
0
2 348 924
0
0
1 926
0
3 176 490 540
0
1 1444
0
0
1 440
1 1149
1 1475
0
0
1 1458
1 456
0
2 163 921
1 97
0
0
0
0
1 1146
0
1 214
0
0
0
0
0
0
0
0
0
0
0
0
0
1 563
1 1561
1 99
0
0
0
0
1 1395
0
0
0
2 1218 1233
0
0
1 1693
0
0
0
0
0
0
0
0
0
0
0
0
0
0
0
0
0
1 100
0
0
0
0
2 1013 1625
0
0
0
0
0
0
2 101 1363
0
0
0
1 1347
0
0
0
0
0
1 802
0
0
1 1130
0
0
0
0
1 1274
0
0
0
0
0
0
1 101
0
0
0
0
0
0
0
1 1705
0
0
0
0
0
0
2 102 1456
0
0
0
0
0
1 248
0
1 312
0
0
0
0
0
0
0
0
0
0
0
0
0
0
0
0
0
0
2 459 1891
0
0
0
1 103
0
0
0
0
0
1 871
0
0
0
0
0
0
0
4 710 738 881 1010
0
1 823
4 310 367 596 1259
3 104 775 1678
1 1419
2 491 962
0
0
0
0
2 1480 1507
0
0
1 1788
0
1 105
0
1 981
0
0
0
0
0
0
0
0
0
0
0
0
0
0
0
0
0
0
0
0
1 106
0
1 1706
0
0
0
0
0
0
0
0
0
2 528 1116
2 548 1387
1 1429
0
1 514
2 1031 1517
2 1413 1428
1 108
0
1 602
0
0
0
0
0
0
3 1278 1569 1787
1 779
0
2 283 1666
0
1 320
0
0
0
0
0
0
0
0
0
0
0
1 110
0
0
0
0
0
0
0
0
0
0
0
0
0
0
0
0
0
0
0
0
0
0
0
0
1 110
1 1157
0
1 1684
0
0
1 505
0
0
0
2 206 1195
0
0
1 215
1 410
0
0
0
0
0
0
0
0
0
0
0
0
0
0
0
1 111
0
0
0
0
0
0
0
0
0
0
0
0
1 672
2 1062 1203
0
4 735 1396 1637 1814
1 331
0
2 694 925
0
0
0
0
0
0
0
0
0
1 113
0
0
0
0
0
0
0
3 668 784 1745
0
0
0
0
0
0
2 114 1178
1 1571
0
0
0
0
0
0
0
1 1772
0
1 1176
0
0
0
1 235
1 659
1 771
1 1514
0
0
0
0
0
2 1161 1185
0
0
0
0
0
0
0
0
0
0
0
0
0
0
0
0
0
0
0
0
0
0
0
1 117
0
0
0
0
0
0
0
0
0
0
0
0
0
0
0
2 1279 1385
0
1 954
0
1 118
0
0
0
0
0
0
0
0
0
0
0
3 119 737 1813
1 552
0
0
0
0
0
0
1 955
0
1 1505
4 576 1485 1658 1660
0
0
0
0
0
1 120
0
0
0
0
0
0
0
1 249
0
1 916
0
0
0
0
0
0
0
3 209 1000 1248
1 1430
0
1 232
0
0
1 122
1 682
0
0
0
0
0
0
0
0
3 499 1311 1698
0
0
0
0
0
0
0
0
0
0
0
2 1362 1368
3 1477 1523 1839
0
1 123
0
0
0
0
0
0
0
0
0
0
0
0
0
0
0
0
0
0
0
0
0
0
1 126
0
0
0
0
0
0
0
0
0
0
1 1532
0
0
0
0
0
0
0
0
0
1 1403
0
0
0
1 126
0
0
0
0
0
0
0
0
0
0
2 531 1075
0
1 239
0
0
0
0
0
0
0
0
0
0
1 1845
0
0
2 621 894
1 130
0
0
3 199 424 638
0
0
0
1 941
1 481
0
2 219 1649
0
3 261 984 1720
2 949 983
0
0
2 620 743
0
1 1067
0
0
1 1322
0
0
0
0
0
1 1240
0
1 1409
0
0
2 133 218
2 572 1432
1 1648
0
0
0
0
0
0
0
1 1664
0
0
0
0
1 992
1 134
0
1 664
0
0
2 1270 1271
2 174 1884
0
0
0
0
1 1441
1 135
0
1 245
0
0
0
0
0
0
0
0
0
1 670
0
1 1104
1 1721
1 166
0
0
0
0
0
0
1 622
1 1740
1 136
0
0
0
0
0
0
0
0
0
0
0
3 137 732 1064
0
0
0
0
0
2 1399 1443
0
0
0
0
0
3 917 942 1881
0
3 717 1039 1207
3 953 1021 1551
0
1 462
0
0
2 750 1766
0
0
0
0
0
0
0
0
0
1 1676
1 736
0
0
0
0
0
0
0
0
0
0
0
0
0
0
0
0
0
0
0
0
2 1382 1681
0
1 142
0
0
0
0
0
0
0
0
0
0
2 241 483
0
0
0
0
0
2 1318 1800
0
1 1254
0
0
1 1365
0
0
0
1 340
0
1 551
0
1 145
0
0
0
0
0
0
1 641
0
0
0
2 1093 1830
0
0
2 1198 1236
0
0
1 1080
0
0
0
0
0
0
0
1 1286
0
0
1 147
0
0
3 915 1119 1478
0
0
1 1464
0
0
0
0
0
0
1 1105
0
0
0
0
0
0
0
0
0
0
0
0
0
0
0
0
1 1381
0
1 149
0
0
0
0
0
0
0
0
0
0
0
1 1468
1 150
0
0
2 752 1777
0
0
0
2 1172 1753
0
1 934
0
4 594 974 1132 1479
0
1 151
1 1781
0
0
1 689
0
0
0
0
0
1 1519
0
0
0
0
0
3 1324 1384 1608
2 152 1690
0
0
0
0
0
1 1003
0
0
1 1867
0
0
2 847 1433
0
0
0
0
0
0
0
0
0
0
0
0
1 417
0
0
0
0
0
0
0
0
0
0
0
0
0
0
0
1 774
0
1 865
0
0
0
0
0
0
0
0
0
0
0
1 154
0
0
0
0
0
1 479
0
0
0
0
0
0
1 155
0
0
0
0
0
1 1670
1 1873
0
0
0
0
0
0
0
0
0
0
0
0
0
0
0
0
0
0
0
0
1 165
0
0
1 156
0
1 746
0
0
0
0
0
0
0
0
0
1 157
0
0
2 366 1794
1 407
0
0
0
0
0
0
0
0
0
0
0
0
0
0
0
0
1 1197
0
0
0
0
1 841
0
0
0
0
1 728
0
1 158
0
0
0
0
1 913
1 1048
1 1531
1 1111
0
0
1 940
0
0
0
0
0
1 1631
0
0
0
0
1 529
0
1 159
0
0
0
0
0
0
2 1091 1834
0
0
2 389 1582
1 511
1 1465
2 712 1815
0
0
0
1 1281
0
0
0
0
0
1 160
0
0
0
0
0
0
0
0
0
0
1 1084
0
0
0
0
1 846
0
0
0
0
0
0
0
0
2 422 662
0
0
0
1 1763
1 164
0
0
0
2 1854 1865
0
0
0
0
0
0
0
0
0
0
0
0
0
3 523 1245 1390
1 286
2 731 1338
0
0
0
0
0
0
0
1 177
1 1205
0
0
1 556
0
1 168
0
0
0
0
0
0
0
0
1 1603
0
0
2 318 683
1 1138
0
0
0
1 226
0
0
0
0
1 1351
0
0
0
0
0
0
0
0
0
0
1 170
2 1022 1162
0
1 266
0
0
1 1736
1 869
0
0
1 909
0
0
0
0
0
0
0
0
0
0
0
0
0
0
0
0
1 171
0
0
1 1268
0
0
0
0
0
0
0
0
0
0
0
0
1 1841
0
1 1855
0
0
0
0
0
0
0
0
0
0
0
1 172
0
0
0
1 538
0
0
0
0
0
0
1 1052
0
1 173
0
0
0
1 1032
0
0
1 504
0
0
0
0
0
0
0
1 1801
1 1258
0
0
2 808 1780
1 937
0
0
0
0
0
0
0
0
0
1 175
0
0
0
0
1 1431
1 1599
0
0
0
0
0
1 1454
0
0
0
0
0
0
0
0
0
0
0
4 396 773 1164 1696
0
0
1 1586
0
1 1574
0
0
0
0
1 180
0
0
0
0
0
0
0
0
0
0
0
0
0
0
0
0
0
0
0
0
0
0
0
0
1 180
0
0
0
0
0
0
0
0
0
0
1 181
0
1 240
0
0
0
0
0
0
1 1890
0
0
0
0
0
0
1 1863
0
0
0
1 182
0
0
0
0
0
0
0
0
0
0
0
0
0
0
0
0
0
0
0
0
1 1526
1 1376
0
0
2 1304 1434
0
1 183
0
0
0
0
0
0
0
0
0
0
0
0
0
1 184
0
0
0
2 457 1888
0
0
0
0
0
0
1 411
0
0
0
1 185
0
0
0
0
1 322
0
1 1398
0
0
0
0
2 1838 1860
0
0
0
0
0
0
0
0
0
2 385 708
1 1420
0
0
0
0
0
1 187
0
0
0
0
0
1 1303
0
0
0
0
0
0
0
0
0
0
1 1530
0
1 1004
3 754 931 1799
0
0
0
1 188
0
0
1 1054
0
0
1 194
2 1442 1712
0
0
0
0
1 1180
1 458
0
0
0
0
0
0
2 189 438
0
0
0
0
0
0
0
0
0
0
0
1 190
0
1 237
0
0
0
0
0
0
0
0
1 496
0
0
0
0
0
1 191
0
0
0
0
3 758 991 1073
1 843
1 1546
3 246 428 663
0
0
1 1159
1 1645
0
0
0
0
1 192
0
0
0
0
1 783
0
0
0
0
0
0
0
0
0
0
0
0
0
0
0
0
0
0
0
1 192
0
0
0
0
0
0
0
0
0
0
0
1 700
0
1 258
0
0
1 193
0
0
0
0
0
0
0
0
0
1 252
0
0
0
0
0
0
0
0
0
0
0
0
1 195
2 810 1109
0
1 833
0
0
1 1391
0
1 1840
0
0
0
0
0
0
0
0
0
1 418
0
0
0
0
0
0
0
1 196
0
0
0
0
0
0
0
0
0
0
0
0
0
0
0
0
0
0
1 198
0
0
0
0
0
0
0
0
1 370
0
1 877
0
0
0
0
0
0
1 464
0
1 1850
0
0
0
0
1 1733
0
1 292
0
0
0
0
0
0
1 200
0
0
1 895
0
0
0
0
0
2 350 486
0
2 1333 1883
0
1 996
0
0
0
0
0
0
0
0
0
4 300 861 1189 1498
0
0
0
0
0
0
0
0
1 558
0
0
0
0
1 203
0
0
0
0
0
0
0
0
0
0
0
0
0
2 204 1158
0
0
0
0
0
0
0
0
0
0
0
0
0
0
0
0
0
0
0
1 1816
0
0
0
0
0
0
0
1 205
0
0
0
0
0
0
0
0
0
0
0
0
0
0
0
0
1 207
0
0
1 1059
0
1 488
0
1 1694
0
0
1 1822
0
0
0
0
1 208
0
0
1 1614
0
0
0
0
1 860
0
0
0
0
0
1 789
0
0
0
0
0
0
0
0
1 1152
0
0
2 293 1416
1 280
2 1046 1074
0
0
0
0
0
1 800
1 463
0
0
0
0
0
0
0
0
0
0
0
1 211
0
0
1 368
0
0
0
0
0
0
0
0
0
0
1 1306
0
0
0
0
0
0
0
0
0
0
0
0
0
0
0
0
0
0
0
0
0
1 214
2 1309 1679
0
0
1 1372
0
0
0
0
0
0
0
0
0
0
0
0
0
0
0
0
0
0
0
0
2 392 1239
1 839
0
0
2 524 573
0
2 305 612
0
0
0
0
0
0
0
0
0
0
0
0
0
1 329
0
0
0
0
0
0
0
0
0
0
1 220
0
0
0
0
0
0
1 1394
0
0
0
0
1 221
0
0
0
0
0
1 1606
0
0
0
0
3 759 1549 1812
0
1 1647
0
2 919 1393
0
0
0
0
0
0
0
0
0
0
1 224
0
0
0
0
0
0
0
0
0
0
0
0
0
0
0
0
0
0
0
0
0
0
0
0
1 224
0
0
0
0
0
0
0
0
0
0
0
1 1015
0
3 579 826 1704
0
1 1069
0
0
0
0
0
0
0
0
0
0
0
0
0
1 1297
0
0
0
0
0
0
0
1 801
0
1 1724
1 1449
0
1 1173
0
0
0
1 378
1 1518
0
0
1 827
0
0
0
0
0
0
0
0
1 709
1 610
0
0
0
0
0
0
0
0
0
0
0
0
0
0
0
0
0
0
0
0
1 230
0
0
0
0
0
0
0
0
0
0
0
0
0
0
1 1858
0
0
0
1 1312
0
0
0
0
0
0
1 233
0
0
0
2 272 1616
0
0
0
0
0
0
0
0
1 729
0
0
0
0
0
1 234
0
0
1 1425
0
0
0
0
0
0
0
2 1386 1796
0
1 289
0
3 1223 1439 1671
0
0
2 1253 1790
1 279
0
0
4 721 977 1079 1564
0
1 1747
0
0
0
0
1 374
0
0
0
0
0
1 976
0
1 403
0
0
0
0
1 237
0
0
0
0
0
0
1 807
0
0
0
0
0
0
1 238
0
0
0
0
0
0
0
0
0
0
0
0
0
0
0
1 1400
0
0
0
0
0
0
0
0
0
0
0
0
0
0
0
0
0
0
0
1 545
0
0
0
1 1544
0
0
0
0
0
1 242
0
0
0
0
0
0
0
0
0
0
0
0
0
0
0
0
1 577
0
2 776 1043
0
1 243
1 595
0
0
0
0
0
0
0
0
0
0
0
0
0
0
1 244
0
0
0
0
0
0
0
0
0
0
0
0
0
0
0
0
0
0
0
0
0
0
0
0
1 245
0
0
0
0
0
0
0
1 832
0
0
0
1 421
1 1466
0
0
0
0
0
0
1 247
0
0
0
0
1 1117
0
0
0
0
0
0
1 476
0
0
0
1 703
1 918
0
0
0
0
0
1 251
0
0
0
0
0
0
0
0
0
0
0
0
0
0
0
0
0
0
0
0
2 1492 1870
0
0
1 1558
0
0
0
0
1 1026
1 1174
0
0
0
1 1307
0
0
1 603
0
0
0
0
0
0
0
0
0
0
0
0
0
0
0
1 255
0
0
0
0
0
1 1065
0
1 429
0
0
0
0
0
2 282 284
0
0
0
0
0
0
1 256
0
0
0
0
0
0
0
0
0
0
0
0
0
0
0
0
0
0
0
0
0
0
0
0
0
0
0
0
0
0
0
0
0
0
0
0
0
0
0
0
0
0
0
0
0
0
1 260
0
0
0
0
0
0
0
0
0
0
0
0
0
2 906 1262
0
0
0
0
1 873
0
1 510
1 1752
0
1 262
0
0
0
0
1 1071
0
0
1 1885
0
0
0
2 321 1536
0
0
1 1789
0
0
0
0
1 1299
0
0
0
0
0
0
0
0
0
1 264
0
0
1 1554
0
0
0
0
0
0
0
0
0
0
0
0
0
1 265
0
0
0
0
0
0
0
0
1 1581
1 852
0
0
0
0
0
0
0
0
0
1 1774
1 684
0
0
0
0
0
1 1846
0
2 624 1267
0
0
1 268
0
0
0
0
1 474
0
0
0
0
0
0
0
1 270
1 725
1 1566
1 400
0
1 1715
0
0
0
0
0
2 734 1275
0
0
0
0
0
0
0
0
0
0
0
0
0
0
0
0
0
1 271
0
0
0
0
0
0
0
0
0
0
1 343
0
0
0
0
0
0
0
0
0
0
0
1 835
0
0
1 696
0
0
0
1 273
0
0
0
0
0
0
0
0
0
0
0
0
0
0
1 274
0
0
0
0
0
0
0
0
0
0
0
0
0
0
0
0
0
0
0
0
0
0
0
0
1 274
0
0
0
1 287
0
0
0
0
0
0
0
0
0
0
0
0
0
0
0
1 276
1 1577
0
0
0
0
0
0
0
0
0
0
0
0
0
0
0
0
0
0
0
0
0
0
0
1 276
0
0
0
0
0
0
0
0
0
0
0
0
0
0
2 277 1734
0
2 584 875
0
0
0
0
1 898
0
0
0
1 1388
0
0
0
2 1539 1731
1 278
0
0
0
0
0
0
4 1231 1292 1626 1859
0
2 347 1208
0
3 1342 1759 1828
0
0
0
0
1 1219
0
0
0
0
0
1 1847
1 1092
0
0
0
0
0
0
0
0
0
0
0
0
0
0
0
0
0
0
0
0
0
0
0
0
0
0
0
0
0
0
0
1 714
0
0
0
0
0
0
0
0
0
0
0
1 1122
0
0
0
0
0
0
0
0
0
0
0
0
0
0
0
0
1 287
0
0
0
0
0
0
0
0
0
0
0
0
0
0
0
0
0
0
0
0
1 301
0
0
0
0
0
0
0
1 1620
0
0
1 567
0
1 290
0
0
0
0
0
0
0
0
0
0
0
0
0
0
0
0
1 291
0
0
0
0
0
0
0
0
0
0
0
0
0
0
0
0
0
0
0
0
0
0
0
0
0
0
0
0
0
0
0
0
0
0
0
0
1 295
1 1785
1 822
0
0
0
0
0
0
0
0
1 296
2 1374 1553
0
0
0
0
0
0
0
0
0
0
0
0
0
0
1 979
0
0
0
0
0
0
0
1 298
0
0
0
0
0
0
0
0
0
0
0
0
0
0
0
0
1 299
0
0
0
0
0
0
0
0
0
0
0
1 933
1 302
0
0
0
0
0
0
0
1 1726
0
0
0
0
0
0
0
0
0
1 1680
0
0
0
0
0
0
0
0
1 769
0
0
0
0
0
0
0
0
0
0
0
0
0
0
1 303
0
0
0
0
0
0
0
0
0
0
0
0
0
0
0
0
0
0
0
0
0
1 306
0
0
0
0
0
0
0
0
0
0
0
1 515
0
0
1 857
0
0
0
1 1711
1 309
0
0
0
0
0
0
0
0
0
0
0
0
1 525
0
0
0
1 311
0
0
1 1635
0
0
0
0
0
0
0
0
0
0
0
0
0
0
0
1 1638
0
0
0
0
0
0
0
1 314
0
0
0
0
0
0
0
2 557 778
0
0
0
0
0
0
0
0
0
0
0
0
0
0
1 315
0
0
0
0
0
0
0
0
0
0
0
2 316 401
0
0
0
0
0
0
0
1 702
0
0
2 648 836
0
0
1 547
0
0
0
0
0
1 319
0
0
0
0
0
0
0
0
0
0
0
0
0
0
0
0
0
1 1482
0
0
0
0
1 777
0
1 319
0
0
0
0
0
0
0
0
0
0
0
2 679 1053
0
0
0
0
0
0
0
0
0
0
0
0
0
0
0
0
0
0
0
0
0
0
1 1509
0
0
0
0
0
0
0
0
0
1 323
0
1 1165
0
1 713
0
0
0
0
0
0
0
0
1 325
0
0
1 377
0
0
0
0
0
0
0
2 1127 1583
0
1 326
1 1016
0
0
0
0
0
0
0
0
0
0
0
1 327
0
0
0
0
0
0
0
0
0
0
0
0
1 1823
0
0
0
0
1 943
0
0
0
0
0
0
0
1 1472
0
0
0
0
0
0
1 332
0
0
0
0
0
0
0
0
0
0
0
0
0
0
0
0
0
0
1 730
0
0
0
0
1 334
0
0
0
0
0
0
0
0
0
0
0
1 335
1 1328
0
0
0
0
0
0
0
0
0
0
0
0
2 336 1675
0
0
1 344
0
0
0
0
0
1 1086
0
0
0
0
0
0
0
0
0
0
2 337 635
0
0
0
0
0
0
0
0
0
0
0
0
0
0
0
0
0
1 338
0
0
0
0
0
0
0
0
0
0
0
0
0
0
0
0
0
0
0
0
0
0
0
0
1 338
0
0
0
0
0
0
0
0
0
0
0
1 536
0
0
0
0
1 341
0
0
0
0
2 854 1133
0
0
0
0
0
0
0
1 342
0
0
0
0
0
0
0
0
0
0
0
0
0
0
0
0
0
0
0
1 449
0
1 398
0
0
0
0
0
0
0
0
0
0
1 343
0
0
0
0
0
0
0
0
0
0
2 1230 1629
0
0
0
0
1 1221
0
1 468
0
2 345 1135
0
0
1 1145
0
0
0
0
0
0
0
0
0
0
0
0
0
0
0
0
1 346
0
1 1843
0
0
0
4 581 890 907 961
0
0
0
0
1 527
0
0
0
0
1 1824
1 574
1 1630
0
2 850 1108
0
0
0
1 987
1 349
0
0
0
0
0
0
0
0
0
0
1 1805
0
0
0
0
1 609
0
0
0
2 821 824
0
0
0
0
0
0
0
0
0
0
0
0
0
0
1 667
0
0
1 353
0
0
0
0
0
0
0
0
0
0
0
0
0
0
0
1 804
0
0
0
0
0
0
0
0
0
0
0
0
0
0
0
0
0
1 1415
0
0
0
0
0
1 970
0
0
0
0
0
0
0
0
0
0
0
0
1 357
0
0
0
0
0
0
0
0
0
0
0
0
0
0
0
0
0
0
0
0
0
0
0
0
0
0
0
1 360
0
0
0
0
0
0
0
0
0
0
0
0
0
1 1473
0
0
1 361
0
0
0
0
0
0
0
0
0
0
0
0
0
1 362
0
0
0
1 1156
0
0
0
0
0
0
0
0
0
0
1 380
0
1 601
0
0
0
0
0
0
0
0
0
0
0
0
0
0
0
0
0
0
0
0
1 364
0
0
0
0
0
0
0
0
0
0
0
1 1310
0
0
0
0
1 1764
0
0
0
0
0
0
0
0
0
0
0
0
0
0
0
0
0
0
1 367
0
0
1 781
0
0
0
0
0
0
0
0
0
0
0
0
0
0
0
0
0
0
0
0
0
0
0
0
1 1118
0
0
0
0
1 369
0
0
0
0
0
0
0
0
0
0
0
0
0
0
0
0
0
0
0
0
0
0
0
1 1646
0
0
0
0
0
0
2 591 1044
1 376
1 1153
0
0
0
0
2 520 837
0
0
0
0
0
0
0
0
0
0
0
0
0
1 1623
0
0
0
0
0
0
1 379
0
0
0
0
0
0
0
0
0
0
0
2 763 1568
1 855
0
0
0
0
0
0
0
0
0
0
0
0
0
0
0
0
0
0
1 870
0
1 830
0
0
0
1 383
1 1379
0
0
0
0
0
1 1691
0
0
0
0
0
0
0
0
0
0
0
0
1 384
0
0
0
0
0
0
0
0
0
0
0
0
0
0
0
0
0
0
0
1 892
1 722
0
0
0
0
0
1 415
0
0
1 897
0
0
0
0
0
0
0
0
1 389
0
0
0
0
0
0
0
0
0
0
0
2 391 1300
0
0
0
0
0
0
0
0
0
0
0
1 518
0
0
0
0
0
0
0
0
0
0
0
0
0
0
0
0
0
0
0
0
0
1 393
0
0
0
0
0
0
0
0
1 1370
0
0
2 896 1512
2 1769 1877
0
0
0
0
0
0
0
1 395
0
0
1 1762
0
0
0
0
0
0
0
0
0
0
0
0
0
0
0
0
2 1250 1487
0
0
2 1017 1078
0
0
0
0
0
1 399
0
0
0
2 1610 1842
0
0
0
0
0
0
0
0
0
0
0
0
0
0
0
0
0
0
0
0
0
0
1 978
0
1 1060
0
0
0
0
0
0
0
0
0
0
0
0
0
0
0
0
0
1 404
0
0
0
0
0
0
0
0
0
0
0
0
0
1 405
0
0
0
1 1193
0
0
0
0
0
0
0
0
0
1 406
0
0
0
0
0
0
0
0
0
0
0
0
0
0
0
0
0
0
1 408
0
0
0
0
0
0
0
0
0
0
0
0
0
0
1 409
0
0
0
0
0
0
0
0
0
0
0
0
0
0
0
0
0
0
0
0
1 410
0
0
0
0
0
0
1 1076
0
0
0
0
0
0
0
1 1171
0
1 412
0
0
0
0
1 562
0
0
0
0
0
0
0
0
0
0
0
0
0
0
0
0
1 413
0
0
0
0
0
0
0
0
0
0
0
0
0
0
0
0
1 414
0
0
0
0
0
0
0
0
0
0
0
0
0
0
0
0
0
0
0
0
0
0
0
0
0
0
0
0
0
0
0
1 415
0
0
0
0
1 853
0
0
0
0
0
0
0
0
0
0
0
0
0
0
0
0
0
0
0
0
0
1 899
0
0
0
0
0
0
0
0
0
1 417
0
0
0
0
0
0
0
0
0
0
1 720
0
0
0
0
0
0
0
0
2 799 858
0
0
2 419 1661
0
0
0
0
0
0
0
0
0
0
0
0
0
0
0
0
0
0
0
0
1 1695
0
0
0
0
1 1144
0
0
0
0
1 1775
0
0
0
1 425
0
0
0
0
0
0
0
0
0
0
0
0
0
0
0
1 426
0
0
0
0
0
0
0
0
0
0
0
0
0
0
0
0
0
0
1 1687
0
0
0
0
0
0
0
0
0
0
0
1 430
0
0
0
0
0
0
0
0
0
0
0
0
0
1 431
0
0
0
0
0
0
0
0
0
0
0
0
0
0
0
0
0
0
0
1 432
0
0
0
1 657
0
0
0
0
0
0
0
0
1 995
1 433
0
0
1 1527
0
0
0
0
1 1377
0
1 1756
1 864
0
0
0
0
0
0
0
0
0
0
0
0
0
0
0
1 436
0
0
0
0
0
0
0
0
0
0
0
0
0
0
0
0
0
0
0
0
0
0
0
0
1 436
0
0
0
0
0
0
0
0
0
0
0
0
0
0
1 437
0
0
0
0
0
0
0
0
1 650
0
0
0
0
0
0
0
0
0
0
0
0
0
0
0
0
0
0
0
0
0
0
0
0
0
1 442
0
0
0
0
0
0
0
0
0
0
0
0
0
0
0
0
0
0
0
0
0
0
0
0
1 443
0
0
0
0
0
0
0
0
0
0
0
0
0
0
0
0
2 1742 1817
0
0
0
0
1 447
0
0
0
0
0
0
0
0
0
0
1 1423
0
0
1 952
1 1289
0
0
0
0
0
0
1 1282
0
0
0
0
0
0
0
1 452
0
0
0
0
0
0
0
0
0
0
0
0
0
0
0
1 453
0
0
0
0
0
0
0
0
0
1 786
0
0
0
1 455
0
0
0
0
0
0
0
0
0
0
0
0
0
0
0
0
0
0
0
0
0
1 724
0
0
0
0
0
0
0
0
0
0
0
0
0
0
1 460
0
0
0
0
0
0
0
0
0
0
0
0
0
0
0
0
0
1 1148
1 1868
0
0
0
0
0
0
0
0
0
0
0
0
0
0
0
0
0
0
0
0
1 1874
0
0
0
0
0
0
0
0
0
0
0
0
0
0
0
0
0
1 468
0
0
0
0
0
0
0
0
0
0
0
0
0
0
0
0
0
0
0
0
0
1 473
0
2 487 1009
0
0
0
0
0
0
0
0
0
0
1 1115
0
0
0
0
0
0
0
0
0
0
0
0
0
0
1 1735
0
0
0
0
1 474
0
0
0
0
0
0
0
0
0
0
0
0
0
0
0
0
0
0
0
0
0
0
1 475
0
0
0
0
0
0
0
0
1 1049
0
0
0
0
0
0
0
0
0
0
0
0
0
0
0
1 475
0
0
0
0
0
0
0
0
0
0
0
0
0
0
0
0
0
0
0
0
0
0
0
0
0
0
0
0
0
0
0
0
0
0
0
0
1 477
0
0
0
0
0
0
0
0
2 549 1585
0
0
0
0
1 480
0
0
0
0
0
1 1224
0
0
0
0
0
0
0
0
0
1 1081
0
0
0
0
0
1 482
0
0
0
0
0
0
0
0
0
0
0
0
0
0
0
0
0
0
0
0
0
0
0
0
1 484
0
0
0
0
0
0
0
0
0
0
0
0
1 715
0
0
0
0
0
0
0
0
0
0
0
0
0
0
0
0
0
0
0
1 1797
0
0
0
0
0
0
1 1659
1 1190
0
0
0
0
0
0
1 489
0
0
0
0
0
0
0
0
0
0
0
0
0
1 1737
0
0
0
0
0
0
0
0
0
0
0
0
0
0
0
0
0
0
0
0
1 493
0
0
0
0
0
0
0
0
0
0
0
0
0
0
0
0
0
0
0
1 494
0
1 1124
0
0
0
0
0
0
0
0
0
0
0
0
1 1592
0
0
0
0
0
0
0
0
0
0
0
1 497
0
0
0
0
0
0
0
0
0
0
1 1639
0
0
0
0
0
0
0
0
0
0
0
0
0
0
0
0
0
0
0
0
0
0
0
0
0
0
0
0
0
1 508
0
0
0
0
0
0
0
0
0
0
1 614
0
0
0
0
0
0
0
0
0
0
0
0
0
0
0
0
0
1 512
0
0
0
0
0
1 1001
0
0
0
0
1 671
0
1 513
0
0
0
0
0
0
0
1 565
0
0
0
0
0
1 1280
0
0
0
0
0
0
0
0
0
0
0
0
0
0
1 516
0
0
0
0
0
0
0
0
0
0
0
0
0
0
0
0
0
0
0
0
0
0
0
0
1 516
0
0
0
0
0
0
0
0
0
0
0
0
0
0
0
0
0
0
0
1 517
0
0
0
0
0
0
0
0
0
0
0
0
0
0
0
0
0
0
0
0
0
1 685
0
0
0
1 519
0
0
0
0
0
0
0
0
0
0
0
1 1131
0
0
0
1 999
0
0
0
0
0
1 1875
1 522
0
0
0
0
0
0
0
0
0
0
0
0
0
0
0
0
0
0
0
0
0
0
0
0
0
0
0
0
0
0
0
0
1 524
0
0
0
0
0
0
0
0
0
0
0
0
0
0
0
0
0
0
0
0
0
0
0
0
0
0
0
0
0
0
0
0
1 526
0
0
0
0
0
0
0
0
0
0
0
0
0
0
0
0
0
0
0
0
0
0
0
0
0
0
1 1331
0
0
0
0
2 532 1617
0
0
0
0
0
0
0
0
0
0
0
0
0
0
0
0
0
0
0
1 535
0
0
0
0
0
0
0
0
0
0
0
0
0
0
0
0
0
0
0
0
0
0
0
0
0
0
0
0
0
0
0
0
0
0
0
0
1 538
0
0
0
0
0
0
0
0
0
0
0
1 598
0
1 539
0
0
0
0
0
0
0
0
0
0
1 880
0
0
0
0
0
0
0
0
1 541
0
0
0
0
0
0
0
0
0
0
0
0
1 1573
0
0
0
0
0
1 542
0
0
0
0
0
0
0
0
0
0
1 543
0
1 1125
0
0
0
0
0
0
1 1864
0
1 544
0
0
0
0
0
0
0
0
0
0
0
0
0
0
1 1707
1 546
1 1288
0
0
0
0
0
0
0
0
0
0
0
0
1 564
0
0
0
0
0
0
0
0
0
0
0
0
0
1 548
0
0
0
0
0
0
0
0
0
0
1 1686
0
0
1 1057
0
0
0
0
0
0
0
0
0
0
0
0
0
0
0
0
0
0
0
1 553
0
1 1296
0
0
0
0
0
1 1033
0
0
0
0
0
0
0
0
0
0
0
0
0
0
0
0
0
0
0
0
0
0
0
0
0
0
0
0
0
0
0
0
0
0
1 1448
1 580
0
0
0
0
0
0
0
0
0
0
0
0
0
0
0
0
0
0
0
0
0
0
0
1 558
0
0
0
0
0
1 1353
0
0
0
0
0
0
0
0
0
1 1058
0
1 697
0
0
0
2 559 1246
0
0
0
0
0
0
0
0
0
0
1 1427
0
0
0
0
1 560
0
0
0
0
0
0
0
0
0
0
0
0
0
0
0
0
0
0
0
0
0
0
0
0
0
0
0
0
1 649
0
0
0
0
0
0
0
0
0
0
0
0
0
0
0
0
0
0
1 564
0
0
0
0
0
0
0
0
0
0
0
0
0
0
0
0
0
0
0
0
0
0
0
0
0
0
0
0
0
0
0
0
0
1 565
0
0
0
0
0
0
0
0
0
0
0
0
0
0
0
0
0
0
1 1392
0
1 963
0
2 1287 1579
0
0
0
0
0
0
0
0
0
0
1 597
0
0
0
1 1191
0
0
0
0
0
0
0
0
0
0
0
0
0
0
0
0
0
0
0
0
0
0
0
0
0
0
1 574
0
0
0
0
0
0
0
0
0
0
1 1669
0
0
0
0
0
0
1 1129
0
0
0
0
0
0
0
0
0
0
0
0
0
0
0
0
0
0
0
0
0
0
0
0
1 867
0
1 1252
0
0
0
0
1 1107
0
0
1 582
0
0
0
0
0
0
0
0
0
0
0
0
0
0
0
1 1560
0
1 1725
0
0
0
0
0
1 844
0
0
0
0
0
1 658
0
1 587
0
0
1 1305
0
0
0
1 966
0
0
0
1 588
0
0
0
0
0
0
0
0
0
0
1 589
0
0
0
0
0
0
0
0
0
0
1 590
0
0
0
0
0
0
0
0
0
0
0
0
0
0
0
0
0
0
0
0
0
0
0
1 593
0
0
0
0
0
0
0
0
0
0
0
0
1 661
0
0
0
0
0
0
1 1849
0
0
1 946
0
0
0
0
0
0
1 1095
0
0
1 596
0
0
0
0
0
0
0
0
0
0
0
0
0
0
0
0
0
0
0
0
0
0
0
0
0
0
0
0
0
0
0
0
0
0
0
0
1 599
0
0
0
0
0
0
0
0
0
0
0
1 1150
0
0
0
0
0
0
0
0
0
0
0
0
0
0
0
0
0
0
0
0
0
0
1 604
0
0
0
0
0
0
0
0
0
0
1 1405
0
0
0
0
0
1 605
0
0
0
0
1 1359
0
0
0
0
0
0
0
0
0
0
0
0
0
1 1214
0
0
1 1489
0
0
0
0
0
1 606
0
0
0
0
0
0
0
0
0
0
0
0
0
0
0
0
0
0
0
0
0
1 607
0
0
0
0
0
0
0
0
0
0
1 608
0
0
0
0
0
0
2 1096 1102
0
0
0
0
0
0
0
0
0
0
0
0
0
0
0
0
0
0
0
0
0
0
0
0
0
0
0
0
0
0
0
0
0
0
1 612
0
0
0
0
0
0
0
0
0
0
0
0
1 613
0
0
0
0
0
0
0
0
0
0
0
0
0
0
0
0
0
0
0
0
0
0
0
0
1 613
0
0
0
0
0
0
0
0
0
0
0
0
0
0
0
0
0
0
0
0
0
0
0
0
0
0
0
0
0
0
0
0
0
0
0
0
0
1 615
0
0
0
0
0
0
0
0
0
0
0
0
0
0
1 616
0
0
0
0
0
0
0
0
0
0
0
0
0
0
0
0
0
0
0
0
1 618
0
0
0
0
0
0
0
0
0
0
1 1502
0
0
0
0
0
0
0
0
0
0
0
0
0
0
0
1 655
1 623
0
0
0
0
0
0
0
0
0
0
0
0
2 1068 1755
0
0
0
1 625
0
0
0
0
0
0
0
0
0
0
0
0
0
0
0
0
0
0
1 1575
0
0
0
0
0
1 813
0
0
0
0
1 629
0
0
0
0
0
0
0
0
0
0
1 1040
0
1 815
0
0
1 1339
0
0
0
0
1 633
0
0
0
0
0
0
0
0
0
0
0
0
0
0
0
0
0
0
0
0
0
2 1435 1673
1 1596
0
0
0
0
1 639
0
0
0
0
0
0
0
0
0
0
1 1227
0
0
0
0
0
0
0
1 1090
0
0
0
0
0
0
0
1 644
0
0
0
0
0
0
0
0
0
0
0
0
0
0
0
1 645
0
0
0
0
0
0
0
0
0
0
0
1 1139
1 646
0
0
0
0
0
0
0
0
0
0
0
0
0
1 647
0
0
0
0
0
0
0
0
0
0
0
0
0
0
0
0
0
1 1199
0
0
0
0
0
0
0
0
0
0
0
0
0
0
0
0
0
0
0
0
0
0
0
0
0
0
0
0
0
0
0
0
0
1 656
0
0
0
0
0
0
0
0
0
0
0
0
0
0
0
0
0
0
0
0
0
0
0
0
0
0
0
0
0
0
0
0
0
0
0
0
0
0
1 659
0
0
0
0
0
0
0
0
0
0
0
0
0
0
0
0
0
0
0
0
1 660
0
0
0
1 1808
0
1 699
0
0
1 788
0
0
0
0
0
0
0
0
0
0
0
0
0
0
0
0
0
0
0
0
0
0
0
0
0
0
0
0
0
0
0
0
0
0
0
0
0
0
0
0
1 666
0
0
0
0
0
0
0
0
0
0
0
0
0
0
0
0
0
0
0
0
0
0
0
0
0
0
0
0
0
0
0
0
0
0
0
0
1 673
0
0
0
0
0
0
0
0
0
0
0
0
0
0
0
0
0
0
0
2 676 893
0
0
0
0
0
0
0
0
0
0
0
0
0
0
0
0
0
0
0
0
0
0
2 677 1256
0
0
0
0
0
0
0
0
0
0
0
0
0
0
1 678
0
0
0
0
0
0
0
0
0
0
0
0
0
0
0
0
0
0
0
0
0
0
0
0
1 678
0
0
0
0
0
0
0
0
0
0
0
0
0
1 866
0
0
1 680
0
0
0
0
0
0
0
0
0
0
0
0
0
0
0
0
0
0
0
0
0
0
0
0
0
0
0
0
0
0
0
0
0
0
0
0
0
0
0
0
0
0
0
0
0
0
0
0
0
0
0
1 687
0
0
0
0
0
0
0
0
0
0
0
0
0
0
0
1 690
0
0
0
0
0
1 1589
0
0
0
0
0
1 1244
1 820
1 1461
0
0
0
0
1 692
0
0
0
0
0
0
0
0
0
0
1 1689
0
0
0
1 693
0
0
0
0
0
0
0
0
0
0
0
0
0
0
0
0
0
0
0
0
0
0
0
0
0
0
0
0
0
0
0
0
0
0
1 1677
0
0
0
0
0
0
0
0
1 1806
0
0
0
0
0
0
0
0
0
0
0
0
0
0
0
0
0
0
0
0
0
0
1 701
0
0
0
0
0
0
0
0
0
0
0
0
0
0
0
0
0
0
0
0
0
0
0
0
0
0
0
0
0
0
0
0
0
0
0
0
0
0
0
0
0
0
0
0
0
0
0
0
0
0
0
0
0
0
0
0
0
0
0
0
0
0
0
0
0
0
0
0
0
0
0
0
0
0
0
0
0
0
0
0
0
0
0
0
0
0
0
0
0
1 718
0
0
1 1500
0
0
0
0
0
0
0
0
1 719
0
0
0
0
0
0
0
0
0
0
0
0
0
0
0
0
0
1 872
0
0
0
0
0
0
0
0
0
0
0
1 1719
1 764
0
0
0
0
0
0
0
0
0
0
0
0
0
0
0
0
0
1 1330
0
1 1354
0
0
0
0
0
0
0
0
0
0
0
0
0
0
0
0
0
0
0
0
0
0
0
0
1 727
0
0
0
0
0
0
0
0
0
0
0
0
0
0
0
0
0
0
0
0
0
0
0
0
0
0
1 1513
1 1337
0
0
0
0
1 1545
0
0
0
0
1 733
0
0
0
0
0
0
0
0
0
0
0
0
0
0
0
0
0
0
0
0
0
0
0
0
0
0
0
0
0
0
0
0
0
0
0
0
0
0
1 1857
0
0
1 741
0
0
0
0
0
0
0
0
0
0
0
0
0
0
0
0
0
0
1 742
0
0
0
0
0
0
0
0
0
0
0
0
0
0
0
0
0
0
0
0
0
0
0
0
0
0
0
0
0
0
0
0
0
0
0
1 744
0
0
0
0
0
0
0
0
0
0
0
0
0
1 1077
1 745
0
0
0
0
0
0
0
0
0
0
1 772
0
0
0
0
0
0
0
0
0
0
0
0
0
0
0
2 747 1002
0
0
0
0
0
0
0
0
0
0
0
0
0
0
0
0
0
1 748
0
0
0
0
0
0
0
0
1 1467
0
0
0
0
1 990
0
0
0
0
0
0
0
1 749
0
0
0
0
0
0
0
0
0
0
0
0
0
0
0
0
0
0
0
0
0
0
0
0
0
0
0
0
0
0
0
0
0
0
1 752
0
0
0
0
0
0
0
0
0
0
0
0
0
0
1 753
0
0
0
0
0
0
0
0
0
0
0
0
0
0
0
0
0
0
0
0
0
0
0
0
0
0
0
1 760
0
0
0
0
0
0
0
0
0
0
0
0
1 761
0
0
0
0
0
0
0
0
0
0
0
0
0
0
0
0
0
0
0
0
1 1481
0
0
0
1 761
0
0
0
0
0
0
1 1098
0
0
0
0
0
0
1 762
0
0
0
0
0
0
0
0
0
0
0
0
0
0
0
0
0
0
0
0
0
0
0
0
0
1 950
0
0
0
0
0
0
0
0
0
0
1 766
0
0
0
0
0
0
0
0
1 889
0
0
1 767
0
0
0
0
0
0
0
0
0
0
0
1 768
0
0
0
0
0
0
0
0
0
0
0
0
0
0
0
0
0
1 1047
0
0
0
0
0
0
0
0
0
0
0
0
0
0
0
0
0
0
0
0
0
0
0
0
0
0
0
1 794
0
0
0
0
0
1 774
0
0
0
0
0
0
0
0
0
0
0
0
0
0
0
0
0
1 871
0
0
0
0
0
0
0
0
0
0
0
0
0
0
0
1 780
0
0
0
0
0
0
0
0
0
0
0
0
0
0
0
0
0
1 923
0
0
1 782
0
0
2 1773 1793
0
0
0
0
0
0
0
0
0
0
0
0
0
0
0
1 783
0
0
0
0
0
0
0
0
0
0
0
0
0
0
0
0
0
0
0
0
0
0
0
0
0
0
1 787
0
0
0
0
0
0
0
0
0
1 1018
0
0
0
0
0
0
0
0
0
0
0
1 1508
0
0
0
0
0
1 1484
0
1 790
0
0
0
0
0
0
0
0
0
0
0
0
0
0
0
0
0
0
0
0
0
0
1 795
0
0
0
0
1 1642
0
0
1 1827
0
0
0
0
0
0
0
0
0
0
0
0
0
1 994
0
0
0
0
0
0
1 1348
0
0
0
0
0
0
0
0
0
0
0
0
0
0
0
1 805
0
0
0
0
0
0
0
0
0
0
0
0
0
0
0
0
0
0
0
0
0
0
0
0
0
0
0
0
0
0
0
0
0
0
0
0
0
0
0
0
0
0
0
0
0
0
0
0
0
1 812
0
0
0
0
0
0
0
0
0
0
0
0
0
0
0
0
0
0
0
0
0
0
0
0
0
0
0
0
0
0
0
0
0
0
0
0
0
0
0
0
0
0
0
0
0
0
1 972
0
0
0
0
0
0
0
0
0
0
0
0
0
0
0
0
0
0
0
0
0
0
0
0
0
0
0
0
0
0
0
0
0
0
0
0
0
0
0
0
0
0
0
0
0
0
0
0
0
0
0
1 825
0
0
0
0
0
0
0
0
0
0
0
0
0
0
0
1 1891
0
0
0
0
0
0
0
0
0
0
0
1 828
0
0
0
0
0
0
0
0
0
0
0
0
0
0
0
0
0
0
0
0
0
0
0
1 1716
1 831
0
0
0
0
0
0
0
0
0
0
0
0
0
0
0
0
0
0
0
0
0
0
0
0
0
0
0
0
0
0
0
0
0
0
0
0
0
0
0
0
0
0
0
0
0
0
0
0
0
0
0
1 1298
0
0
0
0
0
0
0
0
0
0
0
0
0
0
1 845
0
0
0
0
0
0
0
0
0
0
1 1507
0
0
0
0
0
0
0
0
0
0
0
0
1 849
0
0
0
0
0
0
0
0
0
0
0
0
0
0
0
0
0
0
0
0
0
0
0
0
0
0
0
0
0
0
1 851
0
0
0
0
0
0
0
0
0
0
0
0
0
0
0
0
0
0
0
0
0
0
0
0
0
0
0
0
0
0
0
0
0
0
1 853
0
0
0
0
0
0
0
0
0
0
0
0
0
0
0
0
0
0
0
0
0
0
0
0
0
0
0
0
0
0
0
0
0
0
1 856
0
0
1 1121
0
0
0
0
0
0
0
0
0
0
0
0
0
0
0
0
0
0
0
1 859
0
0
0
0
0
0
0
0
0
0
0
0
0
0
0
0
0
0
0
1 1598
0
0
1 862
0
0
0
0
0
0
0
0
0
0
0
1 863
0
0
0
0
0
0
0
0
0
0
0
0
1 1819
0
0
0
0
1 1242
0
0
0
0
0
0
1 1204
0
0
0
0
0
0
0
0
0
0
0
0
0
0
0
0
0
0
0
0
0
0
0
1 1784
0
0
0
0
0
0
0
0
0
0
0
0
0
0
0
0
0
1 1493
0
0
0
0
0
0
0
0
0
0
0
0
0
0
0
0
0
0
0
0
0
0
0
0
0
0
0
0
1 874
0
0
0
0
0
0
0
0
0
0
0
0
0
0
0
0
0
0
0
0
1 1601
0
0
0
0
0
0
0
1 878
0
0
0
0
0
0
0
0
0
0
0
0
0
0
0
0
0
0
1 1729
0
1 879
0
0
0
0
0
0
0
0
0
0
0
0
0
0
0
0
0
0
0
1 882
0
0
0
0
0
0
0
0
0
0
1 900
1 883
0
0
0
0
0
0
0
0
0
0
0
0
0
0
0
0
0
0
1 884
0
0
0
0
0
0
0
0
0
0
0
1 885
0
0
0
0
0
0
0
0
0
0
0
0
0
0
0
0
0
0
0
1 965
0
0
0
0
0
0
0
0
1 1293
0
0
0
0
0
0
0
0
0
0
0
0
0
1 1123
0
0
0
0
0
0
0
0
0
0
0
0
0
0
0
0
0
0
0
0
0
0
0
0
0
0
0
0
0
0
0
0
0
0
0
0
0
0
0
0
0
1 899
0
0
0
0
0
0
0
0
0
0
0
0
0
0
0
0
1 1113
0
0
0
0
0
0
1 901
0
0
0
0
0
0
0
0
0
0
0
0
0
0
0
0
0
0
0
0
0
0
0
0
0
0
0
0
0
0
0
0
0
0
1 1848
0
0
0
0
0
0
0
0
0
0
0
0
0
0
0
1 909
0
0
0
0
0
0
0
1 1578
0
0
0
0
0
0
1 910
0
0
0
0
0
0
0
0
0
0
0
0
0
0
0
1 912
0
0
0
0
0
0
0
0
0
0
0
0
0
0
0
0
0
0
0
0
0
0
0
0
1 912
0
0
1 1887
0
0
0
0
0
0
0
0
0
0
0
0
0
0
0
1 914
0
0
0
0
0
0
0
0
0
0
0
0
0
0
0
0
0
0
0
0
0
0
0
0
0
0
0
0
0
0
0
0
0
0
0
1 1783
0
0
1 1042
0
0
0
0
0
0
0
1 919
0
1 920
0
0
0
0
0
0
0
0
0
0
0
0
0
0
0
0
0
0
0
1 922
0
0
0
0
0
0
0
0
0
0
0
0
0
0
0
0
0
0
0
0
0
0
0
0
0
0
0
1 930
0
0
0
0
0
0
0
0
0
0
0
0
0
0
0
0
0
0
1 1879
0
0
1 939
0
0
0
0
0
0
0
0
0
0
0
0
0
0
0
0
0
0
0
0
0
0
0
0
0
0
0
0
0
0
0
0
1 945
0
0
0
0
0
0
0
0
0
1 1685
0
0
0
0
1 1550
0
0
0
0
0
0
0
0
0
0
0
1 1220
0
0
0
0
0
0
1 949
0
0
0
0
0
0
0
0
0
0
0
0
0
0
0
0
0
0
0
1 951
1 1116
0
0
0
0
0
0
0
0
0
0
0
0
0
0
0
0
0
0
0
0
0
0
0
0
0
0
0
0
0
0
0
0
0
0
0
1 957
0
0
0
0
0
0
0
0
0
0
0
0
0
0
0
0
0
0
0
1 959
1 1535
0
0
0
0
0
0
0
0
0
0
0
0
0
0
2 1700 1738
0
0
0
0
0
0
0
0
0
0
0
0
0
0
0
0
0
0
0
1 1402
0
0
0
0
0
0
0
0
0
0
0
0
0
0
0
0
0
0
0
0
0
0
0
0
0
2 971 1168
0
0
0
0
0
0
0
0
0
0
0
0
0
0
0
0
0
0
1 973
0
0
0
0
0
0
0
0
0
0
0
0
0
0
0
0
0
0
0
0
0
0
0
0
0
0
0
0
0
0
0
0
0
0
0
0
0
0
0
0
0
0
1 1758
0
0
1 982
0
0
0
0
0
0
0
0
0
0
0
0
0
0
0
0
1 985
0
0
0
0
0
0
0
0
0
0
0
0
0
0
0
1 986
0
0
0
0
0
0
0
0
0
0
0
1 1110
0
0
0
0
0
1 989
0
0
0
0
0
0
0
0
0
0
0
0
0
0
0
0
0
0
0
0
0
0
0
0
0
1 993
0
0
0
0
0
0
0
0
0
0
0
0
0
0
0
0
0
0
0
0
0
0
1 1463
0
0
0
0
0
0
0
0
0
0
0
0
0
0
0
0
1 998
0
0
0
0
0
1 1021
0
0
0
0
0
0
0
0
0
0
0
0
0
0
0
0
0
0
1 998
0
0
0
0
0
0
0
0
0
0
0
0
0
0
0
0
0
0
0
0
0
0
0
0
0
0
0
0
0
0
0
0
0
0
0
0
0
0
0
0
0
0
0
0
0
0
0
0
0
0
1 1006
0
0
0
0
0
0
0
0
0
0
0
0
0
1 1007
0
0
0
0
0
0
0
0
0
0
0
0
0
0
0
0
0
0
0
0
0
0
0
0
0
0
0
1 1013
0
0
0
0
0
0
0
0
0
0
0
0
0
0
0
0
0
0
0
0
0
0
0
0
0
0
0
0
0
0
0
0
0
0
0
0
0
0
0
0
1 1147
0
0
0
0
0
0
0
0
0
0
0
0
1 1023
0
0
0
0
0
0
0
0
0
0
0
0
0
0
0
0
0
0
0
1 1025
0
0
0
0
0
0
0
0
0
0
0
0
0
0
0
0
0
0
0
0
0
0
0
0
1 1025
0
0
0
0
0
0
0
0
0
0
0
0
0
0
0
0
0
0
0
0
0
0
0
0
0
0
1 1027
0
0
0
0
0
0
0
0
0
0
0
1 1029
0
0
0
0
0
0
0
0
0
0
0
0
0
0
0
0
1 1030
0
0
0
0
0
0
0
0
0
0
0
0
0
0
0
0
0
0
0
0
0
0
0
0
0
0
0
0
0
0
0
1 1036
0
0
0
0
0
0
0
0
0
0
0
0
0
0
0
0
0
0
0
0
0
0
0
0
1 1041
0
0
0
0
0
0
0
0
0
0
0
0
0
0
0
0
1 1247
0
0
0
0
0
0
0
0
0
0
0
0
0
0
0
0
0
0
0
0
0
0
0
0
0
1 1044
0
0
0
0
0
0
0
0
0
0
0
0
0
0
0
0
0
1 1346
0
0
0
0
0
0
0
0
0
0
0
0
0
0
0
0
0
0
0
0
0
1 1050
0
0
0
0
0
0
0
0
0
0
1 1051
0
0
0
0
0
0
1 1326
0
0
0
0
0
0
0
0
0
0
0
0
0
1 1052
0
0
0
0
0
0
0
0
0
0
0
0
0
0
0
0
0
0
0
0
0
1 1136
0
2 1054 1126
0
0
0
0
0
0
0
0
0
0
0
0
0
1 1055
0
0
0
0
1 1251
0
0
0
0
0
0
1 1056
0
0
0
0
0
0
0
0
0
0
0
0
0
0
0
0
0
0
0
0
0
0
0
0
0
0
0
0
2 1128 1750
0
0
0
0
0
0
0
0
0
0
0
0
0
1 1741
1 1061
0
0
0
0
0
0
0
0
0
0
0
0
0
1 1063
0
0
0
0
0
0
0
0
0
0
0
0
0
0
0
0
0
0
0
0
0
0
0
0
0
0
0
0
0
0
0
0
0
0
1 1065
0
0
0
0
0
0
0
0
0
0
0
0
0
0
0
0
0
0
0
0
0
0
0
0
1 1066
0
0
0
0
0
0
0
0
0
0
0
0
0
0
0
0
0
0
0
0
0
0
0
0
0
0
0
0
0
0
0
0
0
0
0
0
0
0
0
0
0
0
0
1 1073
0
0
0
0
0
0
0
0
0
0
0
0
0
0
0
0
0
0
0
0
0
0
0
0
0
0
0
0
0
0
0
0
0
0
0
0
0
0
0
1 1295
0
0
0
0
0
0
0
0
1 1083
0
0
0
0
0
0
0
0
0
0
0
0
0
0
0
0
0
0
0
0
0
0
0
1 1089
0
0
0
0
0
0
0
0
0
0
0
0
0
0
0
0
0
0
0
0
0
0
0
0
0
0
1 1091
0
0
0
0
0
0
0
0
0
0
0
0
0
0
0
0
0
0
0
0
0
0
1 1730
0
0
0
0
0
0
0
0
0
0
0
0
0
0
0
0
0
0
0
0
0
0
0
0
0
0
0
0
0
0
0
0
0
0
0
0
0
0
0
1 1100
0
0
0
0
0
0
0
0
0
0
0
0
0
0
0
0
0
0
1 1101
0
0
0
0
0
0
0
0
0
0
0
0
0
0
0
0
0
0
0
0
0
0
0
0
0
0
0
0
0
1 1104
0
0
0
0
0
0
0
0
0
0
0
0
0
0
0
0
0
0
0
0
0
0
0
0
0
0
0
0
0
0
0
1 1106
0
0
0
0
0
0
0
0
0
0
0
0
0
0
0
0
0
0
0
0
0
0
0
0
0
0
0
0
0
0
0
0
0
0
0
0
0
0
0
0
0
0
0
0
0
0
0
0
0
0
0
0
0
1 1113
0
0
0
0
0
0
0
0
0
0
0
0
0
0
0
0
0
0
0
0
0
0
0
0
0
0
1 1739
0
0
0
0
0
0
0
0
0
0
1 1120
0
0
0
0
0
0
0
0
0
0
0
0
0
0
0
0
0
0
0
0
0
0
0
0
0
0
0
0
0
0
0
0
0
1 1121
0
0
0
0
0
0
0
0
0
0
0
0
0
0
0
0
0
0
0
0
0
0
1 1872
0
0
0
0
0
0
0
0
0
0
0
0
0
0
0
0
0
0
0
0
0
0
0
0
0
0
0
0
0
0
0
0
0
0
0
0
0
0
0
0
0
0
0
0
0
0
0
0
0
0
0
0
0
0
0
0
0
0
0
0
0
1 1134
0
0
0
0
0
0
0
0
0
0
0
0
0
0
0
0
0
0
0
0
0
0
0
0
0
0
0
0
0
0
0
0
0
0
0
0
0
0
0
0
0
0
0
0
0
0
0
0
1 1141
0
0
0
0
0
0
0
0
0
0
0
0
0
0
0
1 1143
0
0
0
0
0
0
0
0
0
0
0
0
0
0
0
0
0
0
0
0
0
0
0
0
0
0
0
0
0
0
0
0
0
0
0
0
0
0
0
0
0
0
0
0
0
0
0
0
0
0
0
0
0
0
0
0
0
0
0
0
0
1 1154
0
0
0
0
0
0
0
0
0
0
0
0
0
0
0
0
0
0
0
0
0
0
0
0
0
0
0
0
0
0
0
2 1159 1727
0
0
0
0
0
0
0
0
0
0
0
0
0
0
0
0
0
0
0
0
0
0
0
0
0
1 1167
0
0
0
0
0
0
0
0
0
0
1 1524
0
0
0
0
0
0
0
0
0
0
0
0
1 1169
0
0
0
0
0
0
0
0
0
0
0
0
0
0
0
0
0
1 1170
0
0
0
0
0
0
1 1332
0
0
0
0
0
0
0
0
1 1662
0
0
0
0
0
0
0
0
0
0
0
0
0
0
0
0
0
0
0
0
0
0
0
0
0
0
0
0
0
0
0
0
0
0
0
0
0
0
0
0
0
0
0
0
0
0
0
0
0
0
0
0
0
0
1 1192
0
0
0
0
0
0
0
0
0
0
0
0
0
0
0
0
0
0
1 1194
0
0
0
0
0
0
0
0
0
0
0
0
0
0
0
0
0
0
0
0
0
0
0
0
1 1194
0
0
0
0
0
0
0
0
0
0
0
0
0
0
0
0
0
0
0
0
0
0
0
0
0
0
0
0
0
0
0
0
1 1200
0
0
0
0
0
0
0
0
0
0
0
1 1201
0
0
0
0
0
0
0
0
0
0
0
0
0
1 1202
0
0
0
0
0
1 1516
0
0
0
0
0
0
0
1 1567
0
0
0
0
0
0
0
0
0
0
0
0
0
0
0
0
0
1 1205
0
0
0
0
0
0
1 1350
0
0
0
1 1206
0
0
0
0
0
0
0
0
0
0
0
0
0
0
1 1210
0
0
0
0
0
0
0
0
0
0
0
0
0
0
0
0
0
0
0
0
0
0
0
0
1 1215
0
0
0
0
1 1319
0
0
0
0
0
0
0
0
0
1 1217
0
0
0
0
0
0
0
0
0
0
0
0
0
0
0
0
0
0
0
0
0
0
0
1 1219
0
0
0
0
0
0
0
0
0
0
1 1886
0
0
0
0
0
0
0
0
0
0
0
0
0
0
0
0
0
0
0
0
0
0
0
0
0
0
0
0
0
0
0
0
0
0
0
0
0
0
0
0
0
0
0
0
0
1 1229
0
0
0
0
0
0
0
0
0
0
0
0
0
0
0
0
0
0
0
0
1 1232
0
0
0
0
0
0
0
0
0
0
0
0
0
1 1234
0
0
0
0
0
0
0
0
0
0
0
0
0
1 1237
0
0
0
0
0
0
0
0
0
0
0
0
0
0
0
0
0
0
0
0
0
0
0
0
0
0
0
0
0
0
0
0
0
0
1 1240
0
0
0
0
0
0
0
0
0
0
0
0
0
0
0
0
0
0
0
0
0
0
0
0
0
0
0
0
0
0
0
0
0
0
0
0
0
0
0
0
0
0
0
0
0
0
0
0
0
0
0
0
0
0
0
0
0
0
0
0
0
0
0
0
0
0
0
0
0
0
0
1 1829
0
0
1 1255
0
0
0
0
0
0
0
0
0
0
0
0
0
0
0
0
0
0
0
0
0
0
0
0
0
0
0
1 1260
0
0
0
0
0
0
0
0
0
0
0
0
0
0
0
0
0
0
0
0
0
0
0
0
0
0
0
0
0
0
0
0
1 1265
0
0
0
0
0
0
0
0
0
0
0
0
0
0
0
0
0
0
0
0
0
0
0
0
0
0
1 1272
0
0
0
0
0
0
0
0
0
0
0
0
0
0
0
0
0
1 1274
0
0
0
0
0
0
0
0
0
0
0
0
0
0
0
0
0
1 1276
0
0
0
0
0
0
0
0
0
0
0
0
0
0
0
0
0
0
0
1 1417
0
0
0
0
0
0
0
0
0
0
0
0
0
0
1 1283
0
0
0
0
0
0
0
0
0
0
0
0
0
0
0
0
0
0
0
0
0
0
0
0
0
0
0
0
0
0
0
0
0
0
0
0
1 1288
0
0
0
0
0
0
0
0
0
0
0
0
0
0
0
0
0
0
0
0
0
0
0
0
0
0
0
0
0
0
0
0
0
0
0
0
0
0
0
0
0
0
0
0
0
0
0
0
0
0
0
0
0
0
0
0
0
0
0
0
0
0
0
0
0
0
0
0
0
0
1 1301
0
0
0
0
0
0
0
0
0
0
0
0
0
0
0
0
0
0
0
0
0
0
0
0
0
0
0
0
0
0
1 1308
0
0
0
0
0
0
0
0
0
0
0
0
0
0
0
0
0
0
0
0
0
1 1576
0
0
0
1 1316
0
0
0
0
0
0
0
0
0
0
0
0
0
0
0
0
0
0
0
0
0
0
0
0
0
0
0
0
0
0
0
0
0
0
0
1 1322
0
0
0
0
0
0
0
0
0
0
0
0
1 1323
0
0
0
0
0
0
0
0
0
0
0
0
0
0
0
0
0
0
0
0
0
1 1483
0
0
0
0
0
0
0
0
0
0
0
0
0
0
0
0
0
0
0
0
0
0
0
0
0
0
0
0
0
1 1335
0
0
0
0
0
0
0
0
0
0
0
0
0
0
0
0
0
0
0
0
0
0
0
0
1 1335
0
0
0
0
0
0
0
0
0
0
0
0
0
0
0
0
0
0
0
0
0
0
0
0
0
0
0
0
0
0
0
0
0
0
0
1 1341
0
0
0
0
0
0
0
0
0
0
0
0
0
0
0
0
0
0
0
0
0
0
0
1 1344
0
0
0
0
0
0
0
0
0
0
0
0
0
0
0
0
0
0
0
0
0
0
0
0
0
0
0
0
0
0
0
0
0
1 1349
0
0
0
0
0
0
0
0
0
0
0
0
0
0
0
0
0
0
0
0
0
0
1 1351
0
0
0
0
0
0
0
0
0
0
0
1 1506
0
0
0
0
0
0
0
0
0
0
0
0
0
0
0
0
0
0
0
0
0
0
1 1353
0
0
0
0
0
0
0
0
0
0
0
0
0
0
0
0
0
0
0
0
0
0
0
0
0
0
0
0
1 1355
0
0
0
0
0
0
0
0
0
0
0
0
0
0
0
0
0
0
0
0
0
0
0
0
1 1355
0
0
0
0
0
0
0
0
0
0
1 1356
0
0
0
0
0
0
0
0
0
0
0
0
1 1357
0
0
0
0
0
0
0
0
0
0
1 1358
0
0
0
0
0
0
0
0
0
0
0
0
0
0
0
0
0
0
0
0
0
0
0
0
0
1 1360
0
0
0
0
0
0
0
0
0
0
0
0
0
0
0
0
0
0
0
0
0
0
0
0
0
0
0
1 1363
0
0
0
0
0
0
0
0
0
0
0
0
0
0
0
1 1367
0
0
0
0
0
0
0
0
1 1369
0
0
0
0
0
0
0
0
0
0
0
0
0
0
0
0
0
0
0
0
0
0
0
0
0
0
0
0
0
0
0
0
0
0
0
0
0
0
0
0
0
0
0
0
0
0
0
0
1 1382
0
0
0
0
0
0
0
0
0
0
0
0
0
0
0
0
0
0
0
0
0
0
0
0
0
0
0
0
0
0
0
0
0
0
0
0
0
0
0
0
0
0
0
0
0
0
0
0
0
0
0
0
0
0
0
0
0
1 1746
0
0
0
0
0
0
0
1 1749
1 1497
0
0
0
0
0
0
0
0
0
0
0
0
0
0
0
0
0
0
0
1 1406
0
0
0
0
0
0
0
0
0
0
0
0
0
0
0
0
0
0
0
0
0
0
0
1 1411
0
0
0
0
0
0
0
0
0
0
0
0
0
0
0
0
0
0
0
0
0
0
0
0
0
0
0
0
0
0
0
0
0
0
0
0
0
0
0
0
0
0
0
1 1421
0
0
0
0
0
0
0
0
0
0
0
0
0
0
0
0
0
0
1 1422
0
0
0
0
0
0
0
0
0
0
0
0
0
0
0
0
0
0
0
0
0
0
0
0
0
0
0
0
1 1428
0
0
0
0
0
0
0
0
0
0
0
0
0
0
0
0
0
0
0
0
0
0
0
0
1 1862
0
0
0
0
0
0
0
0
0
0
0
0
0
0
0
0
0
0
0
0
0
0
0
0
0
0
0
0
0
0
0
0
0
0
1 1444
0
0
0
0
0
0
0
0
0
0
0
0
0
0
0
1 1446
0
0
0
0
0
0
0
0
0
0
0
0
0
0
0
0
0
0
0
0
0
0
0
0
0
1 1779
0
0
0
0
1 1455
0
0
0
0
0
0
0
0
0
0
0
0
0
1 1458
0
0
0
0
0
0
0
0
0
0
0
0
0
0
0
0
1 1459
0
0
0
0
0
0
0
0
0
0
0
0
0
0
0
0
0
0
0
0
0
0
0
0
0
0
1 1462
0
0
0
0
0
0
0
0
0
0
0
0
0
0
0
0
0
0
0
0
0
0
0
0
0
1 1465
0
0
0
0
0
0
0
0
0
0
0
0
0
0
0
0
0
0
0
0
0
0
1 1791
1 1466
0
0
0
0
0
0
0
0
1 1853
0
0
0
0
0
0
0
0
0
0
0
0
0
0
1 1470
0
0
0
0
0
0
0
0
0
0
0
0
0
0
0
0
0
1 1471
0
0
0
0
0
0
0
0
0
0
0
0
0
0
0
0
0
0
0
0
0
0
0
0
0
0
0
0
1 1478
0
0
0
0
0
0
0
0
0
0
0
0
0
0
0
0
0
0
0
0
0
0
0
0
0
0
0
0
0
0
0
0
0
0
0
0
0
1 1482
0
0
0
0
0
0
0
0
0
0
0
0
0
0
0
0
0
0
0
0
0
0
0
0
0
0
0
0
0
0
0
0
0
0
0
0
0
0
0
0
0
0
0
0
0
0
0
0
0
0
0
0
0
0
0
0
0
0
0
0
0
0
0
1 1492
0
0
0
0
0
0
0
0
0
0
0
0
0
0
0
0
0
1 1495
0
0
0
0
0
0
0
0
0
0
0
0
1 1496
0
0
0
0
0
0
0
0
1 1672
0
0
0
0
0
0
0
0
0
0
0
0
0
0
0
0
0
0
0
0
0
0
0
0
0
0
0
0
0
0
0
0
0
0
0
0
0
0
0
0
0
0
0
0
0
0
0
0
0
0
1 1505
0
0
0
0
0
0
0
0
0
0
0
0
0
0
0
0
0
0
0
0
0
0
0
0
0
0
0
0
0
0
0
0
0
0
0
0
0
0
0
0
0
0
0
0
0
0
0
0
0
0
0
0
0
0
0
0
1 1515
0
0
0
0
0
0
0
0
0
0
0
0
0
0
0
0
0
0
0
0
0
0
0
0
0
0
0
0
0
0
0
0
0
0
0
0
0
0
0
0
0
0
0
0
0
0
0
0
0
0
1 1528
0
0
0
0
0
0
0
0
0
1 1529
0
0
0
0
0
0
0
0
0
0
0
0
0
0
0
0
0
0
1 1532
0
0
0
0
0
0
0
0
0
0
1 1533
0
0
0
0
0
0
0
0
0
0
0
1 1534
0
0
0
0
0
0
0
0
0
0
0
0
0
0
0
0
0
0
1 1538
0
0
0
0
0
0
0
0
0
0
0
0
0
0
0
1 1540
0
0
0
0
0
0
0
0
0
0
0
1 1543
0
0
0
0
0
0
0
0
0
0
0
0
0
0
0
0
0
0
0
0
0
0
0
0
1 1544
0
0
0
0
0
0
0
0
0
0
0
0
0
0
0
0
0
0
0
0
0
0
0
0
0
0
1 1852
0
0
0
0
0
0
0
0
0
0
1 1550
0
0
0
0
0
0
0
0
0
0
0
0
0
1 1551
0
0
0
0
0
0
0
0
0
0
0
0
0
1 1552
0
0
0
0
0
0
0
0
0
0
0
0
0
0
0
0
0
0
0
0
0
0
0
0
1 1552
0
0
0
0
0
0
0
0
0
0
0
0
0
0
0
0
0
0
0
0
0
0
1 1554
0
0
0
0
0
0
0
0
0
0
0
0
0
0
1 1555
0
0
0
0
0
0
0
0
0
0
0
0
0
0
0
0
0
0
0
0
0
0
0
0
0
0
1 1563
0
0
0
0
0
0
0
0
0
0
0
0
0
0
0
0
0
0
0
0
0
0
0
0
0
0
0
0
0
0
0
0
0
0
0
0
1 1572
0
0
0
0
0
0
0
0
0
0
0
0
0
0
0
0
0
0
0
0
0
0
0
0
0
0
0
0
0
0
0
0
0
0
0
0
0
0
0
0
0
0
1 1582
0
0
0
0
0
0
0
0
0
0
0
0
0
0
0
0
0
0
0
0
0
0
0
0
0
0
0
0
0
0
0
0
0
0
1 1587
0
0
0
0
0
0
0
0
0
0
0
0
0
0
0
0
0
0
0
0
0
0
0
0
0
0
0
0
0
1 1826
0
0
0
0
0
1 1594
0
0
0
0
0
0
0
0
0
0
0
0
0
0
0
0
0
0
0
0
0
0
0
0
0
0
0
0
0
0
0
0
0
0
0
0
0
0
0
1 1601
0
0
0
0
0
0
0
0
0
0
0
0
0
0
0
0
0
0
0
0
1 1603
0
0
0
0
0
0
0
0
0
0
0
0
0
0
1 1605
0
0
0
0
0
0
0
0
0
0
0
0
0
0
0
0
0
0
0
0
0
0
0
0
0
0
0
0
1 1613
0
0
0
0
0
0
0
0
0
0
0
0
0
0
0
0
0
0
0
0
0
0
0
0
1 1618
0
0
0
0
0
0
0
0
0
0
0
0
0
0
0
0
0
0
0
0
0
0
0
0
1 1624
0
0
0
0
0
0
0
0
0
0
0
0
0
0
0
0
0
1 1625
0
0
0
0
0
0
0
0
0
0
0
0
0
0
0
0
0
0
1 1627
0
0
0
0
0
0
0
0
0
0
0
0
0
0
0
0
0
0
0
0
0
0
0
0
0
1 1631
0
0
0
0
0
0
0
0
0
0
0
0
0
0
0
0
0
0
0
0
0
0
0
0
0
0
0
0
0
0
0
0
0
1 1640
0
0
0
0
0
0
0
0
0
0
1 1641
0
0
0
0
0
0
0
0
0
0
0
0
0
0
0
0
0
0
0
0
1 1645
0
0
0
0
0
0
0
0
0
0
0
0
0
0
0
0
0
0
0
0
0
0
0
0
0
1 1650
0
0
0
0
0
0
0
0
0
0
0
0
0
0
0
0
0
0
1 1657
0
0
0
0
0
0
0
0
0
0
0
0
0
0
0
0
0
0
0
0
0
0
0
0
0
0
0
0
0
0
0
0
0
1 1663
0
0
0
0
0
0
0
0
0
0
0
0
0
0
0
0
0
0
0
0
0
0
0
0
1 1668
0
0
0
0
0
0
0
0
0
0
0
0
0
0
0
0
0
0
0
0
0
0
0
0
1 1668
0
0
0
0
0
0
0
0
0
0
0
0
0
0
0
0
0
0
0
0
0
1 1669
0
0
0
0
0
0
0
0
0
0
0
0
0
0
0
0
0
0
0
0
0
0
0
0
0
0
0
0
0
0
0
0
0
0
1 1674
0
0
0
0
0
0
0
0
0
0
0
0
0
0
0
0
0
0
0
0
0
0
0
0
1 1674
0
0
0
0
0
0
0
0
0
0
0
1 1844
0
0
0
0
0
0
0
0
0
0
0
0
0
0
0
0
0
0
0
0
0
0
0
0
0
0
0
0
0
0
0
0
0
0
0
0
0
0
0
0
0
0
1 1681
0
0
0
0
0
0
0
1 1693
0
0
0
0
1 1682
0
0
0
0
0
0
0
0
0
0
0
0
0
0
0
0
0
0
0
1 1684
0
0
0
0
0
0
0
0
0
0
0
0
0
0
0
0
0
0
0
0
0
0
0
0
0
0
0
0
0
0
0
0
0
0
0
0
0
0
0
0
0
0
0
0
1 1687
0
0
0
0
0
0
0
0
0
0
0
0
0
0
0
0
0
0
0
0
0
0
0
0
0
0
0
0
0
0
0
0
0
0
0
0
0
0
0
0
0
0
0
0
0
0
0
0
0
0
0
0
0
0
0
0
0
0
0
0
0
0
0
1 1699
0
0
0
0
0
0
0
0
0
0
0
0
0
0
0
0
0
0
0
0
0
0
0
0
1 1699
0
0
0
0
0
0
0
0
0
0
0
0
0
0
0
0
0
0
0
0
0
1 1701
0
0
0
0
0
0
0
0
0
0
0
0
1 1702
0
0
0
0
0
0
0
0
0
0
0
0
1 1703
0
0
0
0
0
0
0
0
0
0
0
0
0
1 1705
0
0
0
0
0
0
0
0
0
0
0
0
0
0
0
0
0
0
0
0
0
0
0
0
1 1706
0
0
0
0
0
0
0
0
0
0
0
0
0
0
0
0
0
0
0
0
0
0
0
0
0
0
0
0
0
0
0
0
0
0
0
1 1718
0
0
0
0
0
0
0
0
0
0
0
0
0
0
0
0
0
0
0
0
0
0
0
0
0
0
0
0
0
0
1 1721
0
0
0
0
0
0
0
0
0
0
0
0
0
0
0
0
0
0
0
0
0
0
0
0
0
0
0
1 1726
0
0
0
0
0
0
0
0
0
0
0
0
0
0
0
0
0
0
0
0
0
0
0
0
0
0
0
1 1728
0
0
0
0
0
0
0
0
0
0
0
0
0
0
0
0
0
0
0
0
0
0
0
0
0
0
0
0
0
0
0
0
0
0
0
0
0
0
0
0
0
0
0
0
0
0
0
0
0
0
0
0
0
0
0
0
0
0
0
0
0
0
0
0
0
0
0
0
0
0
0
0
0
0
0
0
0
0
1 1741
0
0
0
0
0
0
0
0
0
0
0
0
0
0
0
0
0
1 1743
0
0
0
0
0
0
0
0
0
0
0
0
0
0
0
1 1744
0
0
0
0
0
0
0
0
0
0
0
0
0
0
0
0
0
0
0
0
0
0
0
0
1 1748
0
0
0
0
0
0
0
0
0
0
0
0
0
0
0
0
0
0
0
0
0
0
0
0
0
0
0
0
0
0
0
0
0
1 1749
1 1804
0
0
0
0
0
0
0
0
0
0
0
1 1751
0
0
0
0
0
0
0
0
0
0
0
0
0
0
0
0
0
0
0
0
0
0
0
0
0
0
0
0
0
0
0
0
0
0
0
0
0
0
0
0
0
0
0
0
1 1761
0
0
0
0
0
0
0
0
0
0
0
0
0
0
0
0
0
0
0
0
0
0
0
0
0
0
0
1 1767
0
0
0
0
0
0
0
0
0
0
0
0
0
0
0
0
0
0
0
0
0
0
0
0
0
0
0
0
0
0
0
0
0
1 1774
0
0
0
0
0
0
0
0
0
0
0
0
0
0
0
0
0
0
0
0
0
0
0
1 1778
0
0
0
0
0
0
0
0
0
0
0
0
0
0
0
0
0
0
0
0
0
0
0
0
0
0
0
0
0
0
0
0
0
0
0
0
0
0
0
0
0
0
0
0
0
0
0
0
0
0
0
0
0
0
0
0
0
0
0
0
0
0
0
0
0
0
0
0
0
0
0
0
0
0
0
1 1791
0
0
0
0
0
0
0
0
0
0
1 1792
0
0
0
0
0
0
0
0
0
0
0
0
0
0
0
0
0
0
0
1 1795
0
0
0
0
0
0
0
0
0
0
0
0
0
0
0
0
0
0
0
0
0
0
0
0
1 1798
0
0
0
0
0
0
0
0
0
0
0
0
0
0
0
0
0
0
1 1802
0
0
0
0
0
0
0
0
0
0
0
0
0
0
0
0
0
0
0
0
0
0
0
0
0
0
0
0
0
0
0
0
0
0
0
0
0
0
0
0
0
0
0
0
1 1806
0
0
0
0
0
0
0
0
0
0
0
0
0
0
0
0
0
1 1807
0
0
0
0
0
0
0
0
0
0
0
0
0
0
0
0
0
0
0
0
0
0
0
0
0
0
0
0
0
0
0
0
0
0
0
0
0
0
0
0
0
0
0
0
1 1816
0
0
0
0
0
0
0
0
0
0
0
0
0
0
0
0
0
0
0
0
0
0
0
0
0
0
0
0
0
0
0
0
0
0
0
0
0
0
0
0
0
0
0
0
0
0
1 1825
0
0
0
0
0
0
0
0
0
0
0
0
0
0
0
0
0
0
0
0
0
0
0
0
0
0
0
0
0
0
0
0
0
0
0
0
0
0
0
0
0
0
0
0
0
0
0
0
1 1834
0
0
0
0
0
0
0
0
0
0
0
0
0
1 1835
0
0
0
0
0
0
0
0
0
0
0
0
0
0
0
0
0
0
0
0
0
0
0
0
0
0
0
0
0
0
0
0
0
0
0
0
0
0
0
0
0
0
0
0
0
0
0
1 1847
0
0
0
0
0
0
0
0
0
0
0
0
0
0
0
0
0
0
0
0
0
0
0
0
0
0
0
0
0
0
1 1882
0
0
0
0
0
0
0
0
0
0
0
0
0
0
0
0
0
0
0
0
0
0
0
0
0
0
0
0
0
0
0
0
0
0
0
0
0
0
0
0
0
0
0
0
0
0
0
0
0
0
0
0
0
0
0
1 1863
0
0
0
0
0
0
0
0
0
0
0
0
0
0
0
0
0
0
0
0
0
0
0
0
0
0
0
0
0
0
0
0
0
0
0
0
0
0
0
0
0
0
0
0
0
0
0
0
0
0
0
0
0
1 1876
0
0
0
0
0
0
0
0
0
0
0
0
0
0
0
0
0
0
0
0
0
0
0
0
0
0
0
0
0
0
0
0
0
0
0
0
1 1883
0
0
0
0
0
0
0
0
0
0
0
0
0
0
0
0
0
0
0
0
0
0
0
0
0
0
0
0
0
0
0
0
0
0
0
0
0
0
0
0
0
0
1 1887
0
0
0
0
0
0
0
0
0
0
0
0
0
0
0
0
0
0
0
1 1890
0
0
0
0
0
0
0
0
0
0
0
0
0
0
0
0
1 423
0
0
0
0
0
0
0
0
0
0
0
