0
0
0
0
0
0
0
0
0
0
0
0
0
0
0
0
0
0
0
0
0
0
0
0
0
0
0
0
0
0
0
0
0
0
0
0
0
1 409
1 240
0
0
0
0
0
0
0
0
0
0
0
0
0
0
0
0
0
1 0
0
0
0
0
0
0
0
0
0
0
0
0
0
0
0
0
0
0
0
0
0
0
1 0
0
0
0
0
0
0
1 0
1 1368
0
0
0
1 228
0
1 881
0
0
0
0
0
0
0
0
0
0
0
0
1 1
0
0
0
0
0
0
0
0
0
0
0
0
0
0
0
0
0
0
0
0
0
0
1 1
0
0
0
0
0
0
1 1
0
0
0
0
0
0
0
0
0
0
4 424 997 1117 1314
2 40 1062
2 2 1361
0
1 722
0
3 112 257 1869
0
1 537
0
2 1400 1622
0
0
2 464 503
1 400
0
0
0
0
5 173 370 1103 1112 1433
5 174 320 416 1163 1609
1 247
1 1203
0
0
1 2
0
0
0
2 527 1431
3 507 850 1005
0
1 2
0
5 59 877 918 925 1559
0
0
9 119 199 249 252 258 284 422 583 638
1 1009
1 246
5 177 210 401 983 1393
0
1 1660
1 960
1 1443
4 98 1035 1211 1510
3 992 1111 1574
1 3
0
0
4 539 617 735 1641
3 94 984 1130
0
9 528 670 803 944 1105 1364 1389 1542 1831
7 150 434 842 1342 1526 1655 1889
1 1888
4 294 427 640 1327
3 1097 1397 1602
0
2 371 908
0
0
1 348
1 134
6 29 123 765 1177 1385 1734
0
0
3 181 452 1096
5 153 358 487 707 1184
3 529 704 1160
2 3 1789
0
4 504 1032 1362 1811
9 31 186 563 579 637 843 936 1520 1621
24 89 132 158 223 445 523 562 578 610 720 1088 1208 1241 1252 1273 1377 1414 1440 1460 1475 1494 1607 1722 1813
18 39 47 95 147 324 530 547 584 585 789 1002 1081 1146 1156 1653 1824 1833 1877
20 35 622 691 725 754 770 802 1064 1162 1165 1212 1253 1286 1352 1374 1413 1555 1637 1654 1658
13 3 162 269 580 681 827 886 1213 1238 1261 1376 1546 1800
2 1509 1629
1 1328
12 13 166 412 473 716 1019 1128 1216 1558 1754 1757 1785
16 286 355 552 688 796 1197 1284 1321 1343 1396 1686 1720 1756 1809 1810 1884
3 1053 1271 1429
0
2 778 907
6 184 869 1129 1221 1276 1780
0
0
0
0
0
0
1 1139
2 307 921
0
0
1 4
1 1696
0
0
2 798 1698
0
0
0
3 222 466 1619
2 829 1010
0
0
0
0
0
0
3 45 737 1638
1 1173
0
0
0
0
0
2 4 776
0
0
0
0
0
1 201
1 4
0
0
0
1 313
0
2 1500 1776
0
1 1384
24 91 93 125 161 198 229 239 361 386 446 543 573 590 643 739 1359 1407 1518 1665 1689 1714 1730 1770 1881
27 144 169 316 359 365 390 454 458 498 534 566 568 650 698 723 838 891 942 1125 1142 1155 1188 1293 1297 1347 1452 1457
4 68 218 236 1450
14 21 439 470 642 809 839 917 1011 1039 1082 1365 1615 1632 1651
27 75 130 339 382 394 471 500 531 592 674 729 887 932 947 980 1000 1191 1329 1490 1501 1561 1623 1643 1697 1782 1836 1880
7 448 561 1014 1182 1370 1557 1839
23 64 317 463 469 577 586 675 705 760 792 1034 1068 1138 1311 1325 1371 1404 1418 1504 1666 1709 1753 1867
46 5 22 115 121 124 131 138 141 261 267 279 318 328 352 356 378 441 451 533 627 654 665 903 1003 1024 1137 1235 1333 1383 1412 1436 1487 1491 1548 1553 1565 1580 1588 1590 1670 1710 1717 1723 1768 1805 1830
6 6 791 1037 1114 1181 1315
1 1369
21 71 140 311 387 402 669 797 818 834 847 875 975 981 1008 1228 1258 1302 1476 1570 1832 1837
24 90 197 213 215 227 254 304 392 611 636 746 905 964 968 1080 1140 1296 1306 1318 1345 1424 1635 1644 1821
51 18 44 139 202 217 259 281 285 297 305 310 363 372 373 388 465 495 652 683 717 726 757 793 840 876 888 956 1075 1084 1118 1148 1166 1186 1195 1196 1207 1277 1285 1291 1334 1366 1473 1485 1556 1591 1595 1604 1652 1732 1818 1820
14 9 83 127 216 397 502 845 988 1437 1636 1690 1760 1838 1856
28 116 128 176 461 518 619 655 657 680 709 751 756 864 916 938 958 1031 1085 1094 1180 1317 1426 1445 1488 1593 1713 1786 1870
0
6 27 209 600 641 811 1423
0
18 43 50 212 225 330 385 485 576 631 1120 1313 1320 1375 1380 1533 1692 1765 1855
1 250
3 969 1656 1858
3 814 978 1179
8 11 42 51 88 241 817 1028 1586
3 282 800 1378
2 1018 1439
1 1176
7 46 105 331 332 851 1336 1766
0
9 157 852 896 1300 1324 1456 1499 1547 1771
5 289 902 948 1449 1469
7 5 462 632 867 1248 1583 1729
0
0
8 481 937 1033 1266 1307 1409 1486 1683
0
5 501 557 734 1525 1676
13 15 231 308 420 450 472 634 1038 1391 1521 1527 1592 1667
12 5 55 129 146 155 235 329 935 1161 1416 1514 1612
3 333 1093 1451
5 550 771 1308 1472 1642
4 26 714 750 1076
8 219 603 649 1046 1269 1350 1408 1528
1 1267
7 492 509 718 733 927 1519 1614
1 466
27 85 189 435 551 633 755 784 835 967 1036 1041 1045 1087 1245 1257 1395 1410 1517 1522 1566 1600 1671 1790 1823 1826 1851 1868
0
0
0
0
0
0
0
0
2 1185 1249
0
5 588 621 991 1275 1373
0
1 517
0
1 1330
2 326 910
1 408
1 6
3 1124 1497 1861
0
0
7 293 444 499 553 1074 1183 1608
3 1043 1220 1763
0
1 6
0
1 455
0
2 1281 1523
0
0
0
6 143 759 1388 1467 1646 1859
0
0
1 914
3 658 712 1736
1 706
0
0
3 816 819 1610
1 1777
0
16 7 56 306 312 554 595 882 894 915 1022 1236 1239 1338 1537 1783 1845
7 16 54 686 809 1175 1243 1312
1 1762
1 1479
0
0
0
1 1739
0
2 152 376
0
2 878 1254
3 120 604 1136
0
0
0
0
0
0
2 256 1840
0
0
0
2 7 626
0
0
3 614 684 1438
0
1 694
0
4 7 10 1056 1852
0
0
0
0
10 266 283 892 934 976 979 1230 1430 1596 1628
0
0
0
5 8 713 1279 1425 1799
0
10 163 208 398 456 762 906 1040 1316 1441 1630
1 1226
3 335 1282 1694
0
1 1299
2 1358 1477
6 575 822 860 962 1259 1390
6 1158 1419 1512 1649 1724 1828
3 347 931 1796
0
2 1530 1539
16 277 395 440 601 662 846 866 1049 1070 1102 1381 1769 1794 1801 1814 1871
11 195 442 480 488 589 598 1108 1386 1402 1865 1875
0
8 73 609 995 1131 1398 1455 1675 1731
5 728 1764 1812 1843 1846
2 97 1761
0
13 20 41 167 272 429 467 478 597 679 748 808 1405 1611
3 673 1067 1549
2 145 342
4 8 340 1152 1759
5 482 1086 1193 1262 1270
8 194 699 710 795 1119 1168 1367 1560
0
1 1725
2 1171 1250
0
1 8
4 766 1332 1420 1707
0
0
0
0
0
1 1659
3 519 963 1150
0
1 1632
0
4 301 1026 1223 1873
1 131
1 955
4 207 911 980 1298
1 1504
0
4 99 953 1340 1886
3 546 887 1538
5 592 801 857 1188 1348
0
2 515 1619
1 623
5 9 96 540 926 1218
2 1854 1860
3 924 1620 1866
0
1 1548
13 268 394 448 532 607 674 767 880 977 1134 1170 1326 1829
0
1 9
1 739
2 859 1415
1 700
3 483 654 711
0
0
2 787 1691
2 267 665
11 148 179 736 821 833 943 999 1280 1747 1797 1822
1 520
4 206 325 570 1109
5 133 345 396 825 1695
0
0
1 366
3 232 350 545
0
0
0
4 33 62 66 1379
19 309 374 476 536 715 904 939 1012 1048 1190 1192 1278 1292 1417 1576 1648 1733 1746 1755
2 895 996
2 781 848
1 1633
0
4 549 1072 1224 1448
5 438 758 775 810 1135
1 1057
3 226 1470 1493
6 10 696 779 844 854 1153
0
0
5 889 1454 1585 1639 1872
10 135 137 164 183 188 457 606 630 772 1354
5 248 731 1141 1513 1664
0
1 10
3 28 1029 1123
2 255 479
3 605 1323 1506
2 1233 1864
2 1164 1745
0
1 430
0
4 68 446 723 1418
1 1450
5 197 339 466 636 1325
3 323 1728 1742
5 64 929 1331 1569 1802
4 640 865 868 1034
0
1 1295
6 22 317 652 1317 1334 1643
2 645 1392
13 11 69 185 407 708 732 738 1149 1174 1204 1290 1339 1719
3 290 1092 1198
1 125
4 403 491 1145 1595
2 490 1079
2 756 1557
2 724 1115
9 11 619 668 815 1017 1305 1504 1651 1692
0
1 903
7 498 726 792 888 932 1580 1836
10 169 359 397 439 675 898 1004 1277 1366 1644
2 127 1632
1 1640
2 1127 1712
3 1256 1371 1461
0
0
0
0
0
1 861
0
0
0
0
0
1 12
0
3 60 109 1647
0
0
0
0
0
0
1 52
1 1541
0
0
0
0
2 703 1399
0
0
0
0
0
0
1 526
2 12 299
0
3 513 946 1703
0
0
0
0
1 12
0
1 1126
0
0
0
0
0
0
7 270 449 556 973 1446 1605 1715
0
1 243
4 411 900 1227 1589
7 65 106 427 1078 1289 1568 1575
2 53 890
3 220 405 1685
0
2 940 1157
0
3 344 618 1372
2 431 1534
0
0
1 982
4 294 1030 1133 1189
4 780 788 950 1095
1 1874
3 336 763 913
6 13 58 380 391 990 1231
2 511 1247
0
1 777
1 84
0
0
1 13
0
1 136
0
1 961
2 296 836
1 745
6 92 581 616 970 1435 1711
0
0
0
0
0
0
0
1 14
3 24 393 1672
0
0
0
0
3 1014 1329 1412
0
0
0
0
0
0
0
0
0
0
0
0
0
0
0
0
1 14
0
0
0
0
0
0
1 14
0
0
0
0
0
0
0
0
10 165 285 291 388 834 1019 1235 1315 1548 1716
7 586 669 791 1137 1604 1606 1657
6 420 495 1285 1496 1818 1821
1 1652
3 747 985 1626
0
0
8 44 271 387 887 1155 1313 1426 1450
4 71 807 1059 1502
1 698
7 15 90 124 386 989 1186 1261
4 250 757 1094 1619
5 273 685 1023 1320 1336
1 600
1 1200
2 994 1483
0
1 15
3 1319 1714 1776
1 1556
1 217
0
24 43 138 140 141 144 153 212 267 317 448 592 642 674 723 811 980 1011 1037 1166 1228 1510 1588 1634 1880
0
10 314 433 494 567 627 707 956 1042 1471 1579
5 128 465 818 1317 1837
1 587
10 280 505 522 594 620 1222 1327 1480 1643 1876
10 82 108 263 418 425 651 672 682 1616 1825
1 1476
2 628 803
3 113 1772 1803
0
3 421 828 1069
0
2 1304 1841
5 307 1083 1356 1481 1682
1 560
2 596 1849
2 525 1309
0
2 81 954
0
2 643 805
0
2 16 1122
0
5 102 295 625 826 856
0
1 823
0
4 648 974 1442 1748
1 16
2 80 375
2 1268 1577
1 1727
3 93 489 591
0
0
0
0
0
0
0
1 1673
1 17
0
1 1524
0
0
0
0
1 1047
1 1535
1 647
6 193 269 730 1287 1817 1879
0
0
0
0
0
0
0
0
0
2 727 1007
1 118
1 897
2 17 1310
0
0
0
0
0
0
2 17 1567
0
2 496 1752
0
0
0
0
0
3 824 941 1132
0
0
1 18
1 1024
4 751 958 1028 1627
0
2 328 1404
0
2 631 885
1 18
0
5 397 634 726 1266 1451
1 739
0
0
0
5 236 363 817 1140 1380
0
2 288 1058
3 341 542 1337
2 1303 1815
0
3 187 602 1232
0
1 1225
1 1850
3 19 1015 1735
3 933 1178 1346
2 721 1737
2 191 1464
7 364 399 624 830 870 1573 1787
0
3 74 753 764
0
1 832
1 1564
1 368
0
1 114
1 244
0
0
0
0
1 1565
1 238
0
0
2 514 1107
2 19 1598
0
1 292
0
1 49
2 190 1427
9 160 354 512 663 873 1432 1531 1788 1808
1 19
3 459 743 1263
0
1 544
2 572 794
0
0
1 76
0
2 987 1609
0
0
6 122 203 1199 1581 1781 1793
0
0
1 1403
2 1090 1718
4 765 972 1272 1743
1 453
1 175
1 666
2 1144 1704
1 1740
1 646
0
0
8 104 414 569 1434 1468 1498 1536 1885
2 20 1283
0
0
0
0
1 681
2 508 786
1 20
2 413 1599
0
1 1848
0
0
0
2 1001 1882
0
0
3 1545 1591 1738
0
0
5 83 388 608 829 1082
1 21
1 131
1 1615
0
0
0
0
1 21
2 883 1655
1 360
0
0
0
9 439 446 477 690 981 1085 1321 1710 1722
0
0
6 470 534 746 1114 1418 1525
10 359 394 441 443 561 687 705 840 1768 1856
9 22 216 304 485 654 938 1034 1437 1709
1 1713
3 362 432 1662
0
0
6 339 365 390 1014 1188 1501
1 968
8 115 227 356 372 502 642 839 1235
0
11 48 151 221 419 486 773 841 1100 1387 1678 1857
5 262 275 428 510 689
1 300
4 555 785 1206 1214
0
4 23 302 321 667
0
1 1242
0
0
0
0
0
5 426 901 1291 1484 1697
0
0
0
0
0
1 1853
1 582
0
0
0
0
0
0
2 820 1344
3 23 233 702
1 1680
0
0
2 168 211
0
1 27
1 23
0
2 541 671
2 313 1244
0
3 67 200 1844
0
8 35 402 537 737 769 1234 1515 1702
0
2 1462 1795
1 1723
0
4 379 893 960 1775
0
6 26 75 932 1238 1265 1325
1 1143
1 593
0
2 259 533
0
7 373 903 1181 1397 1593 1612 1617
0
0
1 1688
1 24
1 30
2 154 688
0
2 204 1452
1 965
6 121 186 377 842 935 1440
1 24
0
4 635 1196 1422 1782
1 1700
2 86 1587
0
1 1521
0
0
2 172 349
3 25 63 337
1 952
0
0
0
1 742
0
0
4 228 917 1314 1516
0
0
0
0
0
0
0
4 127 693 1112 1540
0
0
0
0
3 112 790 1751
0
1 25
0
0
0
0
2 231 632
0
1 25
0
0
0
0
0
0
0
0
5 330 636 1580 1644 1821
0
5 791 1155 1469 1652 1683
3 387 1016 1571
0
8 44 450 656 814 964 1366 1604 1765
2 26 1407
0
0
0
7 285 1186 1277 1375 1424 1488 1861
2 383 420
3 1169 1490 1760
6 278 969 1037 1060 1514 1750
0
6 139 469 495 600 1045 1600
2 1261 1414
0
0
1 27
4 124 176 1383 1869
0
1 1378
0
0
0
0
1 1038
0
1 1063
2 1445 1757
0
0
0
1 837
0
0
1 1663
0
0
0
2 28 369
0
4 1106 1163 1486 1624
0
0
0
2 503 661
1 28
0
0
2 210 812
0
0
0
0
0
0
8 242 294 358 530 640 1066 1212 1364
2 171 697
0
1 29
0
0
0
2 460 1491
13 229 423 803 1035 1061 1182 1495 1636 1665 1714 1770 1776 1827
3 406 1167 1211
2 29 1246
1 346
0
0
7 218 404 507 741 1241 1520 1661
0
3 1117 1142 1784
1 371
0
0
2 1101 1607
0
2 34 1457
0
1 70
0
6 265 427 1160 1621 1754 1786
1 1217
1 245
1 578
1 1210
2 437 1489
3 223 1062 1103
4 639 676 1098 1411
1 98
0
1 936
0
0
0
2 30 971
4 179 1006 1243 1602
0
0
0
0
0
1 30
0
1 78
0
0
0
0
0
1 1862
0
0
0
0
1 214
3 47 1389 1779
0
1 31
0
3 324 484 876
3 61 855 1097
0
0
0
2 31 1463
0
0
1 159
0
0
0
1 692
0
0
0
1 1842
0
0
0
1 32
0
0
0
0
2 308 1072
1 701
1 1269
0
0
1 1373
4 33 225 297 1327
0
2 85 260
1 935
0
0
0
1 33
0
0
0
0
0
0
2 706 1408
0
1 1202
0
0
1 170
4 142 149 749 858
0
0
0
0
0
0
1 1077
0
0
1 959
0
0
0
1 1229
1 87
0
2 34 799
0
0
0
0
1 559
0
1 34
1 1396
0
0
0
0
0
0
0
5 472 923 1343 1428 1542
0
2 619 1732
2 35 1421
7 197 471 566 707 1005 1570 1717
5 117 202 886 908 1543
0
17 54 96 146 269 281 509 755 988 1028 1213 1249 1340 1412 1628 1667 1692 1832
1 1608
1 1438
11 93 234 402 804 986 1012 1071 1175 1611 1705 1871
0
1 103
0
2 36 942
0
0
0
0
0
1 196
0
2 38 637
0
0
1 629
0
0
0
0
0
0
0
0
0
1 1508
1 1349
2 36 1891
2 862 1260
0
0
0
1 686
0
1 36
0
0
0
0
0
0
0
0
2 874 1804
0
0
2 638 1649
0
0
2 37 286
1 1650
1 464
0
0
0
0
0
0
0
0
0
0
0
0
0
0
1 303
0
0
0
0
0
1 37
0
0
0
0
0
0
1 37
0
0
0
1 240
0
0
0
0
0
1 585
0
0
0
0
1 353
1 555
0
0
1 694
1 251
0
1 1394
0
1 813
0
0
0
0
0
0
1 38
1 768
0
0
0
2 945 1290
0
1 38
0
0
8 438 548 628 660 719 962 1329 1541
0
0
0
0
0
8 257 320 333 924 944 1651 1819 1839
3 222 322 603
4 691 1026 1517 1529
2 39 927
9 381 498 537 797 798 809 1137 1618 1880
0
1 507
1 1547
3 348 770 930
4 434 528 617 1352
1 39
0
0
0
1 1800
6 94 327 1019 1655 1820 1837
0
2 465 1436
0
2 1008 1889
1 40
2 583 1360
0
5 992 1494 1586 1590 1594
0
10 143 422 478 802 1258 1362 1413 1499 1521 1809
1 1798
3 40 688 1557
0
0
2 1758 1767
8 554 796 838 1152 1365 1430 1537 1771
0
0
3 162 235 568
3 199 779 1284
1 1215
12 41 288 375 382 416 440 467 555 884 1222 1273 1441
1 871
3 355 1154 1195
0
5 263 451 644 1149 1443
0
4 57 1184 1578 1701
1 41
0
0
0
1 993
4 1032 1551 1654 1810
0
1 1116
1 167
2 43 254
4 116 128 811 967
1 771
0
2 550 1553
1 1207
1 42
0
0
0
0
0
0
5 42 125 757 902 1522
0
0
3 751 1179 1698
0
0
2 209 500
0
1 1307
1 669
6 378 586 665 1085 1291 1818
5 71 331 1380 1836 1851
3 241 363 1239
0
12 212 386 652 834 947 948 1161 1257 1334 1451 1773 1856
5 219 502 905 958 1476
0
3 501 1185 1336
8 213 250 611 698 793 1050 1248 1426
0
0
1 540
1 289
6 132 365 681 891 1314 1409
1 45
0
0
1 493
0
4 115 153 630 894
0
1 45
0
0
4 531 1033 1345 1765
0
0
0
0
0
0
0
0
0
0
2 840 1259
0
0
0
0
1 975
0
1 46
0
0
0
0
0
0
2 46 1656
0
0
2 318 1591
2 957 1622
1 249
0
0
0
1 1075
2 949 1833
2 576 1236
4 47 445 585 1414
10 205 447 672 704 735 1064 1458 1633 1653 1869
0
5 765 842 1177 1183 1302
2 738 1197
1 876
1 706
3 792 1096 1660
2 849 1419
1 48
1 275
0
0
0
0
3 60 1263 1803
4 48 315 459 1201
0
0
0
0
0
4 710 960 997 1559
0
0
2 261 1811
0
0
0
3 248 334 1385
0
0
0
0
0
1 1341
0
0
0
0
0
0
0
1 49
3 310 352 845
0
0
0
0
0
1 49
0
0
0
0
0
0
0
0
0
0
1 50
0
0
0
0
0
0
6 50 372 481 756 1180 1297
0
0
0
0
0
0
0
0
1 51
2 1031 1166
0
0
0
0
0
4 51 129 392 1311
0
0
0
0
2 144 1274
0
0
0
1 920
0
0
0
2 664 1823
0
0
0
4 384 535 817 1690
0
0
0
0
0
0
1 1251
0
1 524
0
0
0
1 52
0
0
1 111
0
0
2 888 1831
2 52 1613
0
0
0
0
0
2 456 951
0
1 215
0
1 1130
0
2 298 1460
0
0
0
0
0
0
1 444
0
1 53
0
0
0
0
1 1410
0
1 53
0
0
0
0
0
0
0
0
1 926
0
12 80 201 441 490 491 570 953 1072 1238 1565 1648 1720
5 54 435 1045 1218 1866
1 1245
1 848
0
0
2 82 1592
0
1 1375
4 551 620 966 1340
0
0
5 55 141 1093 1318 1595
0
0
0
0
2 148 835
3 373 911 1671
1 55
0
0
0
0
0
0
0
0
0
2 56 1754
0
1 1216
0
1 471
0
1 1233
2 56 483
0
1 354
0
0
3 1009 1361 1482
2 1845 1871
0
0
0
1 390
0
0
1 1055
0
0
0
0
0
0
0
1 1835
0
0
0
0
0
0
3 1429 1478 1780
0
0
1 57
0
0
0
0
0
3 100 847 1406
1 57
2 1162 1554
0
0
0
0
0
0
0
2 163 1301
0
0
0
0
0
1 371
0
0
3 921 1010 1146
0
1 1364
0
2 58 358
0
1 831
1 239
4 307 936 1011 1813
0
0
4 58 367 968 1395
1 1299
1 434
2 1088 1546
0
0
0
0
0
0
0
0
2 59 264
1 552
0
0
1 797
0
0
1 59
0
2 119 955
1 711
0
0
1 599
0
0
0
1 1382
0
1 1052
2 308 1541
0
2 60 1051
4 109 188 1132 1387
0
0
0
2 375 523
0
0
0
0
0
2 68 829
1 1021
0
0
1 1609
0
0
0
1 1384
0
0
0
1 983
1 1383
0
0
3 61 1087 1368
0
0
1 357
0
0
0
2 61 744
0
0
0
0
2 530 1753
1 538
0
0
1 1221
1 872
3 333 1503 1860
0
0
1 819
1 1677
0
1 904
0
1 62
2 717 1225
1 230
0
3 237 312 1479
0
0
1 62
1 133
0
0
5 283 457 505 1510 1621
1 833
0
0
0
0
0
0
0
0
0
0
0
2 1400 1814
1 63
0
0
0
1 651
3 416 467 881
0
1 63
0
0
1 1658
0
0
1 1054
0
0
1 816
1 476
0
0
0
0
0
0
0
0
1 72
0
0
0
0
0
0
2 677 1373
0
0
2 96 729
0
0
0
1 1787
16 64 161 174 281 1003 1111 1176 1296 1371 1449 1561 1636 1683 1697 1766 1782
2 1333 1881
2 470 1424
1 1024
0
0
0
2 1035 1322
0
3 417 782 1792
0
1 1807
0
0
0
0
0
0
0
1 1778
1 1376
0
0
1 1542
3 65 150 1563
0
0
0
0
2 1205 1237
1 89
2 65 863
1 759
0
0
0
0
3 575 1110 1485
0
0
3 637 1359 1440
0
6 66 186 478 860 916 1809
3 796 869 1279
3 1089 1347 1459
1 1363
1 1696
1 1432
0
4 66 450 984 1013
2 1211 1855
1 1507
0
1 1420
2 169 324
1 826
1 1820
0
1 563
0
0
0
0
0
0
0
1 615
0
1 67
0
0
0
2 915 1464
0
0
1 67
0
0
0
0
1 458
0
0
0
2 818 1080
1 462
3 626 1313 1612
0
1 328
2 83 497
2 1717 1722
3 217 492 1556
0
0
1 69
0
0
0
0
0
0
2 69 577
0
0
1 1156
1 1104
0
0
0
0
0
0
1 641
0
0
0
0
0
2 650 675
0
1 659
0
0
0
0
0
0
0
1 865
0
2 70 1039
0
0
1 793
0
0
0
1 70
0
0
0
0
0
0
0
0
4 340 485 1140 1628
1 801
0
4 138 1008 1112 1477
0
0
0
0
0
2 1094 1710
0
5 967 1228 1321 1600 1851
2 1569 1623
0
7 140 627 948 1254 1306 1676 1830
0
0
1 213
2 105 1744
0
0
0
1 611
0
0
1 72
0
1 1861
0
0
0
1 1000
1 72
0
0
0
0
0
0
0
0
3 1067 1456 1637
0
1 1530
1 407
0
0
1 73
0
0
2 206 784
2 94 1241
0
0
1 73
0
2 1070 1255
1 622
0
0
0
0
0
2 514 602
0
0
0
0
0
0
1 1249
0
0
0
0
0
0
0
0
1 74
0
0
0
0
0
1 1693
1 74
0
0
0
0
0
0
0
0
0
7 75 139 222 385 500 937 1732
0
0
3 202 410 1486
0
0
0
2 112 1607
0
0
0
1 1357
0
0
1 1444
0
0
0
0
0
0
0
0
0
0
1 76
0
0
0
0
1 1278
0
1 76
0
0
0
0
0
0
0
0
0
0
0
2 798 1615
0
0
0
1 77
0
2 700 1760
1 879
0
0
0
0
0
0
0
0
0
0
0
0
0
0
0
0
0
0
0
2 77 1267
0
0
0
1 1740
0
0
1 77
0
0
0
0
0
0
0
0
0
0
4 210 940 1667 1684
0
0
0
0
0
2 511 1177
0
0
0
0
0
8 584 704 906 1128 1173 1257 1499 1614
0
0
1 1198
2 1270 1582
2 78 1834
0
0
0
0
0
0
2 78 1433
0
0
0
0
1 1027
0
0
0
0
0
0
0
1 79
0
1 1389
0
0
1 558
1 1689
0
0
0
0
0
0
0
0
0
0
0
1 752
0
0
0
0
1 79
0
0
0
0
0
0
1 79
0
0
0
0
0
0
1 98
0
1 775
6 275 1480 1664 1666 1678 1680
5 366 686 689 1407 1788
2 708 1438
1 80
7 266 355 472 1157 1269 1381 1537
6 651 743 925 1119 1468 1712
0
0
0
0
2 1633 1723
0
0
0
0
0
0
0
0
1 562
1 81
0
0
0
0
0
0
4 81 396 424 808
0
0
2 789 841
1 1564
0
1 1679
0
0
1 1178
2 288 1801
2 572 1745
2 82 941
0
0
1 201
0
0
0
0
0
1 1867
0
1 499
0
0
0
0
0
0
0
0
0
1 529
0
0
2 713 1271
0
2 770 1105
0
0
1 84
0
0
0
0
0
0
1 84
0
0
0
0
0
0
1 1492
1 1338
0
1 85
0
2 1631 1736
1 736
0
1 1873
1 1523
0
2 621 1733
0
1 1179
0
1 1275
0
0
1 922
0
3 135 137 1799
0
2 891 1768
0
0
0
0
2 156 1074
0
0
2 86 352
0
0
0
1 1777
0
0
1 86
2 734 1404
1 823
0
0
0
0
1 297
2 1203 1475
0
1 1681
0
0
1 1127
1 896
0
0
0
0
0
1 87
0
0
0
0
0
0
2 87 95
0
0
0
0
1 1491
0
0
0
0
1 225
0
0
0
0
1 88
0
0
0
0
0
0
1 88
0
0
0
0
1 305
0
0
0
10 90 228 282 643 750 964 1082 1181 1391 1724
0
11 121 132 304 311 760 938 1452 1457 1490 1519 1670
2 1399 1505
0
1 1865
0
7 223 578 1142 1184 1286 1343 1574
0
3 566 890 1226
1 89
2 670 1328
0
1 1208
1 725
1 1771
1 1465
0
1 1559
4 501 1266 1469 1570
6 991 1081 1253 1397 1408 1653
1 634
1 800
0
2 254 1223
0
0
0
0
0
2 732 1393
0
1 91
0
1 246
2 400 1103
0
0
0
1 91
0
1 1222
0
0
0
1 974
0
0
0
1 934
1 913
0
2 904 1022
0
0
1 92
2 682 1109
0
1 731
0
0
0
2 92 1435
1 1526
0
0
0
0
0
0
1 160
3 330 1410 1772
0
0
0
0
4 927 1398 1602 1884
2 1810 1828
1 161
0
0
1 754
1 1268
1 918
4 95 668 996 1431
2 421 944
0
1 1769
0
0
0
0
1 1342
1 496
2 1494 1571
2 232 329
0
1 1225
0
0
1 167
0
0
2 728 1281
1 97
0
0
0
3 451 1638 1831
1 1372
0
1 97
0
4 99 166 556 1133
0
0
0
0
0
0
0
1 1285
1 332
0
0
0
0
0
0
0
3 114 354 1230
1 116
0
0
1 99
0
0
4 691 979 1015 1213
0
0
2 838 1290
0
0
0
1 1721
0
0
0
0
0
1 1625
0
1 398
0
0
0
0
2 100 1706
0
0
0
0
0
0
2 100 855
0
0
0
0
1 101
0
0
0
0
2 1189 1498
0
0
0
0
0
2 102 1240
0
0
0
0
0
0
0
0
0
0
0
1 827
0
1 101
0
0
1 323
0
0
0
1 101
0
0
0
0
0
0
1 774
0
0
0
0
0
2 252 445
0
1 102
0
0
0
2 179 854
0
0
2 194 429
0
0
0
0
0
0
0
0
0
0
0
0
0
0
0
0
1 103
0
0
0
0
0
0
1 103
0
0
0
2 157 238
0
0
0
0
0
1 954
1 104
2 898 1475
0
1 1175
4 296 313 594 1442
5 151 591 773 1531 1781
0
2 104 226
1 663
0
0
0
3 658 1092 1841
0
1 1403
4 280 486 554 1130
0
1 626
0
5 105 155 469 1437 1501
0
0
0
0
0
0
0
0
0
0
0
1 284
0
5 411 1374 1539 1811 1833
0
2 106 909
0
0
0
2 162 1390
0
2 861 1425
1 106
0
0
0
0
1 1590
1 1347
0
0
0
1 712
1 491
2 108 1815
0
0
4 143 146 857 1840
4 195 758 1046 1620
0
0
5 108 490 711 1243 1324
1 1788
0
0
0
1 1304
0
5 187 389 570 848 1863
0
1 738
1 109
0
2 1164 1309
0
2 456 836
1 279
1 775
0
0
0
0
1 110
0
0
0
0
0
0
0
0
0
0
0
0
0
0
0
0
0
0
0
0
0
0
1 110
0
0
0
0
0
2 158 895
3 110 1044 1219
0
0
0
0
0
0
4 283 459 1087 1122
0
0
0
0
0
0
0
0
0
0
0
0
0
0
0
1 111
0
2 1076 1473
0
1 1262
0
0
1 111
0
0
0
0
0
0
0
0
0
0
0
2 449 709
1 952
0
0
1 1454
1 509
0
0
1 468
1 1460
1 113
0
0
0
0
0
0
2 113 479
0
0
4 148 325 341 779
0
0
2 1079 1787
0
1 832
0
2 428 843
0
0
1 418
0
1 114
0
1 190
1 1059
0
0
0
0
1 1585
2 533 1312
0
0
0
0
1 588
0
2 988 1416
0
1 129
2 536 1822
2 875 1138
0
3 215 356 814
0
0
0
0
0
0
0
0
0
0
0
0
1 1289
0
0
0
0
0
1 117
0
1 823
0
0
0
0
1 117
0
0
0
0
0
0
0
0
0
0
0
1 248
1 118
2 1226 1630
0
2 368 1303
1 1320
0
0
1 118
0
0
0
0
0
0
0
0
0
1 198
0
1 119
0
0
1 602
0
2 181 545
0
0
0
8 480 540 1158 1302 1413 1525 1549 1794
1 120
0
2 550 852
0
0
0
0
1 120
0
1 886
1 568
0
1 1252
1 1149
0
2 553 557
3 463 1395 1514
0
0
0
2 924 1646
1 755
0
1 235
3 122 345 1012
0
0
0
0
0
0
1 122
0
0
0
0
1 207
0
0
2 488 1160
0
0
0
0
0
0
1 1812
1 1859
0
1 123
0
3 573 810 1165
5 662 1004 1084 1146 1172
0
1 1386
0
1 123
0
0
0
0
0
0
0
0
0
2 176 943
2 969 1547
1 1485
0
1 1423
1 846
0
0
1 126
1 1532
0
0
0
0
0
0
0
0
0
0
0
0
0
0
0
0
0
0
0
0
0
1 126
0
0
1 1005
0
0
0
1 126
0
1 1568
0
0
0
0
0
0
4 164 249 382 1183
0
2 981 1635
0
0
0
0
0
0
0
0
0
1 130
0
0
4 527 1212 1757 1796
1 236
0
0
1 130
0
0
2 1300 1790
0
0
1 370
2 350 1233
2 722 1436
0
8 326 802 1182 1259 1520 1593 1665 1832
6 173 177 401 1203 1660 1764
0
0
0
3 1196 1649 1870
0
0
0
2 575 1686
0
1 440
0
0
1 1629
1 1159
1 1139
0
0
1 753
1 776
2 714 1429
1 133
3 221 1057 1803
0
0
0
3 258 824 1845
0
0
1 926
1 134
0
1 1352
0
2 412 907
0
0
2 134 444
0
0
3 391 931 1231
1 699
1 1091
0
0
0
2 1048 1814
0
1 1675
2 135 919
0
0
0
0
2 579 897
0
0
0
0
0
0
3 703 1070 1734
4 247 504 1509 1846
0
0
0
0
1 136
0
0
0
1 1097
0
0
1 136
1 1419
0
0
1 1715
0
0
1 822
2 984 1888
0
1 819
0
1 137
0
0
1 1466
1 1747
0
2 683 1088
0
0
0
1 1439
0
0
0
0
1 1195
2 216 1043
0
1 1038
0
2 767 942
0
0
1 1174
2 232 1648
0
0
0
2 1293 1409
2 374 1866
0
0
0
0
0
0
0
1 1456
0
0
0
0
1 1890
0
0
0
0
1 142
0
0
0
0
0
0
1 142
0
0
0
0
0
1 1351
1 1577
0
2 784 1561
0
1 1517
0
0
0
2 595 684
0
1 481
1 978
1 1755
1 1522
1 892
0
1 145
0
0
1 1518
0
0
1 1118
1 145
0
0
1 163
0
1 293
0
0
2 239 531
5 231 534 621 905 1445
3 229 1284 1854
1 1031
3 1067 1279 1877
0
0
0
3 492 1308 1839
0
0
0
0
1 147
0
2 777 1487
0
2 617 1368
0
0
1 147
0
0
0
0
0
0
0
0
1 1850
0
3 257 1145 1588
1 403
0
0
1 1190
0
0
0
0
0
0
0
0
0
2 149 997
0
0
0
1 1678
0
0
1 149
0
0
1 983
0
0
0
1 1645
3 168 977 1603
0
0
1 1610
2 528 1114
1 150
1 1185
0
1 1053
0
2 348 1838
1 312
0
1 1273
3 302 1263 1434
0
0
0
2 151 316
6 321 1198 1399 1596 1616 1889
1 628
1 702
0
0
0
1 263
1 672
0
1 152
0
0
0
0
5 455 1248 1311 1709 1868
2 1000 1770
4 152 947 1315 1858
0
0
0
0
0
0
1 227
0
1 590
1 320
3 737 975 1622
0
0
0
0
0
1 510
0
1 272
0
0
0
0
0
0
0
0
0
0
2 415 1544
0
0
0
0
0
0
0
0
0
0
0
0
0
0
1 549
0
0
1 154
0
0
0
0
0
1 376
1 154
0
0
1 424
0
0
0
0
0
0
0
0
0
1 155
0
0
3 209 1207 1566
1 166
0
0
0
0
0
0
1 1763
0
1 165
0
0
0
0
0
0
0
0
0
0
1 156
0
0
0
0
0
0
3 156 165 525
0
0
0
0
0
0
0
0
0
0
0
1 157
3 1119 1385 1694
1 1477
0
0
0
1 1278
0
0
1 1480
0
0
1 1432
1 720
0
1 1752
0
0
0
0
1 1512
0
0
0
1 689
0
0
0
1 1789
0
0
0
0
2 158 1883
0
0
0
0
1 732
0
0
0
0
1 1558
0
0
0
0
1 696
0
1 159
0
1 1271
0
1 347
5 1270 1654 1658 1794 1884
0
1 159
0
0
0
0
3 344 1171 1193
0
0
0
0
0
1 961
1 816
0
0
0
1 301
1 529
0
1 572
0
1 514
0
1 160
0
0
0
0
0
0
0
0
0
1 622
0
0
0
0
0
3 783 1377 1430
1 306
7 219 916 956 1197 1443 1611 1647
0
5 630 1216 1370 1720 1759
0
0
1 736
0
1 781
1 1608
0
0
0
1 164
0
1 1111
1 1163
0
1 1281
0
0
0
0
0
0
3 310 632 1800
0
0
0
4 185 992 1362 1695
4 270 877 925 1062
3 515 1135 1740
0
0
0
0
4 292 1468 1479 1885
0
0
1 648
0
0
0
1 204
1 1815
0
0
1 168
0
0
0
0
0
0
0
0
0
1 259
0
2 847 1731
0
0
0
0
0
0
0
0
1 1606
0
0
0
0
1 170
0
0
0
0
0
1 668
1 170
0
0
0
0
0
0
0
0
1 335
0
0
1 452
0
1 395
0
0
0
0
0
1 171
0
0
0
0
0
0
1 171
0
0
0
0
0
0
0
0
0
0
1 499
0
0
5 864 1218 1345 1415 1847
0
0
0
0
0
0
0
0
1 172
0
2 184 1813
0
0
2 1039 1148
0
1 172
0
0
0
0
0
0
0
0
3 601 778 850
0
0
0
2 173 1704
0
1 597
0
1 670
0
0
0
1 483
1 174
0
0
1 915
0
1 261
0
0
0
0
0
0
0
1 1599
1 175
0
0
0
0
0
0
1 175
0
3 503 635 1666
0
0
0
0
0
0
1 1073
0
1 1192
0
0
0
0
2 177 206
0
0
0
0
0
2 682 1581
0
0
0
0
2 580 1433
0
1 180
2 1080 1670
0
0
0
0
0
0
0
0
0
0
0
0
0
0
0
0
0
1 612
0
0
0
1 180
0
0
0
0
0
0
1 180
0
0
0
0
0
1 1707
0
1 917
0
0
2 181 638
0
0
0
0
1 1403
0
0
0
0
0
0
0
0
0
1 182
2 544 933
0
0
0
0
0
0
0
0
0
1 624
0
0
0
0
0
0
0
1 1086
0
2 717 1078
2 504 1854
0
1 610
1 183
0
0
0
0
0
0
1 183
0
0
0
1 1310
0
0
0
0
0
0
0
0
0
1 184
0
1 712
0
0
0
0
0
0
2 679 1560
1 520
0
0
0
0
2 185 1875
0
0
0
0
3 1001 1236 1739
0
0
0
0
1 208
0
0
0
0
2 728 1095
0
0
0
0
0
0
0
1 846
0
0
1 721
0
0
1 187
0
0
0
1 1711
2 954 1664
1 1772
0
0
2 763 1775
0
0
0
2 1785 1816
0
1 1756
1 1396
0
4 609 1105 1527 1626
0
0
0
2 343 511
0
1 188
1 543
0
0
0
2 608 974
1 1849
0
0
0
3 300 435 576
0
0
1 189
0
0
0
0
1 563
0
1 189
0
1 1753
0
1 422
0
0
0
1 1843
0
2 1330 1381
0
1 190
0
0
0
0
2 226 1448
0
0
2 937 1781
1 1016
1 191
0
0
2 807 1286
0
0
2 349 1022
1 191
0
0
2 1573 1841
0
2 1164 1454
3 251 1304 1536
2 821 1065
0
1 1867
0
0
1 192
0
0
1 889
0
0
0
0
0
0
1 1339
0
0
1 1719
0
0
0
0
0
1 1250
0
0
0
1 192
0
0
0
1 1214
1 233
0
1 192
0
0
0
0
0
0
2 614 1873
0
0
2 193 1805
0
0
0
1 336
0
0
1 193
0
0
0
1 1797
0
0
0
0
1 902
1 194
0
0
0
0
0
0
2 795 1144
2 594 1661
1 1108
0
2 1093 1713
2 1245 1830
1 195
1 1855
0
0
0
0
6 869 934 987 1017 1153 1763
0
0
0
0
0
0
0
0
3 319 873 1387
1 941
0
0
1 196
0
0
0
0
2 512 769
0
1 196
0
0
0
0
0
0
0
1 564
2 1176 1390
1 1318
0
0
0
0
0
0
0
0
1 198
0
1 750
0
0
0
0
1 1874
1 694
1 199
3 407 1574 1888
0
0
0
0
2 539 552
1 240
0
1 1069
0
0
0
0
0
0
0
0
1 200
0
0
0
0
0
0
1 200
0
0
0
0
0
1 438
1 743
0
1 318
0
0
0
0
1 505
3 771 1528 1676
0
0
0
0
0
0
0
0
1 786
0
0
0
0
0
1 203
0
0
0
3 1157 1531 1799
0
0
1 203
0
0
0
0
0
0
0
0
0
0
0
1 581
0
1 204
1 1376
0
0
0
0
0
0
0
0
0
0
0
0
0
0
0
0
0
0
0
1 205
0
0
0
0
0
0
1 205
0
0
0
0
0
0
0
0
2 598 881
0
0
0
1 1842
0
0
0
1 207
2 894 1292
0
0
2 567 1637
0
0
0
1 1698
0
0
0
0
0
0
1 208
0
0
0
0
0
1 1725
0
0
0
0
0
0
3 428 663 1071
0
0
3 620 655 1365
0
0
0
0
0
0
0
0
0
2 1298 1472
0
0
0
0
2 1324 1766
0
0
0
0
0
1 1049
0
0
1 211
1 913
0
0
0
0
1 700
1 211
1 1774
0
0
0
0
0
0
0
0
0
0
0
0
0
0
0
1 1498
0
0
0
0
0
0
0
0
0
0
0
1 214
0
0
0
0
0
0
1 214
0
0
0
0
0
0
0
0
0
0
2 327 1058
0
0
0
0
0
0
0
0
0
0
1 1583
2 705 1786
1 631
0
0
3 218 392 1191
1 547
0
0
0
0
1 839
0
0
1 867
1 331
0
0
0
0
0
0
0
0
1 1793
0
0
1 220
0
0
0
0
0
0
1 220
0
0
0
0
0
1 1817
0
0
0
2 418 1178
0
1 221
0
1 1354
0
0
0
1 1405
0
1 379
3 1398 1464 1735
0
1 1162
0
0
0
0
0
0
0
0
0
1 224
0
0
0
0
0
0
0
0
0
0
0
0
0
0
0
0
0
0
0
0
1 995
0
1 224
0
0
0
0
0
0
1 224
0
0
0
0
0
0
0
0
0
0
0
2 419 908
0
1 955
0
0
0
0
0
0
0
1 1493
1 396
0
1 843
0
0
0
0
0
0
0
0
1 1297
0
4 462 735 877 1569
1 518
0
1 1125
1 309
2 385 1388
1 1500
0
0
1 1881
1 1075
0
0
0
0
0
0
1 1526
0
0
0
0
0
0
0
0
0
0
0
0
0
0
1 342
0
0
0
0
1 1379
0
1 230
0
0
0
1 1519
0
0
2 230 1840
0
0
0
0
0
0
0
0
1 305
0
0
1 1161
0
0
0
0
1 1691
1 1571
0
0
0
0
0
0
0
1 233
0
0
1 565
0
0
0
0
1 579
1 976
0
2 277 1282
1 234
1 522
0
0
0
0
0
1 234
0
0
0
0
0
0
0
0
0
0
0
0
1 329
0
0
0
0
0
0
1 488
0
2 340 1079
0
0
0
0
5 962 996 1152 1502 1518
0
0
0
0
3 377 479 977
0
0
1 237
0
0
0
0
0
0
1 237
0
0
0
0
0
0
0
0
0
0
0
0
0
1 238
0
0
0
0
0
1 1598
0
0
0
0
0
0
0
0
1 680
0
0
1 1029
0
0
1 241
2 1239 1378
0
0
0
1 561
0
0
0
1 258
0
0
0
0
0
1 574
0
0
1 242
0
0
0
0
0
0
1 242
0
0
0
0
0
0
0
0
1 641
0
0
0
0
2 243 606
0
0
1 657
1 999
1 577
2 833 1090
1 243
0
0
0
0
0
0
0
0
1 244
0
0
0
0
0
0
1 244
0
0
0
1 730
0
1 858
0
2 697 1303
0
0
0
0
0
0
0
0
0
1 245
0
0
0
0
0
0
1 245
0
0
0
0
0
0
0
0
1 246
0
0
0
0
0
1 939
0
0
1 1124
0
1 247
0
0
0
0
0
0
0
1 1059
1 523
2 496 731
0
1 1879
0
0
0
0
0
0
0
0
0
0
2 251 661
0
2 768 804
0
0
0
0
0
0
1 252
0
0
1 464
1 1687
0
0
0
0
0
1 1742
0
1 253
0
0
2 1220 1826
0
0
0
1 463
0
0
0
0
0
0
0
0
0
0
0
0
0
0
0
0
0
1 255
1 1199
0
0
0
0
1 844
2 255 1331
0
0
0
0
2 1036 1431
0
0
0
0
0
0
2 1312 1801
0
2 256 1306
0
0
0
0
0
1 403
1 256
1 633
0
0
0
0
1 1762
0
0
0
1 1402
2 551 715
2 865 1346
0
0
0
0
0
0
0
0
0
0
0
1 486
0
0
0
0
0
0
0
0
0
0
0
0
0
1 1737
0
1 260
0
0
0
0
0
0
1 260
0
0
0
0
0
0
0
0
1 801
0
3 1084 1724 1736
3 1115 1333 1384
0
0
0
1 1827
1 262
0
1 667
0
0
0
1 873
1 262
0
0
0
0
0
0
0
0
0
1 1704
0
0
2 589 1268
0
0
0
0
0
0
0
0
1 1523
1 264
0
0
0
0
0
0
2 264 380
0
0
0
0
1 1004
0
0
0
0
1 265
0
0
0
0
0
0
1 265
1 1669
0
0
0
0
2 487 1824
0
2 1427 1822
0
1 266
0
0
0
0
0
0
0
0
0
0
1 1449
0
1 1129
3 474 808 852
3 268 370 1258
0
0
0
0
0
0
1 268
0
0
0
0
1 1656
0
0
0
0
1 724
0
0
1 270
2 556 709
0
0
0
0
0
0
0
1 1050
2 880 1434
0
0
1 1566
0
0
0
0
0
1 1729
0
0
1 271
0
0
0
0
0
0
1 271
0
0
0
0
0
0
0
0
1 272
0
1 826
0
1 799
0
0
1 1543
0
1 1461
0
1 662
0
0
1 273
0
0
0
1 1305
1 1416
0
1 273
0
0
0
0
0
0
0
0
0
1 274
0
0
0
0
0
0
0
0
0
0
0
0
0
0
0
0
0
0
0
2 287 649
0
0
1 274
0
0
0
0
0
0
1 274
0
0
1 899
0
0
0
0
0
0
0
0
0
0
0
1 276
0
0
0
1 546
0
0
0
0
0
0
0
0
0
0
0
0
0
0
0
0
0
0
1 276
0
0
0
0
0
0
1 276
0
0
0
0
0
0
0
0
0
0
1 1796
0
1 1168
0
3 277 729 1616
0
0
0
0
0
0
0
0
1 278
0
0
0
0
0
0
1 278
0
0
0
0
1 1870
0
0
0
3 279 280 1639
0
0
1 1224
0
0
0
0
0
1 447
0
1 1442
2 1299 1872
1 587
0
0
0
1 1173
2 837 1850
1 282
1 1180
0
0
0
0
0
0
0
0
0
0
0
1 284
0
1 1673
0
0
0
0
1 1256
0
1 286
1 710
1 1601
1 1048
0
0
0
0
2 603 1696
0
0
0
0
0
0
0
0
0
0
0
0
1 1575
0
0
0
0
0
1 287
0
0
0
0
0
0
1 287
0
0
0
0
0
0
0
0
0
0
0
1 289
0
0
0
0
0
0
0
0
0
0
0
0
0
0
1 290
0
1 1748
0
0
2 1189 1231
0
1 290
0
0
0
0
0
0
0
0
0
1 291
0
0
0
1 1254
0
0
1 291
0
0
0
0
0
0
0
0
0
1 292
0
0
0
0
0
0
1 1015
0
1 293
0
0
0
0
1 991
0
1 425
0
0
0
1 295
0
0
0
0
0
0
4 295 970 990 1777
1 300
1 1726
0
0
1 810
0
0
0
0
0
1 296
0
0
0
0
0
0
0
0
0
0
0
0
0
2 860 976
0
0
1 298
0
0
0
0
0
0
1 298
0
0
0
1 815
0
0
0
0
0
1 299
1 1886
0
0
0
0
0
1 299
0
0
0
0
0
0
0
0
2 758 832
1 1244
0
0
1 1852
0
0
0
0
1 301
0
0
0
0
1 882
0
0
0
0
0
0
2 302 1606
0
0
1 671
0
0
0
0
1 321
0
0
0
0
0
0
0
0
0
1 303
0
0
0
0
0
0
1 303
0
0
0
0
0
0
0
0
0
0
0
0
0
0
0
0
0
0
0
0
0
1 306
0
0
0
0
0
0
0
0
0
2 595 1074
0
0
1 870
0
0
0
0
2 1747 1783
0
1 309
0
0
0
1 684
0
0
0
0
0
0
0
1 787
0
0
0
2 708 807
1 311
0
0
0
0
0
0
0
0
1 405
0
0
0
0
2 828 921
0
3 1138 1549 1614
1 1838
0
0
1 314
0
0
0
0
0
1 893
1 314
0
0
0
0
0
0
0
0
0
0
0
0
0
0
0
1 315
0
0
0
0
0
0
1 315
0
0
0
0
0
0
0
0
0
0
0
1 316
0
0
0
0
0
0
0
0
0
2 940 1420
0
0
0
0
0
0
0
0
0
0
0
0
0
0
0
0
0
0
0
0
0
0
0
0
0
0
0
1 319
0
0
0
0
0
0
1 319
0
0
0
0
0
0
0
0
0
2 1002 1586
1 1617
0
0
0
0
0
0
0
1 1680
0
0
0
0
0
0
0
0
0
0
0
0
0
1 1123
0
1 639
0
0
0
0
0
1 322
1 1367
1 859
0
3 323 963 1292
3 545 789 1620
1 754
0
0
0
0
0
0
1 835
0
0
0
1 325
1 1047
0
0
0
0
0
0
0
2 953 1745
0
1 830
1 1386
1 326
0
0
0
0
0
0
0
0
0
0
1 1280
0
1 327
0
1 399
0
0
2 366 406
0
0
0
0
0
0
0
1 408
0
0
0
0
0
0
0
1 1553
0
0
1 378
0
0
0
0
0
0
0
0
1 332
0
0
0
0
0
0
0
0
0
0
0
0
0
0
0
0
1 334
0
0
0
0
0
0
1 334
0
0
0
0
0
0
0
0
0
0
0
1 335
0
0
0
0
0
0
0
0
0
1 1806
0
0
0
1 336
0
0
0
0
0
0
1 1391
1 610
0
0
0
0
1 337
0
0
0
0
0
0
1 337
0
0
0
0
0
1 400
1 583
1 1040
0
1 362
0
0
1 338
0
0
0
0
0
0
0
0
0
0
0
0
0
0
0
0
0
0
0
0
0
0
1 338
0
0
0
0
0
0
1 338
0
0
0
0
0
0
0
0
0
2 1060 1107
0
0
0
1 1223
0
0
1 341
0
0
0
0
3 536 857 979
1 1533
0
0
0
1 1467
0
0
2 342 1309
0
0
0
0
0
1 931
0
0
0
0
2 788 1098
0
0
0
0
0
0
0
0
0
1 1121
0
0
0
3 513 1536 1885
1 343
0
0
0
0
0
0
1 343
0
0
0
0
0
0
0
0
3 344 1131 1589
0
0
0
1 1703
0
0
0
0
1 1513
0
1 345
1 1865
0
1 1092
0
0
0
0
0
1 866
0
0
0
1 346
0
0
0
0
0
0
1 346
0
0
0
2 1524 1530
0
0
0
0
1 347
2 433 1731
0
0
1 573
0
0
1 431
0
1 895
1 1858
1 800
0
1 1599
0
0
1 349
0
0
0
0
0
0
0
0
1 350
0
1 1145
1 437
1 1507
0
0
0
0
1 1733
0
0
0
0
0
1 813
0
0
0
0
0
0
1 353
0
0
0
0
0
0
1 353
0
0
0
1 841
0
0
0
0
0
0
0
0
0
1 648
1 685
1 1677
1 411
0
3 1204 1342 1859
2 1135 1647
0
0
0
0
0
0
1 1388
0
0
0
0
0
0
1 776
1 1497
1 702
0
0
0
0
0
0
0
0
0
1 357
0
0
0
0
0
1 1247
1 357
0
0
0
0
0
0
0
0
0
1 1026
0
0
0
0
1 1812
0
0
0
0
0
1 360
0
0
0
0
0
0
1 360
0
0
0
0
0
0
0
0
0
3 361 1287 1659
0
1 1010
0
0
0
0
1 361
0
0
0
0
0
0
0
1 1642
1 1227
2 764 1558
0
0
0
1 362
0
0
0
0
0
0
0
0
0
0
0
0
0
2 1077 1328
1 1150
0
0
0
0
0
0
0
0
1 1864
0
0
0
0
0
0
1 364
0
0
1 1567
1 794
0
0
1 364
0
0
0
0
1 872
0
0
0
3 1535 1577 1626
2 1109 1805
0
0
0
0
0
0
0
2 624 854
0
1 900
0
0
0
0
0
0
0
0
2 367 1746
0
0
0
0
0
0
1 367
0
0
0
0
0
0
0
0
1 368
0
0
0
0
0
0
0
0
0
0
0
0
0
0
0
0
2 369 1068
0
0
0
0
0
0
1 369
0
0
0
1 582
0
0
0
0
0
0
0
0
0
0
0
0
0
0
1 374
0
0
0
0
0
0
0
2 1032 1425
1 1069
0
0
0
1 376
0
0
1 1400
1 458
0
0
0
0
1 377
0
0
0
0
0
0
0
0
0
0
0
0
0
0
0
0
1 820
1 379
0
0
0
0
0
0
0
1 871
0
2 380 457
0
0
0
0
0
0
0
0
0
0
0
0
0
0
0
0
0
0
2 746 1246
0
1 383
0
0
0
0
0
0
1 383
1 830
0
0
0
0
0
0
0
1 1127
0
0
0
1 384
0
0
0
0
0
0
1 384
0
1 532
0
1 1712
0
0
0
0
0
0
0
0
0
0
0
0
0
0
0
0
0
0
0
0
0
0
0
0
0
0
0
1 389
0
0
0
0
0
0
1 389
0
0
0
0
0
0
0
0
0
1 1132
0
1 391
0
0
0
0
2 673 987
0
0
0
0
0
0
0
0
0
0
0
0
0
0
0
0
0
0
0
0
0
1 393
0
0
0
0
0
1 1369
1 393
0
0
0
0
0
0
0
0
0
2 1064 1759
0
2 703 1372
1 822
3 679 972 1546
2 449 1102
1 1393
0
0
1 409
0
1 395
0
0
0
0
0
0
0
0
0
0
0
0
0
0
0
0
0
4 398 906 1630 1780
0
0
0
1 1117
0
1 907
0
0
0
0
1 399
0
1 1153
0
0
0
3 1016 1511 1842
0
0
0
0
0
0
0
0
0
1 401
0
0
0
0
0
1 430
0
0
0
0
1 870
0
0
0
0
0
0
0
0
0
0
0
0
1 404
0
0
0
0
0
0
1 404
0
0
0
0
0
0
0
0
2 778 1789
0
0
0
0
2 405 970
0
0
0
0
0
0
0
1 861
0
0
0
0
0
1 406
0
0
0
0
0
0
0
0
0
0
0
0
0
0
0
0
0
0
1 408
0
0
0
0
1 683
0
0
0
0
0
0
0
0
1 473
1 409
0
1 853
0
0
0
0
0
0
0
0
0
0
0
1 410
0
0
0
0
0
0
1 410
0
0
1 1773
1 1792
0
0
0
1 879
0
0
0
0
0
0
0
0
1 412
0
0
0
0
0
0
0
0
0
0
0
0
0
0
1 413
0
0
0
0
0
0
1 413
0
0
0
1 635
0
0
0
0
0
1 414
0
0
0
1 1441
0
0
1 414
0
0
0
0
0
0
0
0
1 745
0
0
0
0
0
0
0
0
0
0
0
0
0
0
0
1 415
0
0
0
0
0
0
1 415
0
0
0
0
0
0
0
0
0
0
0
0
0
0
0
1 1489
0
0
0
0
0
0
0
0
0
0
0
0
0
1 417
0
0
0
0
0
0
1 417
0
0
0
0
0
0
0
0
0
0
0
0
1 667
0
1 1857
0
0
0
0
0
0
0
1 419
0
0
0
0
0
0
0
1 777
0
1 421
0
0
0
0
0
0
0
0
2 508 713
0
0
0
0
0
0
0
0
0
0
0
0
0
0
0
1 425
0
0
0
0
0
0
0
0
2 426 1392
0
0
0
1 1156
0
0
1 426
0
0
0
0
0
0
0
0
0
0
0
0
0
1 1071
0
2 429 1122
0
0
0
0
0
0
0
0
0
0
0
0
0
0
1 430
0
0
2 1003 1043
0
0
1 1300
0
0
0
0
1 1042
0
2 647 1053
2 431 1481
0
0
0
0
0
0
0
0
2 772 1646
0
0
0
1 432
0
0
0
0
0
0
1 432
0
2 1056 1579
0
0
0
0
0
0
3 515 1539 1769
0
0
0
0
1 433
0
0
0
0
0
0
0
1 1208
0
0
0
0
0
0
0
0
1 989
0
0
0
0
1 436
0
0
0
0
0
0
0
0
0
0
0
0
0
0
0
0
0
0
0
0
0
0
2 436 591
0
0
0
0
0
0
1 436
1 1288
0
0
0
0
0
0
0
0
0
0
0
0
0
1 437
0
0
0
0
0
0
0
0
0
0
2 759 1126
0
0
0
0
0
1 1158
0
1 1253
0
0
0
0
0
0
0
2 1275 1338
1 442
0
0
0
0
0
1 1417
1 442
0
1 994
0
0
0
0
0
0
0
0
0
0
0
0
0
0
0
1 443
0
0
0
0
0
0
1 443
0
0
0
0
0
0
0
0
0
0
0
0
0
1 1017
4 547 722 1262 1509
1 646
0
1 1086
0
0
0
2 447 1508
0
0
0
0
0
0
0
0
1 1018
0
0
0
0
0
0
0
1 875
0
0
0
0
0
0
0
0
0
0
0
0
1 452
0
0
0
0
0
0
0
0
1 453
0
0
0
0
0
0
1 453
1 850
0
0
0
1 1337
0
0
0
0
0
0
0
1 1538
4 455 518 1295 1790
0
0
0
0
0
0
0
0
0
0
1 1730
0
0
0
0
1 584
0
0
0
0
0
0
0
1 898
0
0
0
0
0
1 460
0
0
0
0
0
0
1 460
0
0
0
0
0
0
0
0
0
0
0
0
0
0
0
0
0
0
0
1 1370
0
0
0
0
0
0
0
0
0
0
0
0
0
0
0
0
0
0
0
0
0
0
0
0
0
0
0
0
0
0
1 468
0
0
0
0
0
0
1 468
0
0
1 863
0
0
0
0
0
0
0
0
0
0
0
0
0
0
1 1506
0
0
0
1 473
0
1 666
0
0
0
0
1 862
0
0
0
1 896
0
0
0
0
1 827
0
1 1133
0
0
0
0
0
0
0
1 474
0
0
0
0
0
0
1 474
0
0
0
0
0
0
0
0
0
0
0
0
0
0
0
0
0
1 475
0
0
0
0
0
0
0
0
0
0
0
0
0
0
0
0
0
0
0
0
0
0
1 475
0
0
0
0
0
0
1 475
0
0
0
0
0
0
0
0
1 476
0
0
0
0
0
0
0
0
0
0
0
0
0
0
0
0
0
0
0
0
1 477
1 1848
0
0
0
0
0
1 477
0
0
0
0
0
0
1 696
0
0
0
0
0
0
1 480
0
0
0
3 781 1115 1564
1 1316
0
0
0
0
0
0
0
0
0
2 482 1545
0
0
0
3 920 923 1193
0
0
1 482
0
0
0
0
0
0
0
0
0
0
0
0
0
0
0
0
0
1 484
0
0
0
0
0
0
1 484
0
0
0
0
0
0
0
0
0
0
1 1691
0
1 1148
0
0
0
0
0
0
1 510
1 487
0
0
0
0
0
0
0
0
1 1310
0
0
0
0
0
0
0
0
0
0
1 489
1 1659
0
0
0
2 1200 1758
0
1 489
0
0
0
0
0
0
0
0
1 966
0
0
0
0
0
0
0
0
0
0
0
0
0
0
0
2 1353 1581
0
0
1 493
0
0
1 769
0
0
0
1 493
0
0
0
0
0
0
0
0
0
0
0
0
1 494
0
0
0
0
0
0
1 494
0
0
0
0
0
0
0
0
0
0
1 1750
0
0
0
0
0
0
0
0
1 497
0
0
0
0
2 1350 1672
0
1 497
0
0
0
0
0
0
0
0
0
0
0
0
0
0
0
0
0
0
0
1 1423
0
0
0
0
0
1 1009
0
0
0
0
0
0
0
0
0
0
0
0
0
0
1 508
0
0
0
0
0
0
0
0
0
0
1 1749
0
0
0
0
0
0
0
0
0
0
0
0
0
0
0
0
0
1 512
0
0
0
0
0
0
0
0
0
0
0
0
1 513
0
0
0
0
0
0
0
0
0
0
0
0
0
0
0
0
0
0
0
0
0
0
0
1 516
0
0
0
0
0
0
0
0
0
0
0
0
0
0
0
0
0
0
0
0
0
0
1 516
0
0
0
0
0
0
1 516
0
0
0
0
0
0
0
0
1 1120
0
0
0
1 517
0
0
0
0
0
0
1 517
0
0
0
0
0
0
1 824
0
0
0
0
0
0
0
0
0
0
0
2 519 890
0
0
0
0
0
0
1 519
0
0
0
0
1 1641
0
0
0
1 520
0
0
0
0
1 1348
1 567
0
0
0
1 521
0
0
0
1 522
0
0
0
0
0
0
0
0
0
0
2 885 1076
2 1512 1568
0
0
0
0
0
0
0
0
0
0
0
0
1 1439
1 524
0
0
0
0
0
0
1 524
0
0
0
0
0
0
0
0
0
1 525
0
0
1 1662
0
0
0
0
0
1 946
0
0
0
0
0
0
1 526
0
0
0
0
0
0
1 526
0
0
0
2 951 1116
0
0
0
1 836
0
1 527
1 1081
0
0
0
0
0
0
0
0
0
0
0
0
0
0
0
0
0
0
0
2 718 1690
1 532
1 1307
0
0
0
0
0
0
0
0
0
0
0
1 535
1 1165
0
0
0
0
0
1 535
0
0
0
0
0
0
0
0
0
0
0
0
0
0
0
0
0
0
0
0
0
0
0
0
0
0
0
0
0
1 538
0
0
0
0
0
0
1 538
0
0
0
0
0
0
0
0
0
1 1276
0
0
0
1 539
0
0
0
0
0
0
0
0
0
0
1 1051
0
1 541
0
0
0
0
0
0
1 541
0
0
0
0
1 719
0
0
0
0
0
0
1 542
0
0
0
0
0
0
1 542
0
1 1694
1 1377
0
0
0
0
0
0
0
1 543
1 714
0
0
1 1473
0
0
0
0
0
0
1 544
0
0
0
1 609
0
0
0
0
0
0
0
0
0
0
0
1 546
0
0
0
0
0
0
0
0
0
0
0
0
0
0
0
0
0
0
0
0
1 548
0
0
0
0
0
0
1 548
0
0
0
0
0
0
0
0
1 549
0
0
0
0
0
0
0
0
2 614 1488
0
0
0
1 1635
0
0
0
0
0
0
0
0
0
0
1 978
2 553 734
0
0
0
0
0
0
0
0
0
0
0
0
0
0
0
0
0
1 1540
0
0
0
1 1741
0
0
0
0
0
0
0
0
1 557
0
0
0
0
0
0
0
0
0
0
0
0
0
0
0
0
0
0
0
0
0
0
0
0
0
0
0
1 1215
0
1 558
0
0
0
0
0
0
1 558
0
0
0
1 1887
0
2 613 1516
0
0
0
0
2 1573 1711
0
0
0
1 559
0
0
0
0
0
0
1 559
0
0
0
0
0
0
0
0
2 560 1675
0
0
0
0
0
0
1 560
0
0
0
0
0
0
0
0
0
0
0
0
0
1 562
0
0
0
1 693
0
0
0
0
0
0
0
0
0
0
0
0
0
0
0
0
0
0
0
0
0
0
1 564
0
1 1891
0
0
0
0
1 564
0
0
0
0
0
0
0
0
0
0
0
0
0
0
0
0
0
0
0
0
3 952 1174 1715
0
0
0
1 1484
0
1 565
0
0
0
0
0
0
1 565
0
0
0
0
0
0
0
0
0
0
0
0
0
0
2 725 1421
1 973
0
0
0
0
2 1592 1784
0
1 1638
0
0
0
0
0
0
0
0
0
0
0
0
0
0
0
0
0
0
0
0
0
0
0
0
0
0
0
0
0
0
0
0
0
0
1 574
0
0
0
0
0
0
1 574
0
0
0
0
0
0
0
0
0
0
0
0
0
0
0
1 1875
0
0
0
0
0
0
3 950 1272 1629
0
0
1 1824
0
0
0
1 580
0
0
0
0
0
0
1 597
0
2 581 601
0
1 1610
0
1 1287
0
0
0
0
0
0
0
2 616 1358
0
1 582
0
0
0
0
0
0
0
0
0
0
0
1 1700
0
0
1 1171
1 1046
1 1282
0
1 1877
0
0
1 1725
0
0
0
0
0
0
1 1819
0
0
2 587 1242
1 625
0
1 1737
0
1 892
0
0
0
0
0
2 588 880
0
0
1 1001
0
0
0
0
0
0
0
1 589
1 1221
0
1 965
0
0
0
0
0
0
0
1 590
0
0
0
0
0
0
0
1 1191
0
0
0
1 720
0
0
0
0
1 593
0
0
0
0
1 1078
0
1 593
0
0
0
0
0
0
0
0
0
0
0
0
0
0
0
0
0
1 910
0
0
0
0
0
1 971
0
1 596
0
0
0
0
0
0
1 596
0
0
0
0
0
0
0
0
0
0
0
0
0
0
0
1 598
0
0
0
1 1129
0
0
0
0
0
0
0
0
0
1 599
1 1136
0
0
0
0
1 1470
2 599 650
0
0
0
0
0
0
0
0
0
0
0
0
0
0
0
0
0
0
0
0
0
0
0
0
0
0
1 733
1 604
0
0
0
0
0
0
1 604
0
0
0
0
0
0
0
0
0
1 605
0
0
0
0
0
0
1 605
0
0
2 762 1828
1 1224
0
0
0
0
0
0
0
0
0
0
0
0
0
0
0
0
0
0
0
0
0
0
0
1 606
0
0
0
0
1 657
0
0
0
0
0
0
0
0
0
1 607
0
0
0
0
0
0
1 607
0
0
0
0
0
0
0
0
0
0
1 608
1 1326
0
0
0
0
0
0
0
0
0
0
0
0
0
0
0
1 1579
0
0
0
0
0
0
0
0
0
0
0
0
0
0
0
0
0
1 612
0
0
0
0
0
0
2 612 1734
0
0
0
0
0
0
0
0
0
0
0
0
0
0
0
1 1779
0
0
0
0
0
1 1319
0
0
0
0
0
0
0
0
1 613
0
0
0
0
0
0
1 613
0
0
0
0
0
0
0
0
0
0
0
0
0
0
0
0
1 1762
0
0
0
0
0
0
0
0
0
0
0
0
0
1 615
0
0
0
0
0
0
1 615
0
0
0
0
0
0
0
0
0
0
0
0
0
1 1808
1 616
0
1 773
0
0
0
0
0
0
0
0
1 1124
0
0
1 618
0
0
0
0
0
0
1 618
0
1 1846
0
0
0
0
0
0
0
0
0
0
0
0
0
0
0
0
0
0
2 623 1472
0
0
0
0
0
0
1 623
0
0
0
0
0
0
0
0
0
0
0
0
0
0
0
0
1 625
0
0
0
1 864
0
0
0
0
0
0
0
0
0
0
0
0
0
0
0
0
0
0
2 629 858
0
0
0
0
0
0
1 629
0
0
0
0
0
0
0
0
0
0
0
0
0
0
0
0
0
0
0
1 1446
1 633
0
1 1685
0
0
0
0
0
0
1 1823
0
0
0
0
0
0
0
0
0
0
0
0
0
0
0
0
0
0
1 639
0
0
1 1217
0
0
0
0
0
0
0
0
0
0
0
0
0
0
1 721
0
1 644
0
0
0
0
0
0
1 644
0
0
0
0
0
0
1 1289
0
1 645
0
0
0
0
0
0
1 645
0
0
0
0
0
0
0
0
0
0
0
0
1 646
0
0
0
0
0
0
0
0
0
2 661 1661
0
0
0
1 647
0
0
0
0
0
0
1 804
0
0
0
0
0
0
1 946
0
1 649
0
0
0
0
0
0
0
0
1 821
0
0
0
0
0
0
0
0
0
1 655
0
0
0
0
0
0
0
0
0
1 656
0
0
0
0
1 901
0
1 656
0
0
0
0
0
0
0
0
0
0
0
0
0
0
0
0
0
1 658
0
1 933
0
0
0
0
0
0
0
0
0
0
0
1 659
0
0
0
0
0
0
1 659
0
0
0
1 1356
0
0
0
0
0
0
1 799
0
0
1 660
0
0
1 961
0
1 1131
0
1 660
0
0
0
0
0
0
0
0
0
0
0
0
0
0
0
0
0
0
0
2 1686 1738
0
0
0
0
0
0
0
1 1761
0
0
0
0
0
0
1 1110
0
0
0
0
1 664
0
0
0
0
0
0
0
0
0
1 666
0
0
0
0
0
0
0
0
0
0
0
0
0
0
0
0
0
0
0
0
1 671
0
0
0
0
0
0
0
0
0
0
0
0
0
0
0
1 673
0
1 690
1 1169
0
0
0
0
0
0
0
0
0
1 676
0
0
0
0
0
0
1 676
0
0
0
0
0
0
0
0
1 1716
0
0
0
0
0
0
1 677
0
0
1 943
0
0
0
1 677
0
0
0
0
1 1596
0
0
0
0
1 678
0
0
0
0
0
0
0
0
0
0
0
0
0
0
0
0
0
0
0
0
0
0
1 678
0
0
0
0
0
0
1 678
0
0
0
0
0
0
0
0
0
0
1 918
1 1049
0
1 1862
0
0
1 680
0
0
0
0
0
0
0
0
0
0
0
0
0
0
0
0
0
0
0
0
0
0
0
0
0
0
0
1 685
1 993
0
0
0
0
0
0
0
0
0
0
0
0
0
0
0
1 687
0
1 1331
0
0
0
1 1695
1 687
0
0
0
0
0
0
0
0
0
0
0
0
0
0
0
1 690
0
0
0
0
0
0
0
0
1 897
0
0
1 692
0
0
0
0
0
0
1 692
0
0
0
0
0
0
0
0
0
0
0
0
0
0
1 693
0
1 1125
0
0
0
0
0
0
1 1707
0
0
0
0
0
0
0
0
0
0
0
0
0
0
0
1 1057
2 1332 1817
0
1 697
0
0
0
0
0
0
0
0
0
1 699
0
0
0
0
0
0
0
0
0
0
0
0
0
0
1 1113
0
0
0
0
0
0
1 701
0
0
0
0
0
0
1 701
0
0
0
0
0
0
0
0
0
0
0
0
1 1585
1 986
0
1 1727
2 1083 1843
0
0
0
1 1639
0
0
0
0
0
0
0
0
0
0
0
0
0
0
0
0
0
0
0
0
0
0
0
0
0
0
0
0
0
0
0
0
0
0
0
0
0
0
0
0
0
0
0
0
0
0
0
1 883
0
0
0
0
0
0
0
1 715
0
0
0
0
0
0
0
0
0
0
0
0
1 718
0
0
0
0
0
0
0
0
0
0
0
1 719
0
0
0
0
0
0
0
0
0
0
0
0
0
0
0
0
0
0
0
0
1 1107
0
0
0
0
0
1 1560
0
0
0
0
0
0
0
0
0
0
0
0
0
0
0
0
0
1 1108
0
0
1 724
0
0
1 1527
0
0
0
0
0
0
0
0
0
0
0
0
0
0
1 1575
0
0
1 727
0
0
0
0
0
0
1 727
0
0
0
0
0
0
0
0
0
0
0
0
0
0
0
0
0
0
1 730
0
0
0
0
0
0
0
0
0
0
0
0
1 1230
0
0
0
0
0
1 733
0
0
0
0
0
0
0
0
0
0
0
0
0
0
0
0
0
0
0
0
0
0
0
0
0
1 1864
0
1 1853
0
0
1 866
0
0
0
1 741
0
0
0
0
0
0
1 741
0
0
0
0
0
0
0
0
2 995 1463
0
0
1 742
0
0
0
0
0
0
1 742
0
0
0
0
0
0
0
0
0
0
0
1 1144
0
0
0
0
1 1860
0
0
0
0
0
0
0
0
0
0
0
1 744
0
0
0
0
0
0
1 744
0
0
0
0
0
0
0
0
0
0
0
0
1 786
0
1 745
0
0
0
0
0
0
0
0
0
0
1 1361
1 1190
0
0
0
0
0
0
0
1 747
0
1 1797
0
0
0
0
1 747
0
0
0
0
0
0
0
0
0
1 1752
1 748
0
0
0
0
0
0
1 748
0
1 1849
0
0
0
0
0
0
0
0
0
0
0
0
1 749
0
0
0
0
0
0
1 749
0
0
0
0
0
0
0
0
0
0
0
0
0
0
0
0
0
0
0
0
0
0
0
0
0
0
0
1 752
0
0
0
0
0
0
1 752
0
0
0
0
0
0
0
0
0
0
0
0
0
0
1 753
0
0
0
0
0
1 1357
0
0
0
0
0
0
0
0
0
0
0
0
0
0
0
0
0
2 1256 1379
0
0
0
0
0
0
0
0
0
0
0
1 761
0
0
0
0
0
0
0
0
0
0
0
0
0
0
0
0
0
0
0
0
0
0
1 761
0
0
0
0
0
0
1 761
0
0
0
0
0
0
0
0
0
0
0
0
0
1 762
0
0
0
0
0
1 1359
0
0
1 763
0
1 1098
0
0
0
0
0
0
0
1 764
0
0
0
0
0
0
0
0
0
0
1 766
0
0
0
0
1 1206
0
1 766
0
0
0
0
0
0
0
0
1 1802
0
0
1 767
0
0
1 1844
0
0
0
0
0
0
0
0
1 768
0
0
0
0
0
0
0
0
0
0
0
0
0
0
0
0
1 772
0
0
0
0
0
0
0
0
0
0
0
0
0
0
0
0
0
0
0
0
0
0
0
0
0
0
0
1 774
0
0
0
1 1060
0
0
1 774
1 1785
0
0
0
0
0
0
0
0
0
0
0
0
0
0
0
0
1 788
0
1 1323
0
0
0
0
0
0
1 780
0
0
0
0
0
0
1 780
0
0
0
0
0
0
0
0
0
0
0
0
0
2 782 1550
0
0
0
0
1 1251
0
1 782
0
0
0
0
0
0
0
0
0
0
1 1489
1 783
0
0
0
0
0
0
1 783
0
0
0
0
0
0
0
0
0
0
0
0
0
0
0
0
0
0
0
0
0
0
0
0
0
0
1 787
0
0
0
0
0
0
0
0
0
1 1250
0
0
0
0
0
0
0
0
0
0
0
0
1 790
0
0
0
0
0
0
1 790
0
0
0
0
0
0
0
0
0
0
0
1 794
0
0
0
0
0
0
0
0
0
0
1 795
0
0
0
0
0
0
0
0
1 1214
0
0
0
0
0
0
0
0
0
0
0
0
0
0
0
0
0
1 1583
0
0
0
0
0
0
2 1118 1735
0
0
0
1 805
0
0
0
0
0
0
1 805
0
0
0
0
0
0
0
0
0
0
0
0
0
1 1405
0
0
0
0
1 1040
0
0
0
0
0
0
0
0
0
1 1252
0
0
0
0
0
0
0
0
0
0
0
0
0
1 812
0
0
0
0
0
0
1 812
0
0
0
0
0
0
0
0
0
1 813
0
0
0
0
0
0
0
0
0
0
0
0
0
0
1 1058
0
0
0
0
1 815
0
0
0
0
0
0
0
1 844
0
0
0
0
0
0
0
0
0
0
0
0
0
0
0
1 820
0
0
1 1673
0
0
0
0
1 1455
0
0
0
0
0
0
0
0
0
0
0
0
0
0
0
0
0
0
0
0
0
0
0
0
0
1 1448
1 1576
0
0
1 825
0
0
0
0
0
0
1 825
0
0
0
0
0
0
0
0
0
0
0
0
0
0
0
1 1089
0
0
0
0
0
0
0
0
0
0
0
1 828
1 1002
0
0
0
0
0
0
0
0
0
0
0
0
0
0
0
0
1 831
0
0
0
0
0
0
1 831
0
1 1210
0
0
0
0
0
0
0
0
0
0
1 1677
0
0
0
0
0
0
0
0
0
0
0
0
0
1 1237
0
0
0
0
1 837
0
0
0
0
0
0
0
0
0
0
0
0
0
0
0
0
0
0
0
0
0
0
0
0
0
0
0
0
0
1 849
0
0
0
0
1 845
0
0
0
0
0
0
0
0
0
0
0
0
0
0
0
1 1260
1 1244
0
0
0
0
0
0
1 849
0
0
0
0
0
0
0
0
0
0
0
0
0
0
1 1246
0
1 1305
0
0
0
0
0
1 1018
1 851
0
1 1500
0
0
0
0
1 851
1 1021
0
0
0
0
0
0
0
0
0
0
0
0
0
0
0
0
0
0
0
0
0
0
0
0
0
0
1 853
0
0
0
0
0
0
1 853
0
0
0
0
0
0
0
0
0
0
0
0
1 855
0
0
0
0
1 1167
0
0
1 1007
0
0
0
0
0
0
1 856
1 1267
0
0
0
0
0
1 856
0
0
0
0
0
0
0
0
0
0
0
0
0
0
0
0
0
0
0
0
0
0
1 859
0
0
0
0
0
0
0
0
1 889
0
0
0
0
0
0
0
0
0
0
0
0
0
1 862
1 1663
0
0
0
0
0
0
0
0
0
0
1 863
1 1693
0
0
0
0
1 1406
0
0
0
1 1427
0
0
0
0
0
0
1 930
0
0
0
0
0
1 1613
1 1545
0
1 950
0
0
0
1 867
0
0
0
0
0
0
0
0
0
0
0
0
0
0
0
0
0
0
0
0
0
1 1435
0
0
0
0
0
0
0
0
0
0
0
1 871
0
0
0
0
0
0
0
0
0
1 872
0
0
0
0
0
0
0
0
0
0
0
0
0
0
1 874
0
1 1090
0
0
0
0
1 874
0
0
0
0
0
0
0
0
0
0
0
0
0
0
0
0
2 1063 1392
0
0
0
0
1 878
0
1 1689
0
0
0
0
1 878
0
0
0
0
0
0
0
0
0
1 1513
0
0
0
1 1201
0
0
0
0
0
0
1 879
0
0
0
0
0
0
0
0
0
0
0
0
0
0
0
0
0
0
0
1 882
0
0
0
0
0
0
0
0
0
0
0
1 883
0
0
0
0
0
0
0
0
0
0
0
1 884
0
0
0
0
0
0
1 884
0
0
0
0
0
0
0
0
0
0
0
1 885
0
0
0
0
0
0
0
0
1 1702
0
0
0
0
0
0
0
0
0
0
0
0
0
0
0
0
0
0
0
0
1 893
1 1199
0
0
0
0
0
0
0
0
0
0
0
1 1374
0
0
0
0
0
0
0
0
0
1 972
0
0
0
0
0
1 1143
0
0
0
0
0
0
0
0
0
0
0
0
0
0
0
0
0
0
1 899
0
0
0
0
0
0
1 899
0
0
0
0
0
0
0
0
0
1 900
0
0
0
0
0
0
0
0
0
0
0
0
0
1 901
0
0
0
0
0
0
0
0
0
0
0
0
0
0
0
0
0
0
0
0
0
0
0
0
0
0
1 1077
0
0
0
0
0
1 1204
1 1876
0
0
0
0
0
0
1 1578
0
0
1 909
0
0
0
0
0
0
1 909
0
0
0
0
0
0
0
0
0
0
0
0
0
0
1 910
0
0
0
0
0
1 922
0
0
0
0
1 912
0
0
0
0
0
0
2 1534 1804
0
0
0
0
0
0
0
0
0
0
0
0
0
0
0
1 912
0
0
0
0
0
0
1 912
0
0
0
0
0
0
1 985
0
0
0
0
1 914
0
0
0
0
0
0
1 914
0
0
0
0
0
0
0
0
0
0
0
0
0
0
0
0
0
0
1 1483
0
0
0
0
0
0
0
0
0
0
0
0
1 1563
0
1 1829
0
0
0
0
0
1 919
0
0
0
0
0
0
0
0
1 920
1 1729
0
0
1 1773
0
1 1349
0
0
0
1 1301
0
0
0
0
0
0
0
0
0
1 922
0
0
0
0
0
0
0
0
0
1 923
0
0
0
0
0
0
0
0
0
0
0
1 999
0
0
0
0
0
1 930
0
0
0
0
0
0
0
0
0
1 1227
0
0
0
0
0
0
0
0
0
0
0
1 939
0
0
0
0
0
0
0
0
0
0
0
0
0
0
0
0
0
0
0
0
0
0
0
0
0
1 945
0
0
0
0
0
0
1 945
0
0
0
0
0
0
1 1341
0
0
0
0
1 1640
0
0
0
0
0
0
0
0
0
0
0
0
0
0
1 949
0
0
0
0
0
0
1 949
0
0
0
0
0
0
0
0
0
0
1 1784
0
0
0
0
0
0
0
1 1234
1 951
0
0
0
0
0
0
1 1095
0
0
0
0
0
0
0
0
0
1 1808
0
1 1515
0
0
0
0
0
0
0
1 1756
0
0
1 957
0
0
0
0
0
0
1 957
0
0
0
0
0
0
0
0
0
0
0
0
1 959
0
0
0
0
0
0
1 959
0
0
0
0
0
0
0
0
0
0
0
0
0
0
0
0
1 965
0
0
1 963
0
0
0
0
2 1487 1742
0
0
0
0
0
0
0
0
0
0
0
0
0
0
1 966
0
0
0
0
0
1 1073
0
0
0
0
0
0
0
0
0
0
0
0
0
0
0
1 971
0
0
0
1 1116
0
0
0
0
0
0
0
0
0
0
0
0
0
0
1 973
0
0
0
0
0
0
0
0
0
0
0
0
0
0
0
0
0
0
0
0
0
0
1 1232
0
0
0
0
0
0
0
0
0
0
0
0
0
0
0
1 982
0
0
0
0
0
0
1 982
0
0
0
0
0
0
0
0
0
0
0
0
0
0
0
0
1 985
0
0
0
0
0
0
0
0
0
0
0
0
0
0
0
1 986
0
0
0
0
0
0
0
0
0
0
0
0
1 1339
0
0
0
0
1 989
0
0
0
0
0
0
0
0
1 990
1 1589
0
0
0
0
0
0
0
0
0
0
0
0
0
0
0
1 993
0
0
0
0
0
0
0
0
0
1 994
0
0
0
0
0
0
0
0
0
1 1458
0
0
0
0
0
0
0
0
0
0
0
0
0
0
1 998
0
0
0
0
0
0
0
0
2 1139 1532
0
0
0
0
0
0
0
0
0
0
1 1642
0
0
1 998
0
0
0
1 1147
0
0
1 998
0
0
0
1 1021
0
0
0
0
0
0
0
0
0
0
0
0
0
0
0
0
0
0
0
0
0
0
0
0
0
0
0
0
0
0
0
0
0
0
0
0
0
0
0
1 1006
0
0
0
0
0
0
2 1006 1578
0
0
0
0
0
0
0
0
0
0
0
0
0
2 423 1007
0
0
0
0
0
0
0
0
0
0
0
0
0
0
0
0
0
0
0
0
1 1013
0
0
0
0
0
0
1 1013
0
0
0
0
0
0
0
0
0
0
0
0
0
0
0
0
0
0
0
0
0
0
0
0
0
1 1330
0
0
0
0
0
0
0
0
0
0
0
0
0
0
0
0
0
0
0
0
1 1023
0
0
0
0
0
0
1 1023
0
0
0
0
0
0
0
0
0
0
0
0
0
0
1 1025
0
0
0
0
0
0
0
0
0
0
0
0
0
1 1141
0
0
0
0
0
0
0
0
1 1025
0
0
0
0
0
0
1 1025
0
0
0
0
0
0
0
0
0
0
0
0
0
0
0
0
0
0
0
1 1027
0
0
1 1767
1 1055
0
0
2 1027 1827
0
0
0
0
0
0
0
0
0
1 1598
0
1 1029
0
0
0
0
0
0
0
0
0
1 1030
0
0
0
0
0
0
1 1030
0
0
0
0
0
0
0
0
0
0
0
0
0
0
0
0
0
0
0
2 1033 1496
0
1 1041
0
0
0
0
0
1 1068
0
0
0
1 1036
0
0
0
0
0
0
0
0
0
0
0
0
0
0
0
0
0
0
0
0
0
0
0
0
1 1041
0
0
0
0
0
0
0
0
0
1 1042
0
0
0
0
0
0
0
0
1 1150
0
0
0
0
0
0
0
0
0
0
0
0
0
0
0
0
1 1044
0
0
0
0
0
0
1 1044
0
0
0
0
0
0
0
0
0
0
0
0
0
0
0
1 1047
0
0
1 1502
0
0
0
0
0
0
0
0
0
0
0
0
0
0
0
0
0
0
0
0
1 1050
0
0
0
0
0
0
0
0
0
0
1 1051
0
0
0
0
0
0
0
0
0
0
0
0
0
1 1052
0
0
0
0
0
0
1 1052
0
0
1 1351
0
0
0
0
0
0
1 1134
0
1 1572
0
0
0
0
1 1054
0
0
0
0
0
0
1 1054
0
0
0
0
0
0
0
0
0
0
0
0
0
1 1055
0
0
0
0
0
0
0
0
0
0
0
1 1056
0
0
0
0
0
0
0
0
0
0
0
0
0
0
0
1 1346
0
0
0
0
0
0
0
0
0
0
0
0
0
0
0
0
0
0
0
0
1 1061
0
0
0
0
0
0
1 1061
0
0
0
0
0
0
0
0
0
0
0
1 1354
0
1 1063
0
0
0
0
0
0
0
0
0
0
0
0
0
1 1096
1 1775
0
0
0
0
0
0
0
0
0
0
0
0
1 1065
0
0
0
0
0
0
1 1065
0
0
0
0
0
0
0
0
0
0
0
0
0
0
0
0
0
1 1066
0
0
0
0
0
0
1 1066
0
0
0
0
0
0
0
0
0
0
1 1493
0
0
0
0
0
0
0
0
0
0
0
0
0
0
0
0
0
0
0
0
0
0
0
0
0
0
0
0
0
0
1 1242
0
1 1073
0
0
0
0
0
0
0
1 1819
0
1 1296
0
1 1293
0
0
0
0
0
0
0
0
0
0
0
0
0
0
0
0
0
0
0
0
0
0
0
0
0
0
0
0
0
0
0
0
0
0
0
0
1 1083
0
0
0
0
0
0
0
0
1 1879
1 1738
0
0
0
1 1764
0
0
0
0
0
0
0
0
0
1 1089
0
0
0
0
0
0
0
0
0
0
1 1495
0
0
0
0
0
0
0
0
1 1091
0
0
0
0
0
0
1 1091
0
0
0
0
1 1168
0
0
0
0
0
0
0
0
0
0
0
0
0
0
0
0
0
0
0
0
0
0
0
0
0
0
0
0
0
0
1 1555
0
0
0
0
0
0
0
0
0
0
0
0
1 1099
0
0
0
0
0
0
1 1100
0
0
0
0
0
0
1 1100
0
0
0
0
0
1 1508
0
0
0
0
0
1 1101
0
0
0
0
0
0
1 1101
0
0
0
0
0
0
0
0
0
0
0
1 1102
0
0
0
0
0
0
0
0
0
0
1 1104
1 1255
0
0
1 1700
0
0
1 1104
0
0
0
0
0
0
0
0
0
0
0
0
0
0
0
0
1 1624
0
0
0
0
0
0
0
1 1106
0
0
0
0
0
0
1 1106
0
0
0
0
0
0
0
0
0
0
0
0
0
0
0
0
0
0
0
0
1 1110
0
0
0
0
0
0
0
0
0
0
0
0
0
0
0
0
0
0
0
0
0
0
0
0
0
1 1113
0
0
0
0
0
0
1 1113
0
0
0
1 1535
0
0
0
0
1 1484
0
0
0
0
0
0
0
0
0
0
0
0
0
0
0
0
0
0
0
0
0
0
0
0
0
0
0
0
1 1120
0
0
0
0
0
0
0
0
0
0
0
0
0
0
0
0
0
0
0
0
0
0
0
0
0
0
1 1121
0
0
0
0
0
0
1 1121
0
1 1478
0
0
0
0
0
0
0
0
0
1 1123
0
0
0
0
1 1882
0
0
0
0
0
0
0
0
0
0
0
0
0
0
0
0
0
0
1 1126
0
0
0
0
0
0
0
0
0
0
0
1 1128
0
0
0
0
0
0
0
0
0
0
0
0
0
0
0
0
0
1 1202
0
0
0
0
0
1 1283
0
0
0
0
0
0
0
0
0
0
0
0
1 1134
0
0
0
0
0
0
0
0
0
0
0
0
0
1 1136
0
0
0
0
0
0
0
0
0
0
0
0
0
0
0
0
0
0
0
0
0
0
0
0
0
0
0
0
0
0
0
0
0
0
1 1141
0
0
0
0
0
0
0
0
0
0
1 1428
0
1 1605
0
0
1 1143
0
0
0
0
0
0
0
0
0
0
0
0
0
0
0
0
0
0
0
0
0
0
0
0
0
0
0
0
1 1415
0
0
0
0
0
0
0
0
0
0
0
0
0
1 1791
0
0
0
0
0
0
0
0
0
0
0
1 1154
0
0
0
0
0
0
1 1154
0
0
0
0
0
0
0
0
0
0
0
0
0
0
0
0
0
0
0
1 1681
0
0
0
0
2 1159 1551
0
0
0
0
0
0
1 1159
0
0
0
0
0
0
0
0
0
0
0
0
0
0
0
0
0
0
0
0
0
2 1755 1868
0
0
0
1 1167
0
0
0
0
0
0
0
0
0
0
0
0
0
0
0
1 1411
0
0
0
0
0
0
0
1 1169
0
1 1891
0
0
0
0
0
0
0
0
1 1170
0
0
0
0
0
0
1 1170
0
0
0
0
0
0
0
0
0
0
0
0
0
0
0
0
0
0
0
0
0
0
0
0
0
0
0
0
0
0
0
0
0
0
0
0
0
0
0
0
0
0
0
0
0
0
0
0
0
0
0
0
0
0
0
0
0
0
0
0
0
0
0
0
0
0
0
0
0
0
1 1192
0
0
0
0
0
0
0
0
0
0
0
0
0
1 1194
0
0
0
0
0
0
0
0
0
0
0
0
0
0
0
0
0
0
0
0
0
0
1 1194
0
0
0
0
0
0
1 1194
0
0
0
0
0
1 1682
0
0
0
0
0
0
0
0
0
0
0
0
0
0
0
0
0
0
0
0
0
0
0
0
0
0
1 1200
0
0
0
0
0
0
0
0
0
0
0
1 1201
0
0
0
0
0
0
0
0
1 1743
0
0
0
0
1 1202
0
0
0
0
0
0
0
0
0
0
0
0
0
0
0
0
0
0
0
0
1 1481
0
0
0
1 1205
0
0
0
0
0
0
1 1205
0
0
0
0
0
0
0
0
0
0
1 1206
0
0
0
0
0
0
0
0
0
0
0
0
0
0
1 1210
0
0
0
0
0
0
0
0
0
0
0
0
0
0
0
0
0
0
1 1382
0
0
0
0
0
1 1215
0
0
0
0
0
0
0
0
0
0
0
0
0
0
1 1217
0
0
0
0
0
0
0
0
0
0
0
0
0
0
0
0
1 1219
0
0
0
0
0
0
1 1219
0
0
0
0
0
0
0
0
1 1220
0
0
0
0
0
0
0
0
0
0
0
0
0
0
0
0
0
0
0
0
0
0
0
0
0
0
0
0
0
0
0
0
0
0
0
0
0
0
0
0
1 1229
0
0
0
0
0
0
1 1229
0
0
0
0
0
0
0
0
0
0
0
0
0
0
0
0
0
0
0
0
1 1232
0
0
0
0
0
0
0
0
0
0
0
0
0
1 1234
0
0
0
0
0
0
0
0
0
0
0
0
0
1 1237
0
0
0
0
0
0
0
0
0
0
0
0
0
0
0
0
0
0
0
0
0
0
0
0
0
0
0
1 1240
0
0
0
0
0
0
1 1240
0
0
0
0
0
0
0
0
0
0
0
0
0
0
0
0
0
0
0
0
0
0
0
0
0
0
0
0
0
0
0
0
1 1631
1 1247
0
0
0
0
0
0
0
0
0
0
0
0
0
1 1750
1 1251
0
0
0
0
0
0
0
0
0
0
0
0
0
0
0
0
0
0
0
0
0
0
0
0
0
1 1255
0
0
0
0
0
0
0
0
0
0
0
0
0
0
0
0
0
0
0
0
0
0
0
0
0
0
0
1 1260
0
0
0
0
0
0
0
0
0
0
0
0
0
0
0
0
0
0
1 1264
0
0
0
0
0
0
1 1265
0
0
0
0
0
0
1 1265
0
0
0
0
0
0
0
0
0
0
0
0
0
0
0
0
0
0
0
0
0
0
0
0
0
0
1 1272
0
0
0
0
0
0
0
0
0
0
1 1274
0
0
0
0
0
0
1 1274
0
0
0
0
0
0
0
0
0
1 1463
0
0
0
0
0
0
0
1 1276
0
0
0
0
0
0
0
0
0
0
0
0
0
1 1280
0
0
0
0
0
0
0
0
0
0
0
0
0
0
0
0
0
0
0
0
1 1283
0
0
0
0
0
0
0
0
0
0
0
0
0
0
0
0
0
0
0
0
0
0
0
0
0
0
0
0
0
1 1288
0
0
0
0
0
0
1 1288
0
0
0
0
0
0
0
0
0
0
0
0
0
0
0
0
0
0
0
0
0
0
0
0
0
0
1 1295
0
0
0
0
0
0
0
0
0
0
0
0
0
0
0
0
0
0
0
0
0
0
0
1 1298
0
0
0
0
0
0
0
0
0
0
0
0
0
0
0
0
0
0
0
1 1301
0
0
0
0
0
0
0
0
0
0
0
0
0
0
0
0
0
0
0
0
0
0
0
0
0
0
0
0
0
0
1 1308
0
0
0
0
0
0
0
0
0
0
0
0
0
0
0
0
0
0
0
0
0
0
0
0
0
1 1316
0
0
0
0
0
0
0
0
0
0
1 1319
0
0
0
0
0
0
0
0
0
0
0
0
0
0
0
0
0
1 1322
0
0
0
0
0
0
1 1322
0
0
0
0
0
0
0
0
0
0
0
1 1567
1 1323
0
0
2 1337 1705
0
0
0
0
0
0
0
1 1326
0
0
0
0
0
0
0
0
0
0
0
0
0
0
0
0
0
0
0
0
0
0
0
0
0
1 1332
0
0
0
1 1335
0
0
0
0
0
0
0
0
0
0
0
0
0
0
0
0
0
0
0
0
0
0
0
0
0
0
0
0
1 1335
0
0
0
0
0
0
1 1335
0
0
0
0
0
0
0
0
0
0
0
0
0
0
0
0
0
0
0
0
0
0
0
0
0
0
0
0
0
0
0
0
0
0
0
1 1341
0
0
0
0
0
0
0
0
0
0
0
0
0
0
0
1 1444
1 1344
0
0
0
0
0
0
1 1344
0
0
0
0
0
0
0
0
0
0
0
0
0
1 1857
0
0
0
0
0
1 1348
0
0
0
0
0
0
0
0
0
0
0
0
0
1 1349
0
0
0
0
0
0
0
0
0
1 1350
0
0
0
0
0
0
0
0
0
0
0
0
1 1351
0
0
0
0
0
0
0
0
0
0
0
0
0
0
0
0
0
0
0
0
0
0
0
0
0
0
0
1 1353
0
0
0
0
0
0
1 1353
0
0
0
0
0
0
0
0
0
0
0
0
0
0
0
0
0
0
0
0
0
0
0
1 1355
0
0
0
0
0
0
0
0
0
0
0
0
0
0
0
0
0
0
0
0
0
0
1 1355
0
0
0
0
0
0
1 1355
0
0
0
0
0
0
0
0
0
0
1 1356
0
0
1 1718
0
0
0
0
0
0
0
0
0
1 1357
0
0
0
0
0
0
0
0
0
0
1 1358
0
0
0
0
0
0
0
0
0
0
0
0
0
0
0
0
0
0
1 1360
0
0
0
0
0
0
1 1360
0
0
0
0
0
0
0
0
0
0
0
0
0
0
0
0
1 1617
0
0
0
1 1363
0
0
0
0
0
0
1 1363
0
0
0
0
0
0
0
0
0
0
0
0
0
0
0
1 1367
0
0
0
0
0
0
0
0
1 1369
0
0
0
0
0
0
0
0
0
0
0
0
0
0
0
0
0
0
0
0
0
0
0
0
0
0
0
0
0
0
0
0
0
0
0
0
0
0
0
0
0
0
0
0
0
0
0
0
1 1382
0
0
0
0
0
0
0
0
0
0
0
0
0
0
0
0
0
0
0
0
0
0
0
0
0
0
0
0
0
0
0
0
0
0
0
0
0
0
0
0
0
0
0
0
0
0
0
0
0
0
0
0
0
0
0
0
0
0
0
0
0
0
0
0
0
0
0
1 1401
1 1402
0
0
0
0
0
0
0
0
0
0
0
0
0
0
0
0
0
1 1406
0
0
0
0
0
0
0
0
0
0
0
0
0
0
0
0
0
0
0
0
0
0
0
1 1411
0
0
0
0
0
0
0
0
0
1 1795
0
0
0
0
0
0
0
0
0
0
0
0
0
0
0
0
1 1417
0
0
0
0
0
0
0
0
0
0
0
0
0
0
0
0
2 1421 1719
0
0
0
0
0
0
0
0
0
0
0
1 1422
0
0
0
0
0
0
1 1422
0
0
0
0
0
0
0
0
0
0
0
0
0
0
0
0
0
0
0
0
0
0
0
0
0
0
0
0
1 1428
0
0
0
0
0
0
0
0
0
0
0
0
0
0
0
0
0
0
0
0
0
0
0
0
0
0
0
0
0
0
0
0
0
0
0
0
0
0
0
0
0
0
0
0
0
0
1 1730
0
0
0
0
0
0
0
0
0
0
0
0
1 1444
0
0
0
0
0
0
0
0
0
0
0
0
0
0
0
1 1446
0
0
0
0
0
0
0
0
0
0
0
0
0
0
0
0
0
0
0
0
0
0
0
0
1 1461
0
0
0
0
0
1 1455
0
0
0
0
0
0
0
0
0
0
0
0
0
1 1458
0
0
0
0
0
0
0
0
0
1 1459
0
0
0
0
0
0
1 1459
0
0
0
0
0
0
0
0
0
0
0
0
0
0
0
0
0
0
0
1 1462
0
0
0
0
0
0
1 1462
0
0
0
0
0
0
0
0
0
0
0
0
0
0
0
0
0
0
1 1465
0
0
0
0
0
0
1 1465
0
0
0
0
0
0
0
0
0
0
0
0
0
0
0
0
1 1466
0
0
0
0
0
0
1 1466
0
0
0
0
0
0
0
0
1 1467
0
0
0
0
0
0
0
0
0
0
0
0
0
0
1 1470
0
0
0
0
0
0
0
0
0
0
1 1471
0
0
0
0
0
0
1 1471
0
0
0
0
0
0
0
0
0
0
0
0
0
0
0
0
0
0
0
0
0
0
0
0
0
0
0
0
1 1478
0
0
0
0
0
0
0
0
0
0
0
0
0
0
0
0
0
0
0
0
0
0
0
0
0
0
0
0
0
0
1 1482
0
0
0
0
0
0
1 1482
0
0
0
1 1524
0
0
0
0
0
1 1483
0
0
0
0
0
0
0
0
0
0
0
0
0
0
0
0
0
0
0
0
0
0
0
0
0
0
0
0
0
0
0
0
0
0
0
0
0
0
0
0
0
0
0
0
0
0
1 1492
0
0
0
0
0
0
1 1492
0
0
0
0
0
0
0
0
0
0
0
0
0
0
0
0
0
1 1495
0
0
0
0
0
0
0
0
0
0
0
0
1 1496
0
0
0
0
0
0
0
0
0
1 1497
0
0
0
0
0
0
0
0
1 1872
0
0
0
1 1793
0
0
0
0
0
0
0
0
0
0
0
0
0
0
0
0
0
0
0
0
0
0
0
0
1 1503
0
0
0
0
1 1505
0
0
0
0
0
0
1 1505
0
0
0
0
0
0
0
0
1 1506
0
0
0
0
0
0
0
0
1 1507
0
0
0
0
0
0
0
0
0
0
0
0
0
0
0
0
0
0
0
1 1758
0
0
0
0
0
0
0
0
0
0
0
0
0
0
0
0
0
0
1 1515
0
0
0
0
0
0
0
0
1 1516
0
0
0
0
0
0
0
0
1 1716
0
0
0
0
0
0
0
0
0
0
0
0
0
0
0
0
0
0
0
0
0
0
0
0
0
0
0
0
0
0
0
0
1 1528
0
0
1 1529
0
1 1662
0
0
0
0
1 1529
0
0
0
0
0
0
0
0
0
0
0
0
0
0
0
0
0
0
1 1532
0
0
0
0
0
0
0
0
0
0
1 1533
0
0
0
0
0
0
0
0
0
0
0
1 1534
0
0
0
0
0
0
0
0
0
0
0
0
0
0
0
0
0
0
1 1538
0
0
0
0
0
0
0
0
0
0
0
0
0
0
0
1 1540
0
0
0
0
0
0
0
0
0
0
0
1 1543
0
0
0
0
0
0
0
0
0
0
0
0
0
0
0
0
0
1 1544
0
0
0
0
0
0
1 1544
0
0
0
0
0
0
0
0
0
0
0
0
0
0
0
0
0
0
0
0
0
0
0
0
0
0
0
0
0
0
1 1550
0
0
0
0
0
0
1 1550
0
0
0
0
0
0
0
0
0
0
0
0
0
1 1551
0
0
0
0
0
0
0
0
1 1552
0
0
0
0
0
0
0
0
0
0
0
0
0
0
0
0
0
0
0
0
0
0
1 1552
0
0
0
0
0
0
1 1552
0
0
0
0
0
0
0
0
0
0
0
0
0
0
0
1 1554
0
0
0
0
0
0
1 1554
0
0
0
0
0
0
0
0
0
0
0
0
0
0
1 1555
0
0
0
0
0
0
0
0
0
1 1618
0
0
0
0
0
0
0
0
0
0
0
0
0
0
0
0
1 1563
0
0
0
0
0
0
0
0
0
0
0
0
0
0
0
0
0
0
0
0
0
0
0
0
0
0
0
0
0
0
0
0
0
0
0
0
0
0
0
0
0
0
0
0
1 1576
0
0
0
0
0
0
0
1 1853
0
0
0
0
0
0
0
0
0
0
0
0
0
0
0
0
0
0
0
1 1582
0
0
0
0
0
0
1 1582
0
0
0
0
0
0
0
0
0
0
0
0
0
0
0
0
0
0
0
0
0
0
0
0
0
0
0
1 1587
0
0
0
0
0
0
1 1587
0
0
0
0
0
0
0
0
0
0
0
0
0
0
0
0
0
0
0
0
0
0
0
0
0
0
0
0
1 1594
0
0
0
0
0
0
1 1594
0
0
0
0
0
0
0
0
0
0
0
0
0
0
0
0
0
0
0
0
0
0
0
0
0
0
0
0
0
0
0
0
1 1601
0
0
0
0
0
0
1 1601
0
0
0
0
0
0
0
0
0
0
0
0
0
1 1603
0
0
0
0
0
0
1 1603
0
0
0
0
0
0
0
0
0
0
0
0
0
0
1 1605
0
0
0
0
0
0
0
0
0
0
0
0
0
0
0
0
0
0
0
0
0
0
0
0
0
0
0
0
1 1613
0
0
0
0
0
0
0
0
0
0
0
0
0
0
0
1 1883
0
0
0
0
0
0
0
0
1 1618
0
0
0
0
0
0
0
0
0
0
0
0
0
0
0
0
1 1623
0
0
0
0
0
0
0
1 1624
0
0
0
0
0
0
0
0
0
0
1 1625
0
0
0
0
0
0
1 1625
0
0
0
0
0
0
0
0
0
0
0
1 1627
0
0
0
1 1739
0
0
1 1627
0
0
1 1657
0
0
0
0
0
0
0
0
0
0
0
0
0
0
0
0
0
0
0
0
0
0
1 1631
0
0
0
0
0
0
0
0
0
0
0
0
0
0
0
0
0
0
0
0
0
0
0
0
0
0
0
0
0
0
0
0
0
1 1640
0
0
0
0
0
0
0
0
0
0
1 1641
0
0
0
0
0
0
0
0
0
0
0
0
0
1 1645
0
0
0
0
0
0
1 1645
0
0
0
0
0
0
0
0
0
0
0
0
0
0
0
0
0
0
1 1650
0
0
0
0
0
0
1 1650
0
0
0
0
0
0
0
0
0
0
0
0
0
0
0
0
1 1671
0
1 1657
0
0
0
0
0
0
0
0
0
0
0
0
0
0
0
0
0
0
0
0
0
0
0
0
0
0
0
0
0
0
0
0
0
1 1663
0
0
0
0
0
0
0
0
0
0
0
0
0
0
0
0
0
0
0
1 1668
0
0
0
0
0
0
0
0
0
0
0
0
0
0
0
0
0
0
0
0
0
0
1 1668
0
0
0
0
0
0
1 1668
0
0
0
1 1835
0
0
0
0
0
0
0
0
0
0
1 1669
0
0
0
0
0
0
1 1669
0
0
0
0
0
0
0
0
0
0
0
0
0
1 1672
0
0
0
0
0
0
0
0
0
0
0
0
0
0
0
1 1674
0
0
0
0
0
0
0
0
0
0
0
0
0
0
0
0
0
0
0
0
0
0
1 1674
0
0
0
0
0
0
1 1674
0
0
0
0
0
0
0
0
0
0
0
0
0
0
0
0
0
0
0
0
0
0
0
0
0
0
0
0
0
0
0
0
0
0
0
0
0
0
0
0
0
1 1679
0
0
0
0
0
0
0
0
0
0
0
0
1 1681
0
0
0
0
0
0
0
0
0
0
0
0
1 1682
0
0
0
0
0
0
0
0
0
0
0
0
1 1684
0
0
0
0
0
0
1 1684
0
0
0
0
0
0
0
0
1 1685
0
0
0
0
0
0
0
0
0
0
0
0
0
0
0
0
0
0
0
0
0
0
0
0
0
0
0
0
1 1687
0
0
0
0
0
0
1 1687
0
0
0
0
0
0
0
0
0
0
0
1 1688
0
0
0
0
0
0
0
0
0
0
0
0
0
0
0
0
0
0
0
0
1 1693
0
0
0
0
0
0
0
0
0
0
0
0
0
0
0
0
0
0
0
0
0
0
0
1 1874
0
1 1699
0
0
0
0
0
0
0
0
0
0
0
0
0
0
0
0
0
0
0
0
0
0
1 1699
0
0
0
0
0
0
1 1699
0
0
0
0
0
0
0
0
0
0
0
0
0
0
1 1701
0
0
0
0
0
0
1 1701
0
0
0
0
0
0
0
0
0
0
0
0
1 1702
0
0
0
0
0
0
0
0
0
0
0
0
1 1703
0
0
0
0
0
0
0
0
0
0
0
0
0
1 1705
0
0
0
0
0
0
0
0
0
0
0
0
0
0
0
0
0
1 1706
0
0
0
0
0
0
1 1706
0
0
0
0
0
0
0
0
0
0
0
0
0
0
0
0
0
0
0
0
0
0
0
0
0
0
0
0
0
0
0
0
0
0
0
1 1718
0
0
0
0
0
0
0
0
0
0
0
0
0
0
0
0
0
0
0
0
0
0
0
1 1721
0
0
0
0
0
0
1 1721
0
0
0
0
0
0
0
0
0
0
0
0
0
0
0
0
0
0
0
0
1 1726
0
0
0
0
0
0
1 1726
0
0
0
0
0
0
0
0
1 1727
0
0
0
0
0
0
0
0
0
0
0
1 1728
0
0
0
0
0
0
1 1728
0
0
0
0
0
0
0
0
0
0
0
0
0
0
0
0
0
0
0
0
0
0
0
0
0
0
0
0
0
0
0
0
0
0
0
0
0
0
0
0
0
0
0
0
0
0
0
0
0
0
0
0
0
0
0
0
0
0
0
0
0
0
0
0
0
0
0
0
0
0
0
1 1741
0
0
0
0
0
0
1 1741
0
0
0
0
0
0
0
0
0
0
0
0
0
0
0
0
0
1 1743
0
0
0
0
0
0
0
0
1 1744
0
0
0
0
0
0
1 1744
0
0
0
0
0
0
0
0
0
0
0
1 1746
0
0
0
0
0
0
0
0
0
0
0
0
1 1748
0
0
0
0
0
0
0
0
0
0
0
0
0
0
0
0
0
0
0
0
0
0
0
0
0
0
1 1749
0
0
0
0
0
0
0
0
0
0
0
0
1 1751
0
0
0
0
0
0
1 1751
0
0
0
0
0
0
0
0
0
0
0
0
0
0
0
0
0
0
0
0
0
0
0
0
0
0
0
0
0
0
0
0
0
0
0
0
0
0
0
0
0
0
0
0
1 1761
0
0
0
0
0
1 1886
0
0
0
0
0
0
0
0
0
0
0
0
0
0
0
0
0
0
0
0
0
1 1767
0
0
0
0
0
0
0
0
0
0
0
0
0
0
0
0
0
0
0
0
0
0
0
0
0
0
1 1774
0
0
0
0
0
0
1 1774
0
0
0
0
0
0
0
0
0
0
0
0
0
0
0
0
1 1778
0
0
0
0
0
0
1 1778
0
0
0
0
0
0
0
0
1 1779
0
0
1 1829
0
0
0
0
0
0
0
0
0
0
0
0
1 1783
0
0
0
0
0
0
0
0
0
0
0
0
0
0
0
0
0
0
0
0
0
0
0
0
0
0
0
0
0
0
0
0
0
0
0
0
0
0
0
0
0
0
0
1 1791
0
0
0
0
0
0
1 1791
0
0
0
0
0
0
0
0
0
0
1 1792
0
0
0
0
0
0
0
0
0
0
0
0
0
0
0
0
0
0
0
1 1795
0
0
0
0
0
0
0
0
0
0
0
0
0
0
0
0
0
1 1798
0
0
0
0
0
0
1 1798
0
0
0
0
0
0
0
0
0
0
0
0
0
0
0
0
0
0
1 1802
0
0
0
0
0
0
0
0
0
0
0
0
1 1804
0
0
0
0
0
0
0
0
0
0
0
0
0
0
0
0
0
0
0
0
0
0
0
0
1 1806
0
0
0
0
0
0
1 1806
0
0
0
0
0
0
0
0
0
0
1 1807
0
0
0
0
0
0
1 1807
0
0
0
0
0
0
0
0
0
0
0
0
0
0
0
0
0
0
0
0
0
0
0
0
0
0
0
0
0
0
0
0
0
0
0
0
0
1 1816
0
0
0
0
0
0
1 1816
0
0
0
0
0
0
0
0
0
0
0
0
0
0
0
0
0
0
0
0
0
0
0
0
0
0
0
0
0
0
0
0
0
0
0
0
0
0
0
1 1825
0
0
0
0
0
0
1 1825
0
0
0
0
0
0
0
0
0
1 1826
0
0
0
0
0
0
0
0
0
0
0
0
0
0
0
0
0
0
0
0
0
0
0
0
0
0
0
0
0
0
0
1 1834
0
0
0
0
0
0
1 1834
0
0
0
0
0
0
0
0
0
0
0
0
0
1 1835
0
0
0
0
0
0
0
0
0
0
0
0
0
0
0
0
0
0
0
0
1 1844
0
0
0
0
0
0
0
0
0
0
0
0
0
0
0
0
0
0
0
1 1847
0
0
0
0
0
0
1 1847
0
0
0
0
0
0
0
0
0
1 1848
0
0
0
0
0
0
0
0
0
0
0
0
0
0
0
0
0
1 1852
0
0
0
0
0
0
0
0
0
0
0
0
0
0
0
0
0
0
0
0
0
0
0
0
0
0
0
0
0
0
0
0
0
0
0
0
0
0
1 1862
0
0
0
0
0
0
0
0
0
0
0
0
1 1863
0
0
0
0
0
0
1 1863
0
0
0
0
0
0
0
0
0
0
0
0
0
0
0
0
0
0
0
0
0
0
0
0
0
0
0
0
0
0
0
0
0
0
0
0
0
0
0
0
0
0
0
0
0
0
0
0
0
0
0
0
0
1 1876
0
0
0
0
0
0
0
0
0
0
0
0
0
0
0
0
0
0
0
0
0
1 1882
0
0
0
0
0
0
0
0
0
0
0
0
0
0
1 1883
0
0
0
0
0
0
0
0
0
0
0
0
0
0
0
0
0
0
0
0
0
0
0
0
0
0
0
0
0
0
0
0
0
0
0
1 1887
0
0
0
0
0
0
1 1887
0
0
0
0
0
0
0
0
0
0
0
0
1 1890
0
0
0
0
0
0
1 1890
0
0
0
0
0
0
0
0
0
0
0
0
0
0
0
0
1 423
0
0
0
0
0
0
0
0
0
