0
0
0
0
0
0
0
0
0
0
0
0
0
0
0
0
0
0
0
0
0
0
0
0
0
0
0
0
0
0
0
0
0
0
0
0
0
0
0
0
0
0
0
0
0
0
0
0
0
0
0
0
0
0
0
0
0
0
0
0
0
0
0
0
0
0
0
0
0
0
0
0
0
0
0
0
0
0
0
1 0
0
0
0
0
0
0
0
0
0
0
0
0
0
0
0
0
0
0
0
0
0
0
0
0
0
0
0
0
0
0
0
0
0
0
0
0
0
0
0
0
0
0
0
0
0
0
0
0
0
1 1
0
0
0
0
0
0
0
0
0
0
0
0
0
0
0
0
0
0
0
0
0
0
0
0
0
0
0
0
0
0
0
0
0
0
0
0
0
0
0
0
0
0
1 2
0
0
0
0
0
0
0
0
0
0
0
0
0
0
0
0
0
0
0
0
0
0
0
0
0
0
0
0
0
0
0
0
0
0
0
0
0
0
0
0
0
0
0
0
1 3
0
0
0
0
0
0
0
0
0
0
0
0
0
0
0
0
0
0
0
0
0
0
0
0
0
0
0
0
0
0
0
0
0
0
0
0
0
0
0
0
0
0
0
0
0
0
0
0
1 4
0
0
0
0
0
0
0
0
0
0
0
0
0
0
0
0
0
0
0
0
0
0
0
0
0
0
0
0
0
0
0
0
0
0
0
0
0
0
0
0
0
0
0
0
0
1 5
0
0
0
0
0
0
0
0
0
0
0
0
0
1 466
0
0
0
0
0
0
0
0
0
0
0
0
0
0
0
0
0
0
1 6
0
0
0
0
0
0
0
0
0
0
0
0
0
0
0
0
0
0
0
0
0
0
0
0
0
0
1 809
0
0
0
0
0
0
0
0
0
0
0
0
0
0
0
0
0
0
0
0
0
1 7
0
0
0
0
0
0
0
0
0
0
0
0
0
0
0
0
0
0
0
0
0
0
0
0
0
0
0
0
0
0
0
0
0
0
0
0
0
0
1 8
0
0
0
0
0
0
0
0
0
0
0
0
0
0
0
0
1 1632
0
0
1 131
0
1 980
1 1504
0
0
1 887
2 592 1188
0
1 1619
0
1 9
0
0
0
1 1548
3 394 448 674
0
0
1 739
0
0
1 654
0
0
0
2 267 665
0
0
0
0
0
0
0
0
0
0
0
0
0
0
0
0
0
0
0
0
0
1 10
0
0
0
0
0
0
0
0
0
0
0
0
0
0
0
4 68 446 723 1418
1 1450
4 197 339 636 1325
0
1 64
2 640 1034
0
0
6 22 317 652 1317 1334 1643
0
1 11
0
1 125
1 1595
0
2 756 1557
0
3 619 1651 1692
0
1 903
7 498 726 792 888 932 1580 1836
8 169 359 397 439 675 1277 1366 1644
1 127
0
0
1 1371
0
0
0
0
0
0
0
0
0
0
0
0
0
0
0
0
0
0
0
0
0
0
0
0
0
0
0
0
0
0
0
0
0
0
1 12
0
0
0
0
0
0
0
0
0
0
0
0
0
0
0
0
0
0
0
1 427
0
0
0
0
0
0
0
0
0
0
1 294
0
0
0
1 13
0
0
0
0
0
0
0
0
0
0
0
0
0
0
0
0
0
0
0
0
0
0
0
0
0
0
0
3 1014 1329 1412
0
0
0
0
0
0
0
0
0
0
0
0
0
0
0
0
1 14
0
0
0
0
0
0
0
0
0
0
0
0
0
0
0
6 285 388 834 1019 1235 1315
5 586 669 791 1137 1604
5 420 495 1285 1818 1821
1 1652
0
0
0
5 44 387 1155 1313 1426
1 71
1 698
6 15 90 124 386 1186 1261
3 250 757 1094
2 1320 1336
1 600
0
0
0
0
2 1714 1776
1 1556
1 217
0
16 43 138 140 141 144 153 212 642 811 1011 1037 1166 1228 1510 1588 1880
0
3 627 707 956
4 128 465 818 1837
0
1 1327
0
1 1476
1 803
0
0
0
0
0
1 307
0
0
0
0
0
0
1 643
0
1 16
0
0
0
0
0
0
0
0
0
0
1 93
0
0
0
0
0
0
0
0
0
0
0
0
0
0
0
0
0
0
1 269
0
0
0
0
0
0
0
0
0
0
0
0
1 17
0
0
0
0
0
0
0
0
0
0
0
0
0
0
0
0
0
1 18
1 1024
3 751 958 1028
0
2 328 1404
0
1 631
0
0
3 634 1266 1451
0
0
0
0
5 236 363 817 1140 1380
0
0
0
0
0
0
0
0
0
0
0
0
0
0
0
0
0
0
0
0
0
0
0
0
0
0
0
1 1565
0
0
0
0
1 19
0
0
0
0
0
0
0
0
0
0
0
0
0
0
0
1 1609
0
0
0
0
0
0
0
1 765
0
0
0
0
0
0
0
0
0
1 20
0
0
0
0
1 681
0
0
0
0
0
0
0
0
0
0
0
1 1591
0
0
3 83 829 1082
1 21
0
1 1615
0
0
0
0
0
1 1655
0
0
0
0
5 981 1085 1321 1710 1722
0
0
5 470 534 746 1114 1525
6 441 561 705 840 1768 1856
6 216 304 485 938 1437 1709
1 1713
0
0
0
3 365 390 1501
1 968
6 115 227 356 372 502 839
0
0
0
0
0
0
0
0
0
0
0
0
0
0
2 1291 1697
0
0
0
0
0
0
0
0
0
0
0
0
0
0
1 23
0
0
0
0
0
1 27
0
0
0
1 313
0
0
0
4 35 402 537 737
0
0
1 1723
0
1 960
0
3 26 75 1238
0
0
0
2 259 533
0
5 373 1181 1397 1593 1612
0
0
0
1 24
0
1 688
0
1 1452
0
5 121 186 842 935 1440
0
0
2 1196 1782
0
0
0
1 1521
0
0
0
0
0
0
0
0
0
0
0
3 228 917 1314
0
0
0
0
0
0
0
1 1112
0
0
0
0
1 112
0
1 25
0
0
0
0
2 231 632
0
0
0
0
0
0
0
0
0
0
1 330
0
2 1469 1683
0
0
4 450 814 964 1765
1 1407
0
0
0
4 1375 1424 1488 1861
0
2 1490 1760
2 969 1514
0
4 139 469 1045 1600
1 1414
0
0
0
3 176 1383 1869
0
1 1378
0
0
0
0
1 1038
0
0
2 1445 1757
0
0
0
0
0
0
0
0
0
0
1 28
0
2 1163 1486
0
0
0
1 503
0
0
0
1 210
0
0
0
0
0
0
4 358 530 1212 1364
0
0
1 29
0
0
0
1 1491
6 229 1035 1182 1636 1665 1770
1 1211
0
0
0
0
4 218 507 1241 1520
0
2 1117 1142
1 371
0
0
1 1607
0
1 1457
0
0
0
4 1160 1621 1754 1786
0
0
1 578
0
0
3 223 1062 1103
0
1 98
0
1 936
0
0
0
1 30
3 179 1243 1602
0
0
0
0
0
0
0
0
0
0
0
0
0
0
0
0
0
0
0
2 47 1389
0
1 31
0
2 324 876
1 1097
0
0
0
0
0
0
0
0
0
0
0
0
0
0
0
0
0
0
0
0
0
0
0
2 308 1072
0
1 1269
0
0
1 1373
3 33 225 297
0
1 85
0
0
0
0
0
0
0
0
0
0
0
2 706 1408
0
0
0
0
0
0
0
0
0
0
0
0
0
0
0
0
0
0
0
0
0
0
1 34
0
0
0
0
0
0
0
1 1396
0
0
0
0
0
0
0
3 472 1343 1542
0
1 1732
0
5 471 566 1005 1570 1717
3 202 886 908
0
13 54 96 146 281 509 755 988 1213 1249 1340 1628 1667 1832
1 1608
1 1438
4 1012 1175 1611 1871
0
0
0
1 942
0
0
0
0
0
0
0
1 637
0
0
0
0
0
0
0
0
0
0
0
0
0
0
1 36
0
0
0
0
1 686
0
0
0
0
0
0
0
0
0
0
0
0
0
2 638 1649
0
0
1 286
0
1 464
0
0
0
0
0
0
0
0
0
0
0
0
0
0
0
0
0
0
0
0
1 37
0
0
0
0
0
0
0
0
0
0
1 240
0
0
0
0
0
1 585
0
0
0
0
0
1 555
0
0
1 694
0
0
0
0
0
0
0
0
0
0
0
1 38
0
0
0
0
1 1290
0
0
0
0
4 438 628 962 1541
0
0
0
0
0
6 257 320 333 924 944 1839
2 222 603
3 691 1026 1517
2 39 927
2 797 798
0
0
1 1547
2 348 770
4 434 528 617 1352
0
0
0
0
1 1800
2 94 1820
0
1 1436
0
2 1008 1889
1 40
1 583
0
4 992 1494 1586 1590
0
9 143 422 478 802 1258 1362 1413 1499 1809
0
0
0
0
0
8 554 796 838 1152 1365 1430 1537 1771
0
0
3 162 235 568
3 199 779 1284
0
10 41 288 375 382 416 440 467 1222 1273 1441
0
2 355 1195
0
4 263 451 1149 1443
0
1 1184
0
0
0
0
0
3 1032 1654 1810
0
0
1 167
1 254
2 116 967
1 771
0
2 550 1553
1 1207
1 42
0
0
0
0
0
0
2 902 1522
0
0
2 1179 1698
0
0
2 209 500
0
1 1307
0
1 378
2 331 1851
2 241 1239
0
4 947 948 1161 1257
2 219 905
0
2 501 1185
4 213 611 793 1248
0
0
1 540
1 289
3 132 891 1409
1 45
0
0
0
0
2 630 894
0
0
0
0
3 531 1033 1345
0
0
0
0
0
0
0
0
0
0
1 1259
0
0
0
0
1 975
0
1 46
0
0
0
0
0
0
1 1656
0
0
1 318
1 1622
1 249
0
0
0
1 1075
1 1833
2 576 1236
1 445
6 672 704 735 1064 1633 1653
0
3 1177 1183 1302
2 738 1197
0
0
2 1096 1660
1 1419
1 48
1 275
0
0
0
0
3 60 1263 1803
1 459
0
0
0
0
0
3 710 997 1559
0
0
2 261 1811
0
0
0
2 248 1385
0
0
0
0
0
0
0
0
0
0
0
0
0
1 49
3 310 352 845
0
0
0
0
0
0
0
0
0
0
0
0
0
0
0
0
1 50
0
0
0
0
0
0
3 481 1180 1297
0
0
0
0
0
0
0
0
1 51
1 1031
0
0
0
0
0
3 129 392 1311
0
0
0
0
0
0
0
0
0
0
0
0
1 1823
0
0
0
1 1690
0
0
0
0
0
0
0
0
0
0
0
0
1 52
0
0
0
0
0
1 1831
0
0
0
0
0
0
1 456
0
1 215
0
1 1130
0
1 1460
0
0
0
0
0
0
1 444
0
1 53
0
0
0
0
1 1410
0
0
0
0
0
0
0
0
0
0
1 926
0
8 80 201 490 491 570 953 1648 1720
3 435 1218 1866
1 1245
1 848
0
0
2 82 1592
0
0
2 551 620
0
0
3 55 1093 1318
0
0
0
0
2 148 835
2 911 1671
0
0
0
0
0
0
0
0
0
0
1 56
0
1 1216
0
0
0
1 1233
1 483
0
1 354
0
0
2 1009 1361
1 1845
0
0
0
0
0
0
0
0
0
0
0
0
0
0
0
0
0
0
0
0
0
2 1429 1780
0
0
1 57
0
0
0
0
0
1 847
0
1 1162
0
0
0
0
0
0
0
1 163
0
0
0
0
0
0
0
0
3 921 1010 1146
0
0
0
1 58
0
0
1 239
1 1813
0
0
1 1395
1 1299
0
2 1088 1546
0
0
0
0
0
0
0
0
1 59
1 552
0
0
0
0
0
0
0
2 119 955
1 711
0
0
0
0
0
0
0
0
0
0
0
0
4 109 188 1132 1387
0
0
0
1 523
0
0
0
0
0
0
0
0
0
0
0
0
0
1 1384
0
0
0
1 983
0
0
0
3 61 1087 1368
0
0
0
0
0
0
0
0
0
0
0
1 1753
0
0
0
1 1221
0
1 1860
0
0
1 819
0
0
1 904
0
1 62
2 717 1225
0
0
2 312 1479
0
0
0
1 133
0
0
3 283 457 505
1 833
0
0
0
0
0
0
0
0
0
0
0
2 1400 1814
1 63
0
0
0
1 651
1 881
0
0
0
0
1 1658
0
0
0
0
0
1 816
1 476
0
0
0
0
0
0
0
0
0
0
0
0
0
0
0
0
0
0
1 729
0
0
0
1 1787
9 161 174 1003 1111 1176 1296 1449 1561 1766
2 1333 1881
0
0
0
0
0
0
0
0
0
0
0
0
0
0
0
0
0
0
1 1376
0
0
0
2 65 150
0
0
0
0
0
1 89
0
1 759
0
0
0
0
2 575 1485
0
0
1 1359
0
3 66 860 916
2 869 1279
1 1347
0
1 1696
1 1432
0
1 984
1 1855
0
0
1 1420
0
1 826
0
0
1 563
0
0
0
0
0
0
0
0
0
1 67
0
0
0
2 915 1464
0
0
0
0
0
0
0
1 458
0
0
0
1 1080
1 462
1 626
0
0
0
0
1 492
0
0
1 69
0
0
0
0
0
0
1 577
0
0
1 1156
0
0
0
0
0
0
0
1 641
0
0
0
0
0
1 650
0
0
0
0
0
0
0
0
0
1 865
0
2 70 1039
0
0
0
0
0
0
0
0
0
0
0
0
0
0
0
1 340
1 801
0
1 1477
0
0
0
0
0
0
0
0
2 1569 1623
0
4 1254 1306 1676 1830
0
0
0
1 105
0
0
0
0
0
0
1 72
0
0
0
0
0
1 1000
0
0
0
0
0
0
0
0
0
3 1067 1456 1637
0
1 1530
1 407
0
0
1 73
0
0
2 206 784
0
0
0
0
0
1 1070
1 622
0
0
0
0
0
2 514 602
0
0
0
0
0
0
0
0
0
0
0
0
0
0
0
1 74
0
0
0
0
0
0
0
0
0
0
0
0
0
0
0
0
2 385 937
0
0
0
0
0
0
0
0
0
0
0
0
0
0
0
0
0
0
0
0
0
0
0
0
1 76
0
0
0
0
1 1278
0
0
0
0
0
0
0
0
0
0
0
0
0
0
0
0
0
0
0
1 700
0
0
0
0
0
0
0
0
0
0
0
0
0
0
0
0
0
0
0
0
2 77 1267
0
0
0
1 1740
0
0
0
0
0
0
0
0
0
0
0
0
0
1 940
0
0
0
0
0
1 511
0
0
0
0
0
5 584 906 1128 1173 1614
0
0
1 1198
1 1270
1 78
0
0
0
0
0
0
1 1433
0
0
0
0
0
0
0
0
0
0
0
0
0
0
0
0
0
0
1 1689
0
0
0
0
0
0
0
0
0
0
0
0
0
0
0
0
1 79
0
0
0
0
0
0
0
0
0
0
0
0
0
0
0
1 775
5 1480 1664 1666 1678 1680
3 366 689 1788
1 708
0
3 266 1157 1381
5 743 925 1119 1468 1712
0
0
0
0
0
0
0
0
0
0
0
0
0
1 562
1 81
0
0
0
0
0
0
3 396 424 808
0
0
2 789 841
1 1564
0
0
0
0
1 1178
1 1801
2 572 1745
1 941
0
0
0
0
0
0
0
0
1 1867
0
1 499
0
0
0
0
0
0
0
0
0
1 529
0
0
2 713 1271
0
1 1105
0
0
1 84
0
0
0
0
0
0
0
0
0
0
0
0
0
0
1 1338
0
0
0
1 1736
1 736
0
1 1873
1 1523
0
2 621 1733
0
0
0
1 1275
0
0
0
0
3 135 137 1799
0
0
0
0
0
0
1 1074
0
0
1 86
0
0
0
1 1777
0
0
0
1 734
1 823
0
0
0
0
0
2 1203 1475
0
0
0
0
1 1127
1 896
0
0
0
0
0
1 87
0
0
0
0
0
0
1 95
0
0
0
0
0
0
0
0
0
0
0
0
0
0
1 88
0
0
0
0
0
0
0
0
0
0
0
1 305
0
0
0
4 282 750 1391 1724
0
4 311 760 1519 1670
1 1399
0
1 1865
0
2 1286 1574
0
2 890 1226
0
2 670 1328
0
1 1208
1 725
0
0
0
0
0
3 991 1081 1253
0
1 800
0
1 1223
0
0
0
0
0
2 732 1393
0
1 91
0
1 246
1 400
0
0
0
0
0
0
0
0
0
1 974
0
0
0
1 934
1 913
0
1 1022
0
0
1 92
2 682 1109
0
1 731
0
0
0
1 1435
1 1526
0
0
0
0
0
0
1 160
1 1772
0
0
0
0
2 1398 1884
1 1828
0
0
0
1 754
1 1268
1 918
3 668 996 1431
1 421
0
1 1769
0
0
0
0
1 1342
1 496
1 1571
2 232 329
0
0
0
0
0
0
0
2 728 1281
1 97
0
0
0
1 1638
1 1372
0
0
0
4 99 166 556 1133
0
0
0
0
0
0
0
0
1 332
0
0
0
0
0
0
0
2 114 1230
0
0
0
0
0
0
2 979 1015
0
0
0
0
0
0
0
0
0
0
0
0
0
0
1 398
0
0
0
0
1 100
0
0
0
0
0
0
1 855
0
0
0
0
0
0
0
0
0
2 1189 1498
0
0
0
0
0
1 102
0
0
0
0
0
0
0
0
0
0
0
1 827
0
1 101
0
0
1 323
0
0
0
0
0
0
0
0
0
0
0
0
0
0
0
0
1 252
0
0
0
0
0
1 854
0
0
2 194 429
0
0
0
0
0
0
0
0
0
0
0
0
0
0
0
0
1 103
0
0
0
0
0
0
0
0
0
0
2 157 238
0
0
0
0
0
1 954
1 104
1 898
0
0
3 296 594 1442
5 151 591 773 1531 1781
0
1 226
1 663
0
0
0
3 658 1092 1841
0
1 1403
2 280 486
0
0
0
1 155
0
0
0
0
0
0
0
0
0
0
0
1 284
0
3 411 1374 1539
0
1 106
0
0
0
1 1390
0
2 861 1425
0
0
0
0
0
0
0
0
0
0
1 712
0
2 108 1815
0
0
2 857 1840
4 195 758 1046 1620
0
0
1 1324
0
0
0
0
1 1304
0
1 187
0
0
0
0
2 1164 1309
0
1 836
1 279
0
0
0
0
0
0
0
0
0
0
0
0
0
0
0
0
0
0
0
0
0
0
0
0
0
0
0
0
1 110
0
0
0
0
0
2 158 895
0
0
0
0
0
0
0
1 1122
0
0
0
0
0
0
0
0
0
0
0
0
0
0
0
1 111
0
2 1076 1473
0
1 1262
0
0
0
0
0
0
0
0
0
0
0
0
0
0
2 449 709
1 952
0
0
1 1454
0
0
0
0
0
1 113
0
0
0
0
0
0
1 479
0
0
2 325 341
0
0
1 1079
0
1 832
0
2 428 843
0
0
1 418
0
0
0
1 190
1 1059
0
0
0
0
1 1585
1 1312
0
0
0
0
1 588
0
1 1416
0
0
2 536 1822
2 875 1138
0
0
0
0
0
0
0
0
0
0
0
0
0
0
1 1289
0
0
0
0
0
1 117
0
0
0
0
0
0
0
0
0
0
0
0
0
0
0
0
0
0
0
1 118
1 1630
0
2 368 1303
0
0
0
0
0
0
0
0
0
0
0
0
0
1 198
0
0
0
0
0
0
2 181 545
0
0
0
4 480 1158 1549 1794
1 120
0
1 852
0
0
0
0
0
0
0
0
0
1 1252
0
0
2 553 557
1 463
0
0
0
1 1646
0
0
0
2 122 345
0
0
0
0
0
0
0
0
0
0
0
1 207
0
0
1 488
0
0
0
0
0
0
1 1812
1 1859
0
1 123
0
3 573 810 1165
3 662 1004 1084
0
1 1386
0
0
0
0
0
0
0
0
0
0
0
1 943
0
0
0
1 1423
1 846
0
0
0
0
0
0
0
0
0
0
0
0
0
0
0
0
0
0
0
0
0
0
0
0
0
1 126
0
0
0
0
0
0
0
0
1 1568
0
0
0
0
0
0
1 164
0
1 1635
0
0
0
0
0
0
0
0
0
1 130
0
0
2 527 1796
0
0
0
0
0
0
2 1300 1790
0
0
1 370
1 350
1 722
0
1 326
4 173 177 401 1764
0
0
0
1 1870
0
0
0
1 1686
0
0
0
0
1 1629
0
1 1139
0
0
1 753
1 776
1 714
0
2 221 1057
0
0
0
2 258 824
0
0
0
1 134
0
0
0
2 412 907
0
0
0
0
0
3 391 931 1231
1 699
0
0
0
0
1 1048
0
1 1675
0
0
0
0
0
2 579 897
0
0
0
0
0
0
2 703 1734
4 247 504 1509 1846
0
0
0
0
1 136
0
0
0
0
0
0
0
0
0
0
1 1715
0
0
1 822
1 1888
0
0
0
0
0
0
0
1 1747
0
1 683
0
0
0
1 1439
0
0
0
0
0
1 1043
0
0
0
1 767
0
0
1 1174
0
0
0
0
1 1293
1 374
0
0
0
0
0
0
0
0
0
0
0
0
0
0
0
0
0
1 142
0
0
0
0
0
0
0
0
0
0
0
0
0
1 1577
0
0
0
0
0
0
0
2 595 684
0
0
1 978
1 1755
0
1 892
0
1 145
0
0
1 1518
0
0
1 1118
0
0
0
0
0
1 293
0
0
0
0
1 1854
0
1 1877
0
0
0
1 1308
0
0
0
0
1 147
0
2 777 1487
0
0
0
0
0
0
0
0
0
0
0
0
0
1 1850
0
1 1145
1 403
0
0
1 1190
0
0
0
0
0
0
0
0
0
1 149
0
0
0
0
0
0
0
0
0
0
0
0
0
0
2 168 977
0
0
1 1610
0
0
0
0
1 1053
0
1 1838
0
0
0
2 302 1434
0
0
0
1 316
3 321 1596 1616
0
1 702
0
0
0
0
0
0
1 152
0
0
0
0
2 455 1868
0
1 1858
0
0
0
0
0
0
0
0
1 590
0
0
0
0
0
0
0
1 510
0
1 272
0
0
0
0
0
0
0
0
0
0
0
0
0
0
0
0
0
0
0
0
0
0
0
0
0
1 549
0
0
1 154
0
0
0
0
0
1 376
0
0
0
0
0
0
0
0
0
0
0
0
0
0
0
0
1 1566
0
0
0
0
0
0
0
1 1763
0
1 165
0
0
0
0
0
0
0
0
0
0
1 156
0
0
0
0
0
0
1 525
0
0
0
0
0
0
0
0
0
0
0
0
1 1694
0
0
0
0
0
0
0
0
0
0
0
1 720
0
1 1752
0
0
0
0
1 1512
0
0
0
0
0
0
0
1 1789
0
0
0
0
0
0
0
0
0
0
0
0
0
0
1 1558
0
0
0
0
1 696
0
1 159
0
0
0
1 347
0
0
0
0
0
0
0
3 344 1171 1193
0
0
0
0
0
1 961
0
0
0
0
1 301
0
0
0
0
0
0
0
0
0
0
0
0
0
0
0
0
0
0
0
0
0
0
1 1377
1 306
1 1647
0
2 1370 1759
0
0
0
0
1 781
0
0
0
0
0
0
0
0
0
0
0
0
0
0
0
0
0
0
0
0
2 185 1695
2 270 877
2 515 1135
0
0
0
0
2 292 1885
0
0
1 648
0
0
0
1 204
0
0
0
0
0
0
0
0
0
0
0
0
0
0
0
1 1731
0
0
0
0
0
0
0
0
1 1606
0
0
0
0
1 170
0
0
0
0
0
0
0
0
0
0
0
0
0
0
0
1 335
0
0
1 452
0
1 395
0
0
0
0
0
1 171
0
0
0
0
0
0
0
0
0
0
0
0
0
0
0
0
0
0
0
0
2 864 1415
0
0
0
0
0
0
0
0
1 172
0
1 184
0
0
1 1148
0
0
0
0
0
0
0
0
0
0
3 601 778 850
0
0
0
1 1704
0
1 597
0
0
0
0
0
0
0
0
0
0
0
0
0
0
0
0
0
0
0
1 1599
1 175
0
0
0
0
0
0
0
0
1 635
0
0
0
0
0
0
0
0
1 1192
0
0
0
0
0
0
0
0
0
0
1 1581
0
0
0
0
1 580
0
0
0
0
0
0
0
0
0
0
0
0
0
0
0
0
0
0
0
0
0
0
0
0
1 180
0
0
0
0
0
0
0
0
0
0
0
0
1 1707
0
0
0
0
0
0
0
0
0
0
0
0
0
0
0
0
0
0
0
0
2 544 933
0
0
0
0
0
0
0
0
0
1 624
0
0
0
0
0
0
0
1 1086
0
1 1078
0
0
1 610
1 183
0
0
0
0
0
0
0
0
0
0
1 1310
0
0
0
0
0
0
0
0
0
0
0
0
0
0
0
0
0
0
2 679 1560
1 520
0
0
0
0
1 1875
0
0
0
0
2 1001 1739
0
0
0
0
1 208
0
0
0
0
1 1095
0
0
0
0
0
0
0
0
0
0
1 721
0
0
0
0
0
0
1 1711
0
0
0
0
2 763 1775
0
0
0
1 1785
0
1 1756
0
0
3 609 1527 1626
0
0
0
0
0
0
1 543
0
0
0
1 608
1 1849
0
0
0
1 300
0
0
1 189
0
0
0
0
0
0
0
0
0
0
0
0
0
0
1 1843
0
1 1330
0
0
0
0
0
0
1 1448
0
0
0
1 1016
1 191
0
0
1 807
0
0
1 349
0
0
0
1 1573
0
0
2 251 1536
1 821
0
0
0
0
0
0
0
1 889
0
0
0
0
0
0
1 1339
0
0
1 1719
0
0
0
0
0
1 1250
0
0
0
1 192
0
0
0
1 1214
1 233
0
0
0
0
0
0
0
0
1 614
0
0
2 193 1805
0
0
0
1 336
0
0
0
0
0
0
1 1797
0
0
0
0
0
0
0
0
0
0
0
0
2 795 1144
1 1661
1 1108
0
0
0
0
0
0
0
0
0
3 987 1017 1153
0
0
0
0
0
0
0
0
1 873
0
0
0
1 196
0
0
0
0
2 512 769
0
0
0
0
0
0
0
0
0
0
0
0
0
0
0
0
0
0
0
0
0
0
0
0
0
0
0
1 1874
0
0
0
0
0
0
0
1 539
0
0
1 1069
0
0
0
0
0
0
0
0
1 200
0
0
0
0
0
0
0
0
0
0
0
0
0
0
0
0
0
0
0
0
0
1 1528
0
0
0
0
0
0
0
0
1 786
0
0
0
0
0
1 203
0
0
0
0
0
0
0
0
0
0
0
0
0
0
0
0
0
0
1 581
0
0
0
0
0
0
0
0
0
0
0
0
0
0
0
0
0
0
0
0
0
0
1 205
0
0
0
0
0
0
0
0
0
0
0
0
0
0
0
1 598
0
0
0
1 1842
0
0
0
0
1 1292
0
0
1 567
0
0
0
0
0
0
0
0
0
0
0
0
0
0
0
0
1 1725
0
0
0
0
0
0
1 1071
0
0
1 655
0
0
0
0
0
0
0
0
0
2 1298 1472
0
0
0
0
0
0
0
0
0
0
1 1049
0
0
1 211
0
0
0
0
0
0
0
0
0
0
0
0
0
0
0
0
0
0
0
0
0
0
0
0
0
0
0
0
0
0
0
0
0
0
0
1 214
0
0
0
0
0
0
0
0
0
0
0
0
0
0
0
0
0
2 327 1058
0
0
0
0
0
0
0
0
0
0
1 1583
0
0
0
0
1 1191
1 547
0
0
0
0
0
0
0
1 867
0
0
0
0
0
0
0
0
0
1 1793
0
0
1 220
0
0
0
0
0
0
0
0
0
0
0
0
1 1817
0
0
0
0
0
0
0
1 1354
0
0
0
1 1405
0
1 379
1 1735
0
0
0
0
0
0
0
0
0
0
0
0
0
0
0
0
0
0
0
0
0
0
0
0
0
0
0
0
0
0
0
0
1 995
0
1 224
0
0
0
0
0
0
0
0
0
0
0
0
0
0
0
0
0
0
1 419
0
0
0
0
0
0
0
0
0
1 1493
0
0
0
0
0
0
0
0
0
0
0
0
0
0
1 518
0
1 1125
1 309
1 1388
1 1500
0
0
0
0
0
0
0
0
0
0
0
0
0
0
0
0
0
0
0
0
0
0
0
0
0
1 342
0
0
0
0
1 1379
0
1 230
0
0
0
0
0
0
0
0
0
0
0
0
0
0
0
0
0
0
0
0
0
0
0
1 1691
0
0
0
0
0
0
0
0
0
0
0
0
0
0
0
0
0
1 976
0
2 277 1282
1 234
1 522
0
0
0
0
0
0
0
0
0
0
0
0
0
0
0
0
0
0
0
0
0
0
0
0
0
0
0
0
0
0
0
0
1 1502
0
0
0
0
1 377
0
0
1 237
0
0
0
0
0
0
0
0
0
0
0
0
0
0
0
0
0
0
0
0
0
0
0
0
0
0
1 1598
0
0
0
0
0
0
0
0
1 680
0
0
1 1029
0
0
0
0
0
0
0
0
0
0
0
0
0
0
0
0
0
0
0
0
1 242
0
0
0
0
0
0
0
0
0
0
0
0
0
0
0
0
0
0
0
0
2 243 606
0
0
1 657
1 999
0
1 1090
0
0
0
0
0
0
0
0
0
1 244
0
0
0
0
0
0
0
0
0
0
1 730
0
1 858
0
1 697
0
0
0
0
0
0
0
0
0
1 245
0
0
0
0
0
0
0
0
0
0
0
0
0
0
0
0
0
0
0
0
0
1 939
0
0
1 1124
0
0
0
0
0
0
0
0
0
0
0
0
0
1 1879
0
0
0
0
0
0
0
0
0
0
1 661
0
2 768 804
0
0
0
0
0
0
0
0
0
0
0
0
0
0
0
0
1 1742
0
0
0
0
2 1220 1826
0
0
0
0
0
0
0
0
0
0
0
0
0
0
0
0
0
0
0
0
0
1 255
1 1199
0
0
0
0
1 844
1 1331
0
0
0
0
1 1036
0
0
0
0
0
0
0
0
1 256
0
0
0
0
0
0
0
1 633
0
0
0
0
1 1762
0
0
0
1 1402
1 715
1 1346
0
0
0
0
0
0
0
0
0
0
0
0
0
0
0
0
0
0
0
0
0
0
0
0
0
1 1737
0
1 260
0
0
0
0
0
0
0
0
0
0
0
0
0
0
0
0
0
0
1 1115
0
0
0
1 1827
1 262
0
1 667
0
0
0
0
0
0
0
0
0
0
0
0
0
0
0
0
0
1 589
0
0
0
0
0
0
0
0
0
1 264
0
0
0
0
0
0
1 380
0
0
0
0
0
0
0
0
0
1 265
0
0
0
0
0
0
0
0
0
0
0
0
2 487 1824
0
1 1427
0
0
0
0
0
0
0
0
0
0
0
0
0
0
1 1129
0
1 268
0
0
0
0
0
0
0
0
0
0
0
0
0
0
0
0
1 724
0
0
0
0
0
0
0
0
0
0
0
1 1050
1 880
0
0
0
0
0
0
0
0
1 1729
0
0
1 271
0
0
0
0
0
0
0
0
0
0
0
0
0
0
0
0
0
0
0
1 799
0
0
1 1543
0
1 1461
0
0
0
0
1 273
0
0
0
1 1305
0
0
0
0
0
0
0
0
0
0
0
0
0
0
0
0
0
0
0
0
0
0
0
0
0
0
0
0
0
0
0
0
1 649
0
0
1 274
0
0
0
0
0
0
0
0
0
0
0
0
0
0
0
0
0
0
0
0
0
0
0
0
0
1 546
0
0
0
0
0
0
0
0
0
0
0
0
0
0
0
0
0
0
1 276
0
0
0
0
0
0
0
0
0
0
0
0
0
0
0
0
0
0
0
1 1168
0
0
0
0
0
0
0
0
0
0
1 278
0
0
0
0
0
0
0
0
0
0
0
0
0
0
0
1 1639
0
0
1 1224
0
0
0
0
0
1 447
0
0
1 1872
1 587
0
0
0
0
1 837
0
0
0
0
0
0
0
0
0
0
0
0
0
0
0
1 1673
0
0
0
0
1 1256
0
0
0
0
0
0
0
0
0
0
0
0
0
0
0
0
0
0
0
0
0
0
1 1575
0
0
0
0
0
1 287
0
0
0
0
0
0
0
0
0
0
0
0
0
0
0
0
0
0
0
0
0
0
0
0
0
0
0
0
0
0
0
0
0
1 290
0
1 1748
0
0
0
0
0
0
0
0
0
0
0
0
0
0
1 291
0
0
0
0
0
0
0
0
0
0
0
0
0
0
0
0
0
0
0
0
0
0
0
0
0
0
0
0
0
0
0
0
1 425
0
0
0
1 295
0
0
0
0
0
0
2 970 990
0
0
0
0
0
0
0
0
0
0
0
0
0
0
0
0
0
0
0
0
0
0
0
0
0
0
0
1 298
0
0
0
0
0
0
0
0
0
0
1 815
0
0
0
0
0
1 299
1 1886
0
0
0
0
0
0
0
0
0
0
0
0
0
0
0
1 1244
0
0
1 1852
0
0
0
0
0
0
0
0
0
1 882
0
0
0
0
0
0
0
0
0
1 671
0
0
0
0
0
0
0
0
0
0
0
0
0
0
1 303
0
0
0
0
0
0
0
0
0
0
0
0
0
0
0
0
0
0
0
0
0
0
0
0
0
0
0
0
0
0
0
0
0
0
0
0
0
0
0
0
0
1 870
0
0
0
0
1 1783
0
0
0
0
0
0
0
0
0
0
0
0
0
1 787
0
0
0
0
0
0
0
0
0
0
0
0
0
1 405
0
0
0
0
1 828
0
0
0
0
0
1 314
0
0
0
0
0
1 893
0
0
0
0
0
0
0
0
0
0
0
0
0
0
0
0
1 315
0
0
0
0
0
0
0
0
0
0
0
0
0
0
0
0
0
0
0
0
0
0
0
0
0
0
0
0
0
0
0
0
0
0
0
0
0
0
0
0
0
0
0
0
0
0
0
0
0
0
0
0
0
0
0
0
1 319
0
0
0
0
0
0
0
0
0
0
0
0
0
0
0
0
1 1002
1 1617
0
0
0
0
0
0
0
0
0
0
0
0
0
0
0
0
0
0
0
0
0
1 1123
0
1 639
0
0
0
0
0
1 322
1 1367
1 859
0
1 963
0
0
0
0
0
0
0
0
0
0
0
0
0
1 1047
0
0
0
0
0
0
0
0
0
1 830
0
0
0
0
0
0
0
0
0
0
0
0
1 1280
0
0
0
1 399
0
0
1 406
0
0
0
0
0
0
0
1 408
0
0
0
0
0
0
0
0
0
0
0
0
0
0
0
0
0
0
0
0
0
0
0
0
0
0
0
0
0
0
0
0
0
0
0
0
1 334
0
0
0
0
0
0
0
0
0
0
0
0
0
0
0
0
0
0
0
0
0
0
0
0
0
0
0
0
0
0
0
0
0
0
0
0
0
0
0
0
0
0
0
0
0
1 337
0
0
0
0
0
0
0
0
0
0
0
0
0
0
1 1040
0
1 362
0
0
0
0
0
0
0
0
0
0
0
0
0
0
0
0
0
0
0
0
0
0
0
0
0
1 338
0
0
0
0
0
0
0
0
0
0
0
0
0
0
0
0
2 1060 1107
0
0
0
0
0
0
0
0
0
0
0
0
1 1533
0
0
0
1 1467
0
0
0
0
0
0
0
0
0
0
0
0
0
2 788 1098
0
0
0
0
0
0
0
0
0
0
0
0
0
1 513
1 343
0
0
0
0
0
0
0
0
0
0
0
0
0
0
0
2 1131 1589
0
0
0
1 1703
0
0
0
0
1 1513
0
0
0
0
0
0
0
0
0
0
1 866
0
0
0
1 346
0
0
0
0
0
0
0
0
0
0
1 1524
0
0
0
0
0
1 433
0
0
0
0
0
1 431
0
0
0
0
0
0
0
0
0
0
0
0
0
0
0
0
0
0
0
0
1 437
1 1507
0
0
0
0
0
0
0
0
0
0
1 813
0
0
0
0
0
0
1 353
0
0
0
0
0
0
0
0
0
0
0
0
0
0
0
0
0
0
0
0
0
1 685
1 1677
0
0
1 1204
0
0
0
0
0
0
0
0
0
0
0
0
0
0
0
1 1497
0
0
0
0
0
0
0
0
0
0
1 357
0
0
0
0
0
1 1247
0
0
0
0
0
0
0
0
0
0
0
0
0
0
0
0
0
0
0
0
0
1 360
0
0
0
0
0
0
0
0
0
0
0
0
0
0
0
0
3 361 1287 1659
0
0
0
0
0
0
0
0
0
0
0
0
0
0
1 1642
1 1227
1 764
0
0
0
0
0
0
0
0
0
0
0
0
0
0
0
0
0
1 1077
1 1150
0
0
0
0
0
0
0
0
1 1864
0
0
0
0
0
0
1 364
0
0
1 1567
1 794
0
0
0
0
0
0
0
1 872
0
0
0
1 1535
0
0
0
0
0
0
0
0
0
0
1 900
0
0
0
0
0
0
0
0
2 367 1746
0
0
0
0
0
0
0
0
0
0
0
0
0
0
0
0
0
0
0
0
0
0
0
0
0
0
0
0
0
0
0
0
2 369 1068
0
0
0
0
0
0
0
0
0
0
1 582
0
0
0
0
0
0
0
0
0
0
0
0
0
0
0
0
0
0
0
0
0
0
0
0
0
0
0
0
0
0
0
0
0
0
0
0
0
0
0
0
0
0
0
0
0
0
0
0
0
0
0
0
0
1 820
0
0
0
0
0
0
0
0
1 871
0
0
0
0
0
0
0
0
0
0
0
0
0
0
0
0
0
0
0
0
1 1246
0
1 383
0
0
0
0
0
0
0
0
0
0
0
0
0
0
0
0
0
0
0
1 384
0
0
0
0
0
0
0
0
1 532
0
0
0
0
0
0
0
0
0
0
0
0
0
0
0
0
0
0
0
0
0
0
0
0
0
0
0
0
0
1 389
0
0
0
0
0
0
0
0
0
0
0
0
0
0
0
0
0
0
0
0
0
0
0
1 673
0
0
0
0
0
0
0
0
0
0
0
0
0
0
0
0
0
0
0
0
0
1 393
0
0
0
0
0
1 1369
0
0
0
0
0
0
0
0
0
0
0
0
0
0
1 972
1 1102
0
0
0
1 409
0
0
0
0
0
0
0
0
0
0
0
0
0
0
0
0
0
0
0
0
0
0
0
0
0
0
0
0
0
0
0
0
0
0
0
0
0
0
0
0
0
0
0
0
0
0
0
0
0
0
0
0
1 430
0
0
0
0
0
0
0
0
0
0
0
0
0
0
0
0
0
1 404
0
0
0
0
0
0
0
0
0
0
0
0
0
0
0
0
0
0
0
0
0
0
0
0
0
0
0
0
0
0
0
0
0
0
0
0
0
0
0
0
0
0
0
0
0
0
0
0
0
0
0
0
0
0
0
0
0
0
0
0
0
0
0
0
0
0
0
1 473
0
0
0
0
0
0
0
0
0
0
0
0
0
0
1 410
0
0
0
0
0
0
0
0
0
1 1773
1 1792
0
0
0
1 879
0
0
0
0
0
0
0
0
0
0
0
0
0
0
0
0
0
0
0
0
0
0
0
1 413
0
0
0
0
0
0
0
0
0
0
0
0
0
0
0
0
1 414
0
0
0
0
0
0
0
0
0
0
0
0
0
0
0
1 745
0
0
0
0
0
0
0
0
0
0
0
0
0
0
0
1 415
0
0
0
0
0
0
0
0
0
0
0
0
0
0
0
0
0
0
0
0
0
0
1 1489
0
0
0
0
0
0
0
0
0
0
0
0
0
1 417
0
0
0
0
0
0
0
0
0
0
0
0
0
0
0
0
0
0
0
0
0
1 1857
0
0
0
0
0
0
0
0
0
0
0
0
0
0
0
0
0
0
0
0
0
0
0
0
0
0
1 508
0
0
0
0
0
0
0
0
0
0
0
0
0
0
0
0
0
0
0
0
0
0
0
0
2 426 1392
0
0
0
0
0
0
0
0
0
0
0
0
0
0
0
0
0
0
0
0
0
0
0
0
0
0
0
0
0
0
0
0
0
0
0
0
0
0
0
0
0
0
0
0
0
0
0
0
1 1042
0
1 647
1 1481
0
0
0
0
0
0
0
0
1 772
0
0
0
1 432
0
0
0
0
0
0
0
0
2 1056 1579
0
0
0
0
0
0
0
0
0
0
0
0
0
0
0
0
0
0
0
0
0
0
0
0
0
0
0
0
1 989
0
0
0
0
0
0
0
0
0
0
0
0
0
0
0
0
0
0
0
0
0
0
0
0
0
0
0
1 436
0
0
0
0
0
0
0
0
0
0
0
0
0
0
0
0
0
0
0
0
0
0
0
0
0
0
0
0
0
0
0
0
1 1126
0
0
0
0
0
0
0
0
0
0
0
0
0
0
0
0
1 442
0
0
0
0
0
1 1417
0
0
1 994
0
0
0
0
0
0
0
0
0
0
0
0
0
0
0
1 443
0
0
0
0
0
0
0
0
0
0
0
0
0
0
0
0
0
0
0
0
0
0
1 646
0
0
0
0
0
1 1508
0
0
0
0
0
0
0
0
1 1018
0
0
0
0
0
0
0
0
0
0
0
0
0
0
0
0
0
0
0
0
0
0
0
0
0
0
0
0
0
1 453
0
0
0
0
0
0
0
0
0
0
0
1 1337
0
0
0
0
0
0
0
1 1538
1 1295
0
0
0
0
0
0
0
0
0
0
1 1730
0
0
0
0
0
0
0
0
0
0
0
0
0
0
0
0
0
0
1 460
0
0
0
0
0
0
0
0
0
0
0
0
0
0
0
0
0
0
0
0
0
0
0
0
0
0
0
0
0
0
0
0
0
0
0
0
0
0
0
0
0
0
0
0
0
0
0
0
0
0
0
0
0
0
0
0
0
1 468
0
0
0
0
0
0
0
0
0
1 863
0
0
0
0
0
0
0
0
0
0
0
0
0
0
1 1506
0
0
0
0
0
1 666
0
0
0
0
1 862
0
0
0
0
0
0
0
0
0
0
0
0
0
0
0
0
0
0
1 474
0
0
0
0
0
0
0
0
0
0
0
0
0
0
0
0
0
0
0
0
0
0
0
0
0
0
0
0
0
0
0
0
0
0
0
0
0
0
0
0
0
0
0
0
0
0
0
1 475
0
0
0
0
0
0
0
0
0
0
0
0
0
0
0
0
0
0
0
0
0
0
0
0
0
0
0
0
0
0
0
0
0
0
0
0
1 477
1 1848
0
0
0
0
0
0
0
0
0
0
0
0
0
0
0
0
0
0
0
0
0
0
0
0
1 1316
0
0
0
0
0
0
0
0
0
2 482 1545
0
0
0
2 920 923
0
0
0
0
0
0
0
0
0
0
0
0
0
0
0
0
0
0
0
0
1 484
0
0
0
0
0
0
0
0
0
0
0
0
0
0
0
0
0
0
0
0
0
0
0
0
0
0
0
0
0
0
0
0
0
0
0
0
0
0
0
0
0
0
0
0
0
0
0
1 489
0
0
0
0
2 1200 1758
0
0
0
0
0
0
0
0
0
0
1 966
0
0
0
0
0
0
0
0
0
0
0
0
0
0
0
0
0
0
1 493
0
0
0
0
0
0
0
0
0
0
0
0
0
0
0
0
0
0
0
1 494
0
0
0
0
0
0
0
0
0
0
0
0
0
0
0
0
0
1 1750
0
0
0
0
0
0
0
0
1 497
0
0
0
0
2 1350 1672
0
0
0
0
0
0
0
0
0
0
0
0
0
0
0
0
0
0
0
0
0
0
0
0
0
0
0
0
0
0
0
0
0
0
0
0
0
0
0
0
0
0
0
0
0
0
0
0
0
0
0
0
0
0
0
0
0
0
0
0
0
0
0
0
0
0
0
0
0
0
0
0
0
0
0
0
0
0
0
0
0
0
0
0
0
0
0
0
0
0
0
0
0
0
0
0
0
0
0
0
0
0
0
0
0
0
0
0
0
0
0
0
0
0
0
0
0
0
0
0
0
0
0
0
0
0
0
0
0
0
0
1 516
0
0
0
0
0
0
0
0
0
0
0
0
0
0
0
1 1120
0
0
0
1 517
0
0
0
0
0
0
0
0
0
0
0
0
0
0
0
0
0
0
0
0
0
0
0
0
0
1 519
0
0
0
0
0
0
0
0
0
0
0
1 1641
0
0
0
0
0
0
0
0
1 1348
0
0
0
0
0
0
0
0
0
0
0
0
0
0
0
0
0
0
0
1 885
0
0
0
0
0
0
0
0
0
0
0
0
0
0
1 524
0
0
0
0
0
0
0
0
0
0
0
0
0
0
0
0
0
0
0
1 1662
0
0
0
0
0
1 946
0
0
0
0
0
0
1 526
0
0
0
0
0
0
0
0
0
0
2 951 1116
0
0
0
0
0
0
0
0
0
0
0
0
0
0
0
0
0
0
0
0
0
0
0
0
0
0
1 718
0
0
0
0
0
0
0
0
0
0
0
0
0
1 535
0
0
0
0
0
0
0
0
0
0
0
0
0
0
0
0
0
0
0
0
0
0
0
0
0
0
0
0
0
0
0
0
0
0
0
0
1 538
0
0
0
0
0
0
0
0
0
0
0
0
0
0
0
0
1 1276
0
0
0
0
0
0
0
0
0
0
0
0
0
0
1 1051
0
1 541
0
0
0
0
0
0
0
0
0
0
0
1 719
0
0
0
0
0
0
1 542
0
0
0
0
0
0
0
0
0
0
0
0
0
0
0
0
0
0
0
0
0
0
0
0
0
0
0
0
0
0
0
0
0
0
0
0
0
0
0
0
0
0
0
0
0
0
0
0
0
0
0
0
0
0
0
0
0
0
0
0
0
0
0
0
0
1 548
0
0
0
0
0
0
0
0
0
0
0
0
0
0
0
0
0
0
0
0
0
0
0
0
0
0
0
0
0
0
0
0
0
0
0
0
0
0
0
0
0
0
0
0
0
0
0
0
0
0
0
0
0
0
0
0
0
0
1 1540
0
0
0
0
0
0
0
0
0
0
0
0
0
0
0
0
0
0
0
0
0
0
0
0
0
0
0
0
0
0
0
0
0
0
0
0
0
0
0
0
1 1215
0
1 558
0
0
0
0
0
0
0
0
0
0
0
0
1 1516
0
0
0
0
0
0
0
0
1 559
0
0
0
0
0
0
0
0
0
0
0
0
0
0
0
1 560
0
0
0
0
0
0
0
0
0
0
0
0
0
0
0
0
0
0
0
0
0
0
0
0
1 693
0
0
0
0
0
0
0
0
0
0
0
0
0
0
0
0
0
0
0
0
0
0
1 564
0
1 1891
0
0
0
0
0
0
0
0
0
0
0
0
0
0
0
0
0
0
0
0
0
0
0
0
0
0
0
0
0
1 1484
0
1 565
0
0
0
0
0
0
0
0
0
0
0
0
0
0
0
0
0
0
0
0
0
1 1421
1 973
0
0
0
0
1 1784
0
0
0
0
0
0
0
0
0
0
0
0
0
0
0
0
0
0
0
0
0
0
0
0
0
0
0
0
0
0
0
0
0
0
0
0
1 574
0
0
0
0
0
0
0
0
0
0
0
0
0
0
0
0
0
0
0
0
0
0
0
0
0
0
0
0
0
2 950 1272
0
0
0
0
0
0
0
0
0
0
0
0
0
0
0
0
0
0
0
0
0
0
0
0
0
0
0
2 616 1358
0
0
0
0
0
0
0
0
0
0
0
0
0
1 1700
0
0
0
0
0
0
0
0
0
0
0
0
0
0
0
0
1 1819
0
0
1 1242
1 625
0
0
0
0
0
0
0
0
0
0
0
0
0
0
0
0
0
0
0
0
0
0
0
1 965
0
0
0
0
0
0
0
0
0
0
0
0
0
0
0
0
0
0
0
0
0
0
0
0
1 593
0
0
0
0
0
0
0
0
0
0
0
0
0
0
0
0
0
0
0
0
0
0
0
0
1 910
0
0
0
0
0
1 971
0
1 596
0
0
0
0
0
0
0
0
0
0
0
0
0
0
0
0
0
0
0
0
0
0
0
0
0
0
0
0
0
0
0
0
0
0
0
0
1 599
1 1136
0
0
0
0
1 1470
0
0
0
0
0
0
0
0
0
0
0
0
0
0
0
0
0
0
0
0
0
0
0
0
0
0
0
1 733
1 604
0
0
0
0
0
0
0
0
0
0
0
0
0
0
0
0
1 605
0
0
0
0
0
0
0
0
0
1 762
0
0
0
0
0
0
0
0
0
0
0
0
0
0
0
0
0
0
0
0
0
0
0
0
0
0
0
0
0
0
0
0
0
0
0
0
0
0
0
1 607
0
0
0
0
0
0
0
0
0
0
0
0
0
0
0
0
0
0
1 1326
0
0
0
0
0
0
0
0
0
0
0
0
0
0
0
0
0
0
0
0
0
0
0
0
0
0
0
0
0
0
0
0
0
1 612
0
0
0
0
0
0
0
0
0
0
0
0
0
0
0
0
0
0
0
0
0
0
1 1779
0
0
0
0
0
1 1319
0
0
0
0
0
0
0
0
1 613
0
0
0
0
0
0
0
0
0
0
0
0
0
0
0
0
0
0
0
0
0
0
0
0
0
0
0
0
0
0
0
0
0
0
0
0
0
1 615
0
0
0
0
0
0
0
0
0
0
0
0
0
0
0
0
0
0
0
0
1 1808
0
0
0
0
0
0
0
0
0
0
0
0
0
0
1 618
0
0
0
0
0
0
0
0
0
0
0
0
0
0
0
0
0
0
0
0
0
0
0
0
0
0
0
1 623
0
0
0
0
0
0
0
0
0
0
0
0
0
0
0
0
0
0
0
0
0
0
0
0
0
0
0
0
0
0
0
0
0
0
0
0
0
0
0
0
0
0
0
0
0
0
1 629
0
0
0
0
0
0
0
0
0
0
0
0
0
0
0
0
0
0
0
0
0
0
0
0
0
0
1 1446
0
0
1 1685
0
0
0
0
0
0
0
0
0
0
0
0
0
0
0
0
0
0
0
0
0
0
0
0
0
0
0
0
1 1217
0
0
0
0
0
0
0
0
0
0
0
0
0
0
0
0
1 644
0
0
0
0
0
0
0
0
0
0
0
0
0
0
0
1 645
0
0
0
0
0
0
0
0
0
0
0
0
0
0
0
0
0
0
0
0
0
0
0
0
0
0
0
0
0
0
0
0
0
0
0
0
0
0
0
0
0
0
0
0
0
0
0
0
0
0
0
0
0
0
0
0
0
0
0
0
0
0
0
0
0
0
0
0
0
0
0
0
0
0
0
0
0
0
1 656
0
0
0
0
1 901
0
0
0
0
0
0
0
0
0
0
0
0
0
0
0
0
0
0
0
0
0
0
0
0
0
0
0
0
0
0
0
0
0
1 659
0
0
0
0
0
0
0
0
0
0
1 1356
0
0
0
0
0
0
0
0
0
1 660
0
0
0
0
0
0
0
0
0
0
0
0
0
0
0
0
0
0
0
0
0
0
0
0
0
0
1 1738
0
0
0
0
0
0
0
1 1761
0
0
0
0
0
0
1 1110
0
0
0
0
1 664
0
0
0
0
0
0
0
0
0
0
0
0
0
0
0
0
0
0
0
0
0
0
0
0
0
0
0
0
0
0
0
0
0
0
0
0
0
0
0
0
0
0
0
0
0
0
0
0
1 690
1 1169
0
0
0
0
0
0
0
0
0
1 676
0
0
0
0
0
0
0
0
0
0
0
0
0
0
0
1 1716
0
0
0
0
0
0
1 677
0
0
0
0
0
0
0
0
0
0
0
0
0
0
0
0
0
0
0
0
0
0
0
0
0
0
0
0
0
0
0
0
0
0
0
0
0
0
0
1 678
0
0
0
0
0
0
0
0
0
0
0
0
0
0
0
0
0
0
0
0
1 1862
0
0
0
0
0
0
0
0
0
0
0
0
0
0
0
0
0
0
0
0
0
0
0
0
0
0
0
0
0
0
0
1 993
0
0
0
0
0
0
0
0
0
0
0
0
0
0
0
1 687
0
0
0
0
0
0
0
0
0
0
0
0
0
0
0
0
0
0
0
0
0
0
0
0
0
0
0
0
0
0
0
0
0
0
1 692
0
0
0
0
0
0
0
0
0
0
0
0
0
0
0
0
0
0
0
0
0
0
0
0
0
0
0
0
0
0
0
0
0
0
0
0
0
0
0
0
0
0
0
0
0
0
0
1 1332
0
0
0
0
0
0
0
0
0
0
0
0
0
0
0
0
0
0
0
0
0
0
0
0
0
0
0
0
0
0
0
0
0
1 701
0
0
0
0
0
0
0
0
0
0
0
0
0
0
0
0
0
0
0
0
1 986
0
1 1727
1 1083
0
0
0
0
0
0
0
0
0
0
0
0
0
0
0
0
0
0
0
0
0
0
0
0
0
0
0
0
0
0
0
0
0
0
0
0
0
0
0
0
0
0
0
0
0
0
0
0
0
0
0
1 883
0
0
0
0
0
0
0
0
0
0
0
0
0
0
0
0
0
0
0
0
0
0
0
0
0
0
0
0
0
0
0
0
0
0
0
0
0
0
0
0
0
0
0
0
0
0
0
0
0
0
0
0
0
0
0
0
0
0
0
0
0
0
0
0
0
0
0
0
0
0
0
0
0
0
0
0
0
0
0
0
0
0
0
0
0
0
0
0
0
0
0
0
0
0
0
0
0
0
0
0
0
1 727
0
0
0
0
0
0
0
0
0
0
0
0
0
0
0
0
0
0
0
0
0
0
0
0
0
0
0
0
0
0
0
0
0
0
0
0
0
0
0
0
0
0
0
0
0
0
0
0
0
0
0
0
0
0
0
0
0
0
0
0
0
0
0
0
0
0
0
0
0
0
0
0
1 1853
0
0
0
0
0
0
1 741
0
0
0
0
0
0
0
0
0
0
0
0
0
0
0
1 1463
0
0
1 742
0
0
0
0
0
0
0
0
0
0
0
0
0
0
0
0
0
0
0
0
0
0
0
0
0
0
0
0
0
0
0
0
0
0
0
1 744
0
0
0
0
0
0
0
0
0
0
0
0
0
0
0
0
0
0
0
0
0
0
0
0
0
0
0
0
0
0
0
0
0
0
0
0
0
0
0
0
0
1 747
0
0
0
0
0
0
0
0
0
0
0
0
0
0
0
0
0
1 748
0
0
0
0
0
0
0
0
0
0
0
0
0
0
0
0
0
0
0
0
0
1 749
0
0
0
0
0
0
0
0
0
0
0
0
0
0
0
0
0
0
0
0
0
0
0
0
0
0
0
0
0
0
0
0
0
0
1 752
0
0
0
0
0
0
0
0
0
0
0
0
0
0
0
0
0
0
0
0
0
0
0
0
0
0
0
1 1357
0
0
0
0
0
0
0
0
0
0
0
0
0
0
0
0
0
0
0
0
0
0
0
0
0
0
0
0
0
0
0
0
0
0
0
0
0
0
0
0
0
0
0
0
0
0
0
0
0
0
0
0
1 761
0
0
0
0
0
0
0
0
0
0
0
0
0
0
0
0
0
0
0
0
0
0
0
0
0
0
0
0
0
0
0
0
0
0
0
0
0
0
0
0
0
0
0
0
0
0
0
0
0
0
1 766
0
0
0
0
1 1206
0
0
0
0
0
0
0
0
0
0
1 1802
0
0
0
0
0
1 1844
0
0
0
0
0
0
0
0
0
0
0
0
0
0
0
0
0
0
0
0
0
0
0
0
0
0
0
0
0
0
0
0
0
0
0
0
0
0
0
0
0
0
0
0
0
0
0
0
0
0
0
0
0
1 774
0
0
0
0
0
0
0
0
0
0
0
0
0
0
0
0
0
0
0
0
0
0
0
0
0
0
1 1323
0
0
0
0
0
0
1 780
0
0
0
0
0
0
0
0
0
0
0
0
0
0
0
0
0
0
0
0
1 782
0
0
0
0
1 1251
0
0
0
0
0
0
0
0
0
0
0
0
0
1 783
0
0
0
0
0
0
0
0
0
0
0
0
0
0
0
0
0
0
0
0
0
0
0
0
0
0
0
0
0
0
0
0
0
0
0
0
0
0
0
0
0
0
0
0
0
0
0
0
0
0
0
0
0
0
0
0
1 790
0
0
0
0
0
0
0
0
0
0
0
0
0
0
0
0
0
0
0
0
0
0
0
0
0
0
0
0
0
0
0
0
0
0
0
0
0
0
0
0
0
0
0
0
0
0
0
0
0
0
0
0
0
0
0
0
0
0
0
0
0
0
0
0
0
0
0
1 805
0
0
0
0
0
0
0
0
0
0
0
0
0
0
0
0
0
0
0
0
0
0
0
0
0
0
0
0
0
0
0
0
0
0
0
0
0
0
0
0
0
0
0
0
0
0
0
0
0
1 812
0
0
0
0
0
0
0
0
0
0
0
0
0
0
0
0
0
0
0
0
0
0
0
0
0
0
0
0
0
0
0
0
0
0
0
0
0
0
0
0
0
0
0
0
0
0
0
0
0
0
0
0
0
0
0
0
0
0
0
0
0
0
0
0
0
0
0
0
1 1455
0
0
0
0
0
0
0
0
0
0
0
0
0
0
0
0
0
0
0
0
0
0
0
0
0
0
1 1576
0
0
1 825
0
0
0
0
0
0
0
0
0
0
0
0
0
0
0
0
0
0
0
0
0
0
1 1089
0
0
0
0
0
0
0
0
0
0
0
0
0
0
0
0
0
0
0
0
0
0
0
0
0
0
0
0
0
1 831
0
0
0
0
0
0
0
0
1 1210
0
0
0
0
0
0
0
0
0
0
0
0
0
0
0
0
0
0
0
0
0
0
0
0
1 1237
0
0
0
0
0
0
0
0
0
0
0
0
0
0
0
0
0
0
0
0
0
0
0
0
0
0
0
0
0
0
0
0
0
0
1 849
0
0
0
0
0
0
0
0
0
0
0
0
0
0
0
0
0
0
0
0
1 1260
0
0
0
0
0
0
0
0
0
0
0
0
0
0
0
0
0
0
0
0
0
0
0
0
0
0
0
0
0
0
0
1 851
0
0
0
0
0
0
0
1 1021
0
0
0
0
0
0
0
0
0
0
0
0
0
0
0
0
0
0
0
0
0
0
0
0
0
0
1 853
0
0
0
0
0
0
0
0
0
0
0
0
0
0
0
0
0
0
0
0
0
0
0
0
1 1167
0
0
1 1007
0
0
0
0
0
0
1 856
0
0
0
0
0
0
0
0
0
0
0
0
0
0
0
0
0
0
0
0
0
0
0
0
0
0
0
0
0
0
0
0
0
0
0
0
0
0
0
0
0
0
0
0
0
0
0
0
0
0
0
0
0
1 1663
0
0
0
0
0
0
0
0
0
0
0
1 1693
0
0
0
0
1 1406
0
0
0
0
0
0
0
0
0
0
1 930
0
0
0
0
0
1 1613
0
0
0
0
0
0
0
0
0
0
0
0
0
0
0
0
0
0
0
0
0
0
0
0
0
0
0
0
0
0
0
0
0
0
0
0
0
0
0
0
0
0
0
0
0
0
0
0
0
0
0
0
0
0
0
0
0
0
0
0
0
0
0
0
0
1 874
0
0
0
0
0
0
0
0
0
0
0
0
0
0
0
0
0
0
0
0
0
0
0
1 1063
0
0
0
0
1 878
0
0
0
0
0
0
0
0
0
0
0
0
0
0
0
0
0
0
0
0
1 1201
0
0
0
0
0
0
0
0
0
0
0
0
0
0
0
0
0
0
0
0
0
0
0
0
0
0
0
0
0
0
0
0
0
0
0
0
0
0
0
0
0
0
0
0
0
0
0
0
0
0
1 884
0
0
0
0
0
0
0
0
0
0
0
0
0
0
0
0
0
0
0
0
0
0
0
0
0
0
0
1 1702
0
0
0
0
0
0
0
0
0
0
0
0
0
0
0
0
0
0
0
0
0
0
0
0
0
0
0
0
0
0
0
0
0
0
0
0
0
0
0
0
0
0
0
0
0
0
0
0
0
1 1143
0
0
0
0
0
0
0
0
0
0
0
0
0
0
0
0
0
0
1 899
0
0
0
0
0
0
0
0
0
0
0
0
0
0
0
0
0
0
0
0
0
0
0
0
0
0
0
0
0
0
0
0
0
0
0
0
0
0
0
0
0
0
0
0
0
0
0
0
0
0
0
0
0
0
0
0
0
0
0
0
0
0
0
0
1 1876
0
0
0
0
0
0
1 1578
0
0
1 909
0
0
0
0
0
0
0
0
0
0
0
0
0
0
0
0
0
0
0
0
0
0
0
0
0
0
0
1 922
0
0
0
0
0
0
0
0
0
0
0
2 1534 1804
0
0
0
0
0
0
0
0
0
0
0
0
0
0
0
1 912
0
0
0
0
0
0
0
0
0
0
0
0
0
1 985
0
0
0
0
1 914
0
0
0
0
0
0
0
0
0
0
0
0
0
0
0
0
0
0
0
0
0
0
0
0
0
1 1483
0
0
0
0
0
0
0
0
0
0
0
0
1 1563
0
1 1829
0
0
0
0
0
1 919
0
0
0
0
0
0
0
0
0
0
0
0
0
0
1 1349
0
0
0
1 1301
0
0
0
0
0
0
0
0
0
0
0
0
0
0
0
0
0
0
0
0
0
0
0
0
0
0
0
0
0
0
0
0
0
0
0
0
0
0
0
0
0
0
0
0
0
0
0
0
0
0
0
0
0
0
0
0
0
0
0
0
0
0
0
0
0
0
0
0
0
0
0
0
0
0
0
0
0
0
0
0
0
0
0
0
0
1 945
0
0
0
0
0
0
0
0
0
0
0
0
0
1 1341
0
0
0
0
1 1640
0
0
0
0
0
0
0
0
0
0
0
0
0
0
1 949
0
0
0
0
0
0
0
0
0
0
0
0
0
0
0
0
0
0
0
0
0
0
0
0
0
1 1234
0
0
0
0
0
0
0
0
0
0
0
0
0
0
0
0
0
0
0
1 1515
0
0
0
0
0
0
0
0
0
0
1 957
0
0
0
0
0
0
0
0
0
0
0
0
0
0
0
0
0
0
0
1 959
0
0
0
0
0
0
0
0
0
0
0
0
0
0
0
0
0
0
0
0
0
0
0
0
0
0
0
0
0
0
0
0
0
0
0
0
0
0
0
0
0
0
0
0
0
0
0
0
0
0
0
0
1 1073
0
0
0
0
0
0
0
0
0
0
0
0
0
0
0
0
0
0
0
0
0
0
0
0
0
0
0
0
0
0
0
0
0
0
0
0
0
0
0
0
0
0
0
0
0
0
0
0
0
0
0
0
0
0
0
0
0
1 1232
0
0
0
0
0
0
0
0
0
0
0
0
0
0
0
1 982
0
0
0
0
0
0
0
0
0
0
0
0
0
0
0
0
0
0
0
0
0
0
0
0
0
0
0
0
0
0
0
0
0
0
0
0
0
0
0
0
0
0
0
0
0
0
0
0
0
0
0
0
0
0
0
0
0
0
0
0
0
0
0
0
0
0
0
0
0
0
0
0
0
0
0
0
0
0
0
0
0
0
0
0
0
0
0
0
0
0
0
0
0
0
0
0
0
0
0
0
0
0
0
1 1458
0
0
0
0
0
0
0
0
0
0
0
0
0
0
0
0
0
0
0
0
0
0
0
1 1532
0
0
0
0
0
0
0
0
0
0
0
0
0
1 998
0
0
0
0
0
0
0
0
0
0
0
0
0
0
0
0
0
0
0
0
0
0
0
0
0
0
0
0
0
0
0
0
0
0
0
0
0
0
0
0
0
0
0
0
0
0
0
0
0
0
1 1006
0
0
0
0
0
0
0
0
0
0
0
0
0
0
0
0
0
0
0
0
1 423
0
0
0
0
0
0
0
0
0
0
0
0
0
0
0
0
0
0
0
0
1 1013
0
0
0
0
0
0
0
0
0
0
0
0
0
0
0
0
0
0
0
0
0
0
0
0
0
0
0
0
0
0
0
0
0
0
0
0
0
0
0
0
0
0
0
0
0
0
0
0
0
0
0
0
0
1 1023
0
0
0
0
0
0
0
0
0
0
0
0
0
0
0
0
0
0
0
0
0
0
0
0
0
0
0
0
0
0
0
0
0
0
0
1 1141
0
0
0
0
0
0
0
0
1 1025
0
0
0
0
0
0
0
0
0
0
0
0
0
0
0
0
0
0
0
0
0
0
0
0
0
0
1 1027
0
0
1 1767
1 1055
0
0
0
0
0
0
0
0
0
0
0
0
0
0
0
0
0
0
0
0
0
0
0
0
1 1030
0
0
0
0
0
0
0
0
0
0
0
0
0
0
0
0
0
0
0
0
0
0
0
0
0
0
1 1496
0
1 1041
0
0
0
0
0
0
0
0
0
0
0
0
0
0
0
0
0
0
0
0
0
0
0
0
0
0
0
0
0
0
0
0
0
0
0
0
0
0
0
0
0
0
0
0
0
0
0
0
0
0
0
0
0
0
0
0
0
0
0
0
0
0
0
0
0
0
0
0
0
0
1 1044
0
0
0
0
0
0
0
0
0
0
0
0
0
0
0
0
0
0
0
0
0
0
0
0
0
0
0
0
0
0
0
0
0
0
0
0
0
0
0
0
0
0
0
0
0
0
0
0
0
0
0
0
0
0
0
0
0
0
0
0
0
0
0
0
0
0
0
0
0
0
0
1 1052
0
0
0
0
0
0
0
0
0
1 1351
0
0
0
0
0
0
1 1134
0
0
0
0
0
0
1 1054
0
0
0
0
0
0
0
0
0
0
0
0
0
0
0
0
0
0
0
0
0
0
0
0
0
0
0
0
0
0
0
0
0
0
0
0
0
0
0
0
0
0
0
0
0
0
0
0
0
0
0
0
0
0
0
0
0
0
0
0
0
0
0
0
0
0
0
0
0
1 1061
0
0
0
0
0
0
0
0
0
0
0
0
0
0
0
0
0
0
0
0
0
0
0
0
0
0
0
0
0
0
0
0
0
0
0
0
0
0
0
0
0
0
0
0
0
0
0
0
1 1065
0
0
0
0
0
0
0
0
0
0
0
0
0
0
0
0
0
0
0
0
0
0
0
0
1 1066
0
0
0
0
0
0
0
0
0
0
0
0
0
0
0
0
0
0
0
0
0
0
0
0
0
0
0
0
0
0
0
0
0
0
0
0
0
0
0
0
0
0
0
0
0
0
0
0
0
0
0
0
0
0
0
0
0
0
0
0
0
0
0
0
0
0
0
0
0
0
0
0
0
0
0
0
0
0
0
0
0
0
0
0
0
0
0
0
0
0
0
0
0
0
0
0
0
0
0
0
0
0
0
0
0
0
0
0
0
0
0
0
0
0
0
0
0
0
0
0
0
0
0
0
0
0
0
0
0
0
0
0
0
0
1 1495
0
0
0
0
0
0
0
0
1 1091
0
0
0
0
0
0
0
0
0
0
0
0
0
0
0
0
0
0
0
0
0
0
0
0
0
0
0
0
0
0
0
0
0
0
0
0
0
0
0
0
0
0
1 1555
0
0
0
0
0
0
0
0
0
0
0
0
0
0
0
0
0
0
0
1 1100
0
0
0
0
0
0
0
0
0
0
0
0
0
0
0
0
0
0
1 1101
0
0
0
0
0
0
0
0
0
0
0
0
0
0
0
0
0
0
0
0
0
0
0
0
0
0
0
0
0
1 1104
1 1255
0
0
0
0
0
0
0
0
0
0
0
0
0
0
0
0
0
0
0
0
0
0
1 1624
0
0
0
0
0
0
0
1 1106
0
0
0
0
0
0
0
0
0
0
0
0
0
0
0
0
0
0
0
0
0
0
0
0
0
0
0
0
0
0
0
0
0
0
0
0
0
0
0
0
0
0
0
0
0
0
0
0
0
0
0
0
0
1 1113
0
0
0
0
0
0
0
0
0
0
0
0
0
0
0
0
0
0
0
0
0
0
0
0
0
0
0
0
0
0
0
0
0
0
0
0
0
0
0
0
0
0
0
0
0
0
0
0
0
0
0
0
0
0
0
0
0
0
0
0
0
0
0
0
0
0
0
0
0
0
0
1 1121
0
0
0
0
0
0
0
0
1 1478
0
0
0
0
0
0
0
0
0
0
0
0
0
0
1 1882
0
0
0
0
0
0
0
0
0
0
0
0
0
0
0
0
0
0
0
0
0
0
0
0
0
0
0
0
0
0
0
0
0
0
0
0
0
0
0
0
0
0
0
0
0
0
0
0
1 1202
0
0
0
0
0
1 1283
0
0
0
0
0
0
0
0
0
0
0
0
0
0
0
0
0
0
0
0
0
0
0
0
0
0
0
0
0
0
0
0
0
0
0
0
0
0
0
0
0
0
0
0
0
0
0
0
0
0
0
0
0
0
0
0
0
0
0
0
0
0
0
0
0
0
0
0
0
0
0
0
1 1428
0
1 1605
0
0
0
0
0
0
0
0
0
0
0
0
0
0
0
0
0
0
0
0
0
0
0
0
0
0
0
0
0
0
0
0
0
0
0
0
0
0
0
0
0
0
0
0
0
0
0
0
0
0
0
0
0
0
0
0
0
1 1154
0
0
0
0
0
0
0
0
0
0
0
0
0
0
0
0
0
0
0
0
0
0
0
0
0
0
1 1681
0
0
0
0
2 1159 1551
0
0
0
0
0
0
0
0
0
0
0
0
0
0
0
0
0
0
0
0
0
0
0
0
0
0
0
0
0
0
0
0
0
0
0
0
0
0
0
0
0
0
0
0
0
0
0
0
1 1411
0
0
0
0
0
0
0
0
0
0
0
0
0
0
0
0
0
0
1 1170
0
0
0
0
0
0
0
0
0
0
0
0
0
0
0
0
0
0
0
0
0
0
0
0
0
0
0
0
0
0
0
0
0
0
0
0
0
0
0
0
0
0
0
0
0
0
0
0
0
0
0
0
0
0
0
0
0
0
0
0
0
0
0
0
0
0
0
0
0
0
0
0
0
0
0
0
0
0
0
0
0
0
0
0
0
0
0
0
0
0
0
0
0
0
0
0
0
0
0
0
0
0
0
0
0
0
0
0
0
0
0
0
0
0
1 1194
0
0
0
0
0
0
0
0
0
0
0
0
1 1682
0
0
0
0
0
0
0
0
0
0
0
0
0
0
0
0
0
0
0
0
0
0
0
0
0
0
0
0
0
0
0
0
0
0
0
0
0
0
0
0
0
0
0
0
0
0
0
1 1743
0
0
0
0
0
0
0
0
0
0
0
0
0
0
0
0
0
0
0
0
0
0
0
0
0
0
0
0
0
1 1205
0
0
0
0
0
0
0
0
0
0
0
0
0
0
0
0
0
0
0
0
0
0
0
0
0
0
0
0
0
0
0
0
0
0
0
0
0
0
0
0
0
0
0
0
0
0
0
0
0
0
0
1 1382
0
0
0
0
0
0
0
0
0
0
0
0
0
0
0
0
0
0
0
0
0
0
0
0
0
0
0
0
0
0
0
0
0
0
0
0
0
1 1219
0
0
0
0
0
0
0
0
0
0
0
0
0
0
0
0
0
0
0
0
0
0
0
0
0
0
0
0
0
0
0
0
0
0
0
0
0
0
0
0
0
0
0
0
0
0
0
0
0
0
0
0
0
0
0
0
1 1229
0
0
0
0
0
0
0
0
0
0
0
0
0
0
0
0
0
0
0
0
0
0
0
0
0
0
0
0
0
0
0
0
0
0
0
0
0
0
0
0
0
0
0
0
0
0
0
0
0
0
0
0
0
0
0
0
0
0
0
0
0
0
0
0
0
0
0
0
0
0
0
0
0
0
0
0
0
0
0
0
0
0
0
1 1240
0
0
0
0
0
0
0
0
0
0
0
0
0
0
0
0
0
0
0
0
0
0
0
0
0
0
0
0
0
0
0
0
0
0
0
0
0
0
0
1 1631
0
0
0
0
0
0
0
0
0
0
0
0
0
0
0
0
0
0
0
0
0
0
0
0
0
0
0
0
0
0
0
0
0
0
0
0
0
0
0
0
0
0
0
0
0
0
0
0
0
0
0
0
0
0
0
0
0
0
0
0
0
0
0
0
0
0
0
0
0
0
0
0
0
0
0
0
0
0
0
0
0
0
0
0
0
0
0
0
0
0
0
0
0
0
0
1 1265
0
0
0
0
0
0
0
0
0
0
0
0
0
0
0
0
0
0
0
0
0
0
0
0
0
0
0
0
0
0
0
0
0
0
0
0
0
0
0
0
0
0
0
0
1 1274
0
0
0
0
0
0
0
0
0
0
0
0
0
0
0
0
0
0
0
0
0
0
0
0
0
0
0
0
0
0
0
0
0
0
0
0
0
0
0
0
0
0
0
0
0
0
0
0
0
0
0
0
0
0
0
0
0
0
0
0
0
0
0
0
0
0
0
0
0
0
0
0
0
0
0
0
0
0
0
0
0
0
0
0
0
0
0
0
0
1 1288
0
0
0
0
0
0
0
0
0
0
0
0
0
0
0
0
0
0
0
0
0
0
0
0
0
0
0
0
0
0
0
0
0
0
0
0
0
0
0
0
0
0
0
0
0
0
0
0
0
0
0
0
0
0
0
0
0
0
0
0
0
0
0
0
0
0
0
0
0
0
0
0
0
0
0
0
0
0
0
0
0
0
0
0
0
0
0
0
0
0
0
0
0
0
0
0
0
0
0
0
0
0
0
0
0
0
0
0
0
0
0
0
0
0
0
0
0
0
0
0
0
0
0
0
0
0
0
0
0
0
0
0
0
0
0
0
0
0
0
0
0
0
0
0
0
0
0
0
0
0
0
0
0
0
0
0
0
0
0
0
0
0
0
1 1322
0
0
0
0
0
0
0
0
0
0
0
0
0
0
0
0
0
0
0
0
0
0
1 1705
0
0
0
0
0
0
0
0
0
0
0
0
0
0
0
0
0
0
0
0
0
0
0
0
0
0
0
0
0
0
0
0
0
0
0
0
0
0
0
0
0
0
0
0
0
0
0
0
0
0
0
0
0
0
0
0
0
0
0
0
0
0
0
0
0
0
1 1335
0
0
0
0
0
0
0
0
0
0
0
0
0
0
0
0
0
0
0
0
0
0
0
0
0
0
0
0
0
0
0
0
0
0
0
0
0
0
0
0
0
0
0
0
0
0
0
0
0
0
0
0
0
0
0
0
0
0
1 1444
1 1344
0
0
0
0
0
0
0
0
0
0
0
0
0
0
0
0
0
0
0
0
0
0
0
0
0
0
0
0
0
0
0
0
0
0
0
0
0
0
0
0
0
0
0
0
0
0
0
0
0
0
0
0
0
0
0
0
0
0
0
0
0
0
0
0
0
0
0
0
0
0
0
0
0
0
0
0
0
0
0
0
0
0
0
0
0
0
0
0
0
0
0
1 1353
0
0
0
0
0
0
0
0
0
0
0
0
0
0
0
0
0
0
0
0
0
0
0
0
0
0
0
0
0
0
0
0
0
0
0
0
0
0
0
0
0
0
0
0
0
0
0
0
0
0
0
0
0
1 1355
0
0
0
0
0
0
0
0
0
0
0
0
0
0
0
0
0
0
0
0
1 1718
0
0
0
0
0
0
0
0
0
0
0
0
0
0
0
0
0
0
0
0
0
0
0
0
0
0
0
0
0
0
0
0
0
0
0
0
0
0
0
1 1360
0
0
0
0
0
0
0
0
0
0
0
0
0
0
0
0
0
0
0
0
0
0
0
0
0
0
0
1 1363
0
0
0
0
0
0
0
0
0
0
0
0
0
0
0
0
0
0
0
0
0
0
0
0
0
0
0
0
0
0
0
0
0
0
0
0
0
0
0
0
0
0
0
0
0
0
0
0
0
0
0
0
0
0
0
0
0
0
0
0
0
0
0
0
0
0
0
0
0
0
0
0
0
0
0
0
0
0
0
0
0
0
0
0
0
0
0
0
0
0
0
0
0
0
0
0
0
0
0
0
0
0
0
0
0
0
0
0
0
0
0
0
0
0
0
0
0
0
0
0
0
0
0
0
0
0
0
0
0
0
0
0
0
0
0
0
0
0
0
0
0
0
0
0
0
0
0
0
0
0
0
0
0
0
0
0
0
0
0
0
0
0
0
0
0
0
0
0
0
0
0
0
0
0
0
0
0
0
0
0
0
0
0
0
0
0
0
0
0
0
0
0
0
0
0
0
0
0
0
0
0
1 1795
0
0
0
0
0
0
0
0
0
0
0
0
0
0
0
0
0
0
0
0
0
0
0
0
0
0
0
0
0
0
0
0
0
0
0
0
0
0
0
0
0
0
0
0
0
1 1422
0
0
0
0
0
0
0
0
0
0
0
0
0
0
0
0
0
0
0
0
0
0
0
0
0
0
0
0
0
0
0
0
0
0
0
0
0
0
0
0
0
0
0
0
0
0
0
0
0
0
0
0
0
0
0
0
0
0
0
0
0
0
0
0
0
0
0
0
0
0
0
0
0
0
0
0
0
0
0
0
0
0
0
0
0
0
0
0
0
0
0
0
0
0
0
0
0
0
0
0
0
0
0
0
0
0
0
0
0
0
0
0
0
0
0
0
0
0
0
0
0
0
0
0
0
0
0
0
0
0
0
0
0
0
0
0
0
0
0
0
0
0
0
0
0
0
0
0
0
0
0
0
0
0
0
0
0
0
0
0
0
0
0
0
0
0
1 1459
0
0
0
0
0
0
0
0
0
0
0
0
0
0
0
0
0
0
0
0
0
0
0
0
0
0
1 1462
0
0
0
0
0
0
0
0
0
0
0
0
0
0
0
0
0
0
0
0
0
0
0
0
0
1 1465
0
0
0
0
0
0
0
0
0
0
0
0
0
0
0
0
0
0
0
0
0
0
0
1 1466
0
0
0
0
0
0
0
0
0
0
0
0
0
0
0
0
0
0
0
0
0
0
0
0
0
0
0
0
0
0
0
0
0
0
0
0
0
0
0
0
0
1 1471
0
0
0
0
0
0
0
0
0
0
0
0
0
0
0
0
0
0
0
0
0
0
0
0
0
0
0
0
0
0
0
0
0
0
0
0
0
0
0
0
0
0
0
0
0
0
0
0
0
0
0
0
0
0
0
0
0
0
0
0
0
0
0
0
0
0
1 1482
0
0
0
0
0
0
0
0
0
0
0
0
0
0
0
0
0
0
0
0
0
0
0
0
0
0
0
0
0
0
0
0
0
0
0
0
0
0
0
0
0
0
0
0
0
0
0
0
0
0
0
0
0
0
0
0
0
0
0
0
0
0
0
1 1492
0
0
0
0
0
0
0
0
0
0
0
0
0
0
0
0
0
0
0
0
0
0
0
0
0
0
0
0
0
0
0
0
0
0
0
0
0
0
0
0
0
0
0
0
0
0
0
0
0
0
0
0
0
0
0
0
0
0
0
0
0
0
0
0
0
0
0
0
0
0
0
0
0
0
0
0
0
0
0
0
0
0
0
0
0
1 1503
0
0
0
0
1 1505
0
0
0
0
0
0
0
0
0
0
0
0
0
0
0
0
0
0
0
0
0
0
0
0
0
0
0
0
0
0
0
0
0
0
0
0
0
0
0
0
0
0
0
0
0
0
0
0
0
0
0
0
0
0
0
0
0
0
0
0
0
0
0
0
0
0
0
0
0
0
0
0
0
0
0
0
0
0
0
0
0
0
0
0
0
0
0
0
0
0
0
0
0
0
0
0
0
0
0
0
0
0
0
0
0
0
0
0
0
0
0
0
0
0
0
0
0
1 1529
0
0
0
0
0
0
0
0
0
0
0
0
0
0
0
0
0
0
0
0
0
0
0
0
0
0
0
0
0
0
0
0
0
0
0
0
0
0
0
0
0
0
0
0
0
0
0
0
0
0
0
0
0
0
0
0
0
0
0
0
0
0
0
0
0
0
0
0
0
0
0
0
0
0
0
0
0
0
0
0
0
0
0
0
0
0
0
0
0
0
0
0
0
0
0
0
0
0
0
0
0
0
0
0
0
0
0
0
0
0
0
0
0
1 1544
0
0
0
0
0
0
0
0
0
0
0
0
0
0
0
0
0
0
0
0
0
0
0
0
0
0
0
0
0
0
0
0
0
0
0
0
0
1 1550
0
0
0
0
0
0
0
0
0
0
0
0
0
0
0
0
0
0
0
0
0
0
0
0
0
0
0
0
0
0
0
0
0
0
0
0
0
0
0
0
0
0
0
0
0
0
0
0
0
0
0
0
1 1552
0
0
0
0
0
0
0
0
0
0
0
0
0
0
0
0
0
0
0
0
0
0
1 1554
0
0
0
0
0
0
0
0
0
0
0
0
0
0
0
0
0
0
0
0
0
0
0
0
0
0
0
0
0
0
0
1 1618
0
0
0
0
0
0
0
0
0
0
0
0
0
0
0
0
0
0
0
0
0
0
0
0
0
0
0
0
0
0
0
0
0
0
0
0
0
0
0
0
0
0
0
0
0
0
0
0
0
0
0
0
0
0
0
0
0
0
0
0
0
0
0
0
0
0
0
0
0
0
0
0
0
0
0
0
0
0
0
0
0
0
0
0
0
0
0
0
0
1 1582
0
0
0
0
0
0
0
0
0
0
0
0
0
0
0
0
0
0
0
0
0
0
0
0
0
0
0
0
0
0
0
0
0
0
1 1587
0
0
0
0
0
0
0
0
0
0
0
0
0
0
0
0
0
0
0
0
0
0
0
0
0
0
0
0
0
0
0
0
0
0
0
1 1594
0
0
0
0
0
0
0
0
0
0
0
0
0
0
0
0
0
0
0
0
0
0
0
0
0
0
0
0
0
0
0
0
0
0
0
0
0
0
0
1 1601
0
0
0
0
0
0
0
0
0
0
0
0
0
0
0
0
0
0
0
0
1 1603
0
0
0
0
0
0
0
0
0
0
0
0
0
0
0
0
0
0
0
0
0
0
0
0
0
0
0
0
0
0
0
0
0
0
0
0
0
0
0
0
0
0
0
0
0
0
0
0
0
0
0
0
0
0
0
0
0
0
0
0
0
0
0
0
0
0
1 1883
0
0
0
0
0
0
0
0
0
0
0
0
0
0
0
0
0
0
0
0
0
0
0
0
0
0
0
0
0
0
0
0
0
0
0
0
0
0
0
0
0
0
0
0
1 1625
0
0
0
0
0
0
0
0
0
0
0
0
0
0
0
0
0
0
1 1627
0
0
0
0
0
0
0
0
0
1 1657
0
0
0
0
0
0
0
0
0
0
0
0
0
0
0
0
0
0
0
0
0
0
0
0
0
0
0
0
0
0
0
0
0
0
0
0
0
0
0
0
0
0
0
0
0
0
0
0
0
0
0
0
0
0
0
0
0
0
0
0
0
0
0
0
0
0
0
0
0
0
0
0
0
0
0
0
0
0
0
0
0
1 1645
0
0
0
0
0
0
0
0
0
0
0
0
0
0
0
0
0
0
0
0
0
0
0
0
0
1 1650
0
0
0
0
0
0
0
0
0
0
0
0
0
0
0
0
0
0
0
0
0
0
0
0
0
0
0
0
0
0
0
0
0
0
0
0
0
0
0
0
0
0
0
0
0
0
0
0
0
0
0
0
0
0
0
0
0
0
0
0
0
0
0
0
0
0
0
0
0
0
0
0
0
0
0
0
0
0
0
0
0
0
0
0
0
0
0
0
0
0
0
0
0
0
0
0
0
0
0
0
0
0
1 1668
0
0
0
0
0
0
0
0
0
0
1 1835
0
0
0
0
0
0
0
0
0
0
1 1669
0
0
0
0
0
0
0
0
0
0
0
0
0
0
0
0
0
0
0
0
0
0
0
0
0
0
0
0
0
0
0
0
0
0
0
0
0
0
0
0
0
0
0
0
0
0
0
0
0
0
0
0
0
0
0
0
0
0
0
1 1674
0
0
0
0
0
0
0
0
0
0
0
0
0
0
0
0
0
0
0
0
0
0
0
0
0
0
0
0
0
0
0
0
0
0
0
0
0
0
0
0
0
0
0
0
0
0
0
0
1 1679
0
0
0
0
0
0
0
0
0
0
0
0
0
0
0
0
0
0
0
0
0
0
0
0
0
0
0
0
0
0
0
0
0
0
0
0
0
0
1 1684
0
0
0
0
0
0
0
0
0
0
0
0
0
0
0
0
0
0
0
0
0
0
0
0
0
0
0
0
0
0
0
0
0
0
0
0
0
0
0
0
0
0
0
0
1 1687
0
0
0
0
0
0
0
0
0
0
0
0
0
0
0
0
0
0
1 1688
0
0
0
0
0
0
0
0
0
0
0
0
0
0
0
0
0
0
0
0
0
0
0
0
0
0
0
0
0
0
0
0
0
0
0
0
0
0
0
0
0
0
0
0
0
0
0
0
0
0
0
0
0
0
0
0
0
0
0
0
0
0
0
0
0
0
0
0
0
1 1699
0
0
0
0
0
0
0
0
0
0
0
0
0
0
0
0
0
0
0
0
0
1 1701
0
0
0
0
0
0
0
0
0
0
0
0
0
0
0
0
0
0
0
0
0
0
0
0
0
0
0
0
0
0
0
0
0
0
0
0
0
0
0
0
0
0
0
0
0
0
0
0
0
0
0
0
0
0
0
0
0
0
0
0
0
0
0
0
1 1706
0
0
0
0
0
0
0
0
0
0
0
0
0
0
0
0
0
0
0
0
0
0
0
0
0
0
0
0
0
0
0
0
0
0
0
0
0
0
0
0
0
0
0
0
0
0
0
0
0
0
0
0
0
0
0
0
0
0
0
0
0
0
0
0
0
0
1 1721
0
0
0
0
0
0
0
0
0
0
0
0
0
0
0
0
0
0
0
0
0
0
0
0
0
0
0
1 1726
0
0
0
0
0
0
0
0
0
0
0
0
0
0
0
0
0
0
0
0
0
0
0
0
0
0
0
1 1728
0
0
0
0
0
0
0
0
0
0
0
0
0
0
0
0
0
0
0
0
0
0
0
0
0
0
0
0
0
0
0
0
0
0
0
0
0
0
0
0
0
0
0
0
0
0
0
0
0
0
0
0
0
0
0
0
0
0
0
0
0
0
0
0
0
0
0
0
0
0
0
0
0
0
0
0
0
0
1 1741
0
0
0
0
0
0
0
0
0
0
0
0
0
0
0
0
0
0
0
0
0
0
0
0
0
0
0
0
0
0
0
0
0
1 1744
0
0
0
0
0
0
0
0
0
0
0
0
0
0
0
0
0
0
0
0
0
0
0
0
0
0
0
0
0
0
0
0
0
0
0
0
0
0
0
0
0
0
0
0
0
0
0
0
0
0
0
0
0
0
0
0
0
0
1 1749
0
0
0
0
0
0
0
0
0
0
0
0
1 1751
0
0
0
0
0
0
0
0
0
0
0
0
0
0
0
0
0
0
0
0
0
0
0
0
0
0
0
0
0
0
0
0
0
0
0
0
0
0
0
0
0
0
0
0
0
0
0
0
0
0
0
0
0
0
0
0
0
0
0
0
0
0
0
0
0
0
0
0
0
0
0
0
0
0
0
0
0
0
0
0
0
0
0
0
0
0
0
0
0
0
0
0
0
0
0
0
0
0
0
0
0
0
0
0
0
0
1 1774
0
0
0
0
0
0
0
0
0
0
0
0
0
0
0
0
0
0
0
0
0
0
0
1 1778
0
0
0
0
0
0
0
0
0
0
0
0
0
0
0
0
0
0
0
0
0
0
0
0
0
0
0
0
0
0
0
0
0
0
0
0
0
0
0
0
0
0
0
0
0
0
0
0
0
0
0
0
0
0
0
0
0
0
0
0
0
0
0
0
0
0
0
0
0
0
0
0
0
0
0
1 1791
0
0
0
0
0
0
0
0
0
0
0
0
0
0
0
0
0
0
0
0
0
0
0
0
0
0
0
0
0
0
0
0
0
0
0
0
0
0
0
0
0
0
0
0
0
0
0
0
0
0
0
0
0
0
0
1 1798
0
0
0
0
0
0
0
0
0
0
0
0
0
0
0
0
0
0
0
0
0
0
0
0
0
0
0
0
0
0
0
0
0
0
0
0
0
0
0
0
0
0
0
0
0
0
0
0
0
0
0
0
0
0
0
0
0
0
0
0
0
0
0
1 1806
0
0
0
0
0
0
0
0
0
0
0
0
0
0
0
0
0
1 1807
0
0
0
0
0
0
0
0
0
0
0
0
0
0
0
0
0
0
0
0
0
0
0
0
0
0
0
0
0
0
0
0
0
0
0
0
0
0
0
0
0
0
0
0
1 1816
0
0
0
0
0
0
0
0
0
0
0
0
0
0
0
0
0
0
0
0
0
0
0
0
0
0
0
0
0
0
0
0
0
0
0
0
0
0
0
0
0
0
0
0
0
0
1 1825
0
0
0
0
0
0
0
0
0
0
0
0
0
0
0
0
0
0
0
0
0
0
0
0
0
0
0
0
0
0
0
0
0
0
0
0
0
0
0
0
0
0
0
0
0
0
0
0
1 1834
0
0
0
0
0
0
0
0
0
0
0
0
0
0
0
0
0
0
0
0
0
0
0
0
0
0
0
0
0
0
0
0
0
0
0
0
0
0
0
0
0
0
0
0
0
0
0
0
0
0
0
0
0
0
0
0
0
0
0
0
0
1 1847
0
0
0
0
0
0
0
0
0
0
0
0
0
0
0
0
0
0
0
0
0
0
0
0
0
0
0
0
0
0
0
0
0
0
0
0
0
0
0
0
0
0
0
0
0
0
0
0
0
0
0
0
0
0
0
0
0
0
0
0
0
0
0
0
0
0
0
0
0
0
0
0
0
0
0
0
0
0
0
0
0
0
0
0
0
0
1 1863
0
0
0
0
0
0
0
0
0
0
0
0
0
0
0
0
0
0
0
0
0
0
0
0
0
0
0
0
0
0
0
0
0
0
0
0
0
0
0
0
0
0
0
0
0
0
0
0
0
0
0
0
0
0
0
0
0
0
0
0
0
0
0
0
0
0
0
0
0
0
0
0
0
0
0
0
0
0
0
0
0
0
0
0
0
0
0
0
0
0
0
0
0
0
0
0
0
0
0
0
0
0
0
0
0
0
0
0
0
0
0
0
0
0
0
0
0
0
0
0
0
0
0
0
0
0
0
0
0
0
0
0
0
1 1887
0
0
0
0
0
0
0
0
0
0
0
0
0
0
0
0
0
0
0
1 1890
0
0
0
0
0
0
0
0
0
0
0
0
0
0
0
0
0
0
0
0
0
0
0
0
0
0
0
0
0
0
0
0
0
