11 0 5 19 22 33 34 36 41 52 59 67
2 70 75
7 78 83 97 100 111 112 114
11 116 121 135 138 149 150 152 157 168 175 183
15 192 197 211 214 225 226 228 233 244 251 259 269 270 273 275
15 277 282 296 299 310 311 313 318 329 336 344 354 355 358 360
11 363 368 382 385 396 397 399 404 415 422 430
15 438 443 457 460 471 472 474 479 490 497 505 515 516 519 521
10 530 535 549 552 563 564 566 571 582 589
10 593 598 612 615 626 627 629 634 645 652
11 657 662 676 679 690 691 693 698 709 716 724
4 734 739 753 756
14 479 763 777 780 791 792 794 799 810 817 825 835 836 839
10 238 844 858 861 872 873 875 880 891 898
13 447 910 924 927 938 939 941 946 957 964 972 982 983
8 986 991 1005 1008 1019 1020 1022 1027
9 1029 1034 1048 1051 1062 1063 1065 1070 1081
10 1086 1091 1105 1108 1119 1120 1122 1127 1138 1145
8 1150 1155 1169 1172 1183 1184 1186 1191
1 1199
11 452 1206 1220 1223 1234 1235 1237 1242 1253 1260 1268
12 1272 1277 1291 1294 1305 1306 1308 1313 1324 1331 1339 1349
15 442 1351 1365 1368 1379 1380 1382 1387 1398 1405 1413 1423 1424 1427 1429
10 1436 1441 1455 1458 1469 1470 1472 1477 1488 1495
15 1500 1505 1519 1522 1533 1534 1536 1541 1552 1559 1567 1577 1578 1581 1583
11 1584 1589 1603 1606 1617 1618 1620 1625 1636 1643 1651
15 160 1653 1667 1670 1681 1682 1684 1689 1700 1707 1715 1725 1726 1729 1731
11 859 1743 1757 1760 1771 1772 1774 1779 1790 1797 1805
9 1040 1808 1822 1825 1836 1837 1839 1844 1855
11 378 1864 1878 1881 1892 1893 1895 1900 1911 1918 1926
10 1936 1941 1955 1958 1969 1970 1972 1977 1988 1995
11 1056 1999 2013 2016 2027 2028 2030 2035 2046 2053 2061
11 2069 2074 2088 2091 2102 2103 2105 2110 2121 2128 2136
8 618 1043 2153 2156 2167 2168 2170 2175
10 94 2189 2203 2206 2217 2218 2220 2225 2236 2243
10 2246 2251 2265 2268 2279 2280 2282 2287 2298 2305
11 2309 2314 2328 2331 2342 2343 2345 2350 2361 2368 2376
15 2377 2382 2396 2399 2410 2411 2413 2418 2429 2436 2444 2454 2455 2458 2460
12 94 1822 2478 2481 2492 2493 2495 2500 2511 2518 2526 2536
9 118 2540 2554 2557 2568 2569 2571 2576 2587
8 1743 2592 2606 2609 2620 2621 2623 2628
7 412 2639 2653 2656 2667 2668 2670
11 243 2677 2691 2694 2705 2706 2708 2713 2724 2731 2739
2 2746 2751
11 759 2757 2771 2774 2785 2786 2788 2793 2804 2811 2819
9 902 2820 2834 2837 2848 2849 2851 2856 2867
10 134 2876 2890 2893 2904 2905 2907 2912 2923 2930
11 2936 2941 2955 2958 2969 2970 2972 2977 2988 2995 3003
13 407 3007 3021 3024 3035 3036 3038 3043 3054 3061 3069 3079 3080
15 444 2638 3095 3098 3109 3110 3112 3117 3128 3135 3143 3153 3154 3157 3159
2 1091 3172
14 1628 3186 3200 3203 3214 3215 3217 3222 3233 3240 3248 3258 3259 3262
4 23 3267 3281 3284
11 1907 3296 3310 3313 3324 3325 3327 3332 3343 3350 3358
13 200 3369 3383 3386 3397 3398 3400 3405 3416 3423 3431 3441 3442
11 392 1877 3457 3460 3471 3472 3474 3479 3490 3497 3505
10 134 3510 3524 3527 3538 3539 3541 3546 3557 3564
10 2316 3573 3587 3590 3601 3602 3604 3609 3620 3627
11 1659 3634 3648 3651 3662 3663 3665 3670 3681 3688 3696
15 242 3705 3719 3722 3733 3734 3736 3741 3752 3759 3767 3777 3778 3781 3783
11 105 3791 3805 3808 3819 3820 3822 3827 3838 3845 3853
11 1212 3861 3875 3878 3889 3890 3892 3897 3908 3915 3923
10 3928 3933 3947 3950 3961 3962 3964 3969 3980 3987
6 1955 3995 4009 4012 4023 4024
15 1233 4029 4043 4046 4057 4058 4060 4065 4076 4083 4091 4101 4102 4105 4107
13 166 4109 4123 4126 4137 4138 4140 4145 4156 4163 4171 4181 4182
13 757 3579 4196 4199 4210 4211 4213 4218 4229 4236 4244 4254 4255
15 1703 4257 4271 4274 4285 4286 4288 4293 4304 4311 4319 4329 4330 4333 4335
11 2585 4343 4357 4360 4371 4372 4374 4379 4390 4397 4405
11 1346 4418 4432 4435 4446 4447 4449 4454 4465 4472 4480
12 183 4440 4494 4497 4508 4509 4511 4516 4527 4534 4542 4552
15 232 4556 4570 4573 4584 4585 4587 4592 4603 4610 4618 4628 4629 4632 4634
15 442 1401 4638 4641 4652 4653 4655 4660 4671 4678 4686 4696 4697 4700 4702
8 448 4383 4720 4723 4734 4735 4737 4742
15 94 4753 4767 4770 4781 4782 4784 4789 4800 4807 4815 4825 4826 4829 4831
8 955 4834 4848 4851 4862 4863 4865 4870
11 3987 4875 4889 4892 4903 4904 4906 4911 4922 4929 4937
8 4394 4947 4966 4972 4990 4991 4993 4999
13 366 5011 5025 5028 5039 5040 5042 5047 5058 5065 5073 5083 5084
11 1552 5088 5102 5105 5116 5117 5119 5124 5135 5142 5150
13 4799 5163 5177 5180 5191 5192 5194 5199 5210 5217 5225 5235 5236
9 206 3372 5250 5253 5264 5265 5267 5272 5283
15 238 1633 5298 5301 5312 5313 5315 5320 5331 5338 5346 5356 5357 5360 5362
11 926 5365 5379 5382 5393 5394 5396 5401 5412 5419 5427
11 243 5434 5448 5451 5462 5463 5465 5470 5481 5488 5496
10 596 5507 5521 5524 5535 5536 5538 5543 5554 5561
15 124 1091 5569 5572 5583 5584 5586 5591 5602 5609 5617 5627 5628 5631 5633
13 408 3429 5645 5648 5659 5660 5662 5667 5678 5685 5693 5703 5704
11 534 5708 5722 5725 5736 5737 5739 5744 5755 5762 5770
13 2017 5779 5793 5796 5807 5808 5810 5815 5826 5833 5841 5851 5852
10 243 5855 5869 5872 5883 5884 5886 5891 5902 5909
15 238 3401 5923 5926 5937 5938 5940 5945 5956 5963 5971 5981 5982 5985 5987
8 2197 5991 6005 6008 6019 6020 6022 6027
13 1659 6036 6050 6053 6064 6065 6067 6072 6083 6090 6098 6108 6109
11 6110 6115 6129 6132 6143 6144 6146 6151 6162 6169 6177
11 94 4661 6194 6197 6208 6209 6211 6216 6228 6236 6244
11 441 5992 6258 6261 6272 6273 6275 6280 6291 6298 6306
15 464 3389 6326 6329 6340 6341 6343 6348 6359 6366 6374 6384 6385 6388 6390
11 464 2494 6408 6411 6422 6423 6425 6430 6441 6448 6456
4 6465 6470 6484 6487
13 1310 3023 6510 6513 6524 6525 6527 6532 6543 6550 6558 6568 6569
4 3828 6575 6589 6592
4 6446 6600 6614 6617
13 4025 6623 6637 6640 6651 6652 6654 6659 6670 6677 6685 6695 6696
10 960 6700 6714 6717 6728 6729 6731 6736 6747 6754
10 902 6762 6776 6779 6790 6791 6793 6798 6809 6816
4 1814 6823 6837 6840
7 2754 6851 6865 6868 6879 6880 6882
13 772 6887 6901 6904 6915 6916 6918 6923 6934 6941 6949 6959 6960
9 1628 6966 6980 6983 6994 6995 6997 7002 7013
7 766 3111 7027 7030 7041 7042 7044
13 2015 5948 7058 7061 7072 7073 7075 7080 7091 7098 7106 7116 7117
8 2470 5242 7131 7134 7145 7146 7148 7153
10 1654 7162 7176 7179 7190 7191 7193 7198 7209 7216
15 544 2497 7226 7229 7240 7241 7243 7248 7259 7266 7274 7284 7285 7288 7290
8 414 7298 7312 7315 7326 7327 7329 7334
13 195 1917 7344 7347 7358 7359 7361 7366 7377 7384 7392 7402 7403
3 7406 7411 7425
11 1186 4876 7436 7439 7450 7451 7453 7458 7469 7476 7484
11 1792 7490 7504 7507 7518 7519 7521 7526 7537 7544 7552
11 108 7561 7575 7578 7589 7590 7592 7597 7608 7615 7623
9 4561 7635 7649 7652 7663 7664 7666 7671 7682
7 1637 7688 7702 7705 7716 7717 7719
15 269 4387 7724 7727 7738 7739 7741 7746 7757 7764 7772 7782 7783 7786 7788
15 2097 6739 7806 7809 7820 7821 7823 7828 7839 7846 7854 7864 7865 7868 7870
11 145 4535 7892 7895 7906 7907 7909 7914 7925 7932 7940
11 1091 7943 7957 7960 7971 7972 7974 7979 7990 7997 8005
11 1438 5575 8018 8021 8032 8033 8035 8040 8051 8058 8066
13 843 5248 8084 8087 8098 8099 8101 8106 8117 8124 8132 8142 8143
11 2316 4244 8155 8158 8169 8170 8172 8177 8188 8195 8203
4 8205 8210 8224 8227
4 8234 8239 8253 8256
10 193 1883 8266 8269 8280 8281 8283 8288 8299 8306
2 8312 8317
15 1728 8327 8341 8344 8355 8356 8358 8363 8374 8381 8389 8399 8400 8403 8405
14 243 1707 7072 8409 8420 8421 8423 8428 8439 8446 8454 8464 8465 8468
2 8469 8474
2 8485 8490
2 8481 8507
13 1693 8522 8536 8539 8550 8551 8553 8558 8569 8576 8584 8594 8595
10 907 1998 8602 8605 8616 8617 8619 8624 8635 8642
11 1654 4799 8661 8664 8675 8676 8678 8683 8694 8701 8709
15 1884 5156 8721 8724 8735 8736 8738 8743 8754 8761 8769 8779 8780 8783 8785
15 371 2831 8797 8800 8811 8812 8814 8819 8830 8837 8845 8855 8856 8859 8861
11 5804 8868 8882 8885 8896 8897 8899 8904 8915 8922 8930
10 192 5712 8950 8953 8964 8965 8967 8972 8983 8990
9 8997 9002 9016 9019 9030 9031 9033 9038 9049
15 221 1408 9054 9057 9068 9069 9071 9076 9087 9094 9102 9112 9113 9116 9118
8 94 6563 9135 9138 9149 9150 9152 9157
8 9168 9173 9187 9190 9201 9202 9204 9209
10 757 7359 9228 9231 9242 9243 9245 9250 9261 9268
15 272 4128 9284 9287 9298 9299 9301 9306 9317 9324 9332 9342 9343 9346 9348
10 907 3665 9357 9360 9371 9372 9374 9379 9390 9397
9 2506 9402 9416 9419 9430 9431 9433 9438 9449
11 193 4259 9461 9464 9475 9476 9478 9483 9494 9501 9509
15 1919 9517 9531 9534 9545 9546 9548 9553 9564 9571 9579 9589 9590 9593 9595
9 99 9522 9609 9612 9623 9624 9626 9631 9642
12 2533 3468 9654 9657 9668 9669 9671 9676 9687 9694 9702 9712
9 283 3579 9724 9727 9738 9739 9741 9746 9757
9 1081 9760 9774 9777 9788 9789 9791 9796 9807
13 597 2829 9810 9813 9824 9825 9827 9832 9843 9850 9858 9868 9869
4 2751 9874 9888 9891
2 2750 9892
8 192 8303 9918 9921 9932 9933 9935 9940
14 1217 5745 9957 9960 9971 9972 9974 9979 9990 9997 10005 10015 10016 10019
15 4041 8411 10034 10037 10048 10049 10051 10056 10067 10074 10082 10092 10093 10096 10098
15 1364 7520 10112 10115 10126 10127 10129 10134 10145 10152 10160 10170 10171 10174 10176
15 467 8249 10191 10194 10205 10206 10208 10213 10224 10231 10239 10249 10250 10253 10255
15 930 10260 10274 10277 10288 10289 10291 10296 10307 10314 10322 10332 10333 10336 10338
10 585 6598 10350 10353 10364 10365 10367 10372 10383 10390
14 232 3201 10165 10400 10411 10412 10414 10419 10430 10437 10445 10455 10456 10459
15 1432 6567 10471 10474 10485 10486 10488 10493 10504 10511 10519 10529 10530 10533 10535
10 2527 5799 10552 10555 10566 10567 10569 10574 10585 10592
8 3189 7260 10613 10616 10627 10628 10630 10635
12 2054 5745 10653 10656 10667 10668 10670 10675 10686 10693 10701 10711
13 757 4521 10716 10719 10730 10731 10733 10738 10749 10756 10764 10774 10775
8 1966 10782 10796 10799 10810 10811 10813 10818
10 94 4150 10831 10834 10845 10846 10848 10853 10864 10871
15 219 5745 10883 10886 10897 10898 10900 10905 10916 10923 10931 10941 10942 10945 10947
4 10951 10956 10970 10973
14 192 5712 10984 10987 10998 10999 11001 11006 11017 11024 11032 11042 11043 11046
14 396 2026 11053 11056 11067 11068 11070 11075 11086 11093 11101 11111 11112 11115
8 1186 3817 11126 11129 11140 11141 11143 11148
13 784 5087 11162 11165 11176 11177 11179 11184 11195 11202 11210 11220 11221
13 352 2522 11226 11229 11240 11241 11243 11248 11259 11266 11274 11284 11285
11 4967 11291 11305 11308 11319 11320 11322 11327 11338 11345 11353
10 85 100 11361 11364 11375 11376 11378 11383 11394 11401
7 836 11405 11419 11422 11433 11434 11436
9 880 11439 11453 11456 11467 11468 11470 11475 11486
11 5172 5182 11500 11503 11514 11515 11517 11522 11533 11540 11548
13 997 4362 11560 11563 11574 11575 11577 11582 11593 11600 11608 11618 11619
11 134 6839 11631 11634 11645 11646 11648 11653 11664 11671 11679
14 2527 5860 11689 11692 11703 11704 11706 11711 11722 11729 11737 11747 11748 11751
12 4757 11495 11762 11765 11776 11777 11779 11784 11795 11802 11810 11820
13 116 4236 11830 11833 11844 11845 11847 11852 11863 11870 11878 11888 11889
15 116 1387 11891 11894 11905 11906 11908 11913 11924 11931 11939 11949 11950 11953 11955
10 11533 11958 11972 11975 11986 11987 11989 11994 12005 12012
9 238 12021 12035 12038 12049 12050 12052 12057 12068
15 2230 9234 12080 12083 12094 12095 12097 12102 12113 12120 12128 12138 12139 12142 12144
11 3586 12145 12159 12162 12173 12174 12176 12181 12192 12199 12207
12 2530 12074 12170 12174 12187 12190 12193 12216 12227 12234 12242 12252
14 1056 3864 12255 12258 12269 12270 12272 12277 12288 12295 12303 12313 12314 12317
11 547 3389 12318 12321 12332 12333 12335 12340 12351 12358 12366
8 412 12377 12391 12394 12405 12406 12408 12413
11 2539 4985 12428 12431 12442 12443 12445 12450 12461 12468 12476
15 224 1381 7125 8971 12489 12490 12492 12497 12508 12515 12523 12533 12534 12537 12539
13 94 1382 5088 7617 12360 12543 12545 12550 12561 12568 12576 12586 12587
7 7107 12593 12607 12610 12621 12622 12624
9 539 10036 12638 12641 12652 12653 12655 12660 12671
10 745 12676 12690 12693 12704 12705 12707 12712 12723 12730
10 2230 11541 12747 12750 12761 12762 12764 12769 12780 12787
8 766 9830 12805 12808 12819 12820 12822 12827
15 443 1382 7366 8079 12587 12588 12788 12840 12851 12858 12866 12876 12877 12880 12882
10 983 7961 12902 12905 12916 12917 12919 12924 12935 12942
15 1751 7696 12961 12964 12975 12976 12978 12983 12994 13001 13009 13019 13020 13023 13025
11 2312 11852 13039 13042 13053 13054 13056 13061 13072 13079 13087
8 184 13093 13107 13110 13121 13122 13124 13129
2 7750 13143
10 3647 10183 13167 13170 13181 13182 13184 13189 13200 13207
10 1628 7170 13218 13221 13232 13233 13235 13240 13251 13258
13 2485 8996 13269 13272 13283 13284 13286 13291 13302 13309 13317 13327 13328
10 471 6732 13340 13343 13354 13355 13357 13362 13373 13380
12 757 3429 10987 13389 13400 13401 13403 13408 13419 13426 13434 13444
14 585 3097 13447 13450 13461 13462 13464 13469 13480 13487 13495 13505 13506 13509
6 5804 13513 13527 13530 13541 13542
11 94 6587 13553 13556 13567 13568 13570 13575 13586 13593 13601
5 2734 13611 13625 13628 13639
11 3800 10768 13651 13654 13665 13666 13668 13673 13684 13691 13699
14 3604 5899 13703 13706 13717 13718 13720 13725 13736 13743 13751 13761 13762 13765
11 596 2204 13769 13772 13783 13784 13786 13791 13802 13809 13817
11 371 1998 7375 9827 13833 13834 13836 13841 13852 13859 13867
2 5185 13872
11 459 2535 13882 13885 13896 13897 13899 13904 13915 13922 13930
10 1371 4387 13944 13947 13958 13959 13961 13966 13977 13984
8 2077 13994 14008 14011 14022 14023 14025 14030
11 454 4686 14038 14041 14052 14053 14055 14060 14071 14078 14086
15 757 4764 14099 14102 14113 14114 14116 14121 14132 14139 14147 14157 14158 14161 14163
9 2553 14165 14179 14182 14193 14194 14196 14201 14212
11 3412 5705 14227 14230 14241 14242 14244 14249 14260 14267 14275
10 412 3678 14283 14286 14297 14298 14300 14305 14316 14323
15 12 2003 14339 14342 14353 14354 14356 14361 14372 14379 14387 14397 14398 14401 14403
9 8019 14409 14423 14426 14437 14438 14440 14445 14456
2 7779 14463
14 1582 5731 14485 14488 14499 14500 14502 14507 14518 14525 14533 14543 14544 14547
10 1048 14551 14565 14568 14579 14580 14582 14587 14598 14605
4 66 14606 14620 14623
10 3665 14629 14643 14646 14657 14658 14660 14665 14676 14683
12 1581 6493 14695 14698 14709 14710 14712 14717 14728 14735 14743 14753
11 414 10879 14761 14764 14775 14776 14778 14783 14794 14801 14809
6 2472 14818 14832 14835 14846 14847
3 14849 14854 14868
14 94 907 13960 14870 14881 14882 14884 14889 14900 14907 14915 14925 14926 14929
15 385 1357 12573 14931 14942 14943 14945 14950 14961 14968 14976 14986 14987 14990 14992
14 1582 4329 15006 15009 15020 15021 15023 15028 15039 15046 15054 15064 15065 15068
11 129 3552 15078 15081 15092 15093 15095 15100 15111 15118 15126
13 454 4520 15141 15144 15155 15156 15158 15163 15174 15181 15189 15199 15200
2 15203 15208
11 1385 3093 15216 15219 15230 15231 15233 15238 15249 15256 15264
11 193 7615 8696 9918 15279 15280 15282 15287 15298 15305 15313
11 1932 7464 15329 15332 15343 15344 15346 15351 15362 15369 15377
4 1358 12434 15394 15397
13 757 2831 13557 15402 15413 15414 15416 15421 15432 15439 15447 15457 15458
10 442 4798 15462 15465 15476 15477 15479 15484 15495 15502
11 118 7888 15515 15518 15529 15530 15532 15537 15548 15555 15563
11 1160 4721 15579 15582 15593 15594 15596 15601 15612 15619 15627
9 116 2831 15637 15640 15651 15652 15654 15659 15670
8 1493 15678 15692 15695 15706 15707 15710 15715
6 902 15727 15741 15744 15755 15756
10 902 8292 15769 15772 15783 15784 15786 15791 15802 15809
11 547 2494 12104 15812 15823 15824 15826 15831 15842 15849 15857
10 414 8996 15873 15876 15887 15888 15890 15895 15906 15913
9 902 15915 15929 15932 15943 15944 15946 15951 15962
10 1217 7432 15973 15976 15987 15988 15990 15995 16006 16013
10 133 7993 16030 16033 16044 16045 16047 16052 16063 16070
13 206 1931 14025 16078 16089 16090 16092 16097 16108 16115 16123 16133 16134
8 958 12684 16144 16147 16158 16159 16161 16166
15 3495 8438 16182 16185 16196 16197 16199 16204 16215 16222 16230 16240 16241 16244 16246
8 116 16087 16267 16270 16281 16282 16284 16289
7 442 16291 16305 16308 16319 16320 16322
15 1186 8729 16334 16337 16348 16349 16351 16356 16367 16374 16382 16392 16393 16396 16398
11 1632 15219 16416 16419 16430 16431 16433 16438 16449 16456 16464
9 1217 9064 16478 16481 16492 16493 16495 16500 16511
15 406 3416 16520 16523 16534 16535 16537 16542 16553 16560 16568 16578 16579 16582 16584
15 386 881 16591 16594 16605 16606 16608 16613 16624 16631 16639 16649 16650 16653 16655
11 2468 3792 16660 16663 16674 16675 16677 16682 16693 16700 16708
10 402 10171 16723 16726 16737 16738 16740 16745 16756 16763
11 3776 16771 16785 16788 16799 16800 16802 16807 16818 16825 16833
9 4367 16844 16858 16861 16872 16873 16875 16880 16891
11 830 16896 16910 16913 16924 16925 16927 16932 16943 16950 16958
10 3286 7947 16974 16977 16988 16989 16991 16996 17007 17014
11 427 17021 17035 17038 17049 17050 17052 17057 17068 17075 17083
11 386 3194 17100 17103 17114 17115 17117 17122 17133 17140 17148
10 7775 17157 17171 17174 17185 17186 17188 17193 17204 17211
8 1017 8201 17228 17231 17242 17243 17245 17250
15 1583 7389 17258 17261 17272 17273 17275 17280 17291 17298 17306 17316 17317 17320 17322
11 987 3265 8721 15183 17333 17334 17336 17341 17352 17359 17367
11 265 3320 12447 17376 17387 17388 17390 17395 17406 17413 17421
11 2329 4524 17438 17441 17452 17453 17455 17460 17471 17478 17486
11 1971 11658 17497 17500 17511 17512 17514 17519 17530 17537 17545
10 3167 17554 17568 17571 17582 17583 17585 17590 17601 17608
15 575 13926 17625 17628 17639 17640 17642 17647 17658 17665 17673 17683 17684 17687 17689
8 619 17696 17710 17713 17724 17725 17727 17732
15 402 2357 17737 17740 17751 17752 17754 17759 17770 17777 17785 17795 17796 17799 17801
13 757 5910 17810 17813 17824 17825 17827 17832 17843 17850 17858 17868 17869
15 448 2205 11657 15504 17875 17876 17878 17883 17894 17901 17909 17919 17920 17923 17925
8 134 9560 17936 17939 17950 17951 17953 17958
1 14802
10 1188 17967 17981 17984 17995 17996 17998 18003 18014 18021
11 577 4875 18030 18033 18044 18045 18047 18052 18063 18070 18078
11 470 7520 18085 18088 18099 18100 18102 18107 18118 18125 18133
13 2639 8522 18140 18143 18154 18155 18157 18162 18173 18180 18188 18198 18199
10 4178 18205 18219 18222 18233 18234 18236 18241 18252 18259
11 150 2585 18270 18273 18284 18285 18287 18292 18303 18310 18318
10 193 3295 18328 18331 18342 18343 18345 18350 18361 18368
10 5986 18379 18393 18396 18407 18408 18410 18415 18426 18433
4 1285 18439 18453 18456
11 757 3379 13960 18464 18475 18476 18478 18483 18494 18501 18509
9 1044 1816 18513 18516 18527 18528 18530 18535 18546
10 534 3307 18557 18560 18571 18572 18574 18579 18590 18597
11 1686 3083 18601 18604 18615 18616 18618 18623 18634 18641 18649
9 118 12110 18669 18672 18683 18684 18686 18691 18702
8 757 2186 18714 18717 18728 18729 18731 18736
9 5348 18744 18758 18761 18772 18773 18775 18780 18791
10 442 3212 18797 18800 18811 18812 18814 18819 18830 18837
11 464 4911 18851 18854 18865 18866 18868 18873 18884 18891 18899
11 442 4663 18904 18907 18918 18919 18921 18926 18937 18944 18952
11 69 9148 18967 18970 18981 18982 18984 18989 19000 19007 19015
9 797 9684 19031 19034 19045 19046 19048 19053 19064
14 449 2796 19069 19072 19083 19084 19086 19091 19102 19109 19117 19127 19128 19131
8 3256 19134 19148 19151 19162 19163 19165 19170
13 1374 5869 19185 19188 19199 19200 19202 19207 19218 19225 19233 19243 19244
9 585 14953 19258 19261 19272 19273 19275 19280 19291
2 19298 19303
14 4766 5164 5183 8126 11760 11767 11774 11818 19324 19331 19339 19349 19350 19353
10 2631 19357 19371 19374 19385 19386 19388 19393 19404 19411
13 783 4458 19420 19423 19434 19435 19437 19442 19453 19460 19468 19478 19479
8 766 11653 19495 19498 19509 19510 19512 19517
11 146 4486 19524 19527 19538 19539 19541 19546 19557 19564 19572
10 27 8036 19583 19586 19597 19598 19600 19605 19616 19623
11 4 3289 19632 19635 19646 19647 19649 19654 19665 19672 19680
14 3201 8145 19694 19697 19708 19709 19711 19716 19727 19734 19742 19752 19753 19756
15 1465 17893 19770 19773 19784 19785 19787 19792 19803 19810 19818 19828 19829 19832 19834
10 31 41 19837 19840 19851 19852 19854 19859 19870 19877
9 94 11923 19895 19898 19909 19910 19912 19917 19928
11 766 3064 19931 19934 19945 19946 19948 19953 19964 19971 19979
13 1406 5948 19989 19992 20003 20004 20006 20011 20022 20029 20037 20047 20048
11 413 5721 20057 20060 20071 20072 20074 20079 20090 20097 20105
13 116 1903 7373 10905 20114 20115 20117 20122 20133 20140 20148 20158 20159
14 1217 4559 18718 20163 20174 20175 20177 20182 20193 20200 20208 20218 20219 20222
15 757 4187 13095 14223 20130 20223 20225 20230 20241 20248 20256 20266 20267 20270 20272
11 1398 7722 20284 20287 20298 20299 20301 20306 20317 20324 20332
15 3814 20337 20351 20354 20365 20366 20368 20373 20384 20391 20399 20409 20410 20413 20415
9 116 11646 20424 20427 20438 20439 20441 20446 20457
11 4157 15197 20470 20473 20484 20485 20487 20492 20503 20510 20518
10 3263 7884 20532 20535 20546 20547 20549 20554 20565 20572
15 1582 9127 20588 20591 20602 20603 20605 20610 20621 20628 20636 20646 20647 20650 20652
10 1624 6282 20665 20668 20679 20680 20682 20687 20698 20705
7 1628 16149 20720 20723 20734 20735 20737
10 400 10506 20749 20752 20763 20764 20766 20771 20782 20789
9 4794 7167 20801 20804 20815 20816 20818 20823 20834
10 448 20840 20854 20857 20868 20869 20871 20876 20887 20894
11 424 3505 20904 20907 20918 20919 20921 20926 20937 20944 20952
14 1217 4965 16112 20268 20970 20971 20973 20978 20989 20996 21004 21014 21015 21018
13 224 2533 20121 21021 21032 21033 21035 21040 21051 21058 21066 21076 21077
2 1359 21082
15 665 21098 21112 21115 21126 21127 21129 21134 21145 21152 21160 21170 21171 21174 21176
9 151 8946 21194 21197 21208 21209 21211 21216 21227
2 21230 21235
11 1430 4852 21238 21241 21252 21253 21255 21260 21271 21278 21286
11 447 4852 21300 21303 21314 21315 21317 21322 21333 21340 21348
14 1385 3717 21359 21362 21373 21374 21376 21381 21392 21399 21407 21417 21418 21421
9 3791 4755 21431 21434 21445 21446 21448 21453 21464
11 619 8422 21478 21481 21492 21493 21495 21500 21511 21518 21526
13 12 12194 21535 21538 21549 21550 21552 21557 21568 21575 21583 21593 21594
11 183 7906 18293 21595 21606 21607 21609 21614 21625 21632 21640
2 8482 21643
10 3123 17521 21666 21669 21680 21681 21683 21688 21699 21706
14 8437 21714 21728 21731 21742 21743 21745 21750 21761 21768 21776 21786 21787 21790
11 7280 10211 21800 21803 21814 21815 21817 21822 21833 21840 21848
8 757 11701 21865 21868 21879 21880 21882 21887
15 2374 14530 21901 21904 21915 21916 21918 21923 21934 21941 21949 21959 21960 21963 21965
12 37 10010 21981 21984 21995 21996 21998 22003 22014 22021 22029 22039
11 555 8153 22048 22051 22062 22063 22065 22070 22081 22088 22096
11 1091 2034 22079 22104 22115 22116 22118 22123 22134 22141 22149
14 907 4866 22158 22161 22172 22173 22175 22180 22191 22198 22206 22216 22217 22220
10 768 10751 22231 22234 22245 22246 22248 22253 22264 22271
15 2216 12354 22280 22283 22294 22295 22297 22302 22313 22320 22328 22338 22339 22342 22344
12 1408 6462 22353 22356 22367 22368 22370 22375 22386 22393 22401 22411
11 459 3126 22413 22416 22427 22428 22430 22435 22446 22453 22461
10 1252 6302 22472 22475 22486 22487 22489 22494 22505 22512
14 1377 7761 22523 22526 22537 22538 22540 22545 22556 22563 22571 22581 22582 22585
11 274 1664 12860 20009 22596 22597 22599 22604 22615 22622 22630
8 28 17408 22651 22654 22665 22666 22668 22673
13 1056 2282 22683 22686 22697 22698 22700 22705 22716 22723 22731 22741 22742
8 94 15504 22752 22755 22766 22767 22769 22774
14 48 22780 22794 22797 22808 22809 22811 22816 22827 22834 22842 22852 22853 22856
10 921 8426 22866 22869 22880 22881 22883 22888 22899 22906
8 2470 22918 22932 22935 22946 22947 22949 22954
10 1660 22957 22971 22974 22985 22986 22988 22993 23004 23011
13 6522 22988 23028 23031 23042 23043 23045 23050 23061 23068 23076 23086 23087
10 455 12437 23100 23103 23114 23115 23117 23122 23133 23140
11 3910 14059 23155 23158 23169 23170 23172 23177 23188 23195 23203
9 3263 18981 23218 23221 23232 23233 23235 23240 23251
11 453 10941 23259 23262 23273 23274 23276 23281 23292 23299 23307
10 2353 14367 23322 23325 23336 23337 23339 23344 23355 23362
11 1000 14407 23377 23380 23391 23392 23394 23399 23410 23417 23425
4 1002 23428 23442 23445
9 156 3941 23458 23461 23472 23473 23475 23480 23491
15 197 2527 23501 23504 23515 23516 23518 23523 23534 23541 23549 23559 23560 23563 23565
11 929 7609 23573 23576 23587 23588 23590 23595 23606 23613 23621
13 222 2468 23634 23637 23648 23649 23651 23656 23667 23674 23682 23692 23693
14 1224 3500 15839 17749 23702 23703 23705 23710 23721 23728 23736 23746 23747 23750
11 585 3095 23751 23754 23765 23766 23768 23773 23784 23791 23799
13 5679 10036 23820 23823 23834 23835 23837 23842 23853 23860 23868 23878 23879
13 2560 4793 20251 21635 23891 23892 23894 23899 23910 23917 23925 23935 23936
15 757 4195 15115 15519 18215 19564 20256 23939 23950 23957 23965 23975 23976 23979 23981
13 151 7888 19564 23042 23998 23999 24001 24006 24017 24024 24032 24042 24043
8 5593 24048 24062 24065 24076 24077 24079 24084
10 3330 6188 24103 24106 24117 24118 24120 24125 24136 24143
15 243 2723 18126 21540 24154 24155 24157 24162 24173 24180 24188 24198 24199 24202 24204
10 1618 11925 24216 24219 24230 24231 24233 24238 24249 24256
8 427 17525 24270 24273 24284 24285 24287 24292
7 1540 24300 24314 24317 24328 24329 24331
13 1875 21279 24346 24349 24360 24361 24363 24368 24379 24386 24394 24404 24405
14 3341 5334 24414 24417 24428 24429 24431 24436 24447 24454 24462 24472 24473 24476
13 459 3150 12510 18133 24484 24485 24487 24492 24503 24510 24518 24528 24529
11 2866 10879 24540 24543 24554 24555 24557 24562 24573 24580 24588
11 766 1670 16427 17767 24599 24600 24602 24607 24618 24625 24633
15 116 1529 8015 12569 23042 23104 23887 24643 24654 24661 24669 24679 24680 24683 24685
10 1619 7358 24697 24700 24711 24712 24714 24719 24730 24737
11 3610 24741 24755 24758 24769 24770 24772 24777 24788 24795 24803
10 596 9148 24817 24820 24831 24832 24834 24839 24850 24857
4 21493 24863 24877 24880
2 24890 24895
13 427 5919 21628 24906 24917 24918 24920 24925 24936 24943 24951 24961 24962
11 547 2521 18048 19641 24972 24973 24975 24980 24991 24998 25006
11 766 4026 25013 25016 25027 25028 25030 25035 25046 25053 25061
10 2527 10831 25070 25073 25084 25085 25087 25092 25103 25110
11 555 7993 25125 25128 25139 25140 25142 25147 25158 25165 25173
11 457 7734 25184 25187 25198 25199 25201 25206 25217 25224 25232
11 1091 3265 25241 25244 25255 25256 25258 25263 25274 25281 25289
10 427 11572 25302 25305 25316 25317 25319 25324 25335 25342
10 3774 25349 25363 25366 25377 25378 25380 25385 25396 25403
9 2734 12684 25422 25425 25436 25437 25439 25444 25455
13 547 6923 25465 25468 25479 25480 25482 25487 25498 25505 25513 25523 25524
15 238 3237 22199 25526 25537 25538 25540 25545 25556 25563 25571 25581 25582 25585 25587
10 766 20282 25601 25604 25615 25616 25618 25623 25634 25641
11 1217 3478 25647 25650 25661 25662 25664 25669 25680 25687 25695
13 2054 10731 25707 25710 25721 25722 25724 25729 25740 25747 25755 25765 25766
9 534 17880 25776 25779 25790 25791 25793 25798 25809
8 11628 25812 25826 25829 25840 25841 25843 25848
15 238 3884 25857 25860 25871 25872 25874 25879 25890 25897 25905 25915 25916 25919 25921
13 907 6073 25930 25933 25944 25945 25947 25952 25963 25970 25978 25988 25989
10 1199 25992 26006 26009 26020 26021 26023 26028 26039 26046
11 857 10335 26060 26063 26074 26075 26077 26082 26093 26100 26108
4 4799 5178 13872 19336
10 232 11859 26136 26139 26150 26151 26153 26158 26169 26176
14 352 7518 26181 26184 26195 26196 26198 26203 26214 26221 26229 26239 26240 26243
8 2527 9099 26255 26258 26269 26270 26272 26277
8 44 17334 26293 26296 26307 26308 26310 26315
5 4421 24965 26338 26341 26352
15 1346 9148 26355 26358 26369 26370 26372 26377 26388 26395 26403 26413 26414 26417 26419
11 1039 3389 13141 18511 26435 26436 26438 26443 26454 26461 26469
11 2068 14934 26480 26483 26494 26495 26497 26502 26513 26520 26528
11 408 12538 26540 26543 26554 26555 26557 26562 26573 26580 26588
10 4365 10564 26601 26604 26615 26616 26618 26623 26634 26641
7 174 11653 26653 26656 26667 26668 26670
13 116 2350 11674 12194 26673 26674 26676 26681 26692 26699 26707 26717 26718
10 766 7353 26721 26724 26735 26736 26738 26743 26754 26761
10 7957 17451 26771 26774 26785 26786 26788 26793 26804 26811
10 17357 26814 26828 26831 26842 26843 26845 26850 26861 26868
3 891 12846 26889
9 7873 26894 26908 26911 26922 26923 26925 26930 26941
11 877 3690 26953 26956 26967 26968 26970 26975 26986 26993 27001
2 2747 27005
9 238 16298 27020 27023 27034 27035 27037 27042 27053
4 2214 27058 27072 27075
14 2912 8021 21658 24010 27091 27092 27094 27099 27110 27117 27125 27135 27136 27139
9 21634 27143 27157 27160 27171 27172 27174 27179 27190
11 1346 10531 27205 27208 27219 27220 27222 27227 27238 27245 27253
15 135 8062 27269 27272 27283 27284 27286 27291 27302 27309 27317 27327 27328 27331 27333
11 116 4793 27337 27340 27351 27352 27354 27359 27370 27377 27385
2 3289 27388
8 25821 27404 27418 27421 27432 27433 27435 27440
8 206 3379 27459 27462 27473 27474 27476 27481
9 1212 4646 17751 27486 27497 27498 27500 27505 27516
8 12950 27522 27536 27539 27550 27551 27553 27558
10 2645 6587 27572 27575 27586 27587 27589 27594 27605 27612
8 15875 27620 27634 27637 27648 27649 27651 27656
4 24087 27667 27681 27684
10 2585 8198 27693 27696 27707 27708 27710 27715 27726 27733
8 894 2829 27743 27746 27757 27758 27760 27765
1 27767
2 6867 27773
9 14859 27786 27800 27803 27814 27815 27817 27822 27833
1 27834
10 1791 27840 27854 27857 27868 27869 27871 27876 27887 27894
8 4521 27899 27913 27916 27927 27928 27930 27935
1 27945
10 2367 7559 27950 27953 27964 27965 27967 27972 27983 27990
10 1039 2170 27995 27998 28009 28010 28012 28017 28028 28035
1 28036
11 398 16210 28049 28052 28063 28064 28066 28071 28082 28089 28097
8 6158 28109 28123 28126 28137 28138 28140 28145
4 8481 28150 28164 28167
9 1321 28170 28184 28187 28198 28199 28201 28206 28217
2 28221 28226
13 3175 17426 28241 28244 28255 28256 28258 28263 28274 28281 28289 28299 28300
2 12095 28306
11 1374 10206 28329 28332 28343 28344 28346 28351 28362 28369 28377
11 1160 8756 28381 28384 28395 28396 28398 28403 28414 28421 28429
11 443 10472 28447 28450 28461 28462 28464 28469 28480 28487 28495
6 1903 20285 28510 28513 28524 28525
9 452 1664 28527 28530 28541 28542 28544 28549 28560
1 9887
9 531 7762 28575 28578 28589 28590 28592 28597 28608
3 28615 28620 28634
9 861 25314 28647 28650 28661 28662 28664 28669 28680
10 205 24121 28695 28698 28709 28710 28712 28717 28728 28735
11 1316 14700 28743 28746 28757 28758 28760 28765 28776 28783 28791
4 28797 28802 28816 28819
11 28825 28830 28844 28847 28858 28859 28861 28866 28877 28884 28892
2 28898 28903
2 5382 28919
15 1797 15190 28935 28938 28949 28950 28952 28957 28968 28975 28983 28993 28994 28997 28999
14 17268 29007 29021 29024 29035 29036 29038 29043 29054 29061 29069 29079 29080 29083
8 5411 29089 29103 29106 29117 29118 29120 29125
1 4865
1 14350
11 5131 29136 29150 29153 29164 29165 29167 29172 29183 29190 29198
9 555 16282 29217 29220 29231 29232 29234 29239 29250
8 7172 29253 29267 29270 29281 29282 29284 29289
11 94 2871 15818 18944 29300 29301 29303 29308 29319 29326 29334
2 6871 29342
1 29356
2 5242 29361
7 1076 29364 29378 29381 29392 29393 29395
11 22025 29404 29418 29421 29432 29433 29435 29440 29451 29458 29466
10 1720 5911 29479 29482 29493 29494 29496 29501 29512 29519
10 10088 20579 29538 29541 29552 29553 29555 29560 29571 29578
15 5071 13439 29592 29595 29606 29607 29609 29614 29625 29632 29640 29650 29651 29654 29656
2 3286 16799
10 37 29666 29680 29683 29694 29695 29697 29702 29713 29720
11 213 3102 15851 25874 29730 29731 29733 29738 29749 29756 29764
2 29771 29776
15 1217 3478 29784 29787 29798 29799 29801 29806 29817 29824 29832 29842 29843 29846 29848
7 3583 29852 29866 29869 29880 29881 29883
13 1746 13082 29891 29894 29905 29906 29908 29913 29924 29931 29939 29949 29950
14 894 5651 29953 29956 29967 29968 29970 29975 29986 29993 30001 30011 30012 30015
11 459 6450 30024 30027 30038 30039 30041 30046 30057 30064 30072
10 3234 27515 30087 30090 30101 30102 30104 30109 30120 30127
8 4329 13143 30145 30148 30159 30160 30162 30167
10 2473 12573 30181 30184 30195 30196 30198 30203 30214 30221
15 1580 21592 30234 30237 30248 30249 30251 30256 30267 30274 30282 30292 30293 30296 30298
9 2230 14295 30311 30314 30325 30326 30328 30333 30344
11 1350 24112 30360 30363 30374 30375 30377 30382 30393 30400 30408
8 1582 30421 30435 30438 30449 30450 30452 30457
10 19596 30467 30481 30484 30495 30496 30498 30503 30514 30521
9 16562 30529 30543 30546 30557 30558 30560 30565 30576
4 18498 30583 30597 30600
11 3143 10970 30607 30610 30621 30622 30624 30629 30640 30647 30655
15 1056 4965 30667 30670 30681 30682 30684 30689 30700 30707 30715 30725 30726 30729 30731
15 447 2367 15138 15190 16053 16788 17439 22106 30743 30750 30758 30768 30769 30772 30774
7 4132 30787 30801 30804 30815 30816 30818
2 1582 30820
2 1197 30832
2 23042 30847
8 28441 30859 30873 30876 30887 30888 30890 30895
9 3821 14936 30904 30907 30918 30919 30921 30926 30937
2 30938 30943
11 4193 9164 30948 30951 30962 30963 30965 30970 30981 30988 30996
12 6087 26265 31017 31020 31031 31032 31034 31039 31050 31057 31065 31075
10 46 9887 31079 31082 31093 31094 31096 31101 31112 31119
12 238 31123 31137 31140 31151 31152 31154 31159 31170 31177 31185 31195
12 143 4194 31200 31203 31214 31215 31217 31222 31233 31240 31248 31258
4 1637 31262 31276 31279
9 10554 31285 31299 31302 31313 31314 31316 31321 31332
10 4550 31337 31351 31354 31365 31366 31368 31373 31384 31391
8 14729 31396 31410 31413 31424 31425 31427 31432
9 33 27773 31449 31452 31463 31464 31466 31471 31482
11 174 2581 30983 31489 31500 31501 31503 31508 31519 31526 31534
8 2160 28453 31550 31553 31564 31565 31567 31572
10 8741 31576 31590 31593 31604 31605 31607 31612 31623 31630
11 1676 16987 31646 31649 31660 31661 31663 31668 31679 31686 31694
8 8503 31697 31711 31714 31725 31726 31728 31733
4 29022 31737 31751 31754
10 2866 23068 31777 31780 31791 31792 31794 31799 31810 31817
8 4865 28724 31837 31840 31851 31852 31854 31859
14 5139 11701 31870 31873 31884 31885 31887 31892 31903 31910 31918 31928 31929 31932
10 2700 31934 31948 31951 31962 31963 31965 31970 31981 31988
10 2118 24981 32005 32008 32019 32020 32022 32027 32038 32045
14 6290 32054 32068 32071 32082 32083 32085 32090 32101 32108 32116 32126 32127 32130
8 32132 32137 32151 32154 32165 32166 32168 32173
11 1005 5619 32186 32189 32200 32201 32203 32208 32219 32226 32234
11 396 8768 32243 32246 32257 32258 32260 32265 32276 32283 32291
8 23630 32304 32318 32321 32332 32333 32335 32340
10 2160 25317 32358 32361 32372 32373 32375 32380 32391 32398
9 4870 20043 32412 32415 32426 32427 32429 32434 32445
13 14613 32451 32465 32468 32479 32480 32482 32487 32498 32505 32513 32523 32524
15 35 8161 31101 32528 32539 32540 32542 32547 32558 32565 32573 32583 32584 32587 32589
9 105 6398 32596 32599 32610 32611 32613 32618 32629
8 3718 32636 32650 32653 32664 32665 32667 32672
5 12983 32687 32701 32704 32715
8 32716 32721 32735 32738 32749 32750 32752 32757
6 7947 32761 32775 32778 32789 32790
11 386 5119 32796 32799 32810 32811 32813 32818 32829 32836 32844
1 32846
8 4497 32850 32864 32867 32878 32879 32881 32886
1 32894
7 14397 32901 32915 32918 32929 32930 32932
2 8481 31837
12 547 9519 32947 32950 32961 32962 32964 32969 32980 32987 32995 33005
10 32537 33010 33024 33027 33038 33039 33041 33046 33057 33064
9 757 19720 33079 33082 33093 33094 33096 33101 33112
8 10241 33121 33135 33138 33149 33150 33152 33157
11 460 8465 33166 33169 33180 33181 33183 33188 33199 33206 33214
11 9356 33222 33236 33239 33250 33251 33253 33258 33269 33276 33284
7 6536 33285 33299 33302 33313 33314 33316
1 33320
10 32294 33328 33342 33345 33356 33357 33359 33364 33375 33382
4 6732 33391 33405 33408
10 1206 6577 33423 33426 33437 33438 33440 33445 33456 33463
11 993 8729 20766 26447 33475 33476 33478 33483 33494 33501 33509
9 1186 25422 33526 33529 33540 33541 33543 33548 33559
11 619 33562 33576 33579 33590 33591 33593 33598 33609 33616 33624
4 28 30831 33643 33646
15 1357 12538 33661 33664 33675 33676 33678 33683 33694 33701 33709 33719 33720 33723 33725
10 1903 12710 33736 33739 33750 33751 33753 33758 33769 33776
11 2315 8190 33787 33790 33801 33802 33804 33809 33820 33827 33835
8 33845 33850 33864 33867 33878 33879 33881 33886
1 27988
10 26571 33899 33913 33916 33927 33928 33930 33935 33946 33953
11 12476 33959 33973 33976 33987 33988 33990 33995 34006 34013 34021
7 30543 34025 34039 34042 34053 34054 34056
5 12528 34063 34077 34080 34091
10 280 9770 34100 34103 34114 34115 34117 34122 34133 34140
2 5593 34149
10 94 3239 34156 34159 34170 34171 34173 34178 34189 34196
2 34197 34202
13 2533 4781 34205 34208 34219 34220 34222 34227 34238 34245 34253 34263 34264
8 3182 34268 34282 34285 34296 34297 34299 34304
10 13576 34312 34326 34329 34340 34341 34343 34348 34359 34366
8 37 13091 34379 34382 34393 34394 34396 34401
11 14609 34413 34427 34430 34441 34442 34444 34449 34460 34467 34475
8 3681 25803 34491 34494 34505 34506 34508 34513
2 17438 27006
13 4296 25542 34538 34541 34552 34553 34555 34560 34571 34578 34586 34596 34597
9 4875 12273 34606 34609 34620 34621 34623 34628 34639
8 4865 28113 34649 34652 34663 34664 34666 34671
4 28092 34682 34696 34699
15 3349 6158 34704 34707 34718 34719 34721 34726 34737 34744 34752 34762 34763 34766 34768
11 129 158 15091 17876 34779 34780 34782 34787 34798 34805 34813
15 254 7748 34823 34826 34837 34838 34840 34845 34856 34863 34871 34881 34882 34885 34887
10 105 3830 34895 34898 34909 34910 34912 34917 34928 34935
6 28168 34947 34961 34964 34975 34976
4 4129 34979 34993 34996
12 108 7615 35006 35009 35020 35021 35023 35028 35039 35046 35054 35064
1 35065
8 1652 13759 35075 35078 35089 35090 35092 35097
11 5334 10622 35115 35118 35129 35130 35132 35137 35148 35155 35163
12 15050 35173 35187 35190 35201 35202 35204 35209 35220 35227 35235 35245
8 11378 35247 35261 35264 35275 35276 35278 35283
1 35288
10 2160 9713 35294 35297 35308 35309 35311 35316 35327 35334
8 28528 35341 35355 35358 35369 35370 35372 35377
4 1137 14614 35387 35390
11 4421 35399 35413 35416 35427 35428 35430 35435 35446 35453 35461
1 33323
1 35468
15 1529 4793 21039 29848 35479 35480 35482 35487 35498 35505 35513 35523 35524 35527 35529
8 2585 19016 35533 35536 35547 35548 35550 35555
9 123 5341 35571 35574 35585 35586 35588 35593 35604
8 3106 35609 35623 35626 35637 35638 35640 35645
4 35650 35655 35669 35672
15 3058 16521 35689 35692 35703 35704 35706 35711 35722 35729 35737 35747 35748 35751 35753
8 4591 35761 35775 35778 35789 35790 35792 35797
7 1037 28004 35811 35814 35825 35826 35828
10 7693 35830 35844 35847 35858 35859 35861 35866 35877 35884
15 2678 6167 35891 35894 35905 35906 35908 35913 35924 35931 35939 35949 35950 35953 35955
10 2160 20561 35973 35976 35987 35988 35990 35995 36006 36013
15 12977 36018 36032 36035 36046 36047 36049 36054 36065 36072 36080 36090 36091 36094 36096
2 16983 36104
4 15682 36108 36122 36125
1 33323
8 17993 36140 36154 36157 36168 36169 36171 36176
9 4366 33963 36195 36198 36209 36210 36212 36217 36228
8 31755 36240 36254 36257 36268 36269 36271 36276
11 1217 4875 34241 36278 36289 36290 36292 36297 36308 36315 36323
15 510 7051 36332 36335 36346 36347 36349 36354 36365 36372 36380 36390 36391 36394 36396
15 596 5842 30413 36369 36413 36414 36416 36421 36432 36439 36447 36457 36458 36461 36463
9 2245 17161 36474 36477 36488 36489 36491 36496 36507
10 2145 30783 36518 36521 36532 36533 36535 36540 36551 36558
2 36566 36571
10 993 10517 36584 36587 36598 36599 36601 36606 36617 36624
8 8154 35699 36645 36648 36659 36660 36662 36667
3 3533 10838 36687
8 1588 5428 36700 36703 36714 36715 36717 36722
1 36732
10 1081 13354 36733 36736 36747 36748 36750 36755 36766 36773
1 36780
2 7883 36783
10 5803 34283 36799 36802 36813 36814 36816 36821 36832 36839
13 4421 36844 36858 36861 36872 36873 36875 36880 36891 36898 36906 36916 36917
10 993 4967 26441 36919 36930 36931 36933 36938 36949 36956
10 6280 36961 36975 36978 36989 36990 36992 36997 37008 37015
7 4358 37018 37032 37035 37046 37047 37049
4 23 19659 37054 37057
2 3784 37069
1 37075
1 14609
10 520 11005 37084 37087 37098 37099 37101 37106 37117 37124
11 15765 37133 37147 37150 37161 37162 37164 37169 37180 37187 37195
9 11754 37205 37219 37222 37233 37234 37236 37241 37252
1 37259
9 232 37264 37278 37281 37292 37293 37295 37300 37311
11 3061 17537 37326 37329 37340 37341 37343 37348 37359 37366 37374
15 2118 30374 37388 37391 37402 37403 37405 37410 37421 37428 37436 37446 37447 37450 37452
4 1137 14614 37465 37468
4 35384 37477 37491 37494
1 33323
9 9692 37496 37510 37513 37524 37525 37527 37532 37543
2 134 37550
9 28154 37563 37577 37580 37591 37592 37594 37599 37610
8 33855 37615 37629 37632 37643 37644 37646 37651
10 6268 19449 37670 37673 37684 37685 37687 37692 37703 37710
2 37718 37723
11 2494 7520 26254 37733 37744 37745 37747 37752 37763 37770 37778
9 8381 37783 37797 37800 37811 37812 37814 37819 37830
9 12916 37836 37850 37853 37864 37865 37867 37872 37883
15 5663 14556 37889 37892 37903 37904 37906 37911 37922 37929 37937 37947 37948 37951 37953
15 1556 10206 37962 37965 37976 37977 37979 37984 37995 38002 38010 38020 38021 38024 38026
8 3341 38035 38049 38052 38063 38064 38066 38071
1 35288
11 907 15428 38091 38094 38105 38106 38108 38113 38124 38131 38139
11 3272 27973 38159 38162 38173 38174 38176 38181 38192 38199 38207
10 10257 38217 38231 38234 38245 38246 38248 38253 38264 38271
1 21649
2 38275 38280
11 3914 8429 38292 38295 38306 38307 38309 38314 38325 38332 38340
11 4521 24197 38359 38362 38373 38374 38376 38381 38392 38399 38407
10 1286 23335 38427 38430 38441 38442 38444 38449 38460 38467
11 8775 38470 38484 38487 38498 38499 38501 38506 38517 38524 38532
1 2754
11 280 38547 38561 38564 38575 38576 38578 38583 38594 38601 38609
9 2777 38615 38629 38632 38643 38644 38646 38651 38662
2 38666 38671
11 1366 18746 38680 38683 38694 38695 38697 38702 38713 38720 38728
11 44 2355 30828 33646 38742 38743 38745 38750 38761 38768 38776
11 8391 38788 38802 38805 38816 38817 38819 38824 38835 38842 38850
11 17459 38852 38866 38869 38880 38881 38883 38888 38899 38906 38914
8 477 14637 38934 38937 38948 38949 38951 38956
5 596 38965 38979 38982 38993
11 3079 38995 39009 39012 39023 39024 39026 39031 39042 39049 39057
11 2060 25171 39072 39075 39086 39087 39089 39094 39105 39112 39120
15 2314 7386 14223 17320 39127 39128 39130 39135 39146 39153 39161 39171 39172 39175 39177
3 14109 39185 39199
2 19654 35467
1 39203
11 957 9391 39212 39215 39226 39227 39229 39234 39245 39252 39260
10 769 16175 39273 39276 39287 39288 39290 39295 39306 39313
8 3005 39320 39334 39337 39348 39349 39351 39356
9 4329 35753 39380 39383 39394 39395 39397 39402 39413
15 1875 10374 33512 39421 39432 39433 39435 39440 39451 39458 39466 39476 39477 39480 39482
2 1137 14614
4 2533 15459 39496 39499
10 265 29356 39519 39522 39533 39534 39536 39541 39552 39559
11 2554 21826 39576 39579 39590 39591 39593 39598 39609 39616 39624
10 6369 39629 39643 39646 39657 39658 39660 39665 39676 39683
10 7767 37757 39701 39704 39715 39716 39718 39723 39734 39741
11 408 10506 39756 39759 39770 39771 39773 39778 39789 39796 39804
10 1199 7872 39809 39812 39823 39824 39826 39831 39842 39849
13 1583 11646 29600 38387 39862 39863 39865 39870 39881 39888 39896 39906 39907
9 39910 39915 39929 39932 39943 39944 39946 39951 39962
8 1039 14554 39970 39973 39984 39985 39987 39993
4 37 39999 40013 40016
11 2242 6848 40023 40026 40037 40038 40040 40045 40056 40063 40071
14 1135 6226 22081 24683 40086 40087 40089 40094 40105 40112 40120 40130 40131 40134
2 23 34283
10 40142 40147 40161 40164 40175 40176 40178 40183 40194 40201
10 448 25863 40216 40219 40230 40231 40233 40238 40249 40256
11 575 5883 40260 40263 40274 40275 40277 40282 40293 40300 40308
10 1186 22206 40324 40327 40338 40339 40341 40346 40357 40364
3 28021 40371 40385
2 19854 40392
15 482 4039 18027 20302 28763 40397 40399 40404 40415 40422 40430 40440 40441 40444 40446
9 192 8860 40454 40457 40468 40469 40471 40476 40487
9 4929 40492 40506 40509 40520 40521 40523 40528 40539
15 16851 40545 40559 40562 40573 40574 40576 40581 40592 40599 40607 40617 40618 40621 40623
10 10059 40629 40643 40646 40657 40658 40660 40665 40676 40683
1 33323
9 16360 40694 40708 40711 40722 40723 40725 40730 40741
1 40748
10 1822 9998 40759 40762 40773 40774 40776 40781 40792 40799
2 34667 40809
16 988 13489 40821 40824 40835 40836 40838 40843 40854 40861 40869 40879 40880 40883 40885 40895
2 11393 40897
4 40900 40905 40919 40922
8 2311 40929 40943 40946 40957 40958 40960 40965
6 40972 40977 40991 40994 41005 41006
2 37 41011
9 6058 10188 41036 41039 41050 41051 41053 41058 41069
9 606 5139 41076 41079 41090 41091 41093 41098 41109
7 116 20536 41125 41128 41139 41140 41142
2 28634 41147
10 2823 13246 41155 41158 41169 41170 41172 41177 41188 41195
4 3182 34290 41205 41208
8 32171 41215 41229 41232 41243 41244 41246 41251
13 168 1397 15875 20785 41262 41263 41265 41270 41281 41288 41296 41306 41307
11 427 4852 21662 41310 41321 41322 41324 41329 41340 41347 41355
10 1997 7174 26605 41364 41375 41376 41378 41383 41394 41401
10 3400 16940 41415 41418 41429 41430 41432 41437 41448 41455
11 1366 5828 41470 41473 41484 41485 41487 41492 41503 41510 41518
4 6607 31302 41532 41535
13 66 4394 27272 39146 41555 41556 41558 41563 41574 41581 41589 41599 41600
15 264 7816 41603 41606 41617 41618 41620 41625 41636 41643 41651 41661 41662 41665 41667
10 2754 17234 41675 41678 41689 41690 41692 41697 41708 41715
10 1218 6825 20663 23704 41719 41720 41722 41727 41738 41745
2 13603 41750
15 41762 41767 41781 41784 41795 41796 41798 41803 41814 41821 41829 41839 41840 41843 41845
10 25 29356 41857 41860 41871 41872 41874 41879 41890 41897
15 37 2342 29342 34292 41912 41913 41915 41920 41931 41938 41946 41956 41957 41960 41962
11 254 28690 41976 41979 41990 41991 41993 41998 42009 42016 42024
1 23
11 29026 42034 42048 42051 42062 42063 42065 42070 42081 42088 42096
15 3335 22457 42113 42116 42127 42128 42130 42135 42146 42153 42161 42171 42172 42175 42177
11 2744 5020 42185 42188 42199 42200 42202 42207 42218 42225 42233
10 2597 42237 42251 42254 42265 42266 42268 42273 42284 42291
1 42297
15 252 3762 15716 25863 42302 42303 42305 42310 42321 42328 42336 42346 42347 42350 42352
10 243 2796 31172 42356 42367 42368 42370 42375 42386 42393
8 1932 42401 42415 42418 42429 42430 42432 42437
9 829 16016 42451 42454 42465 42466 42468 42473 42484
8 28969 42488 42502 42505 42516 42517 42519 42524
15 2367 9391 42538 42541 42552 42553 42555 42560 42571 42578 42586 42596 42597 42600 42602
10 174 11243 42612 42615 42626 42627 42629 42634 42645 42652
10 5475 39101 42668 42671 42682 42683 42685 42690 42701 42708
10 1056 6369 42717 42720 42731 42732 42734 42739 42750 42757
1 42762
11 2866 42764 42778 42781 42792 42793 42795 42800 42811 42818 42826
10 24963 42837 42851 42854 42865 42866 42868 42873 42884 42891
4 7713 41749 42911 42914
1 14350
9 5911 41266 42936 42939 42950 42951 42953 42958 42969
10 14251 42973 42987 42990 43001 43002 43004 43009 43020 43027
11 4358 23939 43042 43045 43056 43057 43059 43064 43075 43082 43090
13 880 3941 38665 43095 43106 43107 43109 43114 43125 43132 43140 43150 43151
5 997 20228 43163 43166 43177
10 2708 26198 43189 43192 43203 43204 43206 43211 43222 43229
14 5306 10064 43231 43234 43245 43246 43248 43253 43264 43271 43279 43289 43290 43293
6 6398 32618 43307 43310 43321 43322
11 238 11571 43328 43331 43342 43343 43345 43350 43361 43368 43376
4 43377 43382 43396 43399
13 2794 10941 43410 43413 43424 43425 43427 43432 43443 43450 43458 43468 43469
7 3259 43474 43488 43491 43502 43503 43505
9 4308 35847 43519 43522 43533 43534 43536 43541 43552
1 1570
2 39355 43563
1 43568
11 1149 5391 43573 43576 43587 43588 43590 43595 43606 43613 43621
11 7968 19839 43637 43640 43651 43652 43654 43659 43670 43677 43685
2 43688 43693
8 23 7990 40135 43705 43716 43717 43719 43724
5 1544 35596 43746 43749 43760
10 88 105 15206 34897 43770 43771 43773 43778 43789 43796
11 23042 43804 43818 43821 43832 43833 43835 43840 43851 43858 43866
7 29780 43871 43885 43888 43899 43900 43902
1 43905
11 36416 43911 43925 43928 43939 43940 43942 43947 43958 43965 43973
11 227 5245 21694 23963 43985 43986 43988 43993 44004 44011 44019
11 1573 18616 44037 44040 44051 44052 44054 44059 44070 44077 44085
1 28615
8 9781 44095 44109 44112 44123 44124 44126 44131
8 2527 12061 44147 44150 44161 44162 44164 44169
10 928 28738 44180 44183 44194 44195 44197 44202 44213 44220
12 534 12804 44230 44233 44244 44245 44247 44252 44263 44270 44278 44288
4 1841 44289 44303 44306
8 5350 23529 44321 44324 44335 44336 44338 44343
2 1137 14613
11 12923 44353 44367 44370 44381 44382 44384 44389 44400 44407 44415
11 412 38231 44431 44434 44445 44446 44448 44453 44464 44471 44479
11 232 44483 44497 44500 44511 44512 44514 44519 44530 44537 44545
1 33323
9 3403 28512 44555 44558 44569 44570 44572 44577 44588
7 10509 27888 44606 44609 44620 44621 44623
9 626 44631 44645 44648 44659 44660 44662 44667 44678
8 8783 34034 44688 44691 44702 44703 44705 44710
7 44719 44724 44738 44741 44752 44753 44755
10 1818 7121 44762 44765 44776 44777 44779 44784 44795 44802
2 37727 44811
2 9896 44815
1 14350
9 6742 44825 44839 44842 44853 44854 44856 44861 44872
8 7037 19122 44882 44885 44896 44897 44899 44904
15 462 8860 44917 44920 44931 44932 44934 44939 44950 44957 44965 44975 44976 44979 44981
2 26034 44987
15 229 3235 14974 18049 45000 45001 45003 45008 45019 45026 45034 45044 45045 45048 45050
8 962 20095 45062 45065 45076 45077 45079 45084
7 31180 45091 45105 45108 45119 45120 45122
10 45127 45132 45146 45149 45160 45161 45163 45168 45179 45186
11 1582 9887 45193 45196 45207 45208 45210 45215 45226 45233 45241
10 1707 4956 45246 45249 45260 45261 45263 45268 45279 45286
4 3377 18510 45303 45306
10 20345 45310 45324 45327 45338 45339 45341 45346 45357 45364
11 2553 11849 38079 45370 45381 45382 45384 45389 45400 45407 45415
10 14752 36693 45433 45436 45447 45448 45450 45455 45466 45473
13 1374 28487 45486 45489 45500 45501 45503 45508 45519 45526 45534 45544 45545
13 443 7968 21985 23330 45548 45549 45551 45556 45567 45574 45582 45592 45593
7 3286 45599 45613 45616 45627 45628 45630
13 1353 8987 44326 45635 45646 45647 45649 45654 45665 45672 45680 45690 45691
4 25623 45697 45711 45714
11 192 3504 25516 45721 45732 45733 45735 45740 45751 45758 45766
2 16983 44819
10 3218 36595 45784 45787 45798 45799 45801 45806 45817 45824
11 14228 45833 45847 45850 45861 45862 45864 45869 45880 45887 45895
11 206 7869 45910 45913 45924 45925 45927 45932 45943 45950 45958
4 8520 45966 45980 45983
11 157 5564 39753 45994 46005 46006 46008 46013 46024 46031 46039
10 3233 17633 46053 46056 46067 46068 46070 46075 46086 46093
11 1149 3409 36730 43594 46107 46108 46110 46115 46126 46133 46141
15 6524 34818 46162 46165 46176 46177 46179 46184 46195 46202 46210 46220 46221 46224 46226
4 8507 46235 46249 46252
10 1792 29641 46266 46269 46280 46281 46283 46288 46299 46306
11 10534 46317 46331 46334 46345 46346 46348 46353 46364 46371 46379
9 485 19404 46396 46399 46410 46411 46413 46418 46429
14 192 5494 36952 46434 46445 46446 46448 46453 46464 46471 46479 46489 46490 46493
11 1853 43536 46508 46511 46522 46523 46525 46530 46541 46548 46556
10 2546 10036 46569 46572 46583 46584 46586 46591 46602 46609
8 1043 28712 46621 46624 46635 46636 46638 46643
11 1172 5799 41643 46651 46662 46663 46665 46670 46681 46688 46696
13 2184 23054 46704 46707 46718 46719 46721 46726 46737 46744 46752 46762 46763
14 134 5382 19563 24846 46665 46764 46766 46771 46782 46789 46797 46807 46808 46811
2 31469 46817
8 1556 28899 46835 46838 46849 46850 46852 46857
8 10101 46862 46876 46879 46890 46891 46893 46898
13 152 7930 46902 46905 46916 46917 46919 46924 46935 46942 46950 46960 46961
10 88 6577 43788 46964 46975 46976 46978 46983 46994 47001
9 3150 7864 47016 47019 47030 47031 47033 47038 47049
13 1212 21415 47063 47066 47077 47078 47080 47085 47096 47103 47111 47121 47122
10 1217 6188 47127 47130 47141 47142 47144 47149 47160 47167
1 17248
14 3234 39158 47184 47187 47198 47199 47201 47206 47217 47224 47232 47242 47243 47246
11 3270 13024 47252 47255 47266 47267 47269 47274 47285 47292 47300
1 47304
11 47306 47311 47325 47328 47339 47340 47342 47347 47358 47365 47373
2 1582 24089
15 2342 7983 47395 47398 47409 47410 47412 47417 47428 47435 47443 47453 47454 47457 47459
8 734 17617 47472 47475 47486 47487 47489 47494
10 5405 47498 47512 47515 47526 47527 47529 47534 47545 47552
1 47557
3 8481 47558 47572
2 30844 47577
13 771 20588 47593 47596 47607 47608 47610 47615 47626 47633 47641 47651 47652
9 597 1837 47658 47661 47672 47673 47675 47680 47691
1 29771
7 47700 47705 47719 47722 47733 47734 47736
9 3798 13553 47745 47748 47759 47760 47762 47767 47778
13 94 2530 12273 15073 47785 47786 47788 47793 47804 47811 47819 47829 47830
8 2568 38486 47845 47848 47859 47860 47862 47867
11 1374 12601 47873 47876 47887 47888 47890 47895 47906 47913 47921
9 1807 45110 47940 47943 47954 47955 47957 47962 47973
10 471 47980 47994 47997 48008 48009 48011 48016 48027 48034
9 1066 2177 48045 48048 48059 48060 48062 48067 48078
4 4380 43899 48094 48097
15 165 3307 11944 12576 48100 48101 48103 48108 48119 48126 48134 48144 48145 48148 48150
11 1279 42518 48172 48175 48186 48187 48189 48194 48205 48212 48220
10 44978 48230 48244 48247 48258 48259 48261 48266 48277 48284
11 16848 41821 48299 48302 48313 48314 48316 48321 48332 48339 48347
2 39160 48352
13 4032 16738 48361 48364 48375 48376 48378 48383 48394 48401 48409 48419 48420
11 1224 17160 48430 48433 48444 48445 48447 48452 48463 48470 48478
2 4421 48489
11 1056 10059 48497 48500 48511 48512 48514 48519 48530 48537 48545
14 31857 48555 48569 48572 48583 48584 48586 48591 48602 48609 48617 48627 48628 48631
10 15537 29137 48643 48646 48657 48658 48660 48665 48676 48683
10 5149 25044 48702 48705 48716 48717 48719 48724 48735 48742
15 1357 8748 32287 48749 48760 48761 48763 48768 48779 48786 48794 48804 48805 48808 48810
5 3067 48813 48827 48830 48841
11 3064 5967 26795 36412 48848 48849 48851 48856 48867 48874 48882
13 5438 14891 48898 48901 48912 48913 48915 48920 48931 48938 48946 48956 48957
8 254 48964 48978 48981 48992 48993 48995 49000
11 406 5648 10905 17411 49016 49017 49019 49024 49035 49042 49050
3 49059 49064 49078
11 1971 8629 49083 49086 49097 49098 49100 49105 49116 49123 49131
11 5740 12835 49142 49145 49156 49157 49159 49164 49175 49182 49190
14 783 5861 23042 40164 49202 49203 49205 49210 49221 49228 49236 49246 49247 49250
11 5475 44386 49264 49267 49278 49279 49281 49286 49297 49304 49312
11 2118 42413 49332 49335 49346 49347 49349 49354 49365 49372 49380
10 988 14403 49389 49392 49403 49404 49406 49411 49422 49429
11 14161 49437 49451 49454 49465 49466 49468 49473 49484 49491 49499
1 38542
10 442 3759 35050 49505 49516 49517 49519 49524 49535 49542
7 597 12886 49559 49562 49573 49574 49576
10 1045 49580 49594 49597 49608 49609 49611 49616 49627 49634
6 15551 49637 49651 49654 49665 49666
2 28630 49669
13 3497 17802 49688 49691 49702 49703 49705 49710 49721 49728 49736 49746 49747
8 886 6952 49757 49760 49771 49772 49774 49779
2 21645 49793
10 19862 49808 49822 49825 49836 49837 49839 49844 49855 49862
4 1043 49872 49886 49889
15 452 3094 9962 16202 49903 49904 49906 49911 49922 49929 49937 49947 49948 49951 49953
11 427 2317 23218 31539 49965 49966 49968 49973 49984 49991 49999
12 464 39019 50021 50024 50035 50036 50038 50043 50054 50061 50069 50079
10 8767 22598 50089 50092 50103 50104 50106 50111 50122 50129
2 16802 50140
4 10579 50153 50167 50170
11 14530 49451 50191 50194 50205 50206 50208 50213 50224 50231 50239
4 1582 50248 50262 50265
4 1046 50272 50286 50289
10 1082 18675 50300 50303 50314 50315 50317 50322 50333 50340
16 3181 10135 42591 50343 50354 50355 50357 50362 50373 50380 50388 50398 50399 50402 50404 50414
9 1643 7713 36244 50299 50426 50427 50429 50434 50445
2 8482 50452
8 1821 24568 50469 50472 50483 50484 50486 50491
8 3440 21091 50504 50507 50518 50519 50521 50526
11 1378 5699 50534 50537 50548 50549 50551 50556 50567 50574 50582
11 122 39358 50603 50606 50617 50618 50620 50625 50636 50643 50651
2 16983 47169
9 5739 24907 50674 50677 50688 50689 50691 50696 50707
10 26681 50713 50727 50730 50741 50742 50744 50749 50760 50767
8 48281 50776 50790 50793 50804 50805 50807 50812
1 28228
2 2423 50820
1 50829
11 1971 37415 50836 50839 50850 50851 50853 50858 50869 50876 50884
4 12420 50892 50906 50909
11 619 7443 50914 50917 50928 50929 50931 50936 50947 50954 50962
4 11121 50971 50985 50988
11 2727 18046 51000 51003 51014 51015 51017 51022 51033 51040 51048
10 23 40135 51062 51065 51076 51077 51079 51084 51095 51102
15 116 3360 23356 27365 51051 51107 51109 51114 51125 51132 51140 51150 51151 51154 51156
1 38915
8 22801 51163 51177 51180 51191 51192 51194 51199
14 8589 29118 51212 51215 51226 51227 51229 51234 51245 51252 51260 51270 51271 51274
6 3436 31825 51278 51281 51292 51293
10 7094 18036 51295 51298 51309 51310 51312 51317 51328 51335
4 1825 7706 51348 51351
10 3403 15319 46785 51364 51375 51376 51378 51383 51394 51401
6 3059 51407 51421 51424 51435 51436
11 5382 9236 51440 51443 51454 51455 51457 51462 51473 51480 51488
15 1836 51490 51504 51507 51518 51519 51521 51526 51537 51544 51552 51562 51563 51566 51568
7 25795 51577 51591 51594 51605 51606 51608
10 967 11337 51618 51621 51632 51633 51635 51640 51651 51658
9 1044 47678 51676 51679 51690 51691 51693 51698 51709
1 51714
11 5720 37542 51725 51728 51739 51740 51742 51747 51758 51765 51773
1 33323
11 460 7276 31283 42579 51788 51789 51791 51796 51807 51814 51822
14 3330 10093 46112 51830 51841 51842 51844 51849 51860 51867 51875 51885 51886 51889
9 266 48529 51904 51907 51918 51919 51921 51926 51937
10 1593 30213 51953 51956 51967 51968 51970 51975 51986 51993
2 3775 52001
8 206 3725 52014 52017 52028 52029 52031 52036
9 3289 52038 52052 52055 52066 52067 52069 52074 52085
2 34407 52093
8 5875 22525 52108 52111 52122 52123 52125 52130
7 6070 14765 52148 52151 52162 52163 52165
1 52168
13 192 2513 10648 12666 22126 27915 35072 48493 52179 52186 52194 52204 52205
10 597 9665 52215 52218 52229 52230 52232 52237 52248 52255
10 3436 28686 44206 51280 52264 52265 52267 52272 52283 52290
12 23 10580 29688 32585 52303 52304 52306 52311 52322 52329 52337 52347
9 1186 10205 52353 52356 52367 52368 52370 52375 52386
3 5274 30248 52399
10 257 20633 52411 52414 52425 52426 52428 52433 52444 52451
10 619 29794 52471 52474 52485 52486 52488 52493 52504 52511
1 43174
10 3436 18546 52521 52524 52535 52536 52538 52543 52554 52561
2 24027 52569
6 23 49832 52587 52590 52601 52602
15 1397 5133 20365 22457 52606 52607 52609 52614 52625 52632 52640 52650 52651 52654 52656
9 156 20231 52667 52670 52681 52682 52684 52689 52700
11 448 2828 28449 39227 52715 52716 52718 52723 52734 52741 52749
11 3393 52755 52769 52772 52783 52784 52786 52791 52802 52809 52817
13 219 5274 27142 42129 52831 52832 52834 52839 52850 52857 52865 52875 52876
11 6294 21924 52888 52891 52902 52903 52905 52910 52921 52928 52936
10 21035 46428 52956 52959 52970 52971 52973 52978 52989 52996
15 1370 3064 23643 40456 53008 53009 53011 53016 53027 53034 53042 53052 53053 53056 53058
7 15504 53060 53074 53077 53088 53089 53091
12 402 8530 15273 15301 53097 53098 53100 53105 53116 53123 53131 53141
8 12735 49339 53155 53158 53169 53170 53172 53177
10 2311 53182 53196 53199 53210 53211 53213 53218 53229 53236
2 49670 53243
4 4128 53261 53275 53278
8 6867 43669 53298 53301 53312 53313 53315 53320
8 30412 53327 53341 53344 53355 53356 53358 53363
11 12 15566 50231 53369 53380 53381 53383 53388 53399 53406 53414
8 3289 16984 53431 53434 53445 53446 53448 53453
11 427 5911 26424 37947 53463 53464 53466 53471 53482 53489 53497
13 4321 8860 53508 53511 53522 53523 53525 53530 53541 53548 53556 53566 53567
2 40809 53571
10 53578 53583 53597 53600 53611 53612 53614 53619 53630 53637
8 3241 35202 53653 53656 53667 53668 53670 53675
6 2796 48703 53697 53700 53711 53712
2 53713 53718
9 143 11647 46772 53727 53738 53739 53741 53746 53757
1 14621
15 8591 17154 53766 53769 53780 53781 53783 53788 53799 53806 53814 53824 53825 53828 53830
15 197 6420 21380 36406 53840 53841 53843 53848 53859 53866 53874 53884 53885 53888 53890
2 53894 53899
8 534 45992 53925 53928 53939 53940 53942 53947
11 2317 14612 53960 53963 53974 53975 53977 53982 53993 54000 54008
13 769 51876 54028 54031 54042 54043 54045 54050 54061 54068 54076 54086 54087
6 860 54090 54104 54107 54118 54119
1 54121
11 238 14784 54123 54126 54137 54138 54140 54145 54156 54163 54171
3 18854 54183 54197
10 12130 42324 54210 54213 54224 54225 54227 54232 54243 54250
11 1854 30528 34048 36516 54260 54261 54263 54268 54279 54286 54294
11 442 20818 54310 54313 54324 54325 54327 54332 54343 54350 54358
2 1971 54364
13 1971 10257 36214 45499 54379 54380 54382 54387 54398 54405 54413 54423 54424
11 1715 6553 30022 42441 54432 54433 54435 54440 54451 54458 54466
11 3290 54477 54491 54494 54505 54506 54508 54513 54524 54531 54539
11 3059 17451 54542 54545 54556 54557 54559 54564 54575 54582 54590
8 14334 54595 54609 54612 54623 54624 54626 54631
9 2156 24963 54652 54655 54666 54667 54669 54674 54685
10 2011 16657 54696 54699 54710 54711 54713 54718 54729 54736
11 1971 27009 54745 54748 54759 54760 54762 54767 54778 54785 54793
15 7835 48620 54812 54815 54826 54827 54829 54834 54845 54852 54860 54870 54871 54874 54876
2 408 49795
9 795 23138 54900 54903 54914 54915 54917 54922 54933
15 794 16199 54937 54940 54951 54952 54954 54959 54970 54977 54985 54995 54996 54999 55001
9 12125 55008 55022 55025 55036 55037 55039 55044 55055
2 12055 55060
15 1630 3308 15924 18720 46698 47158 55070 55075 55086 55093 55101 55111 55112 55115 55117
10 2545 55119 55133 55136 55147 55148 55150 55155 55166 55173
4 10084 55183 55197 55200
14 371 2702 12276 12888 20204 21188 22330 53466 55221 55228 55236 55246 55247 55250
10 5853 55253 55267 55270 55281 55282 55284 55289 55300 55307
8 26428 45660 55325 55328 55339 55340 55342 55347
11 130 4236 27268 40083 55355 55356 55358 55363 55374 55381 55389
1 55398
4 17972 55403 55417 55420
11 836 7869 55427 55430 55441 55442 55444 55449 55460 55467 55475
11 1159 20725 55483 55486 55497 55498 55500 55505 55516 55523 55531
8 1039 2176 50433 55539 55550 55551 55553 55558
9 156 19404 55573 55576 55587 55588 55590 55595 55606
11 757 8268 55614 55617 55628 55629 55631 55636 55647 55654 55662
8 3360 11860 55679 55682 55693 55694 55696 55701
15 94 2054 6629 9379 20297 26412 33661 55706 55717 55724 55732 55742 55743 55746 55748
1 55752
11 408 19827 55761 55764 55775 55776 55778 55783 55794 55801 55809
9 556 14356 55821 55824 55835 55836 55838 55843 55854
4 3800 32624 55873 55876
1 19727
11 28 30578 55893 55896 55907 55908 55910 55915 55926 55933 55941
10 48 24693 55955 55958 55969 55970 55972 55977 55988 55995
2 1582 32943
10 1919 17375 56016 56019 56030 56031 56033 56038 56049 56056
10 207 24117 56076 56079 56090 56091 56093 56098 56109 56116
14 192 2533 13945 29726 56127 56128 56130 56135 56146 56153 56161 56171 56172 56175
11 7496 13536 56176 56179 56190 56191 56193 56198 56209 56216 56224
4 2747 27003 56244 56247
1 56253
8 2230 56255 56269 56272 56283 56284 56286 56291
14 412 3135 25432 25448 56301 56302 56304 56309 56320 56327 56335 56345 56346 56349
11 4212 18908 56352 56355 56366 56367 56369 56374 56385 56392 56400
1 56407
11 408 5645 5948 8721 56415 56416 56418 56423 56434 56441 56449
3 13144 13154 56462
11 35803 56468 56482 56485 56496 56497 56499 56504 56515 56522 56530
11 36159 56535 56549 56552 56563 56564 56566 56571 56582 56589 56597
11 1346 13343 56605 56608 56619 56620 56622 56627 56638 56645 56653
7 45 19641 56666 56669 56680 56681 56683
11 2324 13293 56689 56692 56703 56704 56706 56711 56722 56729 56737
13 23 16820 56747 56750 56761 56762 56764 56769 56780 56787 56795 56805 56806
9 1676 56811 56825 56828 56839 56840 56842 56847 56858
10 1081 7713 46501 46516 56860 56861 56863 56868 56879 56886
10 206 7613 56893 56896 56907 56908 56910 56915 56926 56933
3 6867 52093 56944
4 23 34291 56954 56957
2 32561 56960
2 56961 56966
9 416 56978 56992 56995 57006 57007 57009 57014 57025
10 875 10376 57032 57035 57046 57047 57049 57054 57065 57072
7 3356 49715 57091 57094 57105 57106 57108
7 3350 28703 57117 57120 57131 57132 57134
10 57139 57144 57158 57161 57172 57173 57175 57180 57191 57198
2 1637 57202
11 386 17139 57219 57222 57233 57234 57236 57241 57252 57259 57267
15 1250 5270 19220 22525 56426 57273 57275 57280 57291 57298 57306 57316 57317 57320 57322
8 1834 34025 57327 57330 57341 57342 57344 57349
15 4103 10036 50018 57358 57369 57370 57372 57377 57388 57395 57403 57413 57414 57417 57419
9 3284 25158 57434 57437 57448 57449 57451 57456 57467
8 4112 57469 57483 57486 57497 57498 57500 57505
9 1224 22264 57519 57522 57533 57534 57536 57541 57552
14 2015 8308 57561 57564 57575 57576 57578 57583 57594 57601 57609 57619 57620 57623
15 4620 37442 57635 57638 57649 57650 57652 57657 57668 57675 57683 57693 57694 57697 57699
11 1915 15326 57703 57706 57717 57718 57720 57725 57736 57743 57751
10 8594 56892 57764 57767 57778 57779 57781 57786 57797 57804
10 57805 57810 57824 57827 57838 57839 57841 57846 57857 57864
9 427 9250 57874 57877 57888 57889 57891 57896 57907
9 8605 53538 57925 57928 57939 57940 57942 57947 57958
9 105 46971 57970 57973 57984 57985 57987 57992 58003
15 1366 8438 58009 58012 58023 58024 58026 58031 58042 58049 58057 58067 58068 58071 58073
10 58076 58081 58095 58098 58109 58110 58112 58117 58128 58135
2 3286 58138
15 907 8087 29408 49341 58154 58155 58157 58162 58173 58180 58188 58198 58199 58202 58204
15 3412 35240 58217 58220 58231 58232 58234 58239 58250 58257 58265 58275 58276 58279 58281
13 21896 37477 58289 58292 58303 58304 58306 58311 58322 58329 58337 58347 58348
9 999 12060 58353 58356 58367 58368 58370 58375 58386
9 17431 53384 58400 58403 58414 58415 58417 58422 58433
11 88 2803 15801 18523 58438 58439 58441 58446 58457 58464 58472
6 1809 18530 58491 58494 58505 58506
13 221 3363 17538 24693 58513 58514 58516 58521 58532 58539 58547 58557 58558
9 10580 28495 58567 58570 58581 58582 58584 58589 58600
10 8952 43541 58619 58622 58633 58634 58636 58641 58652 58659
1 58660
15 408 3064 9339 17753 58664 58665 58667 58672 58683 58690 58698 58708 58709 58712 58714
9 8263 58720 58734 58737 58748 58749 58751 58756 58767
4 6749 58774 58788 58791
13 495 4529 58804 58807 58818 58819 58821 58826 58837 58844 58852 58862 58863
10 993 9338 58870 58873 58884 58885 58887 58892 58903 58910
10 3305 8792 58920 58923 58934 58935 58937 58942 58953 58960
11 2560 7038 20099 23551 52737 58962 58964 58969 58980 58987 58995
4 4421 59004 59018 59021
4 3546 22000 59035 59038
2 1582 31837
10 1919 28320 59056 59059 59070 59071 59073 59078 59089 59096
4 42146 59101 59115 59118
3 3272 53236 59136
8 7364 44563 59150 59153 59164 59165 59167 59172
2 16769 59178
15 5405 30559 59188 59191 59202 59203 59205 59210 59221 59228 59236 59246 59247 59250 59252
10 3393 31069 59257 59260 59271 59272 59274 59279 59290 59297
11 24348 59307 59321 59324 59335 59336 59338 59343 59354 59361 59369
12 1556 9356 59376 59379 59390 59391 59393 59398 59409 59416 59424 59434
12 694 6735 59438 59441 59452 59453 59455 59460 59471 59478 59486 59496
15 11404 59498 59512 59515 59526 59527 59529 59534 59545 59552 59560 59570 59571 59574 59576
10 2341 59579 59593 59596 59607 59608 59610 59615 59626 59633
8 36657 59641 59655 59658 59669 59670 59672 59677
12 2303 20827 59689 59692 59703 59704 59706 59711 59722 59729 59737 59747
11 1537 15123 59752 59755 59766 59767 59769 59774 59785 59792 59800
15 5083 12599 59812 59815 59826 59827 59829 59834 59845 59852 59860 59870 59871 59874 59876
4 59885 59890 59904 59907
6 40766 59917 59931 59934 59945 59946
13 6524 59947 59961 59964 59975 59976 59978 59983 59994 60001 60009 60019 60020
10 2500 16171 60021 60024 60035 60036 60038 60043 60054 60061
1 14350
9 37 60066 60080 60083 60094 60095 60097 60102 60113
8 2345 52309 60132 60135 60146 60147 60149 60154
4 2522 52826 60172 60175
11 11748 50367 60194 60197 60208 60209 60211 60216 60227 60234 60242
9 26192 60248 60262 60265 60276 60277 60279 60284 60295
13 2456 7958 47444 60299 60310 60311 60313 60318 60329 60336 60344 60354 60355
1 16983
14 135 3585 17368 18679 34788 34791 39600 60361 60372 60379 60387 60397 60398 60401
15 28 5587 23471 27165 60408 60409 60411 60416 60427 60434 60442 60452 60453 60456 60458
13 60463 60468 60482 60485 60496 60497 60499 60504 60515 60522 60530 60540 60541
1 19305
10 44 7731 48101 60546 60557 60558 60560 60565 60576 60583
15 372 4661 42968 49543 60595 60596 60598 60603 60614 60621 60629 60639 60640 60643 60645
1 7952
9 427 12731 60659 60662 60673 60674 60676 60681 60692
7 44 1582 60696 60699 60710 60711 60713
2 23 34293
10 13480 43163 60730 60733 60744 60745 60747 60752 60763 60770
15 4346 14473 60773 60776 60787 60788 60790 60795 60806 60813 60821 60831 60832 60835 60837
2 18521 60839
10 2042 24040 60857 60860 60871 60872 60874 60879 60890 60897
11 2197 13816 60903 60906 60917 60918 60920 60925 60936 60943 60951
10 987 42639 60965 60968 60979 60980 60982 60987 60998 61005
15 495 7572 61018 61021 61032 61033 61035 61040 61051 61058 61066 61076 61077 61080 61082
11 12964 25157 61091 61094 61105 61106 61108 61113 61124 61131 61139
8 1903 7747 61153 61156 61167 61168 61170 61175
11 61185 61190 61204 61207 61218 61219 61221 61226 61237 61244 61252
1 61259
10 23 22026 61271 61274 61285 61286 61288 61293 61304 61311
15 820 4325 25562 30128 61323 61324 61326 61331 61342 61349 61357 61367 61368 61371 61373
8 2357 20519 61386 61389 61400 61401 61403 61408
8 1186 20827 61423 61426 61437 61438 61440 61445
14 809 25364 61465 61468 61479 61480 61482 61487 61498 61505 61513 61523 61524 61527
13 2342 9967 43812 61529 61540 61541 61543 61548 61559 61566 61574 61584 61585
13 1350 4258 17431 19939 61590 61591 61593 61598 61609 61616 61624 61634 61635
10 2381 48442 61648 61651 61662 61663 61665 61670 61681 61688
3 9301 61696 61710
3 23 34283 61712
8 539 15841 61720 61723 61734 61735 61737 61742
14 36852 61756 61770 61773 61784 61785 61787 61792 61803 61810 61818 61828 61829 61832
10 427 21493 61842 61845 61856 61857 61859 61864 61875 61882
8 2833 36119 61890 61893 61904 61905 61907 61912
11 23756 54436 61926 61929 61940 61941 61943 61948 61959 61966 61974
1 3271
13 452 16650 61983 61986 61997 61998 62000 62005 62016 62023 62031 62041 62042
14 408 2708 23490 27030 61161 62044 62046 62051 62062 62069 62077 62087 62088 62091
2 34724 62096
10 1512 17263 62114 62117 62128 62129 62131 62136 62147 62154
11 6244 29133 62169 62172 62183 62184 62186 62191 62202 62209 62217
10 1552 23427 62232 62235 62246 62247 62249 62254 62265 62272
10 1022 14249 62278 62281 62292 62293 62295 62300 62311 62318
2 24027 44811
11 412 5293 47294 62323 62334 62335 62337 62342 62353 62360 62368
4 1581 62376 62390 62393
9 15016 62396 62410 62413 62424 62425 62427 62432 62443
9 27925 62448 62462 62465 62476 62477 62479 62484 62495
13 243 3261 20588 25979 62503 62504 62506 62511 62522 62529 62537 62547 62548
9 596 12684 62553 62556 62567 62568 62570 62575 62586
1 24211
11 17322 35914 62598 62601 62612 62613 62615 62620 62631 62638 62646
10 3229 28384 62663 62666 62677 62678 62680 62685 62696 62703
4 3290 15185 62716 62719
11 2480 16031 44986 58368 62735 62736 62738 62743 62754 62761 62769
11 2204 28763 62779 62782 62793 62794 62796 62801 62812 62819 62827
4 23 16820 62831 62834
8 192 7701 62839 62842 62853 62854 62856 62861
6 2332 62863 62877 62880 62891 62892
3 29114 62898 62912
7 3284 62919 62933 62936 62947 62948 62950
15 1703 6373 51354 62952 62963 62964 62966 62971 62982 62989 62997 63007 63008 63011 63013
8 1081 33488 63028 63031 63042 63043 63045 63050
10 30540 50471 63061 63064 63075 63076 63078 63083 63094 63101
9 5601 19634 63116 63119 63130 63131 63133 63138 63149
9 7837 63156 63170 63173 63184 63185 63187 63192 63203
11 221 5799 40780 49920 63215 63216 63218 63223 63234 63241 63249
1 14350
2 33531 63258
1 29781
15 3097 20944 63272 63275 63286 63287 63289 63294 63305 63312 63320 63330 63331 63334 63336
11 26929 63341 63355 63358 63369 63370 63372 63377 63388 63395 63403
2 12916 62768
9 1105 22226 63423 63426 63437 63438 63440 63445 63456
11 240 8828 63463 63466 63477 63478 63480 63485 63496 63503 63511
10 1582 27780 63531 63534 63545 63546 63548 63553 63564 63571
9 63574 63579 63593 63596 63607 63608 63610 63615 63626
15 1379 2727 7768 8816 12601 12731 13958 20023 55175 63635 63643 63653 63654 63657 63659
9 25441 63669 63683 63686 63697 63698 63700 63705 63716
1 41896
1 3775
13 238 31822 63735 63738 63749 63750 63752 63757 63768 63775 63783 63793 63794
11 7109 58594 63810 63813 63824 63825 63827 63832 63843 63850 63858
2 1549 63868
11 4325 10401 63879 63882 63893 63894 63896 63901 63912 63919 63927
11 12470 36145 63941 63944 63955 63956 63958 63963 63974 63981 63989
12 1137 38866 64004 64007 64018 64019 64021 64026 64037 64044 64052 64062
1 966
7 414 3693 62843 64068 64079 64080 64082
11 25623 64090 64104 64107 64118 64119 64121 64126 64137 64144 64152
11 20244 64157 64171 64174 64185 64186 64188 64193 64204 64211 64219
11 4174 6739 26777 30758 64230 64231 64233 64238 64249 64256 64264
9 1582 11646 34386 64271 64282 64283 64285 64290 64301
7 7773 64304 64318 64321 64332 64333 64335
2 60088 64341
1 33323
11 1581 19862 64355 64358 64369 64370 64372 64377 64388 64395 64403
11 3858 8653 29731 64406 64417 64418 64420 64425 64436 64443 64451
7 5015 52197 64472 64475 64486 64487 64489
13 3738 64494 64508 64511 64522 64523 64525 64530 64541 64548 64556 64566 64567
8 168 2676 64573 64576 64587 64588 64590 64595
11 1971 37194 64609 64612 64623 64624 64626 64631 64642 64649 64657
8 434 64667 64681 64684 64695 64696 64698 64703
2 54776 64709
4 51225 64726 64740 64743
11 6031 17322 64756 64759 64770 64771 64773 64778 64789 64796 64804
8 22606 64817 64831 64834 64845 64846 64848 64853
11 31407 62255 64866 64869 64880 64881 64883 64888 64899 64906 64914
11 2570 4530 26807 46902 64930 64931 64933 64938 64949 64956 64964
9 8007 39857 64981 64984 64995 64996 64998 65003 65014
9 8909 36082 65026 65029 65040 65041 65043 65048 65059
15 20244 53791 65073 65076 65087 65088 65090 65095 65106 65113 65121 65131 65132 65135 65137
11 3436 17512 30662 33025 65146 65147 65149 65154 65165 65172 65180
11 17503 65190 65204 65207 65218 65219 65221 65226 65237 65244 65252
2 5733 65254
10 987 19241 65263 65266 65277 65278 65280 65285 65296 65303
11 921 16558 55231 58654 65314 65315 65317 65322 65333 65340 65348
15 219 4284 28353 40259 65360 65361 65363 65368 65379 65386 65394 65404 65405 65408 65410
15 2035 4212 27955 34771 65415 65416 65418 65423 65434 65441 65449 65459 65460 65463 65465
10 243 9351 65470 65473 65484 65485 65487 65492 65503 65510
11 3858 13699 65528 65531 65542 65543 65545 65550 65561 65568 65576
7 4227 33323 65593 65596 65607 65608 65610
13 1377 4301 23643 29802 65619 65620 65622 65627 65638 65645 65653 65663 65664
9 2316 13439 65671 65674 65685 65686 65688 65693 65704
14 2058 12164 65714 65717 65728 65729 65731 65736 65747 65754 65762 65772 65773 65776
2 6269 65780
10 2275 8431 47119 61892 65790 65791 65793 65798 65809 65816
11 6555 38876 65828 65831 65842 65843 65845 65850 65861 65868 65876
4 31269 65890 65904 65907
8 49268 65916 65930 65933 65944 65945 65947 65952
9 11735 65954 65968 65971 65982 65983 65985 65990 66001
10 20496 65586 66018 66021 66032 66033 66035 66040 66051 66058
1 66062
14 1377 3429 29480 31310 66067 66068 66070 66075 66086 66093 66101 66111 66112 66115
11 37 20498 66123 66126 66137 66138 66140 66145 66156 66163 66171
11 619 52498 66191 66194 66205 66206 66208 66213 66224 66231 66239
11 16388 66242 66256 66259 66270 66271 66273 66278 66289 66296 66304
8 66 66312 66326 66329 66340 66341 66343 66348
2 7884 66355
2 3059 50824
15 3263 11552 53876 58431 66376 66377 66379 66384 66395 66402 66410 66420 66421 66424 66426
11 4154 47286 66442 66445 66456 66457 66459 66464 66475 66482 66490
4 26922 66494 66508 66511
10 1232 6563 66520 66523 66534 66535 66537 66542 66553 66560
11 2781 33681 66577 66580 66591 66592 66594 66599 66610 66617 66625
15 2068 10175 66628 66631 66642 66643 66645 66650 66661 66668 66676 66686 66687 66690 66692
13 434 43463 66709 66712 66723 66724 66726 66731 66742 66749 66757 66767 66768
10 588 11195 66773 66776 66787 66788 66790 66795 66806 66813
1 66821
11 5603 29452 66832 66835 66846 66847 66849 66854 66865 66872 66880
9 1097 19587 66882 66885 66896 66897 66899 66904 66915
4 2475 40316 66935 66938
1 66941
6 16795 66943 66957 66960 66971 66972
7 4758 17157 66979 66982 66993 66994 66996
15 3429 28763 67006 67009 67020 67021 67023 67028 67039 67046 67054 67064 67065 67068 67070
11 238 10151 65663 67073 67084 67085 67087 67092 67103 67110 67118
12 2374 23908 67125 67128 67139 67140 67142 67147 67158 67165 67173 67183
13 2653 9830 39761 65524 67193 67194 67196 67201 67212 67219 67227 67237 67238
11 9998 67241 67255 67258 67269 67270 67272 67277 67288 67295 67303
11 138 1512 23351 30737 67315 67316 67318 67323 67334 67341 67349
1 9886
14 408 4194 28320 30140 67359 67360 67362 67367 67378 67385 67393 67403 67404 67407
3 4113 33323 67416
8 1821 47942 67426 67429 67440 67441 67443 67448
10 3784 36732 67469 67472 67483 67484 67486 67491 67502 67509
15 3286 12382 36954 57137 67519 67520 67522 67527 67538 67545 67553 67563 67564 67567 67569
14 1137 67574 67588 67591 67602 67603 67605 67610 67621 67628 67636 67646 67647 67650
8 1217 32625 67657 67660 67671 67672 67674 67679
4 67681 67686 67700 67703
14 907 5248 27634 41377 67713 67714 67716 67721 67732 67739 67747 67757 67758 67761
15 3201 25552 67768 67771 67782 67783 67785 67790 67801 67808 67816 67826 67827 67830 67832
11 3503 7326 47024 57968 67844 67845 67847 67852 67863 67870 67878
13 48347 67891 67905 67908 67919 67920 67922 67927 67938 67945 67953 67963 67964
11 3774 10063 67965 67968 67979 67980 67982 67987 67998 68005 68013
6 849 68021 68035 68038 68049 68050
9 929 14554 68060 68063 68074 68075 68077 68082 68093
11 3266 14473 68097 68100 68111 68112 68114 68119 68130 68137 68145
4 4154 27776 68154 68157
10 2581 20532 68168 68171 68182 68183 68185 68190 68201 68208
8 17247 58835 68225 68228 68239 68240 68242 68247
13 2279 33984 68266 68269 68280 68281 68283 68288 68299 68306 68314 68324 68325
15 3058 37941 68337 68340 68351 68352 68354 68359 68370 68377 68385 68395 68396 68399 68401
8 1137 68411 68425 68428 68439 68440 68442 68447
8 596 17918 68461 68464 68475 68476 68478 68483
11 1232 68493 68507 68510 68521 68522 68524 68529 68540 68547 68555
11 8398 68563 68577 68580 68591 68592 68594 68599 68610 68617 68625
2 2833 68636
9 22620 68643 68657 68660 68671 68672 68674 68679 68690
13 205 1703 15716 18677 68700 68701 68703 68708 68719 68726 68734 68744 68745
4 1217 15987 68754 68757
11 25358 68767 68781 68784 68795 68796 68798 68803 68814 68821 68829
15 514 1998 29732 47176 68847 68848 68850 68855 68866 68873 68881 68891 68892 68895 68897
9 66495 68907 68921 68924 68935 68936 68938 68943 68954
13 1703 3843 20285 22703 40451 42315 47815 68962 68973 68980 68988 68998 68999
1 14350
1 13142
2 44846 69006
2 29771 69016
8 902 45869 69025 69028 69039 69040 69042 69047
1 69055
5 24574 69062 69076 69079 69090
1 56254
13 1217 3059 35758 49944 69099 69100 69102 69107 69118 69125 69133 69143 69144
10 427 7525 69146 69149 69160 69161 69163 69168 69179 69186
7 2750 59129 69202 69205 69216 69217 69219
2 0 5
10 19 24 38 41 52 53 55 60 71 78
2 82 87
9 93 98 112 115 126 127 129 134 145
15 149 154 168 171 182 183 185 190 201 208 216 226 227 230 232
13 235 240 254 257 268 269 271 276 287 294 302 312 313
13 315 320 334 337 348 349 351 356 367 374 382 392 393
2 396 401
1 405
14 386 411 425 428 439 440 442 447 458 465 473 483 484 487
2 488 493
11 494 499 513 516 527 528 530 535 546 553 561
10 570 575 589 592 603 604 606 611 622 629
11 635 640 654 657 668 669 671 676 687 694 702
8 703 708 722 725 736 737 739 744
10 750 755 769 772 783 784 786 791 802 809
11 31 814 828 831 842 843 845 850 861 868 876
4 878 883 897 900
7 903 908 922 925 936 937 939
11 80 948 962 965 976 977 979 984 995 1002 1010
9 1020 1025 1039 1042 1053 1054 1056 1061 1072
10 1079 1084 1098 1101 1112 1113 1115 1120 1131 1138
11 1146 1151 1165 1168 1179 1180 1182 1187 1198 1205 1213
8 1214 1219 1233 1236 1247 1248 1250 1255
11 1261 1266 1280 1283 1294 1295 1297 1302 1313 1320 1328
15 1332 1337 1351 1354 1365 1366 1368 1373 1384 1391 1399 1409 1410 1413 1415
15 31 1424 1438 1441 1452 1453 1455 1460 1471 1478 1486 1496 1497 1500 1502
14 1506 1511 1525 1528 1539 1540 1542 1547 1558 1565 1573 1583 1584 1587
8 1588 1593 1607 1610 1621 1622 1624 1629
13 1632 1637 1651 1654 1665 1666 1668 1673 1684 1691 1699 1709 1710
10 1713 1718 1732 1735 1746 1747 1749 1754 1765 1772
2 1774 1779
9 1783 1788 1802 1805 1816 1817 1819 1824 1835
11 469 1846 1860 1863 1874 1875 1877 1882 1893 1900 1908
10 1913 1918 1932 1935 1946 1947 1949 1954 1965 1972
11 1574 1982 1996 1999 2010 2011 2013 2018 2029 2036 2044
13 2045 2050 2064 2067 2078 2079 2081 2086 2097 2104 2112 2122 2123
9 2125 2130 2144 2147 2158 2159 2161 2166 2177
9 2180 2185 2199 2202 2213 2214 2216 2221 2232
10 2239 2244 2258 2261 2272 2273 2275 2280 2291 2298
11 2187 2308 2322 2325 2336 2337 2339 2344 2355 2362 2370
2 1629 2377
15 2383 2388 2402 2405 2416 2417 2419 2424 2435 2442 2450 2460 2461 2464 2466
9 761 2474 2488 2491 2502 2503 2505 2510 2521
9 821 2526 2540 2543 2554 2555 2557 2562 2573
4 2576 2581 2595 2598
1 2608
2 2612 2617
7 2623 2628 2642 2645 2656 2657 2659
10 2660 2665 2679 2682 2693 2694 2696 2701 2712 2719
11 2725 2730 2744 2747 2758 2759 2761 2766 2777 2784 2792
9 2295 2804 2818 2821 2832 2833 2835 2840 2851
9 373 2857 2871 2874 2885 2886 2888 2893 2904
9 2303 2914 2928 2931 2942 2943 2945 2950 2961
11 2963 2968 2982 2985 2996 2997 2999 3004 3015 3022 3030
7 3037 3042 3056 3059 3070 3071 3073
4 3074 3079 3093 3096
3 3101 3106 3120
14 3122 3127 3141 3144 3155 3156 3158 3163 3174 3181 3189 3199 3200 3203
4 3204 3209 3223 3226
12 3232 3237 3251 3254 3265 3266 3268 3273 3284 3291 3299 3309
11 1064 3314 3328 3331 3342 3343 3345 3350 3361 3368 3376
1 3386
10 3187 3394 3408 3411 3422 3423 3425 3430 3441 3448
10 3452 3457 3471 3474 3485 3486 3488 3493 3504 3511
10 3518 3523 3537 3540 3551 3552 3554 3559 3570 3577
10 3581 3586 3600 3603 3614 3615 3617 3622 3633 3640
11 924 3650 3664 3667 3678 3679 3681 3686 3697 3704 3712
15 3267 3726 3740 3743 3754 3755 3757 3762 3773 3780 3788 3798 3799 3802 3804
11 2295 3808 3822 3825 3836 3837 3839 3844 3855 3862 3870
11 880 3880 3894 3897 3908 3909 3911 3916 3927 3934 3942
8 655 2523 3958 3961 3972 3973 3975 3980
7 3983 3988 4002 4005 4016 4017 4019
13 4020 4025 4039 4042 4053 4054 4056 4061 4072 4079 4087 4097 4098
13 4100 4105 4119 4122 4133 4134 4136 4141 4152 4159 4167 4177 4178
4 4180 4185 4199 4202
13 4208 4213 4227 4230 4241 4242 4244 4249 4260 4267 4275 4285 4286
15 4287 4292 4306 4309 4320 4321 4323 4328 4339 4346 4354 4364 4365 4368 4370
11 880 4379 4393 4396 4407 4408 4410 4415 4426 4433 4441
10 4445 4450 4464 4467 4478 4479 4481 4486 4497 4504
15 2286 4513 4527 4530 4541 4542 4544 4549 4560 4567 4575 4585 4586 4589 4591
2 655 4597
15 52 4603 4617 4620 4631 4632 4634 4639 4650 4657 4665 4675 4676 4679 4681
8 4688 4693 4707 4710 4721 4722 4724 4729
13 1354 4744 4758 4761 4772 4773 4775 4780 4791 4798 4806 4816 4817
8 18 4821 4835 4838 4849 4850 4852 4857
10 4863 4868 4882 4885 4896 4897 4899 4904 4915 4922
11 2070 4934 4948 4951 4962 4963 4965 4970 4981 4988 4996
11 4907 5001 5015 5018 5029 5030 5032 5037 5048 5055 5063
11 1088 5072 5086 5089 5100 5101 5103 5108 5119 5126 5134
15 2075 5148 5162 5165 5176 5177 5179 5184 5195 5202 5210 5220 5221 5224 5226
9 5233 5238 5252 5255 5266 5267 5269 5274 5285
14 764 5292 5306 5309 5320 5321 5323 5328 5339 5346 5354 5364 5365 5368
11 5370 5375 5389 5392 5403 5404 5406 5411 5422 5429 5437
11 849 5445 5459 5462 5473 5474 5476 5481 5492 5499 5507
9 5516 5521 5535 5538 5549 5550 5552 5557 5568
15 834 5575 5589 5592 5603 5604 5606 5611 5622 5629 5637 5647 5648 5651 5653
11 4733 5659 5673 5676 5687 5688 5690 5695 5706 5713 5721
12 5728 5733 5747 5750 5761 5762 5764 5769 5780 5787 5795 5805
11 5806 5811 5825 5828 5839 5840 5842 5847 5858 5865 5873
10 2183 5882 5896 5899 5910 5911 5913 5918 5929 5936
10 3013 5944 5958 5961 5972 5973 5975 5980 5991 5998
10 2743 6008 6022 6025 6036 6037 6039 6044 6055 6062
11 6065 6070 6084 6087 6098 6099 6101 6106 6117 6124 6132
8 6140 6145 6159 6162 6173 6174 6176 6181
2 6186 6191
11 108 6206 6220 6223 6234 6235 6237 6242 6253 6260 6268
11 5714 6280 6294 6297 6308 6309 6311 6316 6327 6334 6342
11 400 6355 6369 6372 6383 6384 6386 6391 6402 6409 6417
9 5644 6429 6443 6446 6457 6458 6460 6465 6476
10 1046 6485 6499 6502 6513 6514 6516 6521 6532 6539
7 31 5713 6556 6559 6570 6571 6573
7 6576 6581 6595 6598 6609 6610 6612
11 3463 6619 6633 6636 6647 6648 6650 6655 6666 6673 6681
13 3827 6687 6701 6704 6715 6716 6718 6723 6734 6741 6749 6759 6760
10 866 6765 6779 6782 6793 6794 6796 6801 6812 6819
8 5200 6823 6837 6840 6851 6852 6854 6859
11 1575 6868 6882 6885 6896 6897 6899 6904 6915 6922 6930
9 902 6944 6958 6961 6972 6973 6975 6980 6991
8 1597 7000 7014 7017 7028 7029 7031 7036
11 7037 7042 7056 7059 7070 7071 7073 7078 7089 7096 7104
8 7106 7111 7125 7128 7139 7140 7142 7147
9 7156 7161 7175 7178 7189 7190 7192 7197 7208
2 7213 7218
14 99 7226 7240 7243 7254 7255 7257 7262 7273 7280 7288 7298 7299 7302
9 1042 7306 7320 7323 7334 7335 7337 7342 7353
2 7356 7361
8 7365 7370 7384 7387 7398 7399 7401 7406
7 7417 7422 7436 7439 7450 7451 7453
11 900 7459 7473 7476 7487 7488 7490 7495 7506 7513 7521
11 7524 7529 7543 7546 7557 7558 7560 7565 7576 7583 7591
2 7600 7605
9 7606 7611 7625 7628 7639 7640 7642 7647 7658
8 7660 7665 7679 7682 7693 7694 7696 7701
1 6204
11 1944 7710 7724 7727 7738 7739 7741 7746 7757 7764 7772
15 5722 7780 7794 7797 7808 7809 7811 7816 7827 7834 7842 7852 7853 7856 7858
15 853 7864 7878 7881 7892 7893 7895 7900 7911 7918 7926 7936 7937 7940 7942
11 28 4514 7956 7959 7970 7971 7973 7978 7989 7996 8004
11 8005 8010 8024 8027 8038 8039 8041 8046 8057 8064 8072
13 58 8078 8092 8095 8106 8107 8109 8114 8125 8132 8140 8150 8151
10 269 8154 8168 8171 8182 8183 8185 8190 8201 8208
7 904 8215 8229 8232 8243 8244 8246
8 4607 8252 8266 8269 8280 8281 8283 8288
11 2628 8291 8305 8308 8319 8320 8322 8327 8338 8345 8353
5 269 1819 8373 8376 8387
4 8388 8393 8407 8410
14 8343 8420 8434 8437 8448 8449 8451 8456 8467 8474 8482 8492 8493 8496
2 4599 8500
13 8512 8517 8531 8534 8545 8546 8548 8553 8564 8571 8579 8589 8590
11 677 8594 8608 8611 8622 8623 8625 8630 8641 8648 8656
11 3339 8668 8682 8685 8696 8697 8699 8704 8715 8722 8730
16 186 4201 8743 8746 8757 8758 8760 8765 8776 8783 8791 8801 8802 8805 8807 8817
11 8819 8824 8838 8841 8852 8853 8855 8860 8871 8878 8886
5 1826 8899 8913 8916 8927
2 8928 8933
10 3204 8950 8964 8967 8978 8979 8981 8986 8997 9004
10 2047 9012 9026 9029 9040 9041 9043 9048 9059 9066
2 893 9069
2 9081 9086
1 8377
9 2104 9101 9115 9118 9129 9130 9132 9137 9148
9 4777 9158 9172 9175 9186 9187 9189 9194 9205
9 20 9210 9224 9227 9238 9239 9241 9246 9257
3 2489 9263 9277
14 534 9283 9297 9300 9311 9312 9314 9319 9330 9337 9345 9355 9356 9359
6 1789 9363 9377 9380 9391 9392
2 6746 9397
2 9408 9413
10 3187 9420 9434 9437 9448 9449 9451 9456 9467 9474
8 9475 9480 9494 9497 9508 9509 9511 9516
13 4194 9522 9536 9539 9550 9551 9553 9558 9569 9576 9584 9594 9595
9 684 9598 9612 9615 9626 9627 9629 9634 9645
1 9649
8 400 6409 9664 9667 9678 9679 9681 9686
2 3958 9696
9 9705 9710 9724 9727 9738 9739 9741 9746 9757
9 430 9761 9775 9778 9789 9790 9792 9797 9808
1 9697
11 9809 9814 9828 9831 9842 9843 9845 9850 9861 9868 9876
9 839 9163 9893 9896 9907 9908 9910 9915 9926
10 853 9932 9946 9949 9960 9961 9963 9968 9979 9986
13 161 9995 10009 10012 10023 10024 10026 10031 10042 10049 10057 10067 10068
1 10071
15 10073 10078 10092 10095 10106 10107 10109 10114 10125 10132 10140 10150 10151 10154 10156
14 981 10166 10180 10183 10194 10195 10197 10202 10213 10220 10228 10238 10239 10242
15 1064 10246 10260 10263 10274 10275 10277 10282 10293 10300 10308 10318 10319 10322 10324
10 2258 10329 10343 10346 10357 10358 10360 10365 10376 10383
13 10389 10394 10408 10411 10422 10423 10425 10430 10441 10448 10456 10466 10467
15 324 10471 10485 10488 10499 10500 10502 10507 10518 10525 10533 10543 10544 10547 10549
2 6203 10559
9 4414 10564 10578 10581 10592 10593 10595 10600 10611
1 1532
9 4928 10617 10631 10634 10645 10646 10648 10653 10664
11 946 10674 10688 10691 10702 10703 10705 10710 10721 10728 10736
9 5329 10745 10759 10762 10773 10774 10776 10781 10792
10 59 9145 10807 10810 10821 10822 10824 10829 10840 10847
10 3792 10853 10867 10870 10881 10882 10884 10889 10900 10907
5 10911 10916 10930 10933 10944
2 6718 10949
4 655 10953 10967 10970
2 6727 10980
13 10987 10992 11006 11009 11020 11021 11028 11033 11044 11051 11059 11069 11070
10 7109 11075 11089 11092 11103 11104 11106 11111 11122 11129
1 11135
9 11138 11143 11157 11160 11171 11172 11174 11179 11190
12 3193 11197 11211 11214 11225 11226 11228 11233 11244 11251 11259 11269
11 11270 11275 11289 11292 11303 11304 11306 11311 11322 11329 11337
1 6050
9 31 11346 11360 11363 11374 11375 11377 11382 11393
2 9366 11397
7 5090 11412 11426 11429 11440 11441 11443
10 4777 11451 11465 11468 11479 11480 11482 11487 11498 11505
12 2278 11511 11525 11528 11539 11540 11542 11547 11558 11565 11573 11583
11 3524 11587 11601 11604 11615 11616 11618 11623 11634 11641 11649
11 11658 11663 11677 11680 11691 11692 11694 11699 11710 11717 11725
13 2287 11730 11744 11747 11758 11759 11761 11766 11777 11784 11792 11802 11803
6 11806 11811 11825 11828 11839 11840
15 1468 11842 11856 11859 11870 11871 11873 11878 11889 11896 11904 11914 11915 11918 11920
7 11926 11931 11945 11948 11959 11960 11962
11 1955 9822 11978 11981 11992 11993 11995 12000 12011 12018 12026
6 3053 12034 12048 12051 12062 12063
11 2182 12068 12082 12085 12096 12097 12099 12104 12115 12122 12130
11 1567 12135 12149 12152 12163 12164 12166 12171 12182 12189 12197
2 1241 12207
11 12216 12221 12235 12238 12249 12250 12252 12257 12268 12275 12283
1 12290
11 682 12294 12308 12311 12322 12323 12325 12330 12341 12348 12356
8 2130 12369 12383 12386 12397 12398 12400 12405
10 3267 12415 12429 12432 12443 12444 12446 12451 12462 12469
14 12476 12481 12495 12498 12509 12510 12512 12517 12528 12535 12543 12553 12554 12557
8 3348 12559 12573 12576 12587 12588 12590 12595
2 12603 12608
7 2112 12626 12640 12643 12654 12655 12657
8 2576 12663 12677 12680 12691 12692 12694 12699
10 12704 12709 12723 12726 12737 12738 12740 12745 12756 12763
11 682 11377 12782 12785 12796 12797 12799 12804 12815 12822 12830
11 1354 12841 12855 12858 12869 12870 12872 12877 12888 12895 12903
14 3013 12913 12927 12930 12941 12942 12944 12949 12960 12967 12975 12985 12986 12989
11 11783 12995 13009 13012 13023 13024 13026 13031 13042 13049 13057
2 6195 11399
10 4458 13075 13089 13092 13103 13104 13106 13111 13122 13129
11 7103 13134 13148 13151 13162 13163 13165 13170 13181 13188 13196
9 1046 13197 13211 13214 13225 13226 13228 13233 13244
4 13246 13251 13265 13268
3 13270 13275 13289
2 13290 13295
9 4458 13304 13318 13321 13332 13333 13335 13340 13351
11 2743 13355 13369 13372 13383 13384 13386 13391 13402 13409 13417
11 5139 13421 13435 13438 13449 13450 13452 13457 13468 13475 13483
9 875 7904 13497 13500 13511 13512 13514 13519 13530
10 878 2612 13538 13541 13552 13553 13555 13560 13571 13578
10 1467 10345 13593 13596 13607 13608 13610 13615 13626 13633
11 3829 13644 13658 13661 13672 13673 13675 13680 13691 13698 13706
3 4205 13713 13727
13 2295 13731 13745 13748 13759 13760 13762 13767 13778 13785 13793 13803 13804
11 2737 13807 13821 13824 13835 13836 13838 13843 13854 13861 13869
1 7408
11 2628 13875 13889 13892 13903 13904 13906 13911 13922 13929 13937
10 80 9150 13951 13954 13965 13966 13968 13973 13984 13991
7 4594 13999 14013 14016 14027 14028 14030
11 7111 14037 14051 14054 14065 14066 14068 14073 14084 14091 14099
12 656 14105 14119 14122 14133 14134 14136 14141 14152 14159 14167 14177
1 92
6 4778 14184 14198 14201 14212 14213
11 2287 11752 14227 14230 14241 14242 14244 14249 14260 14267 14275
10 5167 14280 14294 14297 14308 14309 14311 14316 14327 14334
2 14339 14344
14 4991 14351 14365 14368 14379 14380 14382 14387 14398 14405 14413 14423 14424 14427
8 1508 14429 14443 14446 14457 14458 14460 14465
8 3617 14470 14484 14487 14498 14499 14501 14506
7 14510 14515 14529 14532 14543 14544 14546
1 13254
2 4203 14552
11 728 14561 14575 14578 14589 14590 14592 14597 14608 14615 14623
10 5167 7075 14644 14647 14658 14659 14661 14666 14677 14684
11 31 1536 14692 14695 14706 14707 14709 14714 14725 14732 14740
11 8420 14750 14764 14767 14778 14779 14781 14786 14797 14804 14812
2 1214 14818
2 1593 14832
4 2190 14844 14858 14861
1 9076
2 14869 14874
13 1044 14877 14891 14894 14905 14906 14908 14913 14924 14931 14939 14949 14950
15 13925 14956 14970 14973 14984 14985 14987 14992 15003 15010 15018 15028 15029 15032 15034
15 11791 15040 15054 15057 15068 15069 15071 15076 15087 15094 15102 15112 15113 15116 15118
1 6050
9 15121 15126 15140 15143 15154 15155 15157 15162 15173
1 9076
10 963 7236 15183 15186 15197 15198 15200 15205 15216 15223
11 15127 15230 15244 15247 15258 15259 15261 15266 15277 15284 15292
1 15295
11 3378 15298 15312 15315 15326 15327 15329 15334 15345 15352 15360
8 31 2490 15373 15376 15387 15388 15390 15395
10 31 7879 15404 15407 15418 15419 15421 15426 15437 15444
8 9995 15452 15466 15469 15480 15481 15483 15488
8 15498 15503 15517 15520 15531 15532 15534 15539
1 15550
11 15553 15558 15572 15575 15586 15587 15589 15594 15605 15612 15620
9 842 9743 15633 15636 15647 15648 15650 15655 15666
10 8860 15673 15687 15690 15701 15702 15704 15709 15720 15727
8 684 15731 15745 15748 15759 15760 15762 15767
9 15769 15774 15788 15791 15802 15803 15805 15810 15821
10 388 15828 15842 15845 15856 15857 15859 15864 15875 15882
8 2851 15891 15905 15908 15919 15920 15922 15927
10 656 15938 15952 15955 15966 15967 15969 15974 15985 15992
10 11073 15999 16013 16016 16027 16028 16030 16035 16046 16053
1 16059
11 103 9805 16076 16079 16090 16091 16093 16098 16109 16116 16124
10 13592 16130 16144 16147 16158 16159 16161 16166 16177 16184
11 4750 16195 16209 16212 16223 16224 16226 16231 16242 16249 16257
7 3957 16270 16284 16287 16298 16299 16301
8 16303 16308 16322 16325 16336 16337 16339 16344
12 2303 16357 16371 16374 16385 16386 16388 16393 16404 16411 16419 16429
10 956 15671 16443 16446 16457 16458 16460 16465 16476 16483
4 2489 9273 16502 16505
11 31 9145 16517 16520 16531 16532 16534 16539 16550 16557 16565
9 1830 16575 16589 16592 16603 16604 16606 16611 16622
2 16623 16628
10 11931 16636 16650 16653 16664 16665 16667 16672 16683 16690
10 16698 16703 16717 16720 16731 16732 16734 16739 16750 16757
11 1006 16762 16776 16779 16790 16791 16793 16798 16809 16816 16824
10 2062 10464 16842 16845 16856 16857 16859 16864 16875 16882
7 1909 16884 16898 16901 16912 16913 16915
8 16917 16922 16936 16939 16950 16951 16953 16958
10 442 15960 16976 16979 16990 16991 16993 16998 17009 17016
2 6736 17022
1 6050
11 2938 17028 17042 17045 17056 17057 17059 17064 17075 17082 17090
11 17099 17104 17118 17121 17132 17133 17135 17140 17151 17158 17166
11 373 17173 17187 17190 17201 17202 17204 17209 17220 17227 17235
15 17241 17246 17260 17263 17274 17275 17277 17282 17293 17300 17308 17318 17319 17322 17324
13 8406 17329 17343 17346 17357 17358 17360 17365 17376 17383 17391 17401 17402
11 2190 14415 17418 17421 17432 17433 17435 17440 17451 17458 17466
11 1354 17475 17489 17492 17503 17504 17506 17511 17522 17529 17537
10 1088 17545 17559 17562 17573 17574 17576 17581 17592 17599
7 6026 17610 17624 17627 17638 17639 17641
11 6886 12474 17657 17660 17671 17672 17674 17679 17690 17697 17705
8 6567 17713 17727 17730 17741 17742 17744 17749
1 17756
14 2740 17762 17776 17779 17790 17791 17793 17798 17809 17816 17824 17834 17835 17838
13 2643 17840 17854 17857 17868 17869 17871 17876 17887 17894 17902 17912 17913
2 17916 17921
8 11192 17931 17945 17948 17959 17960 17962 17967
10 852 16547 17984 17987 17998 17999 18001 18006 18017 18024
10 3129 18031 18045 18048 18059 18060 18062 18067 18078 18085
10 244 5326 18096 18099 18110 18111 18113 18118 18129 18136
11 13094 18144 18158 18161 18172 18173 18175 18180 18191 18198 18206
11 1468 13440 18222 18225 18236 18237 18239 18244 18255 18262 18270
11 2059 18276 18290 18293 18304 18305 18307 18312 18323 18330 18338
10 1999 3941 18355 18358 18369 18370 18372 18377 18388 18395
8 11658 18403 18417 18420 18431 18432 18434 18439
6 12748 18451 18465 18468 18479 18480
1 892
10 1427 18486 18500 18503 18514 18515 18517 18522 18533 18540
1 18545
2 3119 8371
2 4202 18551
10 895 3119 16990 18557 18568 18569 18571 18576 18587 18594
11 4497 18603 18617 18620 18631 18632 18634 18639 18650 18657 18665
1 18667
9 8443 18670 18684 18687 18698 18699 18701 18706 18717
8 18718 18723 18737 18740 18751 18752 18754 18759
2 18762 18767
2 14370 18782
10 2090 14652 18803 18806 18817 18818 18820 18825 18836 18843
7 1383 18848 18862 18865 18876 18877 18879
11 2190 11740 18893 18896 18907 18908 18910 18915 18926 18933 18941
11 832 11776 18955 18958 18969 18970 18972 18977 18988 18995 19003
2 3119 19010
8 2112 19021 19035 19038 19049 19050 19052 19057
11 19067 19072 19086 19089 19100 19101 19103 19108 19119 19126 19134
9 1064 5958 19146 19149 19160 19161 19163 19168 19179
11 646 19185 19199 19202 19213 19214 19216 19221 19232 19239 19247
2 6050 19256
9 2467 13990 19270 19273 19284 19285 19287 19292 19303
10 481 19307 19321 19324 19335 19336 19338 19343 19354 19361
10 814 7236 19377 19380 19391 19392 19394 19399 19410 19417
10 17990 19423 19437 19440 19451 19452 19454 19459 19470 19477
2 13254 19488
1 8912
8 1468 6771 19505 19508 19519 19520 19522 19527
1 6050
10 2049 19539 19553 19556 19567 19568 19570 19575 19586 19593
12 19385 19599 19613 19616 19627 19628 19630 19635 19646 19653 19661 19671
14 6803 19675 19689 19692 19703 19704 19706 19711 19722 19729 19737 19747 19748 19751
4 19753 19758 19772 19775
2 6157 19788
8 19800 19805 19819 19822 19833 19834 19836 19841
10 19842 19847 19861 19864 19875 19876 19878 19883 19894 19901
10 6238 19908 19922 19925 19936 19937 19939 19944 19955 19962
11 5646 19968 19982 19985 19996 19997 19999 20004 20015 20022 20030
1 20038
11 20041 20046 20060 20063 20074 20075 20077 20082 20093 20100 20108
11 20111 20116 20130 20133 20144 20145 20147 20152 20163 20170 20178
11 2295 7495 20185 20188 20199 20200 20202 20207 20218 20225 20233
11 7537 20235 20249 20252 20263 20264 20266 20271 20282 20289 20297
11 1042 20303 20317 20320 20331 20332 20334 20339 20350 20357 20365
11 4466 20375 20389 20392 20403 20404 20406 20411 20422 20429 20437
10 6309 12593 20448 20451 20462 20463 20465 20470 20481 20488
10 19 9153 20499 20502 20513 20514 20516 20521 20532 20539
11 1889 18951 20555 20558 20569 20570 20572 20577 20588 20595 20603
11 2391 20612 20626 20629 20640 20641 20643 20648 20659 20666 20674
4 1782 20686 20700 20703
8 20712 20717 20731 20734 20745 20746 20748 20753
1 20754
9 8303 20761 20775 20778 20789 20790 20792 20797 20808
10 5112 20817 20831 20834 20845 20846 20848 20853 20864 20871
11 12505 20877 20891 20894 20905 20906 20908 20913 20924 20931 20939
2 655 20943
10 4467 20953 20967 20970 20981 20982 20984 20989 21000 21007
11 2722 21010 21024 21027 21038 21039 21041 21046 21057 21064 21072
4 39 18962 21091 21094
