2 78 81
2 128 131
2 171 174
2 216 219
2 265 268
2 311 314
2 344 347
2 393 396
2 432 435
2 463 466
2 500 503
2 526 529
2 576 579
2 611 614
2 656 659
2 682 685
2 717 720
2 760 763
2 778 781
2 825 828
2 859 862
2 880 883
2 478 695
2 935 938
2 966 969
2 1006 1009
2 942 1024
2 899 1034
2 1063 1066
2 1083 1086
2 1120 1123
2 1143 1146
0
2 1176 1179
2 1213 1216
2 942 1081
2 1266 1269
2 1311 1314
2 1349 1352
2 1368 1371
2 1385 1388
2 1402 1405
2 1424 1427
2 680 899
2 675 781
2 1455 1458
2 1483 1486
2 1097 1385
2 1403 1514
2 1545 1548
2 1563 1566
2 1383 1582
2 1616 1619
2 1644 1647
2 1187 1532
2 1674 1677
2 1691 1694
2 1729 1732
2 1758 1761
2 1777 1780
2 1403 1795
2 1826 1829
2 1852 1855
2 1877 1880
2 478 537
2 1942 1945
2 1960 1963
2 1986 1989
2 479 680
2 2012 2015
2 2048 2051
2 673 963
2 2089 2092
2 2111 2114
2 2143 2146
2 899 1438
2 2185 2188
2 2231 2234
2 2266 2269
2 2309 2312
2 1504 1805
2 2346 2349
2 1668 2128
2 783 1432
2 2394 2397
2 1177 1237
2 2438 2441
2 2465 2468
2 2487 2490
2 1943 2409
2 680 698
2 2535 2538
2 2558 2561
2 727 781
2 1375 1391
2 1943 2511
2 1230 1661
2 2607 2610
2 1113 1379
2 1918 2633
2 2660 2663
2 2697 2700
2 2600 2715
2 2743 2746
2 2761 2764
2 2082 2091
2 2796 2799
0
2 2815 2818
2 1795 2161
2 2866 2869
2 2896 2899
2 999 1017
2 2925 2928
2 2364 2943
2 698 1050
2 1238 1449
2 2988 2991
2 3008 3011
2 1779 2602
2 3037 3040
2 899 1237
2 2777 3064
2 3086 3089
2 680 698
2 526 695
2 3134 3137
2 538 680
2 695 793
2 1443 1851
2 1999 3165
2 450 517
2 1415 1759
2 1663 2369
2 2612 3213
2 2328 2925
2 3247 3250
2 2427 2610
2 646 904
2 894 1438
2 540 1441
2 673 897
2 3313 3316
2 1121 1848
2 640 977
2 3343 3346
2 1235 1504
2 3371 3374
2 1663 1905
2 3403 3406
2 1797 3037
2 2764 2953
2 3446 3449
2 668 897
2 3501 3504
2 2625 3284
2 3545 3548
2 2337 3086
2 2609 3593
2 3614 3617
2 2365 2951
2 1630 2122
2 1397 1795
2 1663 1805
2 3077 3429
2 3533 3540
2 2591 3010
2 1417 1884
2 3407 3704
2 530 698
2 3734 3737
2 3761 3764
2 3791 3794
2 2539 3327
2 1391 1975
2 3834 3837
2 1034 1446
2 2596 3271
0
2 1109 1845
2 3893 3896
2 3029 3265
0
2 3951 3954
2 3785 3968
2 3421 3983
2 960 1142
2 2809 3011
2 1793 2332
2 4053 4056
2 2726 3379
2 4082 4085
2 4124 4127
2 4141 4144
2 2715 3180
2 2504 3304
2 4190 4193
2 517 640
2 2491 4212
2 1366 1704
2 4243 4246
2 1342 1964
2 957 1403
2 4280 4283
2 3691 4297
2 4322 4325
2 1704 2177
2 3064 3783
2 3215 4357
2 1423 2004
2 1018 1233
2 4262 4404
2 686 793
2 1442 1906
2 4437 4440
2 1595 2009
2 784 1593
2 673 898
2 898 1504
2 1446 2070
2 4493 4496
2 2955 3734
2 1234 1502
2 1097 1375
2 4556 4559
2 1095 1446
2 2634 2950
2 778 1432
2 953 1370
2 894 1824
2 4638 4641
2 906 1504
2 1859 2830
2 3712 4577
2 4683 4686
2 1023 1496
2 783 894
2 4725 4728
2 2655 4742
2 1232 2528
2 1319 1326
2 963 2004
2 4785 4788
2 4806 4809
2 4409 4825
2 4847 4850
2 2454 3265
2 2590 3948
2 1504 1548
2 1376 1883
2 680 899
2 4081 4893
2 2368 3425
0
2 1042 1448
2 4824 4946
2 4964 4967
2 1066 1763
2 3164 3633
2 957 1234
2 5011 5014
2 1392 1919
2 4040 5038
2 1404 2327
2 5065 5068
2 5082 5085
2 1864 3490
2 478 519
2 5114 5117
2 687 807
2 3663 3844
2 5156 5159
2 3444 4576
2 5186 5189
2 5226 5229
2 1511 1518
2 5271 5274
2 3826 5289
2 4301 5305
2 2524 3184
2 2643 3184
2 976 1391
2 1919 3522
2 1795 1964
2 2585 3181
2 538 695
2 1122 1704
2 5386 5389
2 1363 1895
2 1446 2919
2 5420 5423
2 5437 5440
2 3433 3730
2 3341 4093
2 540 683
2 5474 5477
2 2331 3441
2 1038 1586
2 5509 5512
2 5526 5529
2 3496 4053
2 3280 4470
2 3380 4517
2 5581 5584
2 794 942
2 2164 3282
2 3295 5606
2 695 897
2 1045 1240
2 4398 5626
2 1461 2067
2 1571 3720
2 1663 1962
2 904 1679
2 5667 5670
2 5690 5693
2 3434 4893
2 517 536
2 1403 2882
2 5747 5750
2 1235 1778
2 3433 4373
1 5795
2 2596 4144
2 1081 1235
2 2921 4669
2 2903 4926
2 4414 5007
2 781 880
2 2587 3282
2 973 1121
2 1033 1604
2 2492 5127
2 1033 1369
2 5888 5891
2 3613 4625
2 4026 5917
2 5934 5937
2 5977 5980
2 517 536
2 1672 2966
2 2718 4105
2 4438 5294
2 6040 6043
2 3621 5426
2 3058 3336
2 6080 6083
2 3221 4178
2 1366 1845
2 3916 5132
2 2936 3682
0
2 1450 2005
2 6143 6146
2 1663 1961
2 1403 1418
2 904 1587
2 6196 6199
2 1050 1423
2 512 674
2 6224 6227
2 6241 6244
2 5931 6258
2 695 1023
2 6293 6296
2 894 980
2 2326 3045
2 6329 6332
2 2365 3643
2 6362 6365
2 3166 3425
2 1089 1385
2 695 1028
2 899 1025
2 3107 3659
2 1363 1512
2 3506 4963
2 4716 5182
2 1028 2068
2 3864 4677
2 3952 5800
0
2 1370 1502
2 6459 6462
2 6479 6482
2 1770 3180
2 673 729
2 673 695
2 668 675
2 6518 6521
2 897 1028
2 3037 4115
2 1441 2005
2 6564 6567
2 462 519
2 2551 6588
2 1999 2767
2 522 674
2 2585 4146
2 4652 6311
2 2532 2551
2 2918 4351
2 944 973
2 3361 4711
2 6661 6664
2 5312 6678
2 5089 6692
2 1807 2586
2 5642 6711
2 6587 6726
2 6744 6747
2 2652 3613
2 3138 4624
2 6783 6786
2 6800 6803
2 6832 6835
2 1375 1698
2 6869 6872
2 2332 3401
2 4167 6620
2 674 681
2 2534 2913
2 1375 1805
2 10766 12070
2 1968 2471
2 5107 6909
2 6157 6946
2 593 701
2 2881 2953
2 2331 3751
2 6264 6977
2 5426 6991
2 7008 7011
2 4920 7025
2 1367 1389
2 1089 1772
2 7074 7077
2 5303 7092
2 1240 2364
2 522 680
2 1360 2328
2 793 1370
2 7124 7127
2 7149 7152
2 1509 1973
2 1391 2107
2 512 520
2 4737 5516
2 462 480
2 2473 4039
2 1025 1089
2 1397 1483
2 3751 6120
2 6582 7220
0
2 2424 5642
2 1506 1962
2 1796 2766
2 1397 3180
2 1518 1960
2 7268 7271
0
2 1675 2526
2 2076 3295
2 1289 1482
2 695 793
2 325 372
2 1351 1694
2 7326 7329
2 1036 1547
2 894 1023
2 963 1366
2 1185 1446
2 6702 6736
2 7381 7384
2 7429 7432
2 1845 2641
2 7466 7469
2 1178 1495
2 2924 3064
2 2804 7483
2 1547 1587
2 6640 7505
2 1664 3169
2 7527 7530
2 894 1023
2 2327 3388
2 4224 6138
2 2830 3870
2 7575 7578
2 1371 1845
2 1630 2211
2 1919 2079
2 7610 7613
2 7630 7633
2 673 695
2 2588 2599
2 7657 7660
2 529 695
2 2331 2966
2 1420 1746
2 1438 1864
2 898 1028
2 1063 1095
2 3242 3258
2 1804 2814
0
2 1089 1109
2 6460 7042
2 1177 1369
2 3243 4079
2 1964 3195
2 4189 7730
2 4511 7270
2 1519 2364
2 3663 4178
2 7794 7797
2 7814 7817
2 3872 6107
2 7840 7843
2 3508 4957
0
2 4447 5719
2 1698 2688
2 7896 7899
2 3539 5031
2 7929 7932
2 2596 4224
2 1327 1769
2 2383 3221
2 1080 1235
2 894 1754
2 6488 7964
2 877 1571
2 881 1370
2 7981 7984
2 2963 4718
2 942 1052
2 8018 8021
2 3813 8035
2 1449 1857
2 7758 8055
2 8071 8074
2 3864 6287
2 3927 5016
2 3020 4144
2 5145 5642
2 3610 4476
2 8137 8140
2 3203 4095
2 1421 1446
2 1461 2528
2 1663 2648
2 2447 4176
2 1360 1630
2 1334 1346
2 2539 3244
2 2056 3828
2 8239 8242
2 8261 8264
2 7507 8280
2 882 921
2 1968 4300
2 1815 2136
2 8325 8328
2 8359 8362
2 1142 1381
2 4224 4617
2 1391 1919
1 8394
2 1461 1864
0
2 2364 2724
2 2205 3280
2 8424 8427
2 1511 2068
2 1237 2079
2 1906 2082
2 1089 1849
2 3196 3698
2 3810 5096
2 3627 4626
2 5334 6433
2 1233 1971
2 1962 2879
2 1089 1363
2 532 695
2 5000 5995
2 2508 3336
2 4451 5119
2 2439 4474
2 2765 3363
2 459 517
2 8388 8569
2 2332 2833
2 2509 3611
2 8599 8602
2 3465 4528
2 4037 5113
2 8636 8639
2 685 781
2 3374 3982
2 1994 2364
2 1237 1696
2 8385 8674
2 8688 8691
2 3368 8643
2 8738 8741
2 3845 5037
2 3757 4351
2 3946 4161
2 897 1587
2 8791 8794
2 8829 8832
2 4093 4646
2 8867 8870
2 8456 8885
2 1372 1388
2 7865 8906
2 532 540
2 1663 2065
2 2067 2967
2 2117 2524
2 8931 8934
2 2939 4456
2 7593 8951
2 1919 2076
2 691 877
2 1351 1524
2 8978 8981
2 1423 1762
2 784 1496
2 942 1788
2 4021 8617
2 698 1189
2 3394 5708
2 517 538
2 955 1403
2 1285 1369
2 5662 8090
2 505 673
2 1786 2067
2 680 781
2 698 1028
2 9054 9057
2 8081 9073
2 6917 8694
2 6617 9100
2 2835 4081
2 5207 5238
2 2036 4802
2 1872 1890
2 521 539
0
2 470 492
2 2523 4483
2 9149 9152
2 4808 4817
2 2359 3368
2 9188 9191
2 9209 9212
2 4373 5695
2 3089 3296
2 2767 3063
2 9256 9259
2 478 519
2 6702 9023
2 4906 5569
2 1859 2703
2 538 894
2 2274 3166
2 5563 6231
2 1406 2250
2 6176 7924
2 460 517
2 525 685
2 9056 9319
2 9339 9342
2 9379 9382
2 3946 4232
2 3496 7301
2 859 1095
2 2364 2724
2 3178 3465
2 3058 4291
2 5923 6321
2 1255 1360
2 9448 9451
2 950 1035
2 2327 2726
2 8546 9467
2 1189 1397
2 9052 9486
2 7350 9501
2 1330 1675
0
2 3209 4086
2 4178 6628
2 673 906
2 2991 3691
2 1857 2365
2 9565 9568
2 3436 3672
2 3181 3432
2 1495 1919
2 894 1033
2 1096 1235
2 695 850
2 2065 2963
2 2542 3248
2 1391 1705
2 1191 1850
2 2801 3181
2 2253 3374
2 3200 3801
2 4769 5833
0
2 1669 2425
2 7886 9658
2 5570 8761
2 3576 4931
2 3653 4410
2 3067 3962
2 492 542
2 4802 6484
2 2119 3663
2 532 674
2 9743 9746
2 2515 3221
2 1766 2766
2 4786 4908
2 2560 2587
2 2429 2763
2 5722 9784
2 2380 3829
2 1370 1886
2 2348 2936
2 898 1400
2 1503 2106
2 462 537
0
2 9823 9826
2 9842 9845
2 2329 2814
2 9878 9881
2 6507 9896
2 519 899
2 9106 9923
2 9938 9941
2 9960 9963
2 2005 3144
2 695 1025
2 9995 9998
2 3198 4086
2 2360 3261
2 1230 1438
2 519 685
2 680 898
2 2795 3058
2 1769 3869
2 2079 5653
2 10076 10079
2 8386 10093
2 3635 4503
2 6131 7492
2 848 960
2 9247 10130
2 2943 4967
2 4697 4989
2 4040 4674
2 1366 1415
2 1420 1650
2 6916 8643
2 2328 3181
2 10203 10206
2 1883 2331
2 2205 4525
2 2791 4030
2 1950 4232
2 1397 1850
2 7465 10240
2 3347 4455
2 6204 10261
2 10277 10280
2 2065 2641
0
2 4008 5177
2 5109 7685
2 3977 6765
2 2349 2507
2 10334 10337
2 670 676
2 522 683
2 1105 1496
2 5892 8084
2 4162 7172
2 1391 1415
2 1235 1400
2 1095 1786
2 4860 6026
2 2079 3061
2 2009 3057
2 1389 1399
2 697 709
2 4896 5038
2 10402 10405
0
2 4008 4718
2 1807 3037
2 371 460
2 3067 3721
2 680 784
2 10452 10455
2 5693 7205
2 1023 1189
2 4718 6007
2 1682 1917
2 695 906
2 695 898
2 1751 2035
2 4576 7720
2 4093 5814
2 3191 4011
2 2336 2604
2 3163 4762
2 10148 10554
2 1969 2596
2 2585 3112
2 5177 10040
2 783 976
2 5189 5833
2 10604 10607
2 2718 2954
2 1864 1895
2 540 894
2 1669 2065
2 2835 4972
2 4963 6004
2 1237 1801
2 897 1921
2 673 1000
2 2331 2777
2 960 1109
2 2941 3508
2 4690 5518
2 1461 3153
2 2918 3296
2 1623 2106
2 1663 1857
2 10443 10698
2 3608 4146
2 10726 10729
2 2511 3090
2 10761 10764
2 2347 3693
2 2661 3567
2 10796 10799
2 2528 3852
2 4187 5007
2 3902 6121
2 1934 2795
2 2409 3221
2 6605 10845
2 7325 10230
2 3104 4707
2 1859 2599
2 4632 7858
2 3693 5424
1 10908
2 1943 2617
2 4712 5833
2 6428 7858
2 5894 8191
2 4096 4375
2 10950 10953
2 2106 3687
2 1081 1381
2 3464 4161
2 9865 10982
2 6494 8399
2 4180 6171
2 1877 1888
2 5414 7968
2 7924 10330
2 11051 11054
2 7296 10073
2 1038 1240
2 455 517
2 520 695
2 3715 4718
2 2510 5907
2 1397 1536
2 3341 4740
2 5319 6054
2 1429 1845
2 2820 3296
2 2250 3327
2 2945 3591
2 2575 2831
2 11148 11151
2 6171 7565
2 7188 11175
2 898 1443
2 532 708
2 1845 1865
2 1443 1477
2 2253 2504
2 3187 3822
2 1177 1403
2 11223 11226
2 8483 11241
2 1449 11255
2 11279 11282
2 2390 2901
2 8966 11301
2 1696 2136
2 1919 2135
2 904 1587
2 2429 3276
2 11345 11348
2 6439 9669
2 1748 1766
2 8356 11370
2 7000 8265
2 1289 1397
2 2012 2542
2 1581 1671
2 1237 1663
0
0
2 10096 11398
2 3077 3361
2 470 635
2 3646 4573
2 2506 3304
2 942 1034
2 1094 1363
2 2035 2803
2 897 1025
2 4408 7481
2 2040 2722
2 2355 2941
2 904 2068
2 2645 4870
2 1113 1882
2 10285 11453
2 7096 7926
2 1370 1592
2 1442 1604
2 10676 11487
2 6598 9396
2 7935 8611
2 2916 3414
2 1604 2575
2 2703 2777
2 1397 1902
2 695 1034
2 11541 11544
2 695 788
2 11561 11564
2 854 1092
2 3630 5426
2 1341 1663
2 5621 6679
2 973 1400
2 7842 10325
2 7097 8514
2 1419 1438
2 793 1023
2 793 1444
2 4026 5921
2 8595 11478
2 6582 7941
2 7233 10639
2 2448 2841
2 1379 1788
2 4374 4711
2 3407 4110
2 3178 4740
2 2588 3361
2 406 460
2 881 1043
2 11688 11691
2 1786 2841
2 1476 2504
2 11267 11708
2 9584 11724
2 4105 4984
2 1232 1420
2 6939 11742
2 5290 8209
2 2412 3361
2 1385 1968
2 8656 11206
2 6568 8851
2 4447 5307
2 2415 2827
2 1303 1704
2 11830 11833
2 4105 5847
2 2087 2506
2 3589 4514
2 4983 6644
2 1461 2029
2 3089 3393
2 1122 1704
2 11545 11884
2 10689 11898
2 1234 1400
2 1695 4232
2 1593 1841
2 673 1438
2 1191 1705
2 11923 11926
2 528 781
2 2634 2946
2 2939 4352
2 4146 5089
2 6420 7887
2 530 973
0
2 10730 10739
2 2554 2700
2 11977 11980
2 695 897
2 12022 12025
2 1034 2821
2 12049 12052
2 695 963
2 4761 10746
2 12078 12081
2 1446 2005
2 1385 1623
2 1444 4207
2 492 673
2 1081 1495
2 4348 7886
2 683 880
2 1028 1494
2 1592 2376
2 5056 6971
2 10637 12138
2 6679 8973
2 2957 3338
2 12178 12181
2 1034 1230
2 1968 3218
2 4756 7007
2 2916 3258
2 3810 5120
2 4922 5642
2 7828 9046
2 12250 12253
2 3181 4045
2 12274 12277
2 10270 12291
2 7008 11407
2 2936 3513
2 4078 5801
2 2641 3513
2 5507 5998
2 12344 12347
2 1089 1704
2 9265 11250
2 1480 1704
2 12393 12396
2 12418 12421
2 1973 2795
2 5875 7654
2 4051 4248
2 2068 2465
2 4096 4894
2 1136 1187
2 11608 12237
2 1919 2506
2 1447 1672
2 2887 3654
2 6092 6765
2 2696 5841
2 2830 3643
2 1466 3049
2 2504 3465
2 777 894
2 8345 11045
2 2504 3180
2 788 1025
2 3691 3962
2 1801 1874
2 1763 1815
2 10105 12538
2 4812 7000
2 12562 12565
2 2635 3870
2 1674 1919
2 683 894
2 3858 7607
2 1403 1786
2 1142 1801
2 5312 7369
0
2 12625 12628
2 12644 12647
2 4522 6639
2 1067 1801
2 12674 12677
2 2331 2482
2 12706 12709
2 5404 6675
2 3687 4524
2 2135 2641
2 8517 11041
2 1496 2524
2 992 1400
2 12760 12763
2 882 1072
2 4285 5665
2 7938 8598
2 1090 1240
2 3295 3466
2 2136 2478
2 6187 10424
2 12832 12835
2 2360 4506
2 5783 6738
2 4069 7091
2 3890 6563
2 7104 8469
2 2365 2798
2 1968 2999
2 3273 5292
2 1510 1758
2 6036 7219
2 1705 2354
2 2337 4095
2 11739 12920
2 3566 4171
2 6944 9189
2 673 680
2 2526 3090
2 2835 3276
2 698 1023
2 10426 12969
2 1089 1370
2 9613 12985
2 4072 4685
2 2774 3783
2 1746 1767
0
2 3156 4605
2 1405 1746
2 6092 7221
0
2 1349 1663
2 4035 6122
2 11288 13047
2 675 683
2 1705 3166
2 2168 2768
2 2766 3181
2 13076 13079
2 1039 1368
2 1440 1960
2 1727 2053
2 952 1081
2 2774 3203
2 2205 3280
2 683 1034
2 8658 11601
2 4011 5426
2 8993 11001
2 13144 13147
2 3621 6064
0
2 1920 2445
2 3256 4207
2 1186 1794
2 1671 2162
2 1409 1757
2 2359 2370
2 898 1450
2 1438 2029
2 897 1592
2 963 1592
2 1502 1746
2 1154 1495
2 1443 2067
2 680 793
0
2 459 517
2 2478 3438
2 3090 3949
2 4466 4480
2 3513 5844
2 3620 4003
2 13259 13262
2 1235 2014
2 971 1237
2 1504 1781
2 2161 2769
2 4677 6433
2 7177 12749
2 10384 13307
2 12136 13321
2 2012 2539
2 5425 6967
2 13350 13353
2 9480 11110
2 1042 1447
2 2262 4031
0
2 9088 12827
2 1074 1240
2 1053 1234
2 1230 1375
2 4128 5477
2 8230 12513
2 1525 1705
2 8823 9877
2 1576 1695
2 13440 13443
2 4468 7188
2 1777 2679
2 1385 1694
2 2005 3367
2 4989 6899
2 1845 1861
2 2511 2562
2 6104 6691
2 684 906
2 13497 13500
2 2559 4184
2 3085 3633
2 10706 13521
2 1237 2195
2 11478 12192
2 638 680
2 1493 2161
2 10428 12681
2 908 1035
2 1438 1919
2 13581 13584
2 1088 1389
2 8393 8952
2 1109 1845
2 5195 7621
2 1240 2415
2 6452 6626
2 5312 9224
2 1233 1848
2 1235 1368
2 3826 5801
2 8708 10268
2 2392 3222
2 2439 3296
2 2077 2526
2 8828 13659
2 4992 6454
2 1443 1664
2 1381 2068
2 1403 1506
2 9338 10975
2 673 729
2 2573 3614
2 1517 1522
0
2 13717 13720
2 784 1045
2 1898 2956
2 2522 2772
2 1039 1192
2 2262 2460
2 1961 2515
2 8441 9493
2 1381 1503
2 13762 13765
2 2421 2962
2 5501 11366
2 537 680
2 1895 2641
2 1757 2262
2 5836 5887
2 2587 3077
2 3987 5294
2 10909 13818
2 1389 2135
2 668 1033
2 1757 2641
2 5629 7581
2 13852 13855
2 2618 3252
2 1351 1397
2 900 1025
2 3673 4983
2 3270 6579
0
2 6107 9517
2 1420 2425
2 1234 2004
2 3349 4701
2 1755 2766
2 3151 4522
2 10905 13926
2 1503 2119
2 3007 3584
2 2818 3665
2 4740 6458
2 2076 2783
2 1366 2578
2 2424 3906
2 2610 3421
2 3336 5304
2 957 1919
2 2599 3282
2 675 698
2 989 1004
2 541 899
2 6594 8763
2 522 673
2 1435 1857
2 8253 12791
2 684 950
2 781 950
2 14016 14019
2 8065 12802
2 2587 3151
2 517 675
2 8518 11425
2 685 724
2 2253 3613
2 608 680
2 4052 5847
2 4602 5186
2 8309 10859
2 1919 2053
2 522 675
2 14106 14109
2 684 1023
2 5883 8204
2 2272 2590
2 4071 6003
2 1179 1447
2 10281 14145
2 2383 3273
2 1107 1506
2 12723 14169
2 1368 1865
2 4087 8270
2 1743 1971
2 5722 8671
2 10574 14203
2 7655 8179
2 11489 13129
2 1146 1704
2 14258 14261
2 4060 7005
2 14312 14315
2 8929 10580
2 8100 12935
2 8381 11355
2 1604 3719
2 14373 14376
2 1370 1784
2 1381 1624
2 14401 14404
2 894 1230
2 1368 1672
2 537 673
2 4692 10203
2 1147 1883
2 5627 12484
2 3425 3905
2 532 894
2 2609 3808
2 1039 1375
2 2113 3869
2 1023 1438
2 1729 2580
2 3303 4114
2 899 1449
2 4352 5317
2 788 1023
2 2328 2718
2 10469 14478
2 963 1454
2 1763 1921
2 1401 2354
2 3061 3336
2 1795 2331
2 4386 4718
2 1109 1503
2 2513 3296
2 2425 3173
2 6078 7491
2 2424 3265
0
2 1663 2169
2 1145 1504
2 955 980
2 2418 3604
2 2262 2768
2 1397 3207
0
2 4963 5315
2 2766 2837
2 777 963
2 3864 6897
2 10865 13111
2 1025 1177
2 1185 1366
2 1446 2010
2 1623 1664
2 12108 14589
2 537 675
2 1366 1503
2 960 1089
2 3390 5109
2 2065 3341
2 4963 8509
2 492 673
2 1508 1755
2 1967 2718
2 7218 9623
2 14649 14652
2 3060 3536
2 906 1592
2 2688 3296
2 676 782
2 4917 5426
2 11404 14681
2 1409 1965
2 1237 1857
2 2534 3265
2 1802 2345
2 1943 2621
2 3423 3535
2 2559 3926
2 1089 1600
2 898 1368
2 1230 1397
2 2528 3281
2 850 1230
2 1360 1883
2 2448 2879
2 1403 1624
2 14165 14741
2 906 1447
2 8467 12212
0
2 4053 4766
2 1623 3108
2 492 538
2 698 1025
2 894 1095
0
2 2823 3072
2 10351 12437
2 1959 2440
2 963 1455
2 11334 12668
2 14816 14819
2 1360 1802
2 4613 6214
2 13108 14846
2 9741 10865
2 1926 2758
2 14869 14872
2 14893 14896
2 4624 6374
2 2328 2770
2 1023 1449
2 4880 14920
2 14935 14938
2 3341 4701
2 2068 3279
0
2 1875 2552
2 695 1036
2 1961 2524
2 11882 14256
2 1680 2250
2 1969 2575
2 6971 9869
2 15002 15005
2 8762 11706
2 6949 8597
2 1919 2524
2 1045 1379
2 3188 4481
2 1025 1177
2 6679 7218
2 942 1235
2 1074 1094
2 15066 15069
2 3570 8457
2 1197 1500
2 11402 13333
2 10743 13196
2 4598 7346
2 2478 3393
2 1237 1483
2 3451 6257
2 900 1921
2 4093 5875
2 15152 15155
2 455 465
2 15157 15160
2 7109 8311
2 6124 7764
2 6895 7613
2 2801 3810
2 674 1095
0
2 3582 4475
2 5591 9439
2 793 2005
2 10551 14792
2 8243 8729
2 1366 2410
2 3180 4381
2 2065 3156
2 1081 1374
2 960 1037
2 1237 1446
2 2262 2585
2 4932 9931
2 877 1234
2 2122 2585
2 2524 5315
2 3367 4482
2 13800 15278
2 1973 2122
2 2604 2844
2 10375 11831
2 4208 6476
2 11247 12828
2 6104 6679
2 4040 4375
2 1368 1794
2 7234 11320
2 2588 3671
2 7457 14157
2 1349 1403
2 1146 1367
2 5119 8592
2 15389 15392
2 7173 8458
2 1403 2337
2 1370 1443
2 462 519
2 2999 3451
2 15427 15430
2 11466 15444
2 15480 15483
2 1234 3602
2 15503 15506
2 12218 15521
2 684 695
2 525 695
2 3438 3949
2 1415 1704
2 3654 6057
2 1907 2086
0
2 10375 12412
2 2337 4071
2 680 904
2 3423 4351
2 5841 8190
2 3112 3465
2 2068 2227
2 1036 1420
2 2597 2601
0
2 4082 5424
2 2454 2586
2 4939 6617
2 7039 11198
2 3291 3407
2 11220 11224
2 6785 7507
2 525 673
2 3433 4576
2 15625 15628
2 3948 5030
0
2 2936 3643
2 1360 1522
2 15660 15663
2 693 1023
2 5529 6765
2 1366 1604
2 784 952
2 1466 3180
2 957 1038
2 12383 15699
2 528 534
2 2820 3951
0
2 4723 7880
2 3833 3836
2 1025 1419
2 15736 15739
2 1089 1234
2 15757 15760
2 673 680
2 12270 15775
2 3724 3825
2 1081 1403
2 1232 1766
2 709 1080
2 3367 5800
2 1193 1495
2 793 1036
2 9588 12986
2 2068 2618
2 882 1043
2 3433 3700
2 5065 6484
2 14700 15829
2 460 479
2 2590 3654
2 973 1367
2 1403 1501
2 2076 3293
2 10853 15854
2 15869 15872
2 4031 4301
2 15888 15891
2 1230 1368
2 2522 4011
2 2571 3280
2 13090 15917
2 371 462
2 1397 1663
0
2 2964 4612
2 793 1391
2 1660 2332
2 2511 4003
2 4640 6324
2 10247 11933
2 5863 8120
2 6253 8758
2 522 539
2 529 680
2 15980 15983
2 2641 4663
2 3263 4032
2 1641 2366
2 1237 1973
2 16006 16009
2 532 668
2 673 695
2 1503 1663
2 1403 1506
2 849 1039
2 1466 2008
2 13016 16028
2 1824 2801
2 4009 6467
2 1415 2068
2 4040 5563
2 7862 9115
2 10644 16062
2 2181 2351
2 1081 1366
2 1509 2560
2 1234 1407
2 16109 16112
2 16131 16134
2 2504 3454
2 1675 2781
2 7654 10340
2 4035 5907
2 16191 16194
2 3085 4032
2 2076 2506
2 5841 6691
2 2326 2332
2 16240 16243
2 1989 3439
2 11389 13077
2 12382 15679
2 1023 1419
2 16279 16282
2 7307 10647
2 3050 3271
2 16324 16327
1 16343
2 2164 3466
2 1571 2439
2 4488 5021
2 532 894
2 10273 12500
2 3221 3663
2 3374 4695
2 1960 3201
2 894 1237
2 1113 2168
2 16413 16416
2 8475 10639
2 16435 16438
2 8489 13786
2 6035 15405
2 3698 4167
2 12319 16478
2 16500 16503
2 3452 4522
0
2 894 1028
2 695 899
2 3571 4813
2 2227 3064
2 899 963
2 683 697
2 3250 3865
2 8856 9352
2 1118 1455
2 13474 15270
2 3993 6281
2 1237 2065
2 16567 16570
2 891 950
2 675 1444
2 2262 3465
2 3671 5421
2 16595 16598
2 9476 10533
2 16623 16626
2 4936 5863
2 7113 10838
2 3691 4632
2 1189 1349
2 1865 2823
2 3006 4032
2 4260 5662
2 1852 2939
2 4781 6278
2 5768 9943
2 3949 7468
2 2221 2429
2 16702 16705
2 4620 5825
2 12920 14862
2 16537 16739
2 1865 2718
2 5620 8510
2 3107 3347
2 5330 7831
2 16795 16798
2 7606 10033
2 13028 16811
2 3068 4008
2 1824 2036
2 1097 1122
2 3184 4176
2 3363 5317
2 963 1109
2 6628 8077
2 3438 4708
2 1028 1234
2 7643 13487
2 4973 6355
2 3304 3537
2 2918 3663
2 894 1036
2 1604 3061
2 11739 14418
2 883 1112
2 2515 4009
2 739 1835
2 1368 1630
2 2364 2771
2 6742 8303
2 16915 16918
2 3919 5224
2 674 708
2 2086 3043
2 16939 16942
2 8812 12968
2 1726 1761
2 2545 2839
2 894 1089
2 5310 7042
2 7509 10042
2 3810 4410
2 1097 1477
2 1913 2047
2 2327 2644
2 3583 3633
2 3167 3829
2 17015 17018
2 6742 13640
2 3998 9439
2 2609 3183
2 13635 16719
2 1795 3256
2 4144 5573
2 17071 17074
2 2250 3421
2 1232 2820
2 2045 3177
2 9659 17093
2 1333 1663
2 8098 12485
2 3751 4963
2 17135 17138
2 17153 17156
2 7263 8895
2 1367 1493
2 1400 1624
2 1461 1759
2 3037 3805
2 1738 1786
2 1872 2511
2 2774 2946
2 17198 17201
2 4506 5370
2 673 788
2 8391 8954
2 1089 1503
2 674 685
2 2963 3783
2 1571 1681
2 4351 5765
2 17245 17248
2 4663 5561
2 4755 8021
2 2515 3166
2 10913 12262
2 2068 2526
2 1600 2119
2 976 1623
2 1415 1746
2 17294 17297
2 14785 17311
2 529 891
2 697 748
2 3423 3672
2 1096 1461
2 1857 3064
2 2337 3031
2 4178 6066
2 4003 5765
2 6856 13296
2 1702 2023
2 2696 3376
2 17356 17359
2 6566 10227
2 4042 5243
2 2943 4052
2 1028 1449
2 4995 8911
2 9500 11715
2 2718 3429
2 1604 2809
2 698 1023
2 6653 7758
2 2781 3520
2 3061 3567
2 1623 2185
2 825 1438
2 9030 9722
2 17443 17446
2 4170 7819
2 1663 3054
2 1663 1848
2 2049 2380
2 3336 3525
2 992 1112
2 3180 3668
2 1237 1360
2 5324 8501
2 2412 2960
2 3252 6012
2 3568 4364
2 11123 13166
2 3180 4368
0
2 4009 6091
2 673 906
2 1630 2766
2 11355 13265
2 15824 17537
2 2264 3086
2 3433 4167
2 5526 9167
2 17577 17580
2 3089 3663
2 1367 1501
2 17597 17600
2 8324 8332
