10 1 11 20 26 34 36 41 45 56 67
1 71
6 79 89 98 104 112 114
12 117 127 136 142 150 152 157 161 172 183 186 189
14 193 203 212 218 226 228 233 237 248 259 262 265 269 270
15 278 288 297 303 311 313 318 322 333 344 347 350 354 355 362
12 364 374 383 389 397 399 404 408 419 430 433 436
17 439 449 458 464 472 474 479 483 494 505 508 511 515 516 523 524 526
9 531 541 550 556 564 566 571 575 586
9 594 604 613 619 627 629 634 638 649
12 658 668 677 683 691 693 698 702 713 724 727 730
3 735 745 754
14 759 769 778 784 792 794 799 803 814 825 828 831 835 836
9 461 850 859 865 873 875 880 884 895
14 906 916 925 931 939 941 946 950 961 972 975 978 982 983
7 987 997 1006 1012 1020 1022 1027
9 1030 1040 1049 1055 1063 1065 1070 1074 1085
9 1087 1097 1106 1112 1120 1122 1127 1131 1142
8 1151 1161 1170 1176 1184 1186 1191 1195
1 1200
11 1202 1212 1221 1227 1235 1237 1242 1246 1257 1268 1271
13 1273 1283 1292 1298 1306 1308 1313 1317 1328 1339 1342 1345 1349
17 455 1357 1366 1372 1380 1382 1387 1391 1402 1413 1416 1419 1423 1424 1431 1432 1434
9 1437 1447 1456 1462 1470 1472 1477 1481 1492
14 1501 1511 1520 1526 1534 1536 1541 1545 1556 1567 1570 1573 1577 1578
10 1585 1595 1604 1610 1618 1620 1625 1629 1640 1651
17 260 1659 1668 1674 1682 1684 1689 1693 1704 1715 1718 1721 1725 1726 1733 1734 1736
10 1739 1749 1758 1764 1772 1774 1779 1783 1794 1805
9 1043 1814 1823 1829 1837 1839 1844 1848 1859
12 907 1870 1879 1885 1893 1895 1900 1904 1915 1926 1929 1932
9 1937 1947 1956 1962 1970 1972 1977 1981 1992
12 1408 2005 2014 2020 2028 2030 2035 2039 2050 2061 2064 2067
12 2070 2080 2089 2095 2103 2105 2110 2114 2125 2136 2139 2142
8 1030 2145 2154 2160 2168 2170 2175 2179
9 1628 2195 2204 2210 2218 2220 2225 2229 2240
9 2247 2257 2266 2272 2280 2282 2287 2291 2302
10 2310 2320 2329 2335 2343 2345 2350 2354 2365 2376
17 2378 2388 2397 2403 2411 2413 2418 2422 2433 2444 2447 2450 2454 2455 2462 2463 2465
13 446 2470 2479 2485 2493 2495 2500 2504 2515 2526 2529 2532 2536
8 1907 2546 2555 2561 2569 2571 2576 2580
8 2588 2598 2607 2613 2621 2623 2628 2632
6 2635 2645 2654 2660 2668 2670
12 455 2683 2692 2698 2706 2708 2713 2717 2728 2739 2742 2745
1 2747
10 772 2763 2772 2778 2786 2788 2793 2797 2808 2819
9 1382 2826 2835 2841 2849 2851 2856 2860 2871
9 2527 2882 2891 2897 2905 2907 2912 2916 2927
10 2937 2947 2956 2962 2970 2972 2977 2981 2992 3003
14 1751 3013 3022 3028 3036 3038 3043 3047 3058 3069 3072 3075 3079 3080
17 1386 3087 3096 3102 3110 3112 3117 3121 3132 3143 3146 3149 3153 3154 3161 3162 3164
2 3168 3178
14 2021 3192 3201 3207 3215 3217 3222 3226 3237 3248 3251 3254 3258 3259
4 3263 3273 3282 3288
12 2188 3302 3311 3317 3325 3327 3332 3336 3347 3358 3361 3364
14 881 3375 3384 3390 3398 3400 3405 3409 3420 3431 3434 3437 3441 3442
10 402 3449 3458 3464 3472 3474 3479 3483 3494 3505
9 135 3516 3525 3531 3539 3541 3546 3550 3561
9 3569 3579 3588 3594 3602 3604 3609 3613 3624
12 1660 3640 3649 3655 3663 3665 3670 3674 3685 3696 3699 3702
16 243 3711 3720 3726 3734 3736 3741 3745 3756 3767 3770 3773 3777 3778 3785 3786
11 3787 3797 3806 3812 3820 3822 3827 3831 3842 3853 3856
11 2829 3867 3876 3882 3890 3892 3897 3901 3912 3923 3926
9 3929 3939 3948 3954 3962 3964 3969 3973 3984
5 3991 4001 4010 4016 4024
14 4025 4035 4044 4050 4058 4060 4065 4069 4080 4091 4094 4097 4101 4102
14 596 4115 4124 4130 4138 4140 4145 4149 4160 4171 4174 4177 4181 4182
14 2581 4188 4197 4203 4211 4213 4218 4222 4233 4244 4247 4250 4254 4255
17 2485 4263 4272 4278 4286 4288 4293 4297 4308 4319 4322 4325 4329 4330 4337 4338 4340
12 2726 4349 4358 4364 4372 4374 4379 4383 4394 4405 4408 4411
10 4414 4424 4433 4439 4447 4449 4454 4458 4469 4480
13 1010 4486 4495 4501 4509 4511 4516 4520 4531 4542 4545 4548 4552
15 3235 4562 4571 4577 4585 4587 4592 4596 4607 4618 4621 4624 4628 4629 4636
16 443 2702 4639 4645 4653 4655 4660 4664 4675 4686 4689 4692 4696 4697 4704 4705
8 1932 4712 4721 4727 4735 4737 4742 4746
14 447 4759 4768 4774 4782 4784 4789 4793 4804 4815 4818 4821 4825 4826
7 1045 4840 4849 4855 4863 4865 4870
12 4387 4881 4890 4896 4904 4906 4911 4915 4926 4937 4940 4943
8 4793 4954 4967 4981 4991 4993 4999 5003
14 5007 5017 5026 5032 5040 5042 5047 5051 5062 5073 5076 5079 5083 5084
12 3720 5094 5103 5109 5117 5119 5124 5128 5139 5150 5153 5156
14 5159 5169 5178 5184 5192 5194 5199 5203 5214 5225 5228 5231 5235 5236
9 412 5242 5251 5257 5265 5267 5272 5276 5287
15 264 5290 5299 5305 5313 5315 5320 5324 5335 5346 5349 5352 5356 5357 5364
12 1909 5371 5380 5386 5394 5396 5401 5405 5416 5427 5430 5433
12 2475 5440 5449 5455 5463 5465 5470 5474 5485 5496 5499 5502
9 2475 5513 5522 5528 5536 5538 5543 5547 5558
14 129 4972 5570 5576 5584 5586 5591 5595 5606 5617 5620 5623 5627 5628
14 427 5637 5646 5652 5660 5662 5667 5671 5682 5693 5696 5699 5703 5704
12 3341 5714 5723 5729 5737 5739 5744 5748 5759 5770 5773 5776
14 2107 5785 5794 5800 5808 5810 5815 5819 5830 5841 5844 5847 5851 5852
9 3097 5861 5870 5876 5884 5886 5891 5895 5906
14 495 5915 5924 5930 5938 5940 5945 5949 5960 5971 5974 5977 5981 5982
8 2474 5997 6006 6012 6020 6022 6027 6031
14 4129 6042 6051 6057 6065 6067 6072 6076 6087 6098 6101 6104 6108 6109
10 6111 6121 6130 6136 6144 6146 6151 6155 6166 6177
10 955 6184 6195 6201 6209 6211 6216 6221 6233 6244
12 528 6250 6259 6265 6273 6275 6280 6284 6295 6306 6309 6312
17 2678 6318 6327 6333 6341 6343 6348 6352 6363 6374 6377 6380 6384 6385 6392 6393 6395
12 1654 6400 6409 6415 6423 6425 6430 6434 6445 6456 6459 6462
4 6466 6476 6485 6491
14 1664 6502 6511 6517 6525 6527 6532 6536 6547 6558 6561 6564 6568 6569
3 6571 6581 6590
3 6596 6606 6615
14 6619 6629 6638 6644 6652 6654 6659 6663 6674 6685 6688 6691 6695 6696
9 1124 6706 6715 6721 6729 6731 6736 6740 6751
9 2513 6768 6777 6783 6791 6793 6798 6802 6813
4 2884 6829 6838 6844
6 4154 6857 6866 6872 6880 6882
14 3064 6893 6902 6908 6916 6918 6923 6927 6938 6949 6952 6955 6959 6960
8 2974 6972 6981 6987 6995 6997 7002 7006
6 1370 7019 7028 7034 7042 7044
14 3718 7050 7059 7065 7073 7075 7080 7084 7095 7106 7109 7112 7116 7117
8 2475 7123 7132 7138 7146 7148 7153 7157
9 2724 7168 7177 7183 7191 7193 7198 7202 7213
17 757 5733 7227 7233 7241 7243 7248 7252 7263 7274 7277 7280 7284 7285 7292 7293 7295
8 2957 7304 7313 7319 7327 7329 7334 7338
14 412 3468 7345 7351 7359 7361 7366 7370 7381 7392 7395 7398 7402 7403
2 7407 7417
11 1217 7428 7437 7443 7451 7453 7458 7462 7473 7484 7487
12 3345 7496 7505 7511 7519 7521 7526 7530 7541 7552 7555 7558
12 1215 7567 7576 7582 7590 7592 7597 7601 7612 7623 7626 7629
9 7526 7641 7650 7656 7664 7666 7671 7675 7686
6 2474 7694 7703 7709 7717 7719
17 2701 6421 7725 7731 7739 7741 7746 7750 7761 7772 7775 7778 7782 7783 7790 7791 7793
17 3586 7798 7807 7813 7821 7823 7828 7832 7843 7854 7857 7860 7864 7865 7872 7873 7875
10 757 7884 7893 7899 7907 7909 7914 7918 7929 7940
10 2192 7949 7958 7964 7972 7974 7979 7983 7994 8005
11 2057 8010 8019 8025 8033 8035 8040 8044 8055 8066 8069
14 4025 8076 8085 8091 8099 8101 8106 8110 8121 8132 8135 8138 8142 8143
10 2317 8147 8156 8162 8170 8172 8177 8181 8192 8203
4 8206 8216 8225 8231
4 8235 8245 8254 8260
9 412 4852 8267 8273 8281 8283 8288 8292 8303
1 8313
15 8323 8333 8342 8348 8356 8358 8363 8367 8378 8389 8392 8395 8399 8400 8407
14 406 3843 7651 8413 8421 8423 8428 8432 8443 8454 8457 8460 8464 8465
2 8470 8480
2 8486 8496
2 8483 8513
14 7573 8528 8537 8543 8551 8553 8558 8562 8573 8584 8587 8590 8594 8595
9 1212 6523 8603 8609 8617 8619 8624 8628 8639
12 3383 8653 8662 8668 8676 8678 8683 8687 8698 8709 8712 8715
17 3067 7359 8722 8728 8736 8738 8743 8747 8758 8769 8772 8775 8779 8780 8787 8788 8790
17 766 5883 8798 8804 8812 8814 8819 8823 8834 8845 8848 8851 8855 8856 8863 8864 8866
12 6426 8874 8883 8889 8897 8899 8904 8908 8919 8930 8933 8936
9 1920 8942 8951 8957 8965 8967 8972 8976 8987
8 8998 9008 9017 9023 9031 9033 9038 9042
16 223 5690 9055 9061 9069 9071 9076 9080 9091 9102 9105 9108 9112 9113 9120 9121
8 3286 9127 9136 9142 9150 9152 9157 9161
8 9169 9179 9188 9194 9202 9204 9209 9213
9 1792 9220 9229 9235 9243 9245 9250 9254 9265
14 1235 9276 9285 9291 9299 9301 9306 9310 9321 9332 9335 9338 9342 9343
9 1676 8296 9358 9364 9372 9374 9379 9383 9394
9 2828 9408 9417 9423 9431 9433 9438 9442 9453
12 264 8736 9462 9468 9476 9478 9483 9487 9498 9509 9512 9515
14 3341 9523 9532 9538 9546 9548 9553 9557 9568 9579 9582 9585 9589 9590
9 2652 9601 9610 9616 9624 9626 9631 9635 9646
13 2813 9522 9655 9661 9669 9671 9676 9680 9691 9702 9705 9708 9712
8 902 9716 9725 9731 9739 9741 9746 9750
8 2184 9766 9775 9781 9789 9791 9796 9800
14 1741 7347 9811 9817 9825 9827 9832 9836 9847 9858 9861 9864 9868 9869
3 2754 9880 9889
2 2751 9898
8 1610 9910 9919 9925 9933 9935 9940 9944
14 1304 9949 9958 9964 9972 9974 9979 9983 9994 10005 10008 10011 10015 10016
16 5254 10026 10035 10041 10049 10051 10056 10060 10071 10082 10085 10088 10092 10093 10100 10101
16 1719 10104 10113 10119 10127 10129 10134 10138 10149 10160 10163 10166 10170 10171 10178 10179
15 4977 10183 10192 10198 10206 10208 10213 10217 10228 10239 10242 10245 10249 10250 10257
14 8765 10266 10275 10281 10289 10291 10296 10300 10311 10322 10325 10328 10332 10333
9 1932 10342 10351 10357 10365 10367 10372 10376 10387
14 257 7072 10398 10404 10412 10414 10419 10423 10434 10445 10448 10451 10455 10456
17 2219 10463 10472 10478 10486 10488 10493 10497 10508 10519 10522 10525 10529 10530 10537 10538 10540
9 2971 10544 10553 10559 10567 10569 10574 10578 10589
8 3987 10605 10614 10620 10628 10630 10635 10639
13 2975 10508 10654 10660 10668 10670 10675 10679 10690 10701 10704 10707 10711
14 1707 8467 10717 10723 10731 10733 10738 10742 10753 10764 10767 10770 10774 10775
7 10778 10788 10797 10803 10811 10813 10818
9 987 10823 10832 10838 10846 10848 10853 10857 10868
16 2866 8996 10884 10890 10898 10900 10905 10909 10920 10931 10934 10937 10941 10942 10949 10950
4 10952 10962 10971 10977
14 1881 9468 10985 10991 10999 11001 11006 11010 11021 11032 11035 11038 11042 11043
14 424 7015 11054 11060 11068 11070 11075 11079 11090 11101 11104 11107 11111 11112
8 1915 11118 11127 11133 11141 11143 11148 11152
14 786 10157 11163 11169 11177 11179 11184 11188 11199 11210 11213 11216 11220 11221
14 450 7518 11227 11233 11241 11243 11248 11252 11263 11274 11277 11280 11284 11285
11 9990 11297 11306 11312 11320 11322 11327 11331 11342 11353 11356
9 94 3793 11362 11368 11376 11378 11383 11387 11398
6 1186 11411 11420 11426 11434 11436
9 1865 11445 11454 11460 11468 11470 11475 11479 11490
11 5176 8126 11501 11507 11515 11517 11522 11526 11537 11548 11551
14 1478 11552 11561 11567 11575 11577 11582 11586 11597 11608 11611 11614 11618 11619
10 152 11623 11632 11638 11646 11648 11653 11657 11668 11679
14 2828 11681 11690 11696 11704 11706 11711 11715 11726 11737 11740 11743 11747 11748
13 4791 11754 11763 11769 11777 11779 11784 11788 11799 11810 11813 11816 11820
14 757 11822 11831 11837 11845 11847 11852 11856 11867 11878 11881 11884 11888 11889
15 438 4682 11892 11898 11906 11908 11913 11917 11928 11939 11942 11945 11949 11950 11957
9 11541 11964 11973 11979 11987 11989 11994 11998 12009
8 555 12027 12036 12042 12050 12052 12057 12061
14 3892 12072 12081 12087 12095 12097 12102 12106 12117 12128 12131 12134 12138 12139
11 7239 12151 12160 12166 12174 12176 12181 12185 12196 12207 12210
13 3586 12156 12171 12178 12190 12193 12216 12220 12231 12242 12245 12248 12252
14 1660 7448 12256 12262 12270 12272 12277 12281 12292 12303 12306 12309 12313 12314
12 1358 7352 12319 12325 12333 12335 12340 12344 12355 12366 12369 12372
7 2576 12383 12392 12398 12406 12408 12413
12 2576 12420 12429 12435 12443 12445 12450 12454 12465 12476 12479 12482
16 247 3645 7518 12220 12490 12492 12497 12501 12512 12523 12526 12529 12533 12534 12541 12542
14 192 3485 6629 8972 12543 12545 12550 12554 12565 12576 12579 12582 12586 12587
6 12589 12599 12608 12614 12622 12624
9 3424 12630 12639 12645 12653 12655 12660 12664 12675
9 1217 12682 12691 12697 12705 12707 12712 12716 12727
9 5190 12739 12748 12754 12762 12764 12769 12773 12784
8 1402 12797 12806 12812 12820 12822 12827 12831
17 450 4688 7390 9937 12588 12788 12840 12844 12855 12866 12869 12872 12876 12877 12884 12885 12887
9 2912 12894 12903 12909 12917 12919 12924 12928 12939
14 2568 12953 12962 12968 12976 12978 12983 12987 12998 13009 13012 13015 13019 13020
11 2582 13031 13040 13046 13054 13056 13061 13065 13076 13087 13090
8 1513 13099 13108 13114 13122 13124 13129 13133
2 8481 13149
9 3665 13159 13168 13174 13182 13184 13189 13193 13204
9 1644 13210 13219 13225 13233 13235 13240 13244 13255
14 5726 13261 13270 13276 13284 13286 13291 13295 13306 13317 13320 13323 13327 13328
9 2506 13332 13341 13347 13355 13357 13362 13366 13377
13 907 7479 10994 13393 13401 13403 13408 13412 13423 13434 13437 13440 13444
14 902 5690 13448 13454 13462 13464 13469 13473 13484 13495 13498 13501 13505 13506
5 6231 13519 13528 13534 13542
12 107 13545 13554 13560 13568 13570 13575 13579 13590 13601 13604 13607
4 13553 13617 13626 13632
10 6587 13643 13652 13658 13666 13668 13673 13677 13688 13699
14 3864 7854 13704 13710 13718 13720 13725 13729 13740 13751 13754 13757 13761 13762
12 907 5796 13770 13776 13784 13786 13791 13795 13806 13817 13820 13823
11 894 4650 7494 13826 13834 13836 13841 13845 13856 13867 13870
1 5194
12 547 11337 13883 13889 13897 13899 13904 13908 13919 13930 13933 13936
9 1693 12363 13945 13951 13959 13961 13966 13970 13981
7 4758 14000 14009 14015 14023 14025 14030
12 1429 8816 14039 14045 14053 14055 14060 14064 14075 14086 14089 14092
14 1891 9905 14100 14106 14114 14116 14121 14125 14136 14147 14150 14153 14157 14158
9 7125 14171 14180 14186 14194 14196 14201 14205 14216
10 5246 14219 14228 14234 14242 14244 14249 14253 14264 14275
9 2076 14176 14284 14290 14298 14300 14305 14309 14320
14 407 14331 14340 14346 14354 14356 14361 14365 14376 14387 14390 14393 14397 14398
9 14405 14415 14424 14430 14438 14440 14445 14449 14460
2 8822 14469
14 1971 14477 14486 14492 14500 14502 14507 14511 14522 14533 14536 14539 14543 14544
9 7580 14557 14566 14572 14580 14582 14587 14591 14602
4 1137 14612 14621 14627
9 4155 14635 14644 14650 14658 14660 14665 14669 14680
13 2866 14687 14696 14702 14710 14712 14717 14721 14732 14743 14746 14749 14753
12 4838 14636 14762 14768 14776 14778 14783 14787 14798 14809 14812 14815
5 2475 14824 14833 14839 14847
2 14850 14860
14 192 2533 14098 14874 14882 14884 14889 14893 14904 14915 14918 14921 14925 14926
17 452 3481 12862 14935 14943 14945 14950 14954 14965 14976 14979 14982 14986 14987 14994 14995 14997
14 1993 9956 15007 15013 15021 15023 15028 15032 15043 15054 15057 15060 15064 15065
12 134 15070 15079 15085 15093 15095 15100 15104 15115 15126 15129 15132
14 2372 11552 15142 15148 15156 15158 15163 15167 15178 15189 15192 15195 15199 15200
1 15204
12 1386 8061 15217 15223 15231 15233 15238 15242 15253 15264 15267 15270
11 1654 8661 8700 15272 15280 15282 15287 15291 15302 15313 15316
11 4288 15321 15330 15336 15344 15346 15351 15355 15366 15377 15380
4 1654 15386 15395 15401
14 1881 7252 14155 15406 15414 15416 15421 15425 15436 15447 15450 15453 15457 15458
9 1654 8083 15463 15469 15477 15479 15484 15488 15499
11 1005 15507 15516 15522 15530 15532 15537 15541 15552 15563 15566
10 2022 15571 15580 15586 15594 15596 15601 15605 15616 15627
9 192 15629 15638 15644 15652 15654 15659 15663 15674
8 3400 15684 15693 15699 15707 15710 15715 15719
5 8988 15733 15742 15748 15756
9 1815 15761 15770 15776 15784 15786 15791 15795 15806
11 902 4131 14075 15816 15824 15826 15831 15835 15846 15857 15860
9 3430 15865 15874 15880 15888 15890 15895 15899 15910
8 1628 15921 15930 15936 15944 15946 15951 15955
9 1370 15965 15974 15980 15988 15990 15995 15999 16010
9 3537 16022 16031 16037 16045 16047 16052 16056 16067
14 902 3864 14114 16082 16090 16092 16097 16101 16112 16123 16126 16129 16133 16134
8 1660 16136 16145 16151 16159 16161 16166 16170
17 3864 16174 16183 16189 16197 16199 16204 16208 16219 16230 16233 16236 16240 16241 16248 16249 16251
7 1212 16259 16268 16274 16282 16284 16289
6 1212 16297 16306 16312 16320 16322
17 1700 16326 16335 16341 16349 16351 16356 16360 16371 16382 16385 16388 16392 16393 16400 16401 16403
10 1991 16408 16417 16423 16431 16433 16438 16442 16453 16464
9 1229 16470 16479 16485 16493 16495 16500 16504 16515
16 1931 8053 16521 16527 16535 16537 16542 16546 16557 16568 16571 16574 16578 16579 16586 16587
14 446 5661 16592 16598 16606 16608 16613 16617 16628 16639 16642 16645 16649 16650
11 2474 15631 16661 16667 16675 16677 16682 16686 16697 16708 16711
9 766 16715 16724 16730 16738 16740 16745 16749 16760
12 14034 16777 16786 16792 16800 16802 16807 16811 16822 16833 16836 16839
8 4876 16850 16859 16865 16873 16875 16880 16884
11 5745 16902 16911 16917 16925 16927 16932 16936 16947 16958 16961
9 3341 16966 16975 16981 16989 16991 16996 17000 17011
12 778 17027 17036 17042 17050 17052 17057 17061 17072 17083 17086 17089
12 406 17092 17101 17107 17115 17117 17122 17126 17137 17148 17151 17154
9 11393 17163 17172 17178 17186 17188 17193 17197 17208
8 1971 17220 17229 17235 17243 17245 17250 17254
14 2580 11676 17259 17265 17273 17275 17280 17284 17295 17306 17309 17312 17316 17317
12 2368 5139 12957 17326 17334 17336 17341 17345 17356 17367 17370 17373
12 2230 6441 14221 17380 17388 17390 17395 17399 17410 17421 17424 17427
10 2345 17296 17439 17445 17453 17455 17460 17464 17475 17486
12 3949 17489 17498 17504 17512 17514 17519 17523 17534 17545 17548 17551
9 5348 17560 17569 17575 17583 17585 17590 17594 17605
17 2058 17617 17626 17632 17640 17642 17647 17651 17662 17673 17676 17679 17683 17684 17691 17692 17694
8 2735 17702 17711 17717 17725 17727 17732 17736
16 1217 6923 17738 17744 17752 17754 17759 17763 17774 17785 17788 17791 17795 17796 17803 17804
14 1885 13305 17811 17817 17825 17827 17832 17836 17847 17858 17861 17864 17868 17869
16 1224 5088 12163 16466 17876 17878 17883 17887 17898 17909 17912 17915 17919 17920 17927 17928
8 2470 16714 17937 17943 17951 17953 17958 17962
1 17964
9 5719 17973 17982 17988 17996 17998 18003 18007 18018
11 1188 6332 18031 18037 18045 18047 18052 18056 18067 18078 18081
10 1188 15363 18086 18092 18100 18102 18107 18111 18122 18133
14 2647 13655 18141 18147 18155 18157 18162 18166 18177 18188 18191 18194 18198 18199
9 18201 18211 18220 18226 18234 18236 18241 18245 18256
12 1005 8032 18271 18277 18285 18287 18292 18296 18307 18318 18321 18324
9 442 8661 18329 18335 18343 18345 18350 18354 18365
9 8786 18385 18394 18400 18408 18410 18415 18419 18430
4 17880 18445 18454 18460
10 1822 6964 16113 18468 18476 18478 18483 18487 18498 18509
9 1045 15779 18514 18520 18528 18530 18535 18539 18550
9 1357 16688 18558 18564 18572 18574 18579 18583 18594
12 1741 7494 18602 18608 18616 18618 18623 18627 18638 18649 18652 18655
9 152 18661 18670 18676 18684 18686 18691 18695 18706
7 769 16079 18715 18721 18729 18731 18736
8 18740 18750 18759 18765 18773 18775 18780 18784
9 1554 16803 18798 18804 18812 18814 18819 18823 18834
10 1217 12573 18852 18858 18866 18868 18873 18877 18888 18899
12 757 12325 18905 18911 18919 18921 18926 18930 18941 18952 18955 18958
12 1186 14819 18968 18974 18982 18984 18989 18993 19004 19015 19018 19021
8 2383 16187 19032 19038 19046 19048 19053 19057
14 1215 10093 19070 19076 19084 19086 19091 19095 19106 19117 19120 19123 19127 19128
8 12318 19140 19149 19155 19163 19165 19170 19174
14 1843 16223 19186 19192 19200 19202 19207 19211 19222 19233 19236 19239 19243 19244
9 7731 19250 19259 19265 19273 19275 19280 19284 19295
2 19299 19309
14 4799 5175 5184 11499 11767 11774 11818 19317 19328 19339 19342 19345 19349 19350
9 3356 19363 19372 19378 19386 19388 19393 19397 19408
14 2742 19412 19421 19427 19435 19437 19442 19446 19457 19468 19471 19474 19478 19479
7 2475 19487 19496 19502 19510 19512 19517
10 163 15508 19525 19531 19539 19541 19546 19550 19561 19572
9 174 19575 19584 19590 19598 19600 19605 19609 19620
11 44 12060 19633 19639 19647 19649 19654 19658 19669 19680 19683
14 5745 19686 19695 19701 19709 19711 19716 19720 19731 19742 19745 19748 19752 19753
14 3360 19762 19771 19777 19785 19787 19792 19796 19807 19818 19821 19824 19828 19829
9 37 1582 19838 19844 19852 19854 19859 19863 19874
8 139 19887 19896 19902 19910 19912 19917 19921
11 1215 13471 19932 19938 19946 19948 19953 19957 19968 19979 19982
14 2727 10322 19990 19996 20004 20006 20011 20015 20026 20037 20040 20043 20047 20048
11 443 14362 20058 20064 20072 20074 20079 20083 20094 20105 20108
14 414 4236 7614 16520 20115 20117 20122 20126 20137 20148 20151 20154 20158 20159
14 1678 7282 20136 20167 20175 20177 20182 20186 20197 20208 20211 20214 20218 20219
17 993 8171 13133 17292 20223 20225 20230 20234 20245 20256 20259 20262 20266 20267 20274 20275 20277
11 2481 15982 20285 20291 20299 20301 20306 20310 20321 20332 20335
14 5135 20343 20352 20358 20366 20368 20373 20377 20388 20399 20402 20405 20409 20410
8 135 20416 20425 20431 20439 20441 20446 20450
11 6557 20462 20471 20477 20485 20487 20492 20496 20507 20518 20521
9 3270 20524 20533 20539 20547 20549 20554 20558 20569
16 1751 20580 20589 20595 20603 20605 20610 20614 20625 20636 20639 20642 20646 20647 20654 20655
9 2757 20657 20666 20672 20680 20682 20687 20691 20702
6 2957 20712 20721 20727 20735 20737
9 466 20741 20750 20756 20764 20766 20771 20775 20786
9 5377 13329 20802 20808 20816 20818 20823 20827 20838
9 1822 20846 20855 20861 20869 20871 20876 20880 20891
12 1350 11107 20905 20911 20919 20921 20926 20930 20941 20952 20955 20958
14 1617 8075 16459 20963 20971 20973 20978 20982 20993 21004 21007 21010 21014 21015
14 450 4705 20975 21025 21033 21035 21040 21044 21055 21066 21069 21072 21076 21077
2 17556 21088
17 4803 21104 21113 21119 21127 21129 21134 21138 21149 21160 21163 21166 21170 21171 21178 21179 21181
8 556 21186 21195 21201 21209 21211 21216 21220
1 21231
12 2568 13734 21239 21245 21253 21255 21260 21264 21275 21286 21289 21292
12 500 13968 21301 21307 21315 21317 21322 21326 21337 21348 21351 21354
14 2828 7875 21360 21366 21374 21376 21381 21385 21396 21407 21410 21413 21417 21418
9 3800 21423 21432 21438 21446 21448 21453 21457 21468
10 768 21470 21479 21485 21493 21495 21500 21504 21515 21526
14 172 21527 21536 21542 21550 21552 21557 21561 21572 21583 21586 21589 21593 21594
10 1582 12183 19089 21599 21607 21609 21614 21618 21629 21640
2 8483 21649
9 3393 21658 21667 21673 21681 21683 21688 21692 21703
14 21710 21720 21729 21735 21743 21745 21750 21754 21765 21776 21779 21782 21786 21787
11 7921 21792 21801 21807 21815 21817 21822 21826 21837 21848 21851
8 2216 21857 21866 21872 21880 21882 21887 21891
17 3291 21893 21902 21908 21916 21918 21923 21927 21938 21949 21952 21955 21959 21960 21967 21968 21970
13 556 21613 21982 21988 21996 21998 22003 22007 22018 22029 22032 22035 22039
11 556 22040 22049 22055 22063 22065 22070 22074 22085 22096 22099
12 1304 5334 22102 22108 22116 22118 22123 22127 22138 22149 22152 22155
14 1915 12185 22159 22165 22173 22175 22180 22184 22195 22206 22209 22212 22216 22217
9 2954 22223 22232 22238 22246 22248 22253 22257 22268
15 2967 22272 22281 22287 22295 22297 22302 22306 22317 22328 22331 22334 22338 22339 22346
13 5139 18915 22354 22360 22368 22370 22375 22379 22390 22401 22404 22407 22411
10 493 7373 22414 22420 22428 22430 22435 22439 22450 22461
9 1397 22464 22473 22479 22487 22489 22494 22498 22509
14 3478 19931 22524 22530 22538 22540 22545 22549 22560 22571 22574 22577 22581 22582
12 406 6924 12884 22589 22597 22599 22604 22608 22619 22630 22633 22636
8 3401 22643 22652 22658 22666 22668 22673 22677
14 1217 6684 22684 22690 22698 22700 22705 22709 22720 22731 22734 22737 22741 22742
8 6379 22744 22753 22759 22767 22769 22774 22778
14 4521 22786 22795 22801 22809 22811 22816 22820 22831 22842 22845 22848 22852 22853
9 1662 22858 22867 22873 22881 22883 22888 22892 22903
7 22914 22924 22933 22939 22947 22949 22954
9 6230 22963 22972 22978 22986 22988 22993 22997 23008
14 7816 23020 23029 23035 23043 23045 23050 23054 23065 23076 23079 23082 23086 23087
9 591 23092 23101 23107 23115 23117 23122 23126 23137
10 8049 23147 23156 23162 23170 23172 23177 23181 23192 23203
8 3289 23210 23219 23225 23233 23235 23240 23244
12 3284 15911 23260 23266 23274 23276 23281 23285 23296 23307 23310 23313
9 3540 23314 23323 23329 23337 23339 23344 23348 23359
10 1278 23369 23378 23384 23392 23394 23399 23403 23414 23425
4 6471 23434 23443 23449
9 1529 13776 23459 23465 23473 23475 23480 23484 23495
14 453 8449 23502 23508 23516 23518 23523 23527 23538 23549 23552 23555 23559 23560
12 976 20616 23574 23580 23588 23590 23595 23599 23610 23621 23624 23627
14 442 15191 23635 23641 23649 23651 23656 23660 23671 23682 23685 23688 23692 23693
14 1991 7753 16165 21359 23703 23705 23710 23714 23725 23736 23739 23742 23746 23747
12 874 8082 23752 23758 23766 23768 23773 23777 23788 23799 23802 23805
14 6505 23812 23821 23827 23835 23837 23842 23846 23857 23868 23871 23874 23878 23879
14 3529 15157 21602 23884 23892 23894 23899 23903 23914 23925 23928 23931 23935 23936
17 993 8015 15191 15568 19564 20256 23939 23943 23954 23965 23968 23971 23975 23976 23983 23984 23986
14 2230 12893 19565 23991 23999 24001 24006 24010 24021 24032 24035 24038 24042 24043
8 21608 24054 24063 24069 24077 24079 24084 24088
9 3388 24095 24104 24110 24118 24120 24125 24129 24140
14 945 10280 19608 24147 24155 24157 24162 24166 24177 24188 24191 24194 24198 24199
9 2583 24208 24217 24223 24231 24233 24238 24242 24253
8 7245 24262 24271 24277 24285 24287 24292 24296
6 4772 24306 24315 24321 24329 24331
14 7245 24338 24347 24353 24361 24363 24368 24372 24383 24394 24397 24400 24404 24405
14 3441 15219 24415 24421 24429 24431 24436 24440 24451 24462 24465 24468 24472 24473
14 470 6280 16082 23961 24485 24487 24492 24496 24507 24518 24521 24524 24528 24529
11 3324 24532 24541 24547 24555 24557 24562 24566 24577 24588 24591
12 1217 6895 16435 24592 24600 24602 24607 24611 24622 24633 24636 24639
17 134 5248 8854 18489 23104 23887 24643 24647 24658 24669 24672 24675 24679 24680 24687 24688 24690
9 2678 12344 24698 24704 24712 24714 24719 24723 24734
12 9468 24747 24756 24762 24770 24772 24777 24781 24792 24803 24806 24809
9 855 15504 24818 24824 24832 24834 24839 24843 24854
4 24859 24869 24878 24884
2 24891 24901
14 1654 13477 23099 24910 24918 24920 24925 24929 24940 24951 24954 24957 24961 24962
11 577 10929 18552 24965 24973 24975 24980 24984 24995 25006 25009
10 1357 18712 25014 25020 25028 25030 25035 25039 25050 25061
9 4194 23444 25071 25077 25085 25087 25092 25096 25107
10 1018 24649 25126 25132 25140 25142 25147 25151 25162 25173
12 500 25176 25185 25191 25199 25201 25206 25210 25221 25232 25235 25238
12 1556 18299 25242 25248 25256 25258 25263 25267 25278 25289 25292 25295
9 1822 19271 25303 25309 25317 25319 25324 25328 25339
9 4959 25355 25364 25370 25378 25380 25385 25389 25400
9 8292 25414 25423 25429 25437 25439 25444 25448 25459
14 2773 19218 25466 25472 25480 25482 25487 25491 25502 25513 25516 25519 25523 25524
14 479 5911 24108 25530 25538 25540 25545 25549 25560 25571 25574 25577 25581 25582
9 7795 25593 25602 25608 25616 25618 25623 25627 25638
11 1928 12568 25648 25654 25662 25664 25669 25673 25684 25695 25698
14 4195 25699 25708 25714 25722 25724 25729 25733 25744 25755 25758 25761 25765 25766
8 1628 25768 25777 25783 25791 25793 25798 25802
8 17536 25818 25827 25833 25841 25843 25848 25852
17 408 10313 25858 25864 25872 25874 25879 25883 25894 25905 25908 25911 25915 25916 25923 25924 25926
14 2576 9379 25931 25937 25945 25947 25952 25956 25967 25978 25981 25984 25988 25989
9 4946 25998 26007 26013 26021 26023 26028 26032 26043
12 3064 24693 26061 26067 26075 26077 26082 26086 26097 26108 26111 26114
4 5161 5190 19332 26119
9 2060 26128 26137 26143 26151 26153 26158 26162 26173
14 556 14397 26182 26188 26196 26198 26203 26207 26218 26229 26232 26235 26239 26240
7 5317 26247 26256 26262 26270 26272 26277
8 2750 26285 26294 26300 26308 26310 26315 26319
4 5803 26330 26339 26345
17 1643 16570 26356 26362 26370 26372 26377 26381 26392 26403 26406 26409 26413 26414 26421 26422 26424
10 1357 7458 16088 26428 26436 26438 26443 26447 26458 26469
11 2867 26472 26481 26487 26495 26497 26502 26506 26517 26528 26531
11 4929 24190 26541 26547 26555 26557 26562 26566 26577 26588 26591
9 5285 26593 26602 26608 26616 26618 26623 26627 26638
6 850 26645 26654 26660 26668 26670
14 168 4194 11860 14623 26674 26676 26681 26685 26696 26707 26710 26713 26717 26718
9 1212 9653 26722 26728 26736 26738 26743 26747 26758
9 9816 25070 26772 26778 26786 26788 26793 26797 26808
9 18299 26820 26829 26835 26843 26845 26850 26854 26865
3 1670 26881 26890
9 10138 26900 26909 26915 26923 26925 26930 26934 26945
10 907 20154 26954 26960 26968 26970 26975 26979 26990 27001
1 17438
8 6924 27012 27021 27027 27035 27037 27042 27046
4 5426 27064 27073 27079
14 4138 16774 22640 27084 27092 27094 27099 27103 27114 27125 27128 27131 27135 27136
9 26677 27149 27158 27164 27172 27174 27179 27183 27194
12 1676 27197 27206 27212 27220 27222 27227 27231 27242 27253 27256 27259
14 2582 27261 27270 27276 27284 27286 27291 27295 27306 27317 27320 27323 27327 27328
10 152 17026 27338 27344 27352 27354 27359 27363 27374 27385
2 9887 27394
8 27400 27410 27419 27425 27433 27435 27440 27444
7 795 27451 27460 27466 27474 27476 27481
8 1605 7365 26192 27490 27498 27500 27505 27509
8 27518 27528 27537 27543 27551 27553 27558 27562
9 2701 27564 27573 27579 27587 27589 27594 27598 27609
8 16087 27626 27635 27641 27649 27651 27656 27660
4 27663 27673 27682 27688
9 3687 15498 27694 27700 27708 27710 27715 27719 27730
7 1212 15246 27744 27750 27758 27760 27765
1 27768
2 7990 27779
8 27782 27792 27801 27807 27815 27817 27822 27826
1 27835
9 4876 27846 27855 27861 27869 27871 27876 27880 27891
8 27895 27905 27914 27920 27928 27930 27935 27939
0
9 2571 16788 27951 27957 27965 27967 27972 27976 27987
9 1044 15793 27996 28002 28010 28012 28017 28021 28032
1 28037
12 830 28041 28050 28056 28064 28066 28071 28075 28086 28097 28100 28103
7 23870 28115 28124 28130 28138 28140 28145
3 13142 28156 28165
8 22264 28176 28185 28191 28199 28201 28206 28210
1 28222
14 5829 28233 28242 28248 28256 28258 28263 28267 28278 28289 28292 28295 28299 28300
2 28302 28312
10 3335 28321 28330 28336 28344 28346 28351 28355 28366 28377
12 3403 20872 28382 28388 28396 28398 28403 28407 28418 28429 28432 28435
11 3173 28439 28448 28454 28462 28464 28469 28473 28484 28495 28498
5 2097 28502 28511 28517 28525
9 766 12325 28528 28534 28542 28544 28549 28553 28564
1 19727
9 1915 25516 28576 28582 28590 28592 28597 28601 28612
2 28616 28626
8 3403 28639 28648 28654 28662 28664 28669 28673
9 219 28687 28696 28702 28710 28712 28717 28721 28732
11 2019 27291 28744 28750 28758 28760 28765 28769 28780 28791 28794
4 28798 28808 28817 28823
11 28826 28836 28845 28851 28859 28861 28866 28870 28881 28892 28895
2 28899 28909
2 28915 28925
16 2545 28927 28936 28942 28950 28952 28957 28961 28972 28983 28986 28989 28993 28994 29001 29002
14 18397 29013 29022 29028 29036 29038 29043 29047 29058 29069 29072 29075 29079 29080
8 29085 29095 29104 29110 29118 29120 29125 29129
1 29131
0
12 11019 29142 29151 29157 29165 29167 29172 29176 29187 29198 29201 29204
8 580 29209 29218 29224 29232 29234 29239 29243
8 9730 29259 29268 29274 29282 29284 29289 29293
11 1629 6463 15819 23710 29301 29303 29308 29312 29323 29334 29337
2 20496 29348
0
1 29357
6 2866 29370 29379 29385 29393 29395
11 29400 29410 29419 29425 29433 29435 29440 29444 29455 29466 29469
9 1910 29471 29480 29486 29494 29496 29501 29505 29516
9 14350 29530 29539 29545 29553 29555 29560 29564 29575
14 6551 29584 29593 29599 29607 29609 29614 29618 29629 29640 29643 29646 29650 29651
1 16769
9 14223 29672 29681 29687 29695 29697 29702 29706 29717
12 217 8805 25537 29723 29731 29733 29738 29742 29753 29764 29767 29770
2 29772 29782
14 1885 12833 29785 29791 29799 29801 29806 29810 29821 29832 29835 29838 29842 29843
6 12916 29858 29867 29873 29881 29883
14 7149 25357 29892 29898 29906 29908 29913 29917 29928 29939 29942 29945 29949 29950
14 3430 9827 29954 29960 29968 29970 29975 29979 29990 30001 30004 30007 30011 30012
10 472 28415 30025 30031 30039 30041 30046 30050 30061 30072
9 9148 30079 30088 30094 30102 30104 30109 30113 30124
8 4718 30137 30146 30152 30160 30162 30167 30171
9 2828 30173 30182 30188 30196 30198 30203 30207 30218
16 10936 30226 30235 30241 30249 30251 30256 30260 30271 30282 30285 30288 30292 30293 30300 30301
9 10305 30303 30312 30318 30326 30328 30333 30337 30348
12 3235 30352 30361 30367 30375 30377 30382 30386 30397 30408 30411 30414
8 30417 30427 30436 30442 30450 30452 30457 30461
9 30463 30473 30482 30488 30496 30498 30503 30507 30518
8 26929 30535 30544 30550 30558 30560 30565 30569
3 30579 30589 30598
11 3403 20665 30608 30614 30622 30624 30629 30633 30644 30655 30658
16 1932 23065 30668 30674 30682 30684 30689 30693 30704 30715 30718 30721 30725 30726 30733 30734
17 860 9338 15148 15194 16788 17439 22106 30736 30747 30758 30761 30764 30768 30769 30776 30777 30779
6 9213 30793 30802 30808 30816 30818
2 4154 30826
2 6069 30838
2 30843 30853
7 30855 30865 30874 30880 30888 30890 30895
8 3828 27585 30905 30911 30919 30921 30926 30930
1 30939
12 7365 24848 30949 30955 30963 30965 30970 30974 30985 30996 30999 31002
13 6749 31009 31018 31024 31032 31034 31039 31043 31054 31065 31068 31071 31075
9 49 19843 31080 31086 31094 31096 31101 31105 31116
13 1840 31129 31138 31144 31152 31154 31159 31163 31174 31185 31188 31191 31195
13 1186 27620 31201 31207 31215 31217 31222 31226 31237 31248 31251 31254 31258
4 15631 31268 31277 31283
8 10982 31291 31300 31306 31314 31316 31321 31325
9 20539 31343 31352 31358 31366 31368 31373 31377 31388
8 23576 31402 31411 31417 31425 31427 31432 31436
9 1137 31441 31450 31456 31464 31466 31471 31475 31486
10 880 16559 31487 31493 31501 31503 31508 31512 31523 31534
7 7172 31542 31551 31557 31565 31567 31572
9 9338 31582 31591 31597 31605 31607 31612 31616 31627
10 3665 31638 31647 31653 31661 31663 31668 31672 31683 31694
7 30662 31703 31712 31718 31726 31728 31733
4 29026 31743 31752 31758
9 4890 31769 31778 31784 31792 31794 31799 31803 31814
8 28687 31829 31838 31844 31852 31854 31859 31863
14 6087 25541 31871 31877 31885 31887 31892 31896 31907 31918 31921 31924 31928 31929
9 9557 31940 31949 31955 31963 31965 31970 31974 31985
9 6377 31997 32006 32012 32020 32022 32027 32031 32042
14 10270 32060 32069 32075 32083 32085 32090 32094 32105 32116 32119 32122 32126 32127
8 32133 32143 32152 32158 32166 32168 32173 32177
11 3061 16984 32187 32193 32201 32203 32208 32212 32223 32234 32237
12 3235 18675 32244 32250 32258 32260 32265 32269 32280 32291 32294 32297
8 31039 32310 32319 32325 32333 32335 32340 32344
9 7904 32350 32359 32365 32373 32375 32380 32384 32395
9 5781 32404 32413 32419 32427 32429 32434 32438 32449
14 21635 32457 32466 32472 32480 32482 32487 32491 32502 32513 32516 32519 32523 32524
14 1137 15026 31822 32532 32540 32542 32547 32551 32562 32573 32576 32579 32583 32584
8 2176 15788 32597 32603 32611 32613 32618 32622
8 8901 32642 32651 32657 32665 32667 32672 32676
4 32683 32693 32702 32708
7 32717 32727 32736 32742 32750 32752 32757
5 13010 32767 32776 32782 32790
10 766 16175 32797 32803 32811 32813 32818 32822 32833 32844
0
8 12127 32856 32865 32871 32879 32881 32886 32890
1 32895
6 32897 32907 32916 32922 32930 32932
2 13142 32941
13 6704 22925 32948 32954 32962 32964 32969 32973 32984 32995 32998 33001 33005
9 33006 33016 33025 33031 33039 33041 33046 33050 33061
9 2967 33071 33080 33086 33094 33096 33101 33105 33116
7 25897 33127 33136 33142 33150 33152 33157
11 1676 26549 33167 33173 33181 33183 33188 33192 33203 33214 33217
10 14609 33228 33237 33243 33251 33253 33258 33262 33273 33284
6 10206 33291 33300 33306 33314 33316
1 33321
9 33324 33334 33343 33349 33357 33359 33364 33368 33379
4 12683 33397 33406 33412
9 1394 13667 33424 33430 33438 33440 33445 33449 33460
11 2757 16441 21521 30660 33476 33478 33483 33487 33498 33509 33512
8 13804 33518 33527 33533 33541 33543 33548 33552
11 5474 33568 33577 33583 33591 33593 33598 33602 33613 33624 33627
4 12476 33635 33644 33650
16 3201 23742 33662 33668 33676 33678 33683 33687 33698 33709 33712 33715 33719 33720 33727 33728
9 2828 25741 33737 33743 33751 33753 33758 33762 33773
12 2565 22030 33788 33794 33802 33804 33809 33813 33824 33835 33838 33841
8 33846 33856 33865 33871 33879 33881 33886 33890
1 33891
9 33895 33905 33914 33920 33928 33930 33935 33939 33950
10 33103 33965 33974 33980 33988 33990 33995 33999 34010 34021
6 30551 34031 34040 34046 34054 34056
4 34059 34069 34078 34084
9 5071 34092 34101 34107 34115 34117 34122 34126 34137
1 34145
9 907 24339 34157 34163 34171 34173 34178 34182 34193
1 34198
14 2967 16026 34206 34212 34220 34222 34227 34231 34242 34253 34256 34259 34263 34264
7 3775 34274 34283 34289 34297 34299 34304
9 34308 34318 34327 34333 34341 34343 34348 34352 34363
8 4192 34371 34380 34386 34394 34396 34401 34405
11 34409 34419 34428 34434 34442 34444 34449 34453 34464 34475 34478
8 6369 34483 34492 34498 34506 34508 34513 34517
2 21617 34525
14 4358 34530 34539 34545 34553 34555 34560 34564 34575 34586 34589 34592 34596 34597
9 4892 33286 34607 34613 34621 34623 34628 34632 34643
8 10300 31844 34650 34656 34664 34666 34671 34675
4 34678 34688 34697 34703
17 4440 17348 34705 34711 34719 34721 34726 34730 34741 34752 34755 34758 34762 34763 34770 34771 34773
10 143 4506 15131 26041 34780 34782 34787 34791 34802 34813
17 962 34426 34824 34830 34838 34840 34845 34849 34860 34871 34874 34877 34881 34882 34889 34890 34892
9 2652 13666 34896 34902 34910 34912 34917 34921 34932
5 34943 34953 34962 34968 34976
3 18033 34985 34994
13 2701 24096 35007 35013 35021 35023 35028 35032 35043 35054 35057 35060 35064
0
8 3647 35067 35076 35082 35090 35092 35097 35101
11 5372 35107 35116 35122 35130 35132 35137 35141 35152 35163 35166
13 35169 35179 35188 35194 35202 35204 35209 35213 35224 35235 35238 35241 35245
8 14946 35253 35262 35268 35276 35278 35283 35287
0
9 2671 17399 35295 35301 35309 35311 35316 35320 35331
7 35337 35347 35356 35362 35370 35372 35377
4 3270 14620 35388 35394
11 35395 35405 35414 35420 35428 35430 35435 35439 35450 35461 35464
1 35467
0
14 1932 7815 24643 35472 35480 35482 35487 35491 35502 35513 35516 35519 35523 35524
8 13132 26841 35534 35540 35548 35550 35555 35559
8 156 31503 35572 35578 35586 35588 35593 35597
8 35605 35615 35624 35630 35638 35640 35645 35649
4 35651 35661 35670 35676
16 6047 35681 35690 35696 35704 35706 35711 35715 35726 35737 35740 35743 35747 35748 35755 35756
7 35757 35767 35776 35782 35790 35792 35797
6 1851 35803 35812 35818 35826 35828
9 24963 35836 35845 35851 35859 35861 35866 35870 35881
16 3122 14490 35892 35898 35906 35908 35913 35917 35928 35939 35942 35945 35949 35950 35957 35958
9 10768 35965 35974 35980 35988 35990 35995 35999 36010
16 14628 36024 36033 36039 36047 36049 36054 36058 36069 36080 36083 36086 36090 36091 36098 36099
1 36100
4 24117 36114 36123 36129
0
8 36136 36146 36155 36161 36169 36171 36176 36180
9 6751 36187 36196 36202 36210 36212 36217 36221 36232
7 36235 36246 36255 36261 36269 36271 36276
12 1605 15960 34502 36282 36290 36292 36297 36301 36312 36323 36326 36329
17 3067 12993 36333 36339 36347 36349 36354 36358 36369 36380 36383 36386 36390 36391 36398 36399 36401
14 939 10673 30578 36406 36414 36416 36421 36425 36436 36447 36450 36453 36457 36458
8 8292 36466 36475 36481 36489 36491 36496 36500
9 2866 36510 36519 36525 36533 36535 36540 36544 36555
1 36567
9 1285 36576 36585 36591 36599 36601 36606 36610 36621
8 8767 36637 36646 36652 36660 36662 36667 36671
3 10820 36679 36688
8 5334 36692 36701 36707 36715 36717 36722 36726
0
9 2535 21319 36734 36740 36748 36750 36755 36759 36770
0
1 29346
9 26303 36791 36800 36806 36814 36816 36821 36825 36836
14 19019 36850 36859 36865 36873 36875 36880 36884 36895 36906 36909 36912 36916 36917
9 1357 12957 29150 36923 36931 36933 36938 36942 36953
9 18399 36967 36976 36982 36990 36992 36997 37001 37012
6 9806 37024 37033 37039 37047 37049
4 3182 34291 37055 37061
1 34650
1 37076
1 37077
9 1731 25394 37085 37091 37099 37101 37106 37110 37121
12 37129 37139 37148 37154 37162 37164 37169 37173 37184 37195 37198 37201
9 12751 37211 37220 37226 37234 37236 37241 37245 37256
1 37260
9 1775 37270 37279 37285 37293 37295 37300 37304 37315
10 3270 37318 37327 37333 37341 37343 37348 37352 37363 37374
17 3175 37380 37389 37395 37403 37405 37410 37414 37425 37436 37439 37442 37446 37447 37454 37455 37457
4 3270 14620 37466 37472
3 37473 37483 37492
1 35467
9 15323 37502 37511 37517 37525 37527 37532 37536 37547
2 2006 37556
8 28987 37569 37578 37584 37592 37594 37599 37603
8 33877 37621 37630 37636 37644 37646 37651 37655
9 8916 37662 37671 37677 37685 37687 37692 37696 37707
2 37719 37729
11 2700 18038 37731 37737 37745 37747 37752 37756 37767 37778 37781
8 12541 37789 37798 37804 37812 37814 37819 37823
8 37341 37842 37851 37857 37865 37867 37872 37876
17 5690 26370 37890 37896 37904 37906 37911 37915 37926 37937 37940 37943 37947 37948 37955 37956 37958
17 1637 21961 37963 37969 37977 37979 37984 37988 37999 38010 38013 38016 38020 38021 38028 38029 38031
8 3873 38041 38050 38056 38064 38066 38071 38075
1 38081
12 993 38083 38092 38098 38106 38108 38113 38117 38128 38139 38142 38145
11 9887 38151 38160 38166 38174 38176 38181 38185 38196 38207 38210
9 38213 38223 38232 38238 38246 38248 38253 38257 38268
0
1 38276
12 4360 36347 38293 38299 38307 38309 38314 38318 38329 38340 38343 38346
12 7056 38351 38360 38366 38374 38376 38381 38385 38396 38407 38410 38413
9 1751 38419 38428 38434 38442 38444 38449 38453 38464
12 18399 38476 38485 38491 38499 38501 38506 38510 38521 38532 38535 38538
1 38540
11 4421 38553 38562 38568 38576 38578 38583 38587 38598 38609 38612
8 19926 38621 38630 38636 38644 38646 38651 38655
1 38667
11 1406 38672 38681 38687 38695 38697 38702 38706 38717 38728 38731
12 134 12035 31525 38735 38743 38745 38750 38754 38765 38776 38779 38782
10 26189 38794 38803 38809 38817 38819 38824 38828 38839 38850
12 23300 38858 38867 38873 38881 38883 38888 38892 38903 38914 38917 38920
8 5139 38926 38935 38941 38949 38951 38956 38960
4 14816 38971 38980 38986
10 8783 39001 39010 39016 39024 39026 39031 39035 39046 39057
11 5769 39064 39073 39079 39087 39089 39094 39098 39109 39120 39123
17 2967 10869 14332 20276 39128 39130 39135 39139 39150 39161 39164 39167 39171 39172 39179 39180 39182
3 19404 39191 39200
1 27972
0
12 3894 39204 39213 39219 39227 39229 39234 39238 39249 39260 39263 39266
9 1617 26734 39274 39280 39288 39290 39295 39299 39310
8 17529 39326 39335 39341 39349 39351 39356 39360
9 7669 39372 39381 39387 39395 39397 39402 39406 39417
14 4886 21014 36767 39425 39433 39435 39440 39444 39455 39466 39469 39472 39476 39477
2 3270 14620
4 2868 39488 39497 39503
9 3972 39511 39520 39526 39534 39536 39541 39545 39556
11 7431 39568 39577 39583 39591 39593 39598 39602 39613 39624 39627
9 16108 39635 39644 39650 39658 39660 39665 39669 39680
9 18376 39693 39702 39708 39716 39718 39723 39727 39738
11 2828 39748 39757 39763 39771 39773 39778 39782 39793 39804 39807
9 3360 22045 39810 39816 39824 39826 39831 39835 39846
14 5728 17326 30753 39855 39863 39865 39870 39874 39885 39896 39899 39902 39906 39907
8 39911 39921 39930 39936 39944 39946 39951 39955
7 1047 28024 39971 39977 39985 39987 39993
3 16773 40005 40014
12 2501 18813 40024 40030 40038 40040 40045 40049 40060 40071 40074 40077
14 1751 10836 22087 40079 40087 40089 40094 40098 40109 40120 40123 40126 40130 40131
2 1105 40135
9 40143 40153 40162 40168 40176 40178 40183 40187 40198
9 6282 40208 40217 40223 40231 40233 40238 40242 40253
11 1875 22612 40261 40267 40275 40277 40282 40286 40297 40308 40311
9 5719 40316 40325 40331 40339 40341 40346 40350 40361
3 35867 40377 40386
1 40388
14 1172 7101 18029 24967 40397 40399 40404 40408 40419 40430 40433 40436 40440 40441
8 597 27489 40455 40461 40469 40471 40476 40480
8 10196 40498 40507 40513 40521 40523 40528 40532
15 16861 40551 40560 40566 40574 40576 40581 40585 40596 40607 40610 40613 40617 40618 40625
9 16192 40635 40644 40650 40658 40660 40665 40669 40680
0
9 38597 40700 40709 40715 40723 40725 40730 40734 40745
1 40749
9 2904 40751 40760 40766 40774 40776 40781 40785 40796
1 40805
17 2434 40813 40822 40828 40836 40838 40843 40847 40858 40869 40872 40875 40879 40880 40887 40888 40890
1 19654
3 40901 40911 40920
8 40925 40935 40944 40950 40958 40960 40965 40969
5 40973 40983 40992 40998 41006
2 26777 41017
8 6069 41028 41037 41043 41051 41053 41058 41062
8 1157 23490 41077 41083 41091 41093 41098 41102
6 1439 41117 41126 41132 41140 41142
1 37838
9 3699 37716 41156 41162 41170 41172 41177 41181 41192
3 3775 35720 41206
8 41211 41221 41230 41236 41244 41246 41251 41255
14 217 4789 17931 31127 41263 41265 41270 41274 41285 41296 41299 41302 41306 41307
12 2777 9291 24470 41314 41322 41324 41329 41333 41344 41355 41358 41361
9 1998 13521 41362 41368 41376 41378 41383 41387 41398
9 3436 41407 41416 41422 41430 41432 41437 41441 41452
10 1374 41462 41471 41477 41485 41487 41492 41496 41507 41518
4 31296 41524 41533 41539
14 464 16053 31390 41548 41556 41558 41563 41567 41578 41589 41592 41595 41599 41600
14 466 28485 41604 41610 41618 41620 41625 41629 41640 41651 41654 41657 41661 41662
9 3946 39101 41676 41682 41690 41692 41697 41701 41712
9 1356 12360 20665 29296 41720 41722 41727 41731 41742
2 15772 41756
14 41763 41773 41782 41788 41796 41798 41803 41807 41818 41829 41832 41835 41839 41840
9 6508 41849 41858 41864 41872 41874 41879 41883 41894
17 39 15533 30831 41905 41913 41915 41920 41924 41935 41946 41949 41952 41956 41957 41964 41965 41967
12 3436 34651 41977 41983 41991 41993 41998 42002 42013 42024 42027 42030
1 34304
12 31803 42040 42049 42055 42063 42065 42070 42074 42085 42096 42099 42102
17 6643 42105 42114 42120 42128 42130 42135 42139 42150 42161 42164 42167 42171 42172 42179 42180 42182
10 2866 13719 42186 42192 42200 42202 42207 42211 42222 42233
9 5745 42243 42252 42258 42266 42268 42273 42277 42288
1 42298
16 2701 7326 18545 31828 42303 42305 42310 42314 42325 42336 42339 42342 42346 42347 42354 42355
9 427 11115 35500 42360 42368 42370 42375 42379 42390
8 2054 42407 42416 42422 42430 42432 42437 42441
8 4092 42317 42452 42458 42466 42468 42473 42477
8 35833 42494 42503 42509 42517 42519 42524 42528
16 3413 32118 42539 42545 42553 42555 42560 42564 42575 42586 42589 42592 42596 42597 42604 42605
9 3341 28936 42613 42619 42627 42629 42634 42638 42649
9 7983 42660 42669 42675 42683 42685 42690 42694 42705
9 1186 40297 42718 42724 42732 42734 42739 42743 42754
1 42763
12 16031 42770 42779 42785 42793 42795 42800 42804 42815 42826 42829 42832
9 31604 42843 42852 42858 42866 42868 42873 42877 42888
4 10011 42903 42912 42918
0
8 12097 42928 42937 42943 42951 42953 42958 42962
9 14283 42979 42988 42994 43002 43004 43009 43013 43024
11 9665 43034 43043 43049 43057 43059 43064 43068 43079 43090 43093
14 2239 10472 39183 43099 43107 43109 43114 43118 43129 43140 43143 43146 43150 43151
4 3286 43155 43164 43170
9 4529 43181 43190 43196 43204 43206 43211 43215 43226
14 7445 18048 43232 43238 43246 43248 43253 43257 43268 43279 43282 43285 43289 43290
5 12486 43299 43308 43314 43322
10 4520 24836 43329 43335 43343 43345 43350 43354 43365 43376
4 43378 43388 43397 43403
14 2805 17038 43411 43417 43425 43427 43432 43436 43447 43458 43461 43464 43468 43469
6 17680 43480 43489 43495 43503 43505
9 7060 43511 43520 43526 43534 43536 43541 43545 43556
1 3935
1 43559
1 43569
11 2034 14767 43574 43580 43588 43590 43595 43599 43610 43621 43624
10 8009 43629 43638 43644 43652 43654 43659 43663 43674 43685
2 43689 43699
8 37 30831 43703 43709 43717 43719 43724 43728
4 4793 43738 43747 43753
9 92 6577 19072 43763 43771 43773 43778 43782 43793
10 23291 43810 43819 43825 43833 43835 43840 43844 43855 43866
6 41863 43877 43886 43892 43900 43902
1 43906
11 43907 43917 43926 43932 43940 43942 43947 43951 43962 43973 43976
12 453 8128 21898 41313 43986 43988 43993 43997 44008 44019 44022 44025
11 3774 44029 44038 44044 44052 44054 44059 44063 44074 44085 44088
1 28630
8 44091 44101 44110 44116 44124 44126 44131 44135
8 4002 36678 44148 44154 44162 44164 44169 44173
9 4865 34667 44181 44187 44195 44197 44202 44206 44217
13 5357 23839 44231 44237 44245 44247 44252 44256 44267 44278 44281 44284 44288
3 13547 44295 44304
8 6687 44313 44322 44328 44336 44338 44343 44347
2 3270 14619
11 12988 44359 44368 44374 44382 44384 44389 44393 44404 44415 44418
11 3653 44423 44432 44438 44446 44448 44453 44457 44468 44479 44482
10 9557 44489 44498 44504 44512 44514 44519 44523 44534 44545
1 44547
9 6794 44308 44556 44562 44570 44572 44577 44581 44592
6 18313 44598 44607 44613 44621 44623
8 31785 44637 44646 44652 44660 44662 44667 44671
8 16669 39967 44689 44695 44703 44705 44710 44714
6 44720 44730 44739 44745 44753 44755
9 1827 42910 44763 44769 44777 44779 44784 44788 44799
1 44807
1 15561
0
8 44821 44831 44840 44846 44854 44856 44861 44865
8 9636 44874 44883 44889 44897 44899 44904 44908
15 960 23560 44918 44924 44932 44934 44939 44943 44954 44965 44968 44971 44975 44976 44983
2 31466 44993
17 242 8436 16561 25394 45001 45003 45008 45012 45023 45034 45037 45040 45044 45045 45052 45053 45055
8 4865 34665 45063 45069 45077 45079 45084 45088
6 34911 45097 45106 45112 45120 45122
9 45128 45138 45147 45153 45161 45163 45168 45172 45183
10 4154 42015 45194 45200 45208 45210 45215 45219 45230 45241
9 2739 26705 45247 45253 45261 45263 45268 45272 45283
3 11638 45295 45304
9 20387 45316 45325 45331 45339 45341 45346 45350 45361
11 4192 23169 38359 45374 45382 45384 45389 45393 45404 45415 45418
9 16788 45425 45434 45440 45448 45450 45455 45459 45470
14 2676 45478 45487 45493 45501 45503 45508 45512 45523 45534 45537 45540 45544 45545
14 543 13889 22104 26777 45549 45551 45556 45560 45571 45582 45585 45588 45592 45593
6 40750 45605 45614 45620 45628 45630
14 3261 18393 45633 45639 45647 45649 45654 45658 45669 45680 45683 45686 45690 45691
4 32019 45703 45712 45718
10 778 9718 31259 45725 45733 45735 45740 45744 45755 45766
1 26311
9 4907 45776 45785 45791 45799 45801 45806 45810 45821
11 36633 45839 45848 45854 45862 45864 45869 45873 45884 45895 45898
11 414 45902 45911 45917 45925 45927 45932 45936 45947 45958 45961
4 45962 45972 45981 45987
10 160 15560 45992 45998 46006 46008 46013 46017 46028 46039
9 3740 46045 46054 46060 46068 46070 46075 46079 46090
12 1295 20341 43581 46100 46108 46110 46115 46119 46130 46141 46144 46147
17 21921 46154 46163 46169 46177 46179 46184 46188 46199 46210 46213 46216 46220 46221 46228 46229 46231
3 31463 46241 46250
9 6338 46258 46267 46273 46281 46283 46288 46292 46303
11 20854 46323 46332 46338 46346 46348 46353 46357 46368 46379 46382
9 7048 46388 46397 46403 46411 46413 46418 46422 46433
14 1399 16240 41536 46438 46446 46448 46453 46457 46468 46479 46482 46485 46489 46490
11 3361 46500 46509 46515 46523 46525 46530 46534 46545 46556 46559
9 3738 46561 46570 46576 46584 46586 46591 46595 46606
8 1836 46613 46622 46628 46636 46638 46643 46647
10 1841 16108 44442 46655 46663 46665 46670 46674 46685 46696
14 18060 40301 46705 46711 46719 46721 46726 46730 46741 46752 46755 46758 46762 46763
14 757 12569 19641 27124 46764 46766 46771 46775 46786 46797 46800 46803 46807 46808
2 46813 46823
7 6064 44850 46836 46842 46850 46852 46857
7 41199 46868 46877 46883 46891 46893 46898
14 1506 25098 46903 46909 46917 46919 46924 46928 46939 46950 46953 46956 46960 46961
9 105 13664 46962 46968 46976 46978 46983 46987 46998
9 4292 47008 47017 47023 47031 47033 47038 47042 47053
14 1917 47055 47064 47070 47078 47080 47085 47089 47100 47111 47114 47117 47121 47122
9 2494 24989 47128 47134 47142 47144 47149 47153 47164
1 24027
14 4039 47176 47185 47191 47199 47201 47206 47210 47221 47232 47235 47238 47242 47243
11 9899 31903 47253 47259 47267 47269 47274 47278 47289 47300 47303
1 47305
12 47307 47317 47326 47332 47340 47342 47347 47351 47362 47373 47376 47379
2 4154 47383
16 2365 36128 47396 47402 47410 47412 47417 47421 47432 47443 47446 47449 47453 47454 47461 47462
7 5112 47464 47473 47479 47487 47489 47494
9 8913 47504 47513 47519 47527 47529 47534 47538 47549
0
2 13142 47564
1 47573
14 3131 47585 47594 47600 47608 47610 47615 47619 47630 47641 47644 47647 47651 47652
9 1030 22264 47659 47665 47673 47675 47680 47684 47695
1 47696
6 47701 47711 47720 47726 47734 47736
8 5124 35002 47746 47752 47760 47762 47767 47771
14 447 6567 13913 46801 47786 47788 47793 47797 47808 47819 47822 47825 47829 47830
7 8774 47837 47846 47852 47860 47862 47867
11 1971 35895 47874 47880 47888 47890 47895 47899 47910 47921 47924
9 36162 47932 47941 47947 47955 47957 47962 47966 47977
9 1545 47986 47995 48001 48009 48011 48016 48020 48031
8 1186 33409 48046 48052 48060 48062 48067 48071
3 10580 48086 48095
17 1217 6358 12556 21831 48101 48103 48108 48112 48123 48134 48137 48140 48144 48145 48152 48153 48155
11 1670 48164 48173 48179 48187 48189 48194 48198 48209 48220 48223
9 48226 48236 48245 48251 48259 48261 48266 48270 48281
10 16870 48291 48300 48306 48314 48316 48321 48325 48336 48347
1 47577
14 4358 48353 48362 48368 48376 48378 48383 48387 48398 48409 48412 48415 48419 48420
12 2700 48422 48431 48437 48445 48447 48452 48456 48467 48478 48481 48484
1 38876
12 1357 41173 48498 48504 48512 48514 48519 48523 48534 48545 48548 48551
14 44538 48561 48570 48576 48584 48586 48591 48595 48606 48617 48620 48623 48627 48628
9 20113 48635 48644 48650 48658 48660 48665 48669 48680
9 9848 48694 48703 48709 48717 48719 48724 48728 48739
14 1707 21071 33722 48753 48761 48763 48768 48772 48783 48794 48797 48800 48804 48805
4 3401 48819 48828 48834
11 3396 11312 28013 45022 48849 48851 48856 48860 48871 48882 48885
14 5973 48890 48899 48905 48913 48915 48920 48924 48935 48946 48949 48952 48956 48957
8 48960 48970 48979 48985 48993 48995 49000 49004
12 466 6557 10908 49009 49017 49019 49024 49028 49039 49050 49053 49056
3 49060 49070 49079
10 2866 21264 49084 49090 49098 49100 49105 49109 49120 49131
10 6322 49134 49143 49149 49157 49159 49164 49168 49179 49190
14 1172 8605 24334 49195 49203 49205 49210 49214 49225 49236 49239 49242 49246 49247
12 10941 49256 49265 49271 49279 49281 49286 49290 49301 49312 49315 49318
11 2873 49324 49333 49339 49347 49349 49354 49358 49369 49380 49383
9 2565 28741 49390 49396 49404 49406 49411 49415 49426
10 18793 49443 49452 49458 49466 49468 49473 49477 49488 49499
1 49502
9 454 7692 49503 49509 49517 49519 49524 49528 49539
6 1932 49551 49560 49566 49574 49576
9 1159 49586 49595 49601 49609 49611 49616 49620 49631
5 28168 49643 49652 49658 49666
2 28632 49675
14 3864 48811 49689 49695 49703 49705 49710 49714 49725 49736 49739 49742 49746 49747
8 1217 33453 49758 49764 49772 49774 49779 49783
2 49789 49799
9 31464 49814 49823 49829 49837 49839 49844 49848 49859
4 32328 49878 49887 49893
16 514 8729 10093 24757 49904 49906 49911 49915 49926 49937 49940 49943 49947 49948 49955 49956
12 448 14059 25466 49958 49966 49968 49973 49977 49988 49999 50002 50005
13 5863 50013 50022 50028 50036 50038 50043 50047 50058 50069 50072 50075 50079
9 8916 50081 50090 50096 50104 50106 50111 50115 50126
2 37473 50146
4 24971 50159 50168 50174
12 24233 50183 50192 50198 50206 50208 50213 50217 50228 50239 50242 50245
4 3286 50254 50263 50269
4 1069 50278 50287 50293
9 1837 36236 50301 50307 50315 50317 50322 50326 50337
17 3360 28277 50341 50347 50355 50357 50362 50366 50377 50388 50391 50394 50398 50399 50406 50407 50409
8 1823 23008 44769 50419 50427 50429 50434 50438
2 50448 50458
7 12534 42921 50470 50476 50484 50486 50491
7 11657 50496 50505 50511 50519 50521 50526
12 1407 35846 50535 50541 50549 50551 50556 50560 50571 50582 50585 50588
12 14241 50595 50604 50610 50618 50620 50625 50629 50640 50651 50654 50657
1 30841
8 11195 50666 50675 50681 50689 50691 50696 50700
9 27450 50719 50728 50734 50742 50744 50749 50753 50764
8 50772 50782 50791 50797 50805 50807 50812 50816
1 50819
2 36929 50826
0
11 8169 40432 50837 50843 50851 50853 50858 50862 50873 50884 50887
4 15786 50898 50907 50913
11 2897 21064 50915 50921 50929 50931 50936 50940 50951 50962 50965
3 50967 50977 50986
11 4037 50992 51001 51007 51015 51017 51022 51026 51037 51048 51051
9 8044 51054 51063 51069 51077 51079 51084 51088 51099
14 156 10838 25108 34757 51107 51109 51114 51118 51129 51140 51143 51146 51150 51151
1 51158
7 51159 51169 51178 51184 51192 51194 51199
14 9351 51204 51213 51219 51227 51229 51234 51238 51249 51260 51263 51266 51270 51271
5 7077 41978 51279 51285 51293
9 7811 34602 51296 51302 51310 51312 51317 51321 51332
4 1850 51340 51349 51355
9 4007 20294 51362 51368 51376 51378 51383 51387 51398
5 3586 51413 51422 51428 51436
10 6503 44654 51441 51447 51455 51457 51462 51466 51477 51488
17 10445 51496 51505 51511 51519 51521 51526 51530 51541 51552 51555 51558 51562 51563 51570 51571 51573
6 29213 51583 51592 51598 51606 51608
9 1822 30412 51619 51625 51633 51635 51640 51644 51655
9 2150 51668 51677 51683 51691 51693 51698 51702 51713
0
10 7526 51717 51726 51732 51740 51742 51747 51751 51762 51773
1 51776
12 1880 10204 31880 51781 51789 51791 51796 51800 51811 51822 51825 51828
14 4479 25863 48414 51834 51842 51844 51849 51853 51864 51875 51878 51881 51885 51886
9 15479 51896 51905 51911 51919 51921 51926 51930 51941
9 3224 51945 51954 51960 51968 51970 51975 51979 51990
2 12403 52007
7 1931 10506 52015 52021 52029 52031 52036
9 17001 52044 52053 52059 52067 52069 52074 52078 52089
1 50144
8 9297 52100 52109 52115 52123 52125 52130 52134
6 6471 52140 52149 52155 52163 52165
0
14 452 5281 11234 15482 27915 35072 48493 52172 52183 52194 52197 52200 52204 52205
9 3505 48421 52216 52222 52230 52232 52237 52241 52252
9 4112 31844 45083 51294 52265 52267 52272 52276 52287
13 1582 15162 29779 45235 52304 52306 52311 52315 52326 52337 52340 52343 52347
9 2214 26948 52354 52360 52368 52370 52375 52379 52390
3 17231 45035 52400
9 1676 52403 52412 52418 52426 52428 52433 52437 52448
9 7823 52463 52472 52478 52486 52488 52493 52497 52508
1 52514
9 4282 46497 52522 52528 52536 52538 52543 52547 52558
1 26311
5 3272 52579 52588 52594 52602
17 2068 9283 20633 28515 52607 52609 52614 52618 52629 52640 52643 52646 52650 52651 52658 52659 52661
9 941 28742 52668 52674 52682 52684 52689 52693 52704
11 1222 8411 28487 52708 52716 52718 52723 52727 52738 52749 52752
12 23280 52761 52770 52776 52784 52786 52791 52795 52806 52817 52820 52823
14 966 12486 28415 52824 52832 52834 52839 52843 52854 52865 52868 52871 52875 52876
12 7872 52880 52889 52895 52903 52905 52910 52914 52925 52936 52939 52942
9 22518 52948 52957 52963 52971 52973 52978 52982 52993
14 1593 10121 29746 52635 53009 53011 53016 53020 53031 53042 53045 53048 53052 53053
6 16662 53066 53075 53081 53089 53091
13 1206 9609 15274 21234 53098 53100 53105 53109 53120 53131 53134 53137 53141
8 26415 53147 53156 53162 53170 53172 53177 53181
9 5973 53188 53197 53203 53211 53213 53218 53222 53233
2 49673 53249
4 53257 53267 53276 53282
8 27781 53290 53299 53305 53313 53315 53320 53324
8 34117 53333 53342 53348 53356 53358 53363 53367
12 1556 29572 50869 53373 53381 53383 53388 53392 53403 53414 53417 53420
7 4521 53423 53432 53438 53446 53448 53453
12 1720 11015 28975 53456 53464 53466 53471 53475 53486 53497 53500 53503
14 4521 32074 53509 53515 53523 53525 53530 53534 53545 53556 53559 53562 53566 53567
2 45200 53577
9 53579 53589 53598 53604 53612 53614 53619 53623 53634
8 6282 53645 53654 53660 53668 53670 53675 53679
5 8636 53689 53698 53704 53712
2 53714 53724
9 160 22035 47785 53731 53739 53741 53746 53750 53761
1 16804
16 10273 39209 53767 53773 53781 53783 53788 53792 53803 53814 53817 53820 53824 53825 53832 53833
16 1381 10028 23424 53035 53841 53843 53848 53852 53863 53874 53877 53880 53884 53885 53892 53893
2 53895 53905
8 7434 53917 53926 53932 53940 53942 53947 53951
12 2581 44622 53961 53967 53975 53977 53982 53986 53997 54008 54011 54014
14 1776 54020 54029 54035 54043 54045 54050 54054 54065 54076 54079 54082 54086 54087
5 18728 54096 54105 54111 54119
0
12 254 31904 54124 54130 54138 54140 54145 54149 54160 54171 54174 54177
3 36664 54189 54198
9 16095 54202 54211 54217 54225 54227 54232 54236 54247
11 1859 34023 36236 50336 54261 54263 54268 54272 54283 54294 54297
11 5284 54302 54311 54317 54325 54327 54332 54336 54347 54358 54361
2 3286 54370
14 2118 15566 43341 54372 54380 54382 54387 54391 54402 54413 54416 54419 54423 54424
12 3095 9184 30651 49340 54433 54435 54440 54444 54455 54466 54469 54472
10 10397 54483 54492 54498 54506 54508 54513 54517 54528 54539
10 3360 29676 54543 54549 54557 54559 54564 54568 54579 54590
8 20292 54601 54610 54616 54624 54626 54631 54635
8 2179 54644 54653 54659 54667 54669 54674 54678
9 6732 54688 54697 54703 54711 54713 54718 54722 54733
12 2754 53391 54746 54752 54760 54762 54767 54771 54782 54793 54796 54799
17 8591 54804 54813 54819 54827 54829 54834 54838 54849 54860 54863 54866 54870 54871 54878 54879 54881
2 8483 54886
8 4873 54892 54901 54907 54915 54917 54922 54926
17 3478 48860 54938 54944 54952 54954 54959 54963 54974 54985 54988 54991 54995 54996 55003 55004 55006
8 13294 55014 55023 55029 55037 55039 55044 55048
2 30844 55066
14 1651 6825 16108 21523 47158 55070 55075 55079 55090 55101 55104 55107 55111 55112
9 23152 55125 55134 55140 55148 55150 55155 55159 55170
4 55179 55189 55198 55204
14 427 6441 12582 15425 21188 22330 53466 55214 55225 55236 55239 55242 55246 55247
9 28936 55259 55268 55274 55282 55284 55289 55293 55304
7 35851 55317 55326 55332 55340 55342 55347
12 157 13080 34201 52675 55356 55358 55363 55367 55378 55389 55392 55395
1 55399
3 31742 55409 55418
10 1224 40689 55428 55434 55442 55444 55449 55453 55464 55475
12 1182 43702 55484 55490 55498 55500 55505 55509 55520 55531 55534 55537
8 1047 15788 52521 55543 55551 55553 55558 55562
9 2329 52069 55574 55580 55588 55590 55595 55599 55610
11 1670 22800 55615 55621 55629 55631 55636 55640 55651 55662 55665
7 3869 55671 55680 55686 55694 55696 55701
16 243 4321 8816 13439 26412 33661 55706 55710 55721 55732 55735 55738 55742 55743 55750 55751
0
11 4826 55753 55762 55768 55776 55778 55783 55787 55798 55809 55812
9 2160 49985 55822 55828 55836 55838 55843 55847 55858
4 4608 55865 55874 55880
1 55883
11 6446 55885 55894 55900 55908 55910 55915 55919 55930 55941 55944
9 408 55947 55956 55962 55970 55972 55977 55981 55992
2 4154 56003
9 5805 43757 56017 56023 56031 56033 56038 56042 56053
9 2982 56068 56077 56083 56091 56093 56098 56102 56113
14 452 5712 24957 51799 56128 56130 56135 56139 56150 56161 56164 56167 56171 56172
12 9063 36054 56177 56183 56191 56193 56198 56202 56213 56224 56227 56230
4 4219 56236 56245 56251
1 56254
7 14504 56261 56270 56276 56284 56286 56291
14 1304 12398 25440 56294 56302 56304 56309 56313 56324 56335 56338 56341 56345 56346
12 4440 25216 56353 56359 56367 56369 56374 56378 56389 56400 56403 56406
1 56408
11 445 5686 6306 37950 56416 56418 56423 56427 56438 56449 56452
3 13145 56454 56463
11 36545 56474 56483 56489 56497 56499 56504 56508 56519 56530 56533
10 38483 56541 56550 56556 56564 56566 56571 56575 56586 56597
10 3784 55820 56606 56612 56620 56622 56627 56631 56642 56653
6 619 56658 56667 56673 56681 56683
11 5430 29956 56690 56696 56704 56706 56711 56715 56726 56737 56740
14 3284 36808 56748 56754 56762 56764 56769 56773 56784 56795 56798 56801 56805 56806
8 56807 56817 56826 56832 56840 56842 56847 56851
9 1815 18538 46508 52521 56861 56863 56868 56872 56883
9 372 38823 56894 56900 56908 56910 56915 56919 56930
3 17457 56936 56945
3 3775 56946 56955
1 44809
2 56962 56972
9 5118 56984 56993 56999 57007 57009 57014 57018 57029
9 3409 23749 57033 57039 57047 57049 57054 57058 57069
6 11405 57083 57092 57098 57106 57108
6 8481 52291 57118 57124 57132 57134
9 57140 57150 57159 57165 57173 57175 57180 57184 57195
2 9906 57208
11 1875 42113 57220 57226 57234 57236 57241 57245 57256 57267 57270
16 1377 8729 21059 33492 57273 57275 57280 57284 57295 57306 57309 57312 57316 57317 57324 57325
8 1854 50471 57328 57334 57342 57344 57349 57353
17 7056 25678 53807 57362 57370 57372 57377 57381 57392 57403 57406 57409 57413 57414 57421 57422 57424
8 4251 57426 57435 57441 57449 57451 57456 57460
8 8481 57475 57484 57490 57498 57500 57505 57509
8 4529 57511 57520 57526 57534 57536 57541 57545
14 3150 25908 57562 57568 57576 57578 57583 57587 57598 57609 57612 57615 57619 57620
14 8916 57627 57636 57642 57650 57652 57657 57661 57672 57683 57686 57689 57693 57694
10 5853 37545 57704 57710 57718 57720 57725 57729 57740 57751
9 9614 57756 57765 57771 57779 57781 57786 57790 57801
9 57806 57816 57825 57831 57839 57841 57846 57850 57861
9 907 57866 57875 57881 57889 57891 57896 57900 57911
8 14554 57917 57926 57932 57940 57942 57947 57951
8 8552 57962 57971 57977 57985 57987 57992 57996
15 3120 33722 58010 58016 58024 58026 58031 58035 58046 58057 58060 58063 58067 58068 58075
9 58077 58087 58096 58102 58110 58112 58117 58121 58132
2 21591 58144
15 2674 15461 30783 58147 58155 58157 58162 58166 58177 58188 58191 58194 58198 58199 58206
16 7528 58209 58218 58224 58232 58234 58239 58243 58254 58265 58268 58271 58275 58276 58283 58284
14 29356 57504 58290 58296 58304 58306 58311 58315 58326 58337 58340 58343 58347 58348
8 2877 33103 58354 58360 58368 58370 58375 58379
8 27728 58392 58401 58407 58415 58417 58422 58426
12 597 6217 16727 26428 58439 58441 58446 58450 58461 58472 58475 58478
5 2177 58483 58492 58498 58506
14 2106 8738 20146 36519 58514 58516 58521 58525 58536 58547 58550 58553 58557 58558
9 12537 58559 58568 58574 58582 58584 58589 58593 58604
9 28384 58611 58620 58626 58634 58636 58641 58645 58656
0
16 1235 9280 9347 33660 58665 58667 58672 58676 58687 58698 58701 58704 58708 58709 58716 58717
8 42091 58726 58735 58741 58749 58751 58756 58760
4 58770 58780 58789 58795
14 1350 14037 58805 58811 58819 58821 58826 58830 58841 58852 58855 58858 58862 58863
9 5796 40438 58871 58877 58885 58887 58892 58896 58907
9 4358 45001 58921 58927 58935 58937 58942 58946 58957
11 2967 13095 21600 34629 58962 58964 58969 58973 58984 58995 58998
3 9603 59010 59019
4 10787 59027 59036 59042
1 4154
9 3024 59048 59057 59063 59071 59073 59078 59082 59093
4 59097 59107 59116 59122
3 17345 59128 59137
8 12506 59142 59151 59157 59165 59167 59172 59176
1 16770
14 12528 59180 59189 59195 59203 59205 59210 59214 59225 59236 59239 59242 59246 59247
9 3436 41980 59258 59264 59272 59274 59279 59283 59294
10 59303 59313 59322 59328 59336 59338 59343 59347 59358 59369
13 3330 44783 59377 59383 59391 59393 59398 59402 59413 59424 59427 59430 59434
13 733 21182 59439 59445 59453 59455 59460 59464 59475 59486 59489 59492 59496
15 26785 59504 59513 59519 59527 59529 59534 59538 59549 59560 59563 59566 59570 59571 59578
9 2345 59585 59594 59600 59608 59610 59615 59619 59630
8 59637 59647 59656 59662 59670 59672 59677 59681
13 5156 54748 59690 59696 59704 59706 59711 59715 59726 59737 59740 59743 59747
12 4362 25274 59753 59759 59767 59769 59774 59778 59789 59800 59803 59806
17 8407 28154 59813 59819 59827 59829 59834 59838 59849 59860 59863 59866 59870 59871 59878 59879 59881
4 59886 59896 59905 59911
5 59913 59923 59932 59938 59946
14 29586 59953 59962 59968 59976 59978 59983 59987 59998 60009 60012 60015 60019 60020
9 4360 33480 60022 60028 60036 60038 60043 60047 60058
0
9 40016 60072 60081 60087 60095 60097 60102 60106 60117
8 4540 60124 60133 60139 60147 60149 60154 60158
4 12060 60164 60173 60179
10 18122 60186 60195 60201 60209 60211 60216 60220 60231 60242
8 37255 60254 60263 60269 60277 60279 60284 60288
14 4487 27265 55571 60303 60311 60313 60318 60322 60333 60344 60347 60350 60354 60355
1 33894
14 183 9824 17465 20519 34791 39600 60361 60365 60376 60387 60390 60393 60397 60398
16 144 14407 25720 44396 60409 60411 60416 60420 60431 60442 60445 60448 60452 60453 60460 60461
14 60464 60474 60483 60489 60497 60499 60504 60508 60519 60530 60533 60536 60540 60541
1 19313
9 2317 25164 49971 60550 60558 60560 60565 60569 60580
15 534 14953 43441 60588 60596 60598 60603 60607 60618 60629 60632 60635 60639 60640 60647
1 56254
8 3064 60651 60660 60666 60674 60676 60681 60685
6 54 41909 60697 60703 60711 60713
1 3775
9 14437 60722 60731 60737 60745 60747 60752 60756 60767
14 5717 31706 60774 60780 60788 60790 60795 60799 60810 60821 60824 60827 60831 60832
2 43315 60845
9 11646 60849 60858 60864 60872 60874 60879 60883 60894
11 5259 36296 60904 60910 60918 60920 60925 60929 60940 60951 60954
9 3356 60957 60966 60972 60980 60982 60987 60991 61002
14 3181 30731 61019 61025 61033 61035 61040 61044 61055 61066 61069 61072 61076 61077
12 17231 61083 61092 61098 61106 61108 61113 61117 61128 61139 61142 61145
8 2403 28452 61154 61160 61168 61170 61175 61179
12 61186 61196 61205 61211 61219 61221 61226 61230 61241 61252 61255 61258
1 61260
9 1971 61263 61272 61278 61286 61288 61293 61297 61308
16 1186 9670 27650 42479 61324 61326 61331 61335 61346 61357 61360 61363 61367 61368 61375 61376
8 8008 61378 61387 61393 61401 61403 61408 61412
8 2367 56323 61424 61430 61438 61440 61445 61449
14 2945 61457 61466 61472 61480 61482 61487 61491 61502 61513 61516 61519 61523 61524
14 2365 15531 55388 61533 61541 61543 61548 61552 61563 61574 61577 61580 61584 61585
14 1351 11646 18534 30651 61591 61593 61598 61602 61613 61624 61627 61630 61634 61635
9 12123 61640 61649 61655 61663 61665 61670 61674 61685
2 61692 61702
3 3182 37058 61713
8 1316 42749 61721 61727 61735 61737 61742 61746
14 47906 61762 61771 61777 61785 61787 61792 61796 61807 61818 61821 61824 61828 61829
9 3618 61834 61843 61849 61857 61859 61864 61868 61879
7 14109 45430 61891 61897 61905 61907 61912
11 36420 61918 61927 61933 61941 61943 61948 61952 61963 61974 61977
1 14350
14 5294 54960 61984 61990 61998 62000 62005 62009 62020 62031 62034 62037 62041 62042
14 473 8311 25157 39595 62044 62046 62051 62055 62066 62077 62080 62083 62087 62088
2 62092 62102
9 1582 49646 62115 62121 62129 62131 62136 62140 62151
11 11647 62161 62170 62176 62184 62186 62191 62195 62206 62217 62220
9 5847 62224 62233 62239 62247 62249 62254 62258 62269
9 4148 36510 62279 62285 62293 62295 62300 62304 62315
1 26311
11 1091 22200 50914 62327 62335 62337 62342 62346 62357 62368 62371
3 3436 62382 62391
8 47113 62402 62411 62417 62425 62427 62432 62436
8 31599 62454 62463 62469 62477 62479 62484 62488
14 1371 8972 20597 35412 62504 62506 62511 62515 62526 62537 62540 62543 62547 62548
8 2866 52371 62554 62560 62568 62570 62575 62579
1 62588
11 22101 62590 62599 62605 62613 62615 62620 62624 62635 62646 62649
9 10516 62655 62664 62670 62678 62680 62685 62689 62700
4 8481 62708 62717 62723
10 7547 22014 48089 62728 62736 62738 62743 62747 62758 62769
11 2243 55076 62780 62786 62794 62796 62801 62805 62816 62827 62830
3 37 34293 62832
7 1357 36279 62840 62846 62854 62856 62861
5 11628 62869 62878 62884 62892
3 62894 62904 62913
6 62915 62925 62934 62940 62948 62950
15 2109 12104 61988 62956 62964 62966 62971 62975 62986 62997 63000 63003 63007 63008 63015
7 1841 63020 63029 63035 63043 63045 63050
9 31822 63053 63062 63068 63076 63078 63083 63087 63098
9 7999 63108 63117 63123 63131 63133 63138 63142 63153
9 21908 63162 63171 63177 63185 63187 63192 63196 63207
12 1285 22370 41405 60040 63216 63218 63223 63227 63238 63249 63252 63255
0
2 37682 63264
1 63270
16 3124 49159 63273 63279 63287 63289 63294 63298 63309 63320 63323 63326 63330 63331 63338 63339
11 42878 63347 63356 63362 63370 63372 63377 63381 63392 63403 63406
2 17919 63414
8 6719 54690 63424 63430 63438 63440 63445 63449
12 254 35953 63464 63470 63478 63480 63485 63489 63500 63511 63514 63517
9 4154 63523 63532 63538 63546 63548 63553 63557 63568
9 63575 63585 63594 63600 63608 63610 63615 63619 63630
17 1703 3864 7808 9468 12731 13958 20023 40105 63632 63643 63646 63649 63653 63654 63661 63662 63664
8 35335 63675 63684 63690 63698 63700 63705 63709
1 63720
1 34283
14 5640 63727 63736 63742 63750 63752 63757 63761 63772 63783 63786 63789 63793 63794
12 19987 63802 63811 63817 63825 63827 63832 63836 63847 63858 63861 63864
2 33323 63874
10 6643 21951 63880 63886 63894 63896 63901 63905 63916 63927
11 14554 63933 63942 63948 63956 63958 63963 63967 63978 63989 63992
13 8946 63996 64005 64011 64019 64021 64026 64030 64041 64052 64055 64058 64062
1 64063
6 1160 15816 64066 64072 64080 64082
11 35212 64096 64105 64111 64119 64121 64126 64130 64141 64152 64155
12 31450 64163 64172 64178 64186 64188 64193 64197 64208 64219 64222 64225
11 4487 19872 26798 44512 64231 64233 64238 64242 64253 64264 64267
8 1971 15025 60562 64275 64283 64285 64290 64294
6 38158 64310 64319 64325 64333 64335
2 63122 64347
1 55398
10 7990 53309 64356 64362 64370 64372 64377 64381 64392 64403
12 4758 15286 33433 64410 64418 64420 64425 64429 64440 64451 64454 64457
6 6421 64464 64473 64479 64487 64489
14 64490 64500 64509 64515 64523 64525 64530 64534 64545 64556 64559 64562 64566 64567
7 442 21497 64574 64580 64588 64590 64595
12 5071 64601 64610 64616 64624 64626 64631 64635 64646 64657 64660 64663
7 2866 64673 64682 64688 64696 64698 64703
2 64705 64715
4 64722 64732 64741 64747
12 7389 34420 64757 64763 64771 64773 64778 64782 64793 64804 64807 64810
7 43878 64823 64832 64838 64846 64848 64853
12 38688 64858 64867 64873 64881 64883 64888 64892 64903 64914 64917 64920
11 2585 17057 33792 64923 64931 64933 64938 64942 64953 64964 64967
8 13142 64973 64982 64988 64996 64998 65003 65007
9 14283 65018 65027 65033 65041 65043 65048 65052 65063
17 30234 64212 65074 65080 65088 65090 65095 65099 65110 65121 65124 65127 65131 65132 65139 65140 65142
12 6047 28715 31463 36923 65147 65149 65154 65158 65169 65180 65183 65186
10 31795 65196 65205 65211 65219 65221 65226 65230 65241 65252
1 17386
9 1199 58835 65264 65270 65278 65280 65285 65289 65300
12 1074 26415 55552 65307 65315 65317 65322 65326 65337 65348 65351 65354
14 3102 10429 33661 51991 65361 65363 65368 65372 65383 65394 65397 65400 65404 65405
14 2341 16026 31534 59539 65416 65418 65423 65427 65438 65449 65452 65455 65459 65460
9 264 23006 65471 65477 65485 65487 65492 65496 65507
11 7825 65520 65529 65535 65543 65545 65550 65554 65565 65576 65579
6 9887 65585 65594 65600 65608 65610
14 1807 6413 24447 49702 65620 65622 65627 65631 65642 65653 65656 65659 65663 65664
8 2533 36584 65672 65678 65686 65688 65693 65697
14 5139 65706 65715 65721 65729 65731 65736 65740 65751 65762 65765 65768 65772 65773
1 8721
9 2503 31126 48660 65783 65791 65793 65798 65802 65813
12 10769 55734 65829 65835 65843 65845 65850 65854 65865 65876 65879 65882
4 65886 65896 65905 65911
7 50302 65922 65931 65937 65945 65947 65952
8 17430 65960 65969 65975 65983 65985 65990 65994
9 23042 66010 66019 66025 66033 66035 66040 66044 66055
1 66063
14 1538 12502 29726 39802 66068 66070 66075 66079 66090 66101 66104 66107 66111 66112
12 3588 49998 66124 66130 66138 66140 66145 66149 66160 66171 66174 66177
10 14473 66183 66192 66198 66206 66208 66213 66217 66228 66239
12 45667 66248 66257 66263 66271 66273 66278 66282 66293 66304 66307 66310
8 820 66318 66327 66333 66341 66343 66348 66352
1 14203
2 29781 66364
17 3949 21849 54366 66369 66377 66379 66384 66388 66399 66410 66413 66416 66420 66421 66428 66429 66431
11 7389 66434 66443 66449 66457 66459 66464 66468 66479 66490 66493
4 34928 66500 66509 66515
9 3335 30609 66521 66527 66535 66537 66542 66546 66557
10 7112 66569 66578 66584 66592 66594 66599 66603 66614 66625
16 5692 29625 66629 66635 66643 66645 66650 66654 66665 66676 66679 66682 66686 66687 66694 66695
14 815 66701 66710 66716 66724 66726 66731 66735 66746 66757 66760 66763 66767 66768
9 5085 30620 66774 66780 66788 66790 66795 66799 66810
1 66822
10 12030 66824 66833 66839 66847 66849 66854 66858 66869 66880
9 1286 38439 66883 66889 66897 66899 66904 66908 66919
3 16452 66927 66936
0
5 23279 66949 66958 66964 66972
6 5247 39632 66980 66986 66994 66996
14 3660 66998 67007 67013 67021 67023 67028 67032 67043 67054 67057 67060 67064 67065
11 1703 30218 67071 67077 67085 67087 67092 67096 67107 67118 67121
13 3263 43980 67126 67132 67140 67142 67147 67151 67162 67173 67176 67179 67183
14 2828 13680 43793 67186 67194 67196 67201 67205 67216 67227 67230 67233 67237 67238
12 10415 67247 67256 67262 67270 67272 67277 67281 67292 67303 67306 67309
11 154 7525 23352 39091 67316 67318 67323 67327 67338 67349 67352
1 64368
14 1022 18793 29239 43564 67360 67362 67367 67371 67382 67393 67396 67399 67403 67404
3 6867 62141 67417
8 14877 67418 67427 67433 67441 67443 67448 67452
9 6064 67461 67470 67476 67484 67486 67491 67495 67506
16 3290 21896 44207 67512 67520 67522 67527 67531 67542 67553 67556 67559 67563 67564 67571 67572
14 17521 67580 67589 67595 67603 67605 67610 67614 67625 67636 67639 67642 67646 67647
7 12534 50421 67658 67664 67672 67674 67679
3 67682 67692 67701
14 916 14683 30178 60178 67714 67716 67721 67725 67736 67747 67750 67753 67757 67758
16 4299 56920 67769 67775 67783 67785 67790 67794 67805 67816 67819 67822 67826 67827 67834 67835
12 3665 18464 51041 67837 67845 67847 67852 67856 67867 67878 67881 67884
14 67887 67897 67906 67912 67920 67922 67927 67931 67942 67953 67956 67959 67963 67964
12 4358 28487 67966 67972 67980 67982 67987 67991 68002 68013 68016 68019
5 1660 68027 68036 68042 68050
8 3261 68052 68061 68067 68075 68077 68082 68086
10 5593 32556 68098 68104 68112 68114 68119 68123 68134 68145
3 8483 47389 68155
9 3558 68160 68169 68175 68183 68185 68190 68194 68205
8 19660 68217 68226 68232 68240 68242 68247 68251
14 4789 68258 68267 68273 68281 68283 68288 68292 68303 68314 68317 68320 68324 68325
17 4830 68329 68338 68344 68352 68354 68359 68363 68374 68385 68388 68391 68395 68396 68403 68404 68406
8 28260 68417 68426 68432 68440 68442 68447 68451
8 2205 51795 68462 68468 68476 68478 68483 68487
12 19396 68499 68508 68514 68522 68524 68529 68533 68544 68555 68558 68561
12 17185 68569 68578 68584 68592 68594 68599 68603 68614 68625 68628 68631
1 16769
9 28526 68649 68658 68664 68672 68674 68679 68683 68694
14 219 5139 16002 30160 68701 68703 68708 68712 68723 68734 68737 68740 68744 68745
4 1707 68746 68755 68761
12 27413 68773 68782 68788 68796 68798 68803 68807 68818 68829 68832 68835
17 519 5948 35251 68840 68848 68850 68855 68859 68870 68881 68884 68887 68891 68892 68899 68900 68902
9 68903 68913 68922 68928 68936 68938 68943 68947 68958
14 3157 10622 21273 31032 42315 47815 68962 68966 68977 68988 68991 68994 68998 68999
0
1 14802
2 69002 69012
1 38668
8 4529 67752 69026 69032 69040 69042 69047 69051
1 69056
4 69058 69068 69077 69083
1 64369
14 2282 14039 36487 65668 69100 69102 69107 69111 69122 69133 69136 69139 69143 69144
9 555 23372 69147 69153 69161 69163 69168 69172 69183
6 14606 69194 69203 69209 69217 69219
2 1 11
9 20 30 39 45 53 55 60 64 75
1 83
8 94 104 113 119 127 129 134 138
15 150 160 169 175 183 185 190 194 205 216 219 222 226 227 234
14 236 246 255 261 269 271 276 280 291 302 305 308 312 313
14 316 326 335 341 349 351 356 360 371 382 385 388 392 393
1 397
1 406
14 407 417 426 432 440 442 447 451 462 473 476 479 483 484
1 489
12 495 505 514 520 528 530 535 539 550 561 564 567
9 571 581 590 596 604 606 611 615 626
10 636 646 655 661 669 671 676 680 691 702
8 704 714 723 729 737 739 744 748
9 751 761 770 776 784 786 791 795 806
10 810 820 829 835 843 845 850 854 865 876
3 879 889 898
6 904 914 923 929 937 939
12 944 954 963 969 977 979 984 988 999 1010 1013 1016
9 1021 1031 1040 1046 1054 1056 1061 1065 1076
9 1080 1090 1099 1105 1113 1115 1120 1124 1135
10 1147 1157 1166 1172 1180 1182 1187 1191 1202 1213
8 1215 1225 1234 1240 1248 1250 1255 1259
11 1262 1272 1281 1287 1295 1297 1302 1306 1317 1328 1331
16 1333 1343 1352 1358 1366 1368 1373 1377 1388 1399 1402 1405 1409 1410 1417 1418
16 1420 1430 1439 1445 1453 1455 1460 1464 1475 1486 1489 1492 1496 1497 1504 1505
14 1507 1517 1526 1532 1540 1542 1547 1551 1562 1573 1576 1579 1583 1584
7 1589 1599 1608 1614 1622 1624 1629
14 1633 1643 1652 1658 1666 1668 1673 1677 1688 1699 1702 1705 1709 1710
9 1714 1724 1733 1739 1747 1749 1754 1758 1769
1 1775
9 1784 1794 1803 1809 1817 1819 1824 1828 1839
11 1842 1852 1861 1867 1875 1877 1882 1886 1897 1908 1911
9 1914 1924 1933 1939 1947 1949 1954 1958 1969
10 1978 1988 1997 2003 2011 2013 2018 2022 2033 2044
14 2046 2056 2065 2071 2079 2081 2086 2090 2101 2112 2115 2118 2122 2123
8 2126 2136 2145 2151 2159 2161 2166 2170
9 2181 2191 2200 2206 2214 2216 2221 2225 2236
9 2240 2250 2259 2265 2273 2275 2280 2284 2295
10 2304 2314 2323 2329 2337 2339 2344 2348 2359 2370
1 2373
17 2384 2394 2403 2409 2417 2419 2424 2428 2439 2450 2453 2456 2460 2461 2468 2469 2471
8 886 2480 2489 2495 2503 2505 2510 2514
8 1508 2532 2541 2547 2555 2557 2562 2566
4 2577 2587 2596 2602
1 2609
1 2613
6 2624 2634 2643 2649 2657 2659
9 2661 2671 2680 2686 2694 2696 2701 2705 2716
12 2726 2736 2745 2751 2759 2761 2766 2770 2781 2792 2795 2798
8 2800 2810 2819 2825 2833 2835 2840 2844
9 923 2863 2872 2878 2886 2888 2893 2897 2908
8 2910 2920 2929 2935 2943 2945 2950 2954
12 2964 2974 2983 2989 2997 2999 3004 3008 3019 3030 3033 3036
6 3038 3048 3057 3063 3071 3073
4 3075 3085 3094 3100
3 3102 3112 3121
14 3123 3133 3142 3148 3156 3158 3163 3167 3178 3189 3192 3195 3199 3200
4 3205 3215 3224 3230
13 3233 3243 3252 3258 3266 3268 3273 3277 3288 3299 3302 3305 3309
12 3310 3320 3329 3335 3343 3345 3350 3354 3365 3376 3379 3382
1 3387
9 3390 3400 3409 3415 3423 3425 3430 3434 3445
9 3453 3463 3472 3478 3486 3488 3493 3497 3508
9 3519 3529 3538 3544 3552 3554 3559 3563 3574
9 3582 3592 3601 3607 3615 3617 3622 3626 3637
12 2897 3656 3665 3671 3679 3681 3686 3690 3701 3712 3715 3718
14 3722 3732 3741 3747 3755 3757 3762 3766 3777 3788 3791 3794 3798 3799
11 2743 3814 3823 3829 3837 3839 3844 3848 3859 3870 3873
10 3876 3886 3895 3901 3909 3911 3916 3920 3931 3942
7 2485 3950 3959 3965 3973 3975 3980
6 3984 3994 4003 4009 4017 4019
14 4021 4031 4040 4046 4054 4056 4061 4065 4076 4087 4090 4093 4097 4098
14 4101 4111 4120 4126 4134 4136 4141 4145 4156 4167 4170 4173 4177 4178
4 4181 4191 4200 4206
14 4209 4219 4228 4234 4242 4244 4249 4253 4264 4275 4278 4281 4285 4286
16 4288 4298 4307 4313 4321 4323 4328 4332 4343 4354 4357 4360 4364 4365 4372 4373
11 4375 4385 4394 4400 4408 4410 4415 4419 4430 4441 4444
9 4446 4456 4465 4471 4479 4481 4486 4490 4501
15 4509 4519 4528 4534 4542 4544 4549 4553 4564 4575 4578 4581 4585 4586 4593
1 882
17 2182 4609 4618 4624 4632 4634 4639 4643 4654 4665 4668 4671 4675 4676 4683 4684 4686
8 4689 4699 4708 4714 4722 4724 4729 4733
14 4740 4750 4759 4765 4773 4775 4780 4784 4795 4806 4809 4812 4816 4817
8 668 4827 4836 4842 4850 4852 4857 4861
9 4864 4874 4883 4889 4897 4899 4904 4908 4919
10 4930 4940 4949 4955 4963 4965 4970 4974 4985 4996
11 4997 5007 5016 5022 5030 5032 5037 5041 5052 5063 5066
12 2254 5078 5087 5093 5101 5103 5108 5112 5123 5134 5137 5140
17 5144 5154 5163 5169 5177 5179 5184 5188 5199 5210 5213 5216 5220 5221 5228 5229 5231
9 5234 5244 5253 5259 5267 5269 5274 5278 5289
14 1953 5298 5307 5313 5321 5323 5328 5332 5343 5354 5357 5360 5364 5365
11 5371 5381 5390 5396 5404 5406 5411 5415 5426 5437 5440
12 986 5451 5460 5466 5474 5476 5481 5485 5496 5507 5510 5513
9 5517 5527 5536 5542 5550 5552 5557 5561 5572
14 1457 5581 5590 5596 5604 5606 5611 5615 5626 5637 5640 5643 5647 5648
12 5655 5665 5674 5680 5688 5690 5695 5699 5710 5721 5724 5727
13 5729 5739 5748 5754 5762 5764 5769 5773 5784 5795 5798 5801 5805
11 5807 5817 5826 5832 5840 5842 5847 5851 5862 5873 5876
9 4219 5888 5897 5903 5911 5913 5918 5922 5933
9 5086 5950 5959 5965 5973 5975 5980 5984 5995
9 3818 6014 6023 6029 6037 6039 6044 6048 6059
12 6066 6076 6085 6091 6099 6101 6106 6110 6121 6132 6135 6138
8 6141 6151 6160 6166 6174 6176 6181 6185
2 6187 6197
12 2711 6212 6221 6227 6235 6237 6242 6246 6257 6268 6271 6274
12 6276 6286 6295 6301 6309 6311 6316 6320 6331 6342 6345 6348
12 2576 6361 6370 6376 6384 6386 6391 6395 6406 6417 6420 6423
9 6425 6435 6444 6450 6458 6460 6465 6469 6480
9 1783 6491 6500 6506 6514 6516 6521 6525 6536
6 874 6548 6557 6563 6571 6573
6 6577 6587 6596 6602 6610 6612
10 6615 6625 6634 6640 6648 6650 6655 6659 6670 6681
14 3862 6693 6702 6708 6716 6718 6723 6727 6738 6749 6752 6755 6759 6760
9 6761 6771 6780 6786 6794 6796 6801 6805 6816
8 6018 6829 6838 6844 6852 6854 6859 6863
12 3866 6874 6883 6889 6897 6899 6904 6908 6919 6930 6933 6936
9 6940 6950 6959 6965 6973 6975 6980 6984 6995
7 2382 7006 7015 7021 7029 7031 7036
10 7038 7048 7057 7063 7071 7073 7078 7082 7093 7104
8 7107 7117 7126 7132 7140 7142 7147 7151
9 7157 7167 7176 7182 7190 7192 7197 7201 7212
1 7214
14 1872 7232 7241 7247 7255 7257 7262 7266 7277 7288 7291 7294 7298 7299
8 1989 7312 7321 7327 7335 7337 7342 7346
1 7357
8 7366 7376 7385 7391 7399 7401 7406 7410
6 7418 7428 7437 7443 7451 7453
10 1782 7465 7474 7480 7488 7490 7495 7499 7510 7521
12 7525 7535 7544 7550 7558 7560 7565 7569 7580 7591 7594 7597
1 7601
8 7607 7617 7626 7632 7640 7642 7647 7651
8 7661 7671 7680 7686 7694 7696 7701 7705
1 7706
11 2187 7716 7725 7731 7739 7741 7746 7750 7761 7772 7775
17 7248 7786 7795 7801 7809 7811 7816 7820 7831 7842 7845 7848 7852 7853 7860 7861 7863
14 1490 7870 7879 7885 7893 7895 7900 7904 7915 7926 7929 7932 7936 7937
10 1428 7948 7957 7963 7971 7973 7978 7982 7993 8004
11 8006 8016 8025 8031 8039 8041 8046 8050 8061 8072 8075
14 596 8084 8093 8099 8107 8109 8114 8118 8129 8140 8143 8146 8150 8151
9 406 8160 8169 8175 8183 8185 8190 8194 8205
6 6047 8221 8230 8236 8244 8246
7 7879 8258 8267 8273 8281 8283 8288
12 4777 8297 8306 8312 8320 8322 8327 8331 8342 8353 8356 8359
4 1782 8365 8374 8380
4 8389 8399 8408 8414
14 8416 8426 8435 8441 8449 8451 8456 8460 8471 8482 8485 8488 8492 8493
2 6204 8506
14 8513 8523 8532 8538 8546 8548 8553 8557 8568 8579 8582 8585 8589 8590
12 3635 8600 8609 8615 8623 8625 8630 8634 8645 8656 8659 8662
10 7802 8674 8683 8689 8697 8699 8704 8708 8719 8730
17 1870 8735 8744 8750 8758 8760 8765 8769 8780 8791 8794 8797 8801 8802 8809 8810 8812
12 8820 8830 8839 8845 8853 8855 8860 8864 8875 8886 8889 8892
4 8809 8905 8914 8920
2 8929 8939
9 3208 8956 8965 8971 8979 8981 8986 8990 9001
9 9008 9018 9027 9033 9041 9043 9048 9052 9063
2 895 9075
2 9082 9092
1 9093
9 9097 9107 9116 9122 9130 9132 9137 9141 9152
8 9154 9164 9173 9179 9187 9189 9194 9198
9 3129 9216 9225 9231 9239 9241 9246 9250 9261
3 2490 9269 9278
14 4518 9289 9298 9304 9312 9314 9319 9323 9334 9345 9348 9351 9355 9356
5 2295 9369 9378 9384 9392
2 9393 9403
1 9409
9 9416 9426 9435 9441 9449 9451 9456 9460 9471
7 9476 9486 9495 9501 9509 9511 9516
14 8920 9528 9537 9543 9551 9553 9558 9562 9573 9584 9587 9590 9594 9595
8 1310 9604 9613 9619 9627 9629 9634 9638
1 9650
8 2576 9656 9665 9671 9679 9681 9686 9690
2 6050 9702
8 9706 9716 9725 9731 9739 9741 9746 9750
8 1537 9767 9776 9782 9790 9792 9797 9801
0
11 9810 9820 9829 9835 9843 9845 9850 9854 9865 9876 9879
9 988 9885 9894 9900 9908 9910 9915 9919 9930
9 3147 9938 9947 9953 9961 9963 9968 9972 9983
14 2737 10001 10010 10016 10024 10026 10031 10035 10046 10057 10060 10063 10067 10068
1 10072
17 10074 10084 10093 10099 10107 10109 10114 10118 10129 10140 10143 10146 10150 10151 10158 10159 10161
14 3013 10172 10181 10187 10195 10197 10202 10206 10217 10228 10231 10234 10238 10239
14 6772 10252 10261 10267 10275 10277 10282 10286 10297 10308 10311 10314 10318 10319
9 3129 10335 10344 10350 10358 10360 10365 10369 10380
14 10390 10400 10409 10415 10423 10425 10430 10434 10445 10456 10459 10462 10466 10467
17 3267 10477 10486 10492 10500 10502 10507 10511 10522 10533 10536 10539 10543 10544 10551 10552 10554
1 6204
8 10560 10570 10579 10585 10593 10595 10600 10604
1 2934
9 10613 10623 10632 10638 10646 10648 10653 10657 10668
11 10462 10680 10689 10695 10703 10705 10710 10714 10725 10736 10739
8 6142 10751 10760 10766 10774 10776 10781 10785
9 570 10799 10808 10814 10822 10824 10829 10833 10844
9 3960 10859 10868 10874 10882 10884 10889 10893 10904
4 10912 10922 10931 10937
1 10945
4 670 10959 10968 10974
2 6731 10986
14 10988 10998 11007 11013 11021 11028 11033 11037 11048 11059 11062 11065 11069 11070
9 11071 11081 11090 11096 11104 11106 11111 11115 11126
1 11136
8 11139 11149 11158 11164 11172 11174 11179 11183
13 11193 11203 11212 11218 11226 11228 11233 11237 11248 11259 11262 11265 11269
11 11271 11281 11290 11296 11304 11306 11311 11315 11326 11337 11340
1 11343
8 834 11352 11361 11367 11375 11377 11382 11386
2 9372 11403
6 9156 11418 11427 11433 11441 11443
9 11447 11457 11466 11472 11480 11482 11487 11491 11502
13 6810 11517 11526 11532 11540 11542 11547 11551 11562 11573 11576 11579 11583
12 4202 11593 11602 11608 11616 11618 11623 11627 11638 11649 11652 11655
11 11659 11669 11678 11684 11692 11694 11699 11703 11714 11725 11728
14 2553 11736 11745 11751 11759 11761 11766 11770 11781 11792 11795 11798 11802 11803
5 11807 11817 11826 11832 11840
17 1999 11848 11857 11863 11871 11873 11878 11882 11893 11904 11907 11910 11914 11915 11922 11923 11925
6 11927 11937 11946 11952 11960 11962
11 3008 11970 11979 11985 11993 11995 12000 12004 12015 12026 12029
5 3057 12040 12049 12055 12063
10 12064 12074 12083 12089 12097 12099 12104 12108 12119 12130
12 6728 12141 12150 12156 12164 12166 12171 12175 12186 12197 12200 12203
2 9689 12213
12 12217 12227 12236 12242 12250 12252 12257 12261 12272 12283 12286 12289
0
12 7881 12300 12309 12315 12323 12325 12330 12334 12345 12356 12359 12362
8 12365 12375 12384 12390 12398 12400 12405 12409
9 11192 12421 12430 12436 12444 12446 12451 12455 12466
14 12477 12487 12496 12502 12510 12512 12517 12521 12532 12543 12546 12549 12553 12554
8 4607 12565 12574 12580 12588 12590 12595 12599
2 12604 12614
6 12622 12632 12641 12647 12655 12657
8 2580 12669 12678 12684 12692 12694 12699 12703
9 12705 12715 12724 12730 12738 12740 12745 12749 12760
12 1082 12774 12783 12789 12797 12799 12804 12808 12819 12830 12833 12836
12 6406 12847 12856 12862 12870 12872 12877 12881 12892 12903 12906 12909
14 10252 12919 12928 12934 12942 12944 12949 12953 12964 12975 12978 12981 12985 12986
11 12991 13001 13010 13016 13024 13026 13031 13035 13046 13057 13060
2 9266 13067
9 9168 13081 13090 13096 13104 13106 13111 13115 13126
10 13130 13140 13149 13155 13163 13165 13170 13174 13185 13196
8 5091 13203 13212 13218 13226 13228 13233 13237
3 13247 13257 13266
2 13271 13281
1 13291
8 13300 13310 13319 13325 13333 13335 13340 13344
10 3809 13361 13370 13376 13384 13386 13391 13395 13406 13417
11 8111 13427 13436 13442 13450 13452 13457 13461 13472 13483 13486
8 2215 13489 13498 13504 13512 13514 13519 13523
9 880 6759 13539 13545 13553 13555 13560 13564 13575
9 1503 13585 13594 13600 13608 13610 13615 13619 13630
10 6844 13650 13659 13665 13673 13675 13680 13684 13695 13706
3 13709 13719 13728
14 11789 13737 13746 13752 13760 13762 13767 13771 13782 13793 13796 13799 13803 13804
10 5832 13813 13822 13828 13836 13838 13843 13847 13858 13869
1 9379
10 13871 13881 13890 13896 13904 13906 13911 13915 13926 13937
9 469 13943 13952 13958 13966 13968 13973 13977 13988
6 13995 14005 14014 14020 14028 14030
10 14033 14043 14052 14058 14066 14068 14073 14077 14088 14099
13 6515 14111 14120 14126 14134 14136 14141 14145 14156 14167 14170 14173 14177
1 14178
5 14180 14190 14199 14205 14213
10 6518 14219 14228 14234 14242 14244 14249 14253 14264 14275
9 5318 14286 14295 14301 14309 14311 14316 14320 14331
1 14340
14 6358 14357 14366 14372 14380 14382 14387 14391 14402 14413 14416 14419 14423 14424
7 5595 14435 14444 14450 14458 14460 14465
7 3635 14476 14485 14491 14499 14501 14506
6 14511 14521 14530 14536 14544 14546
1 14547
2 4205 14558
12 2197 14567 14576 14582 14590 14592 14597 14601 14612 14623 14626 14629
9 6718 14636 14645 14651 14659 14661 14666 14670 14681
12 811 6549 14693 14699 14707 14709 14714 14718 14729 14740 14743 14746
11 8454 14756 14765 14771 14779 14781 14786 14790 14801 14812 14815
2 1245 14824
2 9379 14838
4 14840 14850 14859 14865
1 14867
1 14870
14 3350 14883 14892 14898 14906 14908 14913 14917 14928 14939 14942 14945 14949 14950
14 14952 14962 14971 14977 14985 14987 14992 14996 15007 15018 15021 15024 15028 15029
14 15036 15046 15055 15061 15069 15071 15076 15080 15091 15102 15105 15108 15112 15113
1 15120
8 15122 15132 15141 15147 15155 15157 15162 15166
1 15174
9 2107 14703 15184 15190 15198 15200 15205 15209 15220
10 15226 15236 15245 15251 15259 15261 15266 15270 15281 15292
0
11 7339 15304 15313 15319 15327 15329 15334 15338 15349 15360 15363
7 406 15365 15374 15380 15388 15390 15395
9 2711 15396 15405 15411 15419 15421 15426 15430 15441
8 15448 15458 15467 15473 15481 15483 15488 15492
8 15499 15509 15518 15524 15532 15534 15539 15543
1 15551
10 15554 15564 15573 15579 15587 15589 15594 15598 15609 15620
8 3034 15625 15634 15640 15648 15650 15655 15659
9 15669 15679 15688 15694 15702 15704 15709 15713 15724
7 1604 15737 15746 15752 15760 15762 15767
9 15770 15780 15789 15795 15803 15805 15810 15814 15825
9 2124 15834 15843 15849 15857 15859 15864 15868 15879
8 15887 15897 15906 15912 15920 15922 15927 15931
9 3346 15944 15953 15959 15967 15969 15974 15978 15989
9 15995 16005 16014 16020 16028 16030 16035 16039 16050
1 16060
10 1000 16068 16077 16083 16091 16093 16098 16102 16113 16124
9 16126 16136 16145 16151 16159 16161 16166 16170 16181
12 16191 16201 16210 16216 16224 16226 16231 16235 16246 16257 16260 16263
6 13624 16276 16285 16291 16299 16301
8 16304 16314 16323 16329 16337 16339 16344 16348
13 9613 16363 16372 16378 16386 16388 16393 16397 16408 16419 16422 16425 16429
9 979 16435 16444 16450 16458 16460 16465 16469 16480
3 2490 16494 16503
12 53 16509 16518 16524 16532 16534 16539 16543 16554 16565 16568 16571
8 12878 16581 16590 16596 16604 16606 16611 16615
1 16624
9 16632 16642 16651 16657 16665 16667 16672 16676 16687
9 16699 16709 16718 16724 16732 16734 16739 16743 16754
12 9906 16768 16777 16783 16791 16793 16798 16802 16813 16824 16827 16830
9 2107 16834 16843 16849 16857 16859 16864 16868 16879
6 4458 16890 16899 16905 16913 16915
8 16918 16928 16937 16943 16951 16953 16958 16962
9 2481 16968 16977 16983 16991 16993 16998 17002 17013
1 6849
1 9697
12 3271 17034 17043 17049 17057 17059 17064 17068 17079 17090 17093 17096
12 17100 17110 17119 17125 17133 17135 17140 17144 17155 17166 17169 17172
11 6207 17179 17188 17194 17202 17204 17209 17213 17224 17235 17238
14 17242 17252 17261 17267 17275 17277 17282 17286 17297 17308 17311 17314 17318 17319
14 10424 17335 17344 17350 17358 17360 17365 17369 17380 17391 17394 17397 17401 17402
11 3940 17410 17419 17425 17433 17435 17440 17444 17455 17466 17469
12 2638 17481 17490 17496 17504 17506 17511 17515 17526 17537 17540 17543
9 3166 17551 17560 17566 17574 17576 17581 17585 17596
6 17606 17616 17625 17631 17639 17641
11 8832 17649 17658 17664 17672 17674 17679 17683 17694 17705 17708
8 17709 17719 17728 17734 17742 17744 17749 17753
1 17757
14 17758 17768 17777 17783 17791 17793 17798 17802 17813 17824 17827 17830 17834 17835
14 8230 17846 17855 17861 17869 17871 17876 17880 17891 17902 17905 17908 17912 17913
1 17917
8 17927 17937 17946 17952 17960 17962 17967 17971
9 2888 17976 17985 17991 17999 18001 18006 18010 18021
9 18027 18037 18046 18052 18060 18062 18067 18071 18082
9 3785 14394 18097 18103 18111 18113 18118 18122 18133
11 16321 18150 18159 18165 18173 18175 18180 18184 18195 18206 18209
11 5595 18214 18223 18229 18237 18239 18244 18248 18259 18270 18273
12 14231 18282 18291 18297 18305 18307 18312 18316 18327 18338 18341 18344
9 2295 18347 18356 18362 18370 18372 18377 18381 18392
8 18399 18409 18418 18424 18432 18434 18439 18443
5 18447 18457 18466 18472 18480
1 18482
9 4607 18492 18501 18507 18515 18517 18522 18526 18537
0
2 3834 18547
1 4205
9 1788 8370 18555 18561 18569 18571 18576 18580 18591
10 18599 18609 18618 18624 18632 18634 18639 18643 18654 18665
0
8 11333 18676 18685 18691 18699 18701 18706 18710
7 18719 18729 18738 18744 18752 18754 18759
2 18763 18773
2 16577 18788
9 3559 18795 18804 18810 18818 18820 18825 18829 18840
6 9141 18854 18863 18869 18877 18879
11 3635 18885 18894 18900 18908 18910 18915 18919 18930 18941 18944
11 2545 18947 18956 18962 18970 18972 18977 18981 18992 19003 19006
2 9689 19016
8 6816 19027 19036 19042 19050 19052 19057 19061
12 19068 19078 19087 19093 19101 19103 19108 19112 19123 19134 19137 19140
9 2107 10488 19147 19153 19161 19163 19168 19172 19183
11 647 19191 19200 19206 19214 19216 19221 19225 19236 19247 19250
1 19252
8 4974 19262 19271 19277 19285 19287 19292 19296
9 2711 19313 19322 19328 19336 19338 19343 19347 19358
9 1064 19369 19378 19384 19392 19394 19399 19403 19414
9 19419 19429 19438 19444 19452 19454 19459 19463 19474
1 19484
1 19491
8 1508 19497 19506 19512 19520 19522 19527 19531
1 11345
9 2104 19545 19554 19560 19568 19570 19575 19579 19590
13 19595 19605 19614 19620 19628 19630 19635 19639 19650 19661 19664 19667 19671
14 18537 19681 19690 19696 19704 19706 19711 19715 19726 19737 19740 19743 19747 19748
4 19754 19764 19773 19779
2 10951 19794
7 19801 19811 19820 19826 19834 19836 19841
9 19843 19853 19862 19868 19876 19878 19883 19887 19898
9 6547 19914 19923 19929 19937 19939 19944 19948 19959
12 7046 19974 19983 19989 19997 19999 20004 20008 20019 20030 20033 20036
1 20039
10 20042 20052 20061 20067 20075 20077 20082 20086 20097 20108
10 20112 20122 20131 20137 20145 20147 20152 20156 20167 20178
10 2492 18119 20186 20192 20200 20202 20207 20211 20222 20233
11 10902 20241 20250 20256 20264 20266 20271 20275 20286 20297 20300
12 2737 20309 20318 20324 20332 20334 20339 20343 20354 20365 20368 20371
10 8229 20381 20390 20396 20404 20406 20411 20415 20426 20437
9 7806 20440 20449 20455 20463 20465 20470 20474 20485
9 24 20491 20500 20506 20514 20516 20521 20525 20536
11 7307 20547 20556 20562 20570 20572 20577 20581 20592 20603 20606
12 17831 20618 20627 20633 20641 20643 20648 20652 20663 20674 20677 20680
4 20682 20692 20701 20707
7 20713 20723 20732 20738 20746 20748 20753
1 20755
9 18225 20767 20776 20782 20790 20792 20797 20801 20812
9 20813 20823 20832 20838 20846 20848 20853 20857 20868
10 20873 20883 20892 20898 20906 20908 20913 20917 20928 20939
2 677 20949
9 17081 20959 20968 20974 20982 20984 20989 20993 21004
12 3093 21016 21025 21031 21039 21041 21046 21050 21061 21072 21075 21078
3 5452 21083 21092
