7 59 78 80 85 87 89 93
7 109 128 130 135 137 139 143
7 152 171 173 178 180 182 186
7 197 216 218 223 225 227 231
7 246 265 267 272 274 276 280
7 292 311 313 318 320 322 326
7 296 344 346 351 353 355 359
7 374 393 395 400 402 404 408
7 413 432 434 439 441 443 447
7 319 463 465 470 472 474 478
7 481 500 502 507 509 511 515
7 319 526 528 533 535 537 541
7 557 576 578 583 585 587 591
7 505 611 613 618 620 622 626
7 637 656 658 663 665 667 671
7 397 682 684 689 691 693 697
7 527 717 719 724 726 728 732
7 741 760 762 767 769 771 775
7 304 778 780 785 787 789 793
7 806 825 827 832 834 836 840
7 609 859 861 866 868 870 874
7 294 880 882 887 889 891 895
7 302 478 537 898 900 902 906
7 916 935 937 942 944 946 950
7 695 966 968 973 975 977 981
7 987 1006 1008 1013 1015 1017 1021
7 449 942 1023 1028 1030 1032 1036
7 315 899 957 1041 1043 1045 1049
7 748 1063 1065 1070 1072 1074 1078
7 224 1083 1085 1090 1092 1094 1098
7 1101 1120 1122 1127 1129 1131 1135
7 384 1143 1145 1150 1152 1154 1158
1 1169
7 534 1176 1178 1183 1185 1187 1191
7 1194 1213 1215 1220 1222 1224 1228
7 294 942 973 1232 1234 1236 1240
7 1247 1266 1268 1273 1275 1277 1281
7 1292 1311 1313 1318 1320 1322 1326
7 1330 1349 1351 1356 1358 1360 1364
7 283 1368 1370 1375 1377 1379 1383
7 221 1385 1387 1392 1394 1396 1400
7 608 1402 1404 1409 1411 1413 1417
7 326 1424 1426 1431 1433 1435 1439
7 319 680 793 1042 1441 1443 1447
7 304 675 695 963 1235 1449 1453
7 283 1455 1457 1462 1464 1466 1470
7 455 1483 1485 1490 1492 1494 1498
7 244 1097 1367 1502 1504 1506 1510
7 919 1403 1513 1518 1520 1522 1526
7 1265 1545 1547 1552 1554 1556 1560
7 324 1563 1565 1570 1572 1574 1578
7 323 1383 1581 1586 1588 1590 1594
7 1597 1616 1618 1623 1625 1627 1631
7 848 1644 1646 1651 1653 1655 1659
7 460 1187 1420 1663 1665 1667 1671
7 380 1674 1676 1681 1683 1685 1689
7 469 1691 1693 1698 1700 1702 1706
7 1710 1729 1731 1736 1738 1740 1744
7 721 1758 1760 1765 1767 1769 1773
7 185 1777 1779 1784 1786 1788 1792
7 700 1403 1794 1799 1801 1803 1807
7 1604 1826 1828 1833 1835 1837 1841
7 796 1852 1854 1859 1861 1863 1867
7 989 1877 1879 1884 1886 1888 1892
7 294 478 525 1370 1920 1922 1926
7 612 1942 1944 1949 1951 1953 1957
7 530 1960 1962 1967 1969 1971 1975
7 1104 1986 1988 1993 1995 1997 2001
7 287 479 519 963 2003 2005 2009
7 718 2012 2014 2019 2021 2023 2027
7 2029 2048 2050 2055 2057 2059 2063
7 296 673 695 1237 1446 2065 2069
7 1985 2089 2091 2096 2098 2100 2104
7 584 2111 2113 2118 2120 2122 2126
7 1147 2143 2145 2150 2152 2154 2158
7 298 899 1034 2160 2162 2164 2168
7 1532 2185 2187 2192 2194 2196 2200
7 2212 2231 2233 2238 2240 2242 2246
7 1728 2266 2268 2273 2275 2277 2281
7 2290 2309 2311 2316 2318 2320 2324
7 908 1504 1794 2329 2331 2333 2337
7 845 2346 2348 2353 2355 2357 2361
7 796 1668 1852 2365 2367 2369 2373
7 304 783 904 2004 2375 2377 2381
7 850 2394 2396 2401 2403 2405 2409
7 372 1177 1184 2411 2413 2415 2419
7 1406 2438 2440 2445 2447 2449 2453
7 1525 2465 2467 2472 2474 2476 2480
7 458 2487 2489 2494 2496 2498 2502
7 418 1943 2124 2513 2515 2517 2521
7 300 680 695 2122 2523 2525 2529
7 304 2535 2537 2542 2544 2546 2550
7 796 2558 2560 2565 2567 2569 2573
7 287 727 779 950 1403 2010 2578
7 223 1375 1388 2106 2122 2580 2584
7 292 1943 2475 2587 2589 2591 2595
7 492 1230 1504 1900 2195 2598 2602
7 596 2607 2609 2614 2616 2618 2622
7 222 1113 1121 2232 2624 2626 2630
7 498 1918 2632 2637 2639 2641 2645
7 2131 2660 2662 2667 2669 2671 2675
7 2678 2697 2699 2704 2706 2708 2712
7 908 2600 2714 2719 2721 2723 2727
7 1251 2743 2745 2750 2752 2754 2758
7 950 2761 2763 2768 2770 2772 2776
7 327 2082 2087 2780 2782 2784 2788
7 848 2796 2798 2803 2805 2807 2811
0
7 908 2815 2817 2822 2824 2826 2830
7 700 1795 1805 2832 2834 2836 2840
7 2847 2866 2868 2873 2875 2877 2881
7 1937 2896 2898 2903 2905 2907 2911
7 186 999 1010 2016 2534 2914 2918
7 821 2925 2927 2932 2934 2936 2940
7 834 2364 2942 2947 2949 2951 2955
7 321 698 1023 1450 1547 2957 2961
7 321 1238 1438 2337 2963 2965 2969
7 2273 2988 2990 2995 2997 2999 3003
7 799 3008 3010 3015 3017 3019 3023
7 223 1779 1850 3027 3029 3031 3035
7 506 3037 3039 3044 3046 3048 3052
7 310 899 1234 2262 3054 3056 3060
7 942 2777 3063 3068 3070 3072 3076
7 616 3086 3088 3093 3095 3097 3101
7 294 680 684 963 1450 1571 3105
7 286 526 674 1025 1441 1571 3108
7 3115 3134 3136 3141 3143 3145 3149
7 304 538 675 898 1446 1461 2504
7 319 695 788 1034 1442 2528 3154
7 338 1443 1664 2528 2970 3157 3161
7 346 1999 3164 3169 3171 3173 3177
7 296 450 459 695 898 1448 3153
7 283 1415 1547 1975 3037 3181 3185
7 494 1663 2364 3201 3203 3205 3209
7 219 2612 3212 3217 3219 3221 3225
7 709 2328 2511 3229 3231 3233 3237
7 988 3247 3249 3254 3256 3258 3262
7 635 2427 2448 3266 3268 3270 3274
7 295 646 898 1816 2079 3276 3280
7 298 894 1097 2115 2832 3061 3284
7 296 540 1435 2077 2091 2783 3288
7 299 673 781 1571 2506 3291 3295
7 1971 3313 3315 3320 3322 3324 3328
7 480 1121 1461 2766 3330 3332 3336
7 289 640 957 1450 2161 2424 3339
7 536 3343 3345 3350 3352 3354 3358
7 397 1235 1391 2768 3360 3362 3366
7 417 3371 3373 3378 3380 3382 3386
7 512 1663 1903 2920 2963 3202 3391
7 1235 3403 3405 3410 3412 3414 3418
7 215 1797 2835 3423 3425 3427 3431
7 938 2764 2814 3436 3438 3440 3444
7 473 3446 3448 3453 3455 3457 3461
7 251 668 783 1371 1496 1922 3465
7 1095 3501 3503 3508 3510 3512 3516
7 449 2625 3180 3521 3523 3525 3529
7 2440 3545 3547 3552 3554 3556 3560
7 609 2337 3085 3564 3566 3568 3572
7 340 2609 3227 3597 3599 3601 3605
7 1618 3614 3616 3621 3623 3625 3629
7 836 2365 2724 3644 3646 3648 3652
7 413 1630 2110 2567 2588 3374 3656
7 418 1397 1401 2594 3201 3658 3662
7 422 1663 1757 2766 3664 3666 3670
7 859 3077 3390 3674 3676 3678 3682
7 1450 3533 3538 3550 3556 3685 3689
7 426 2591 2918 3374 3656 3691 3695
7 601 1417 1630 2366 3384 3698 3702
7 1207 3407 3589 3708 3710 3712 3716
7 287 530 674 1664 2087 2801 3720
7 1401 3734 3736 3741 3743 3745 3749
7 1504 3761 3763 3768 3770 3772 3776
7 1423 3791 3793 3798 3800 3802 3806
7 214 2539 3243 3811 3813 3815 3819
7 184 1391 1968 3243 3822 3824 3828
7 988 3834 3836 3841 3843 3845 3849
7 338 1034 1177 2819 3718 3852 3856
7 593 2596 3227 3844 3859 3861 3865
0
7 487 1109 1136 2592 2823 3203 3869
7 3874 3893 3895 3900 3902 3904 3908
7 927 3029 3177 3911 3913 3915 3919
1 3930
7 542 3951 3953 3958 3960 3962 3966
7 438 3785 3826 3972 3974 3976 3980
7 586 3421 3982 3987 3989 3991 3995
7 228 960 1081 1801 1962 2801 3999
7 814 2809 3009 4016 4018 4020 4024
7 601 1793 1998 4040 4042 4044 4048
7 512 4053 4055 4060 4062 4064 4068
7 909 2726 3207 4072 4074 4076 4080
7 823 4082 4084 4089 4091 4093 4097
7 4105 4124 4126 4131 4133 4135 4139
7 759 4141 4143 4148 4150 4152 4156
7 697 2715 3026 4158 4160 4162 4166
7 518 2504 3059 4171 4173 4175 4179
7 1267 4190 4192 4197 4199 4201 4205
7 300 517 532 1036 1731 2578 4209
7 399 2491 4211 4216 4218 4220 4224
7 197 1366 1511 4224 4227 4229 4233
7 1333 4243 4245 4250 4252 4254 4258
7 469 1342 1959 2232 2724 3580 4262
7 323 957 1360 2005 2768 3667 4267
7 1959 4280 4282 4287 4289 4291 4295
7 1053 3691 3949 4301 4303 4305 4309
7 2328 4322 4324 4329 4331 4333 4337
7 805 1704 2171 3045 4071 4211 4342
7 493 3064 3677 4346 4348 4350 4354
7 423 3215 4356 4361 4363 4365 4369
7 317 1423 1461 3452 3783 4393 4397
7 337 1018 1113 1882 2613 3181 4400
7 1187 4262 4403 4408 4410 4412 4416
7 315 686 781 1444 1604 2970 4419
7 296 1442 1894 2079 2091 2779 4422
7 2620 4437 4439 4444 4446 4448 4452
7 311 1595 1664 2939 3492 4454 4458
7 300 784 1038 2087 3287 4460 4464
7 312 673 695 1440 2919 3638 4469
7 288 898 1171 4471 4473 4475 4479
7 371 1446 1919 3590 4481 4483 4487
7 1276 4493 4495 4500 4502 4504 4508
7 921 2955 3378 4512 4514 4516 4520
7 286 1234 1498 2036 2509 3280 4524
7 410 1097 1170 2264 2586 3620 4529
7 4537 4556 4558 4563 4565 4567 4571
7 338 1095 1440 1777 3783 4408 4584
7 701 2634 2941 3825 4186 4586 4590
7 296 778 1028 2970 4592 4594 4598
7 166 953 1089 2068 2524 3423 4602
7 292 894 1171 3295 3451 4522 4607
7 2337 4638 4640 4645 4647 4649 4653
7 327 906 1062 3188 4471 4656 4660
7 494 1859 2819 3189 3960 4662 4666
7 950 3712 4576 4671 4673 4675 4679
7 1397 4683 4685 4690 4692 4694 4698
7 340 1023 1438 3037 3452 4700 4704
7 289 783 880 2007 3354 3507 4708
7 4073 4725 4727 4732 4734 4736 4740
7 1147 2655 4522 4746 4748 4750 4754
7 286 1232 2067 3339 4467 4709 4759
7 147 1319 1325 4228 4234 4762 4766
7 319 963 1689 3360 4769 4771 4775
7 1779 4785 4787 4792 4794 4796 4800
7 1082 4806 4808 4813 4815 4817 4821
7 1187 4409 4824 4829 4831 4833 4837
7 3230 4847 4849 4854 4856 4858 4862
7 247 2454 3227 4813 4865 4867 4871
7 176 2590 3890 4874 4876 4878 4882
7 701 1504 1546 2830 3642 4017 4884
7 223 1376 1786 3099 3218 3429 4888
7 319 680 777 1438 1453 2377 4891
7 1363 4081 4770 4897 4899 4901 4905
7 224 2368 2727 4447 4908 4910 4914
0
7 300 1042 1442 2506 4469 4603 4925
7 770 4824 4945 4950 4952 4954 4958
7 868 4964 4966 4971 4973 4975 4979
7 185 1066 1704 1886 3567 3912 4982
7 221 3164 3395 4228 4992 4994 4998
7 312 957 963 1571 4466 5000 5004
7 1542 5011 5013 5018 5020 5022 5026
7 414 1392 1691 3663 5028 5030 5034
7 942 4040 5037 5042 5044 5046 5050
7 845 1404 1630 2431 3975 4674 5055
7 1815 5065 5067 5072 5074 5076 5080
7 1175 5082 5084 5089 5091 5093 5097
7 532 1864 3185 5099 5101 5103 5107
7 296 478 492 673 971 1547 4707
7 527 5114 5116 5121 5123 5125 5129
7 322 687 770 1177 1381 1503 3361
7 992 3663 3756 5134 5136 5138 5142
7 1450 5156 5158 5163 5165 5167 5171
7 604 3444 3988 4680 5174 5176 5180
7 1030 5186 5188 5193 5195 5197 5201
7 5207 5226 5228 5233 5235 5237 5241
7 933 1511 1514 1977 2328 3407 5243
7 5252 5271 5273 5278 5280 5282 5286
7 612 3826 5288 5293 5295 5297 5301
7 1107 4301 5304 5309 5311 5313 5317
7 336 2524 3180 4718 5320 5322 5326
7 708 2643 2966 4683 5328 5330 5334
7 327 976 1240 1794 1973 2328 3665
7 346 1919 2961 5337 5339 5341 5345
7 556 1795 1959 2835 3361 4032 5348
7 221 2585 3163 5350 5352 5354 5358
7 304 538 680 1028 1434 1438 2970
7 435 1122 1370 3912 5361 5363 5367
7 5236 5386 5388 5393 5395 5397 5401
7 804 1363 1663 2348 2556 2921 5403
7 322 1446 2587 5405 5407 5409 5413
7 690 5420 5422 5427 5429 5431 5435
7 2071 5437 5439 5444 5446 5448 5452
7 909 3433 3722 5454 5456 5458 5462
7 455 3341 3783 4388 5465 5467 5471
7 222 540 673 973 1366 1389 3180
7 1095 5474 5476 5481 5483 5485 5489
7 728 2331 3435 5492 5494 5496 5500
7 308 1038 1385 2164 3533 4701 5505
7 2588 5509 5511 5516 5518 5520 5524
7 691 5526 5528 5533 5535 5537 5541
7 1110 3496 4052 4984 5543 5545 5549
7 460 3280 4468 5551 5553 5555 5559
7 948 3380 3439 5563 5565 5567 5571
7 1320 5581 5583 5588 5590 5592 5596
7 312 794 904 2065 2763 3295 3672
7 346 2164 2504 4478 4704 5599 5603
7 438 3295 5605 5610 5612 5614 5618
7 283 695 890 1496 1919 3090 4890
7 338 1045 1236 1689 2005 3672 5623
7 522 4398 5625 5630 5632 5634 5638
7 299 1461 2004 3180 4395 5640 5644
7 296 1571 3295 5647 5649 5651 5655
7 501 1663 1959 3068 4032 4374 5659
7 286 904 1653 2404 3287 5342 5664
7 748 5667 5669 5674 5676 5678 5682
7 1526 5690 5692 5697 5699 5701 5705
7 423 3434 4096 5709 5711 5713 5717
7 293 517 532 680 698 906 2528
7 296 1403 1571 3720 5352 5720 5724
7 5728 5747 5749 5754 5756 5758 5762
7 214 1235 1389 3266 3691 5764 5768
7 1101 3433 4040 5243 5770 5772 5776
2 3991 5795
7 579 2596 2796 5799 5801 5803 5807
7 228 1081 1151 1639 2413 2580 4300
7 825 2921 3852 5812 5814 5816 5820
7 452 2903 3301 5825 5827 5829 5833
7 1548 4414 4951 5838 5840 5842 5846
7 295 781 793 1496 2009 2528 5848
7 372 2587 2961 4663 5340 5833 5853
7 338 973 1112 2160 2639 5855 5859
7 325 1033 1444 3281 5411 5862 5866
7 319 2492 4467 5871 5873 5875 5879
7 365 1033 1368 1843 1895 2587 5882
7 1844 5888 5890 5895 5897 5899 5903
7 435 3613 4161 5907 5909 5911 5915
7 960 4026 5802 5921 5923 5925 5929
7 1004 5934 5936 5941 5943 5945 5949
7 5958 5977 5979 5984 5986 5988 5992
7 289 517 532 781 1234 1450 4773
7 480 1672 2963 4008 4718 4736 5998
7 821 2718 3054 6001 6003 6005 6009
7 612 4438 4689 6014 6016 6018 6022
7 5173 6040 6042 6047 6049 6051 6055
7 709 3621 4812 5983 6058 6060 6064
7 530 3058 3304 6067 6069 6071 6075
7 1738 6080 6082 6087 6089 6091 6095
7 534 3221 4035 5423 6098 6100 6104
7 322 1366 1455 3374 3872 4173 6107
7 1240 3916 4155 6112 6114 6116 6120
7 511 2936 3513 5098 6123 6125 6129
0
7 300 1450 1919 2161 2504 2918 5411
7 1360 6143 6145 6150 6152 6154 6158
7 911 1663 1959 2483 3571 4574 6162
7 279 1403 1406 2167 2332 3265 6164
7 302 904 1043 2079 4773 6179 6183
7 1964 6196 6198 6203 6205 6207 6211
7 231 1050 1230 1623 1763 3185 6213
7 294 512 673 698 957 1237 2483
7 1342 6224 6226 6231 6233 6235 6239
7 310 6241 6243 6248 6250 6252 6256
7 946 5931 6127 6262 6264 6266 6270
7 302 695 898 1435 1919 2506 6287
7 1173 6293 6295 6300 6302 6304 6308
7 287 894 952 1450 1919 6310 6314
7 548 2326 2332 4009 6316 6318 6322
7 2766 6329 6331 6336 6338 6340 6344
7 834 2365 3030 4989 6347 6349 6353
7 1385 6362 6364 6369 6371 6373 6377
7 419 3166 3252 4910 5116 6380 6384
7 220 1089 1230 1611 1754 1797 4232
7 304 695 963 1450 1593 2065 3061
7 304 899 1023 1449 2066 3360 6387
7 531 3107 3391 5647 6390 6392 6396
7 834 1363 1504 1801 2328 2332 6398
7 458 3506 4178 6401 6403 6405 6409
7 1172 4716 4949 6311 6412 6414 6418
7 294 1028 1587 4704 6181 6421 6425
7 1404 3864 4576 6428 6430 6432 6436
7 1064 3952 5292 6438 6440 6442 6446
1 1961
7 295 1370 1497 2903 3526 4449 6449
7 1192 6459 6461 6466 6468 6470 6474
7 1964 6479 6481 6486 6488 6490 6494
7 433 1770 2169 4604 5620 6497 6501
7 289 673 695 1438 1449 1921 6503
7 300 673 687 1023 1036 1762 5809
7 310 668 674 698 894 1025 2005
7 3630 6518 6520 6525 6527 6529 6533
7 288 897 906 1592 1920 2068 3663
7 673 3037 4035 6537 6539 6541 6545
7 303 1441 1922 4470 4704 6548 6552
7 1006 6564 6566 6571 6573 6575 6579
7 292 462 478 894 899 1496 3993
7 705 2551 6587 6592 6594 6596 6600
7 776 1999 2724 4514 6602 6604 6608
7 305 522 640 698 793 1025 1449
7 615 2585 3380 6610 6612 6614 6618
7 1039 4652 6100 6621 6623 6625 6629
7 880 2532 2542 5940 6572 6631 6635
7 505 2918 3701 6637 6639 6641 6645
7 371 944 957 1107 1763 2328 2777
7 534 3361 4178 4740 6071 6394 6650
7 1794 6661 6663 6668 6670 6672 6676
7 623 5312 6080 6682 6684 6686 6690
7 1176 5089 6298 6696 6698 6700 6704
7 700 1807 2511 3604 5034 5127 6709
7 380 5642 6236 6715 6717 6719 6723
7 852 6587 6725 6730 6732 6734 6738
7 2886 6744 6746 6751 6753 6755 6759
7 609 2652 3221 6064 6276 6761 6765
7 419 3138 3375 6768 6770 6772 6776
7 992 6783 6785 6790 6792 6794 6798
7 940 6800 6802 6807 6809 6811 6815
7 6512 6832 6834 6839 6841 6843 6847
7 184 1375 1691 1881 3181 3810 6856
7 3477 6869 6871 6876 6878 6880 6884
7 729 2332 3380 4189 5564 6891 6895
7 1207 4167 6137 6899 6901 6903 6907
7 322 674 680 793 1038 1449 5624
7 880 2534 2881 6591 6911 6913 6917
7 221 1375 1801 3816 5801 6920 6924
7 1385 10766 12067 17621 17623 17625 17629
7 227 1968 2458 3248 3949 6131 6929
7 1240 5107 5624 6934 6936 6938 6942
7 946 6157 6945 6950 6952 6954 6958
7 227 593 700 1089 1112 1373 3571
7 947 2881 2950 4186 4894 6961 6965
7 585 2331 3037 5097 6968 6970 6974
7 728 6264 6976 6981 6983 6985 6989
7 709 5426 6679 6995 6997 6999 7003
7 1217 7008 7010 7015 7017 7019 7023
7 848 4920 6775 7029 7031 7033 7037
7 220 1367 1381 1511 1949 2515 5929
7 380 1089 1766 2968 4467 6076 7042
7 7055 7074 7076 7081 7083 7085 7089
7 1374 5303 7091 7096 7098 7100 7104
7 556 1240 2191 4095 5315 7106 7110
7 289 522 640 880 899 1450 3265
7 556 1360 1413 3045 3484 4449 7114
7 300 793 1023 1604 2066 2970 7117
7 536 7124 7126 7131 7133 7135 7139
7 1090 7149 7151 7156 7158 7160 7164
7 418 1509 1919 2594 3363 7166 7170
7 228 1391 2014 2517 4935 5711 7174
7 289 512 519 880 1053 1571 2068
7 1645 4737 5507 7178 7180 7182 7186
7 293 462 478 538 898 1370 3276
7 988 2473 3692 6116 6639 7190 7194
7 492 1025 1081 1798 2079 2968 7197
7 372 1397 1455 2587 2618 7172 7202
7 597 3751 4213 7208 7210 7212 7216
7 940 6582 7219 7224 7226 7228 7232
1 288
7 455 2424 3678 7238 7240 7242 7246
7 430 1506 1943 2766 3090 3438 7249
7 556 1796 2337 4167 6805 7096 7254
7 372 1397 2023 4600 6770 7257 7261
7 909 1518 1522 2814 3471 3579 7266
7 1158 7268 7270 7275 7277 7279 7283
1 435
7 338 1675 2420 3452 4601 4663 7292
7 294 2076 3156 4603 6505 6564 7296
7 184 1289 1294 4762 6155 7299 7303
7 304 695 781 1036 1442 1650 2079
7 279 325 343 479 695 904 3673
7 519 1351 1518 1808 2328 4265 7307
7 6064 7326 7328 7333 7335 7337 7341
7 295 1036 1043 2506 3061 3287 7343
7 289 894 906 1919 2006 2506 6386
7 292 963 1237 1571 2005 2161 7346
7 406 1185 1237 1794 2504 3637 7348
7 480 6702 6733 7355 7357 7359 7363
7 5125 7381 7383 7388 7390 7392 7396
7 7410 7429 7431 7436 7438 7440 7444
7 501 1845 2337 6131 7447 7449 7453
5 1158 7466 7468 7473 7475
7 505 1178 1403 1959 2253 2554 6062
7 701 2924 2941 4086 5188 7477 7481
7 608 2804 3216 7487 7489 7491 7495
7 334 1547 1581 3229 3520 7497 7501
7 1097 6640 7504 7509 7511 7513 7517
7 512 1664 2169 3394 4963 7308 7522
7 1618 7527 7529 7534 7536 7538 7542
7 327 894 904 1650 4266 6504 7547
7 913 2327 2952 4574 5339 7550 7554
7 701 4224 6136 7358 7557 7559 7563
7 492 2830 3336 4710 4724 6002 7566
7 1367 7575 7577 7582 7584 7586 7590
7 759 1371 1844 2774 2827 3064 7599
7 718 1630 1672 2771 3279 4740 7603
7 460 1919 2076 2523 3465 4704 7604
7 2549 7610 7612 7617 7619 7621 7625
7 1544 7630 7632 7637 7639 7641 7645
7 300 673 680 1033 1237 1670 5030
7 1029 2588 2598 4718 5825 6472 7651
7 2036 7657 7659 7664 7666 7668 7672
7 289 529 673 1090 1440 1704 2614
7 466 2331 2957 3339 4604 5319 7676
7 295 1420 1466 2032 2425 3043 7678
7 394 1438 1664 2083 2779 4464 7683
7 304 898 1023 1446 1450 2005 7685
7 184 1063 1090 1778 4890 7687 7691
7 593 3242 3249 3820 4300 6738 7696
7 709 1804 1959 3570 4576 5056 7698
0
7 201 1089 1107 1370 1391 3374 7701
7 1376 6460 6924 7705 7707 7709 7713
7 371 1177 1368 1854 2936 3336 6551
7 944 3243 3712 5482 7716 7718 7722
7 847 1964 2801 3716 6586 7724 7728
7 940 4189 4206 7734 7736 7738 7742
7 859 4511 6902 7747 7749 7751 7755
7 837 1519 2327 2881 4191 4989 7757
7 494 3663 4095 6257 7108 7759 7763
7 7775 7794 7796 7801 7803 7805 7809
6 529 7814 7816 7821 7823 7825
7 326 3872 4660 7188 7832 7834 7838
7 685 7840 7842 7847 7849 7851 7855
7 512 3508 4764 7598 7858 7860 7864
0
7 854 4447 5568 7870 7872 7874 7878
7 426 1698 2511 4303 7035 7880 7884
7 4472 7896 7898 7903 7905 7907 7911
7 883 3539 3689 7913 7915 7917 7921
7 1413 7929 7931 7936 7938 7940 7944
7 232 2596 3692 6770 7948 7950 7954
7 410 1327 1651 3404 3912 4761 7956
7 228 2383 2392 3620 4003 4178 6171
7 283 1080 1085 1624 3451 6237 7959
7 292 894 1752 3153 3783 4610 7962
7 898 6488 7747 7968 7970 7972 7976
7 294 877 1234 2504 3173 3179 4890
7 292 881 992 1919 3507 4600 7978
7 1937 7981 7983 7988 7990 7992 7996
7 530 2963 4713 5996 6394 7999 8003
7 184 942 1033 1234 1391 1401 1786
7 3801 8018 8020 8025 8027 8029 8033
7 228 3813 6874 8039 8041 8043 8047
7 492 1449 1854 2962 3826 6453 8051
7 1272 7758 8054 8059 8061 8063 8067
7 1207 8071 8073 8078 8080 8082 8086
7 288 3864 4807 8089 8091 8093 8097
7 1187 3927 4404 8100 8102 8104 8108
7 501 3020 3741 4838 6066 8084 8113
7 579 5145 5260 8116 8118 8120 8124
7 372 3610 4475 6617 8620 11019 17407
7 2815 8137 8139 8144 8146 8148 8152
7 510 3203 3682 8061 8155 8157 8161
7 449 1421 1438 2447 3218 5127 8163
7 349 1461 1766 4207 8165 8167 8171
7 322 1663 1786 3602 4408 6135 8175
7 455 2447 3364 8178 8180 8182 8186
7 488 1360 1403 2189 2814 3336 8191
7 915 1334 1340 1365 1518 2818 8193
7 859 2539 2918 3865 5138 5660 8195
7 327 2056 3821 7705 8211 8213 8217
7 4281 8239 8241 8246 8248 8250 8254
7 2261 8261 8263 8268 8270 8272 8276
7 1035 7507 8279 8284 8286 8288 8292
7 293 882 904 2506 4810 5643 8296
7 239 1968 3216 8298 8300 8302 8306
7 232 1815 1991 3712 4201 8308 8312
7 8129 8325 8327 8332 8334 8336 8340
7 7754 8359 8361 8366 8368 8370 8374
7 292 1142 1366 2122 2594 3600 8376
7 992 4224 4600 6242 8378 8380 8384
7 300 1391 1600 2124 3251 3632 8387
2 1417 8394
7 488 1461 1845 2823 3209 3677 7481
0
7 911 2364 2575 3580 3643 7747 8399
7 293 2205 3277 4609 6246 7892 8404
7 6103 8424 8426 8431 8433 8435 8439
7 422 1511 1973 2795 3612 3721 8442
7 372 1237 1999 3164 4052 5337 8447
7 296 1906 2077 4810 4813 5621 8452
7 229 1089 1230 2478 2604 3468 8456
7 430 3196 3444 4674 5053 5294 8459
7 371 3810 4958 8461 8463 8465 8469
7 889 3627 4600 6922 8472 8474 8478
7 947 5334 6380 8484 8486 8488 8492
7 219 1233 1949 3006 6092 8495 8499
7 430 1962 2349 6022 8501 8503 8507
7 228 1089 1349 1406 1506 1973 2331
7 292 532 675 971 1675 2068 3464
7 804 5000 5507 8516 8518 8520 8524
7 492 2508 3265 8527 8529 8531 8535
7 505 4451 5093 8538 8540 8542 8546
7 286 2439 4471 8549 8551 8553 8557
7 848 2765 2833 7062 8559 8561 8565
7 290 459 469 673 899 1571 4395
7 1012 8388 8568 8573 8575 8577 8581
7 726 2332 2767 3441 4373 5294 8584
7 473 2509 3338 5604 6311 8586 8590
7 2766 8599 8601 8606 8608 8610 8614
7 593 3465 4300 8455 8509 8617 8621
7 532 4037 5066 8211 8624 8626 8630
7 2031 8636 8638 8643 8645 8647 8651
7 319 685 695 1033 1443 1449 4701
7 438 3374 3817 7695 8654 8656 8660
7 828 1994 2157 2946 3783 4514 8665
7 397 1237 1369 5360 5722 7172 8670
7 780 8385 8673 8678 8680 8682 8686
7 1107 8688 8690 8695 8697 8699 8703
7 701 3368 5032 8723 8725 8727 8731
7 703 8738 8740 8745 8747 8749 8753
7 989 3845 4096 8756 8758 8760 8764
7 506 3757 4346 7479 8580 8767 8771
7 989 3946 3952 5035 7948 8774 8778
7 310 897 1571 2079 2361 3287 6265
7 4474 8791 8793 8798 8800 8802 8806
7 8810 8829 8831 8836 8838 8840 8844
7 673 4093 4394 8081 8846 8848 8852
7 2101 8867 8869 8874 8876 8878 8882
7 1150 8456 8884 8889 8891 8893 8897
7 418 1372 1385 2511 3816 5115 8902
7 1089 7865 8905 8910 8912 8914 8918
7 308 532 539 1028 1435 1444 7188
7 708 1663 2017 4008 4683 5507 6647
7 455 2067 2483 3355 3367 8921 8925
7 529 2117 2504 3654 4602 5306 8929
7 538 8931 8933 8938 8940 8942 8946
7 1035 2939 4082 5836 7008 8049 8949
7 957 7593 8600 8955 8957 8959 8963
7 458 1919 2066 2504 4467 5414 8967
7 294 691 780 1919 2087 2523 8969
7 726 1351 1403 2950 4071 4275 8972
7 1351 8978 8980 8985 8987 8989 8993
7 635 1423 1751 2832 3783 4739 8996
7 319 784 1494 3872 4482 4704 8998
7 351 942 1592 3287 4072 4657 9001
7 480 4021 5844 9006 9008 9010 9014
7 327 698 1029 1461 2957 3341 9016
7 988 3394 5138 5948 7191 9018 9022
7 296 517 537 963 1028 2005 9025
7 228 955 1360 1678 2068 2512 8716
7 435 1285 1323 3181 4228 8699 9031
7 1197 5662 7196 9034 9036 9038 9042
7 222 505 527 1039 1240 1919 7705
7 311 1786 2052 3665 5863 9045 9049
7 289 680 778 897 1028 1089 5410
7 289 698 921 1845 2522 3374 9051
7 1460 9054 9056 9061 9063 9065 9069
7 877 8081 9072 9077 9079 9081 9085
7 1058 6917 7829 9090 9092 9094 9098
7 1357 6617 8222 9104 9106 9108 9112
7 859 2835 3812 6164 7917 9114 9118
7 735 5207 5236 9120 9122 9124 9128
7 288 2036 3047 7679 9130 9132 9136
7 852 1872 1883 2328 2604 2881 6812
7 318 521 532 1440 1593 2161 4468
0
7 296 470 478 898 1448 2957 5863
7 322 2523 4379 9139 9141 9143 9147
7 1446 9149 9151 9156 9158 9160 9164
7 449 4808 4813 8168 9166 9168 9172
7 498 2359 2950 9174 9176 9178 9182
7 2962 9188 9190 9195 9197 9199 9203
7 2478 9209 9211 9216 9218 9220 9224
7 1357 4373 5037 9041 9226 9228 9232
7 593 3089 3242 4011 7173 9105 9236
7 943 2767 2881 4196 4905 9101 9241
3 3218 9256 9258
7 295 478 517 898 1466 1587 9261
7 1066 6702 8176 9266 9268 9270 9274
7 928 4906 5363 6603 7747 9276 9280
7 770 1859 2599 3566 4017 4301 9282
7 295 538 695 1023 1442 2010 9285
7 231 2274 2655 3620 3919 4621 8022
7 1334 5563 6131 8585 9289 9291 9295
7 712 1406 1998 3271 4041 6948 9300
7 608 6176 7250 9303 9305 9307 9311
7 293 460 492 539 698 784 2506
7 293 525 673 1466 2785 4524 9315
7 1216 9056 9318 9323 9325 9327 9331
7 2079 9339 9341 9346 9348 9350 9354
7 9360 9379 9381 9386 9388 9390 9394
7 511 3946 3993 6584 6775 6976 9399
7 973 3496 5589 9403 9405 9407 9411
7 283 859 894 1406 1784 2509 9413
7 806 2364 2575 3438 6008 7857 9417
7 452 3178 3464 3915 9419 9421 9425
7 464 3058 3424 5191 6466 9017 9430
7 969 5923 6171 8258 9433 9435 9439
7 700 1255 1351 1504 3425 4880 9442
7 1668 9448 9450 9455 9457 9459 9463
7 418 950 973 1391 1403 1805 4011
7 940 2327 2448 3471 5040 6434 9101
7 1454 8546 9466 9471 9473 9475 9479
7 327 1189 1376 2483 3438 4105 5324
7 1477 9052 9485 9490 9492 9494 9498
7 1376 7350 9500 9505 9507 9509 9513
7 475 1330 1370 3864 5365 8551 9518
0
7 527 3209 3614 6927 8270 9528 9532
7 1176 4178 5844 8482 9535 9537 9541
7 288 673 685 1368 1593 2524 3360
7 597 2991 3410 9354 9545 9547 9551
7 492 1857 2221 4291 6071 9553 9557
7 1543 9565 9567 9572 9574 9576 9580
7 950 3436 3526 6165 8533 9582 9586
7 608 3181 3421 5324 7200 9398 9591
7 223 1495 1782 2106 2596 3242 6924
7 296 894 1028 1604 9605 9607 9611
7 419 1096 1233 1415 1600 2195 7862
7 231 695 748 1142 1381 1758 7124
7 699 2065 2828 4708 5995 7178 9617
7 855 2542 3244 4934 8381 9619 9623
7 505 1391 1704 4762 7172 9625 9629
7 483 1191 1845 2364 3210 6605 9631
7 527 2801 2833 3656 4029 5822 9633
7 438 2253 3006 6611 8500 9636 9640
7 372 3200 3692 5365 8805 9644 9648
5 675 4769 5145 8052 9651
1 527
7 302 1669 2068 3909 4707 5822 9655
7 541 7886 9657 9662 9664 9666 9670
7 1526 5570 8533 9674 9676 9678 9682
7 430 3576 4035 7270 9643 9685 9689
7 833 3653 4132 8889 9704 9706 9710
7 500 3067 3802 6525 9712 9714 9718
7 286 492 532 685 3061 4525 9720
7 716 4802 6075 9722 9724 9726 9730
7 372 2119 3181 7195 8664 9732 9736
7 300 532 673 695 904 1033 2377
7 1738 9743 9745 9750 9752 9754 9758
7 593 2515 3037 3612 4035 5312 9766
7 384 1766 2106 4709 5348 6632 9768
7 960 4786 4890 8665 9771 9773 9777
7 685 2560 2581 4360 4890 6098 9779
7 709 2429 2536 3436 3656 5049 9782
7 469 5722 9603 9788 9790 9792 9796
7 343 2380 3043 5621 8546 9798 9802
7 418 1370 1877 2958 5708 9804 9808
7 511 2348 2815 3571 3691 6069 9812
7 283 898 1100 3038 3602 4890 9815
7 701 1503 1547 2769 3051 4963 9818
7 289 462 517 695 898 1564 7819
0
7 1265 9823 9825 9830 9832 9834 9838
7 1074 9842 9844 9849 9851 9853 9857
7 911 2329 2777 3339 4731 5328 9861
7 2404 9878 9880 9885 9887 9889 9893
7 1052 6507 9895 9900 9902 9904 9908
7 304 519 898 5610 8388 9915 9919
7 747 9106 9922 9927 9929 9931 9935
7 593 9938 9940 9945 9947 9949 9953
7 1907 9960 9962 9967 9969 9971 9975
7 419 2005 3037 3600 4610 8388 9977
7 314 695 793 1420 1443 1447 5341
7 3425 9995 9997 10002 10004 10006 10010
7 830 3198 3641 10017 10019 10021 10025
7 412 2360 2903 4232 6276 6443 10029
7 455 1230 1435 2645 3783 4704 10032
7 305 519 674 1441 1604 2524 8167
7 300 680 695 1025 2523 3279 5859
7 542 2795 2921 4095 6124 7031 10038
7 469 1769 2116 4711 7131 8376 10042
4 293 2079 3293 10045
7 10057 10076 10078 10083 10085 10087 10091
7 480 8386 9851 10097 10099 10101 10105
7 1228 3635 4492 8456 10108 10110 10114
7 1082 6131 6628 10116 10118 10120 10124
7 219 848 854 1366 1942 2594 10126
7 623 9247 10129 10134 10136 10138 10142
7 494 2943 4481 10146 10148 10150 10154
7 1504 4697 4904 10158 10160 10162 10166
7 1329 4040 4202 7267 7717 10168 10172
7 418 1366 1391 2262 3090 3221 5789
7 327 1420 1444 3295 4381 4718 10174
7 595 6916 7691 9912 10177 10179 10183
7 921 2328 2955 4036 10168 10186 10190
7 3493 10203 10205 10210 10212 10214 10218
7 701 1883 2328 2770 2841 4096 10220
7 288 2205 3600 5621 6253 8664 10225
7 746 2791 3826 5918 7226 10227 10231
7 412 1950 3993 6443 7000 9181 10235
7 531 1397 1845 2924 2941 5847 9527
7 845 7465 10239 10244 10246 10248 10252
7 532 3347 4387 6886 7968 9685 10257
7 1935 6204 10260 10265 10267 10269 10273
7 4110 10277 10279 10284 10286 10288 10292
7 475 2065 2195 3167 4966 5186 10294
1 1265
7 1197 4008 4994 9751 10301 10303 10307
7 542 5109 7188 10311 10313 10315 10319
7 626 3977 6034 10099 10321 10323 10327
7 412 2349 2358 4683 6397 8269 10331
7 2014 10334 10336 10341 10343 10345 10349
7 294 670 675 963 1432 4603 10352
7 292 522 680 1450 1675 2068 5410
7 305 1105 1454 2007 2439 2721 5337
7 1538 5892 7481 10237 10355 10357 10361
7 612 4162 4929 10364 10366 10368 10372
7 422 1391 1403 1959 3317 3668 10375
7 300 1235 1392 1670 2005 3950 10378
7 293 1095 1511 2068 2485 3663 6121
7 1402 4860 5513 7113 9212 9217 10383
7 338 2079 2819 4926 7292 7652 10387
7 522 2009 2506 4602 5030 7502 10391
7 418 1389 1396 3166 3654 4351 7175
7 221 697 708 1070 1391 2331 3363
7 1360 4896 4901 6965 9227 9587 10397
7 959 10402 10404 10409 10411 10413 10417
0
7 702 4008 4713 5507 5995 5997 10421
7 683 1807 2562 5034 5115 5123 10424
7 289 371 455 1028 1571 10431 10435
7 1066 3067 3164 4624 6926 10437 10441
7 312 680 781 1419 1442 1588 5414
7 1798 10452 10454 10459 10461 10463 10467
7 1351 5693 7179 10469 10471 10473 10477
7 312 1023 1045 2232 4769 10479 10483
7 1036 4718 5995 10489 10491 10493 10497
7 394 1682 1900 3287 6548 8198 10502
7 319 695 904 1419 2077 3521 8936
7 300 695 785 1675 2377 3055 10508
7 430 1751 1999 3104 3356 5881 10512
7 1104 4576 7272 9925 10515 10517 10521
7 492 4093 5482 6615 10523 10525 10529
7 623 3191 3327 5983 8205 10531 10535
7 729 2336 2575 2767 3955 4375 10538
7 911 3163 3209 6258 10540 10542 10546
7 898 10148 10553 10558 10560 10562 10566
7 866 1969 2460 4680 5363 5720 10576
7 401 2585 3037 5018 7655 10578 10582
7 876 5177 8023 10586 10588 10590 10594
7 282 783 897 1762 2506 4758 6579
7 1031 5189 5825 6466 10033 10597 10601
7 2074 10604 10606 10611 10613 10615 10619
7 826 2718 2943 5184 6162 10623 10627
7 505 1864 1883 4808 4817 5034 10631
7 300 540 695 1038 1919 2578 4727
7 455 1669 1854 5634 5825 6401 10636
7 722 2835 3421 6993 8393 10127 10641
7 1254 4963 5547 10643 10645 10647 10651
7 289 1237 1705 2509 2815 3330 10655
7 289 897 1919 4472 7604 8555 10660
7 304 673 959 1447 2005 2504 7141
7 919 2331 2764 4081 6945 6956 10665
7 214 960 1081 1397 1777 2594 7025
7 497 2941 3427 4242 5061 6728 10667
7 831 4690 5516 10164 10669 10671 10675
7 319 1461 1650 10678 10680 10682 10686
7 435 2918 3242 3663 4262 5292 9099
7 419 1623 1743 3691 3998 5801 10694
7 534 1663 1854 2415 3064 4105 6628
7 1937 10443 10697 10702 10704 10706 10710
7 412 3608 3973 6611 7486 10712 10716
7 462 10726 10728 10733 10735 10737 10741
7 604 2511 3043 5113 5115 5125 10743
7 6843 10761 10763 10768 10770 10772 10776
7 531 2347 2831 6250 6405 8157 10780
7 1736 2661 2671 10229 10783 10785 10789
7 974 10796 10798 10803 10805 10807 10811
7 609 2528 2820 5996 6071 9016 10816
7 1248 4187 4929 7316 9027 10819 10823
7 950 3902 5939 10826 10828 10830 10834
7 433 1934 2591 4374 10302 10836 10840
7 608 2409 2835 6679 6991 7467 10843
7 1286 6605 9266 10849 10851 10853 10857
7 2134 7325 9532 10861 10863 10865 10869
7 311 3104 4651 8954 10873 10875 10879
7 801 1859 2337 3571 5543 9576 10883
7 614 4632 7367 9400 10122 10886 10890
7 538 3693 5290 8849 10893 10895 10899
2 1039 10908
7 418 1943 2331 4035 4285 7172 10911
7 1032 4712 5825 6648 7649 7999 10921
7 2755 6428 7481 10322 10927 10929 10933
7 2188 5894 7648 10935 10937 10939 10943
7 910 4096 4373 5038 5045 8193 10945
7 1288 10950 10952 10957 10959 10961 10965
7 423 2106 3665 6580 8964 10967 10971
7 323 1081 1234 1504 2106 3180 5809
7 992 3464 3912 4233 7956 10974 10978
7 530 9865 10981 10986 10988 10990 10994
7 2232 6494 7971 11007 11009 11011 11015
7 674 4180 5526 8527 9564 10935 11020
7 153 1877 1886 3084 4364 6944 11024
7 520 5414 6101 11027 11029 11031 11035
7 1230 7924 9943 11039 11041 11043 11047
7 2444 11051 11053 11058 11060 11062 11066
7 976 7296 9511 11070 11072 11074 11078
7 294 1038 1237 2820 3336 3425 6311
7 289 455 460 673 695 1442 2506
7 300 520 673 1442 2005 2504 7962
7 700 3715 4117 10400 10841 11082 11086
7 737 2510 2522 7534 8497 11088 11092
7 294 1397 1460 2262 3050 3687 10316
7 492 3341 3665 8518 8950 10813 11098
7 1108 5319 5923 11100 11102 11104 11108
7 406 1429 1647 4095 4707 5127 10578
7 691 2820 3037 4637 6110 9503 11119
7 528 2250 2522 7108 9804 11122 11126
7 911 2945 3380 6620 10383 11129 11133
7 718 2575 2771 6131 8911 10543 11136
7 6865 11148 11150 11155 11157 11159 11163
7 1369 6171 6628 11165 11167 11169 11173
7 1604 7188 10852 11179 11181 11183 11187
7 325 898 1440 3103 4584 9451 11194
7 296 532 695 904 1023 1234 6632
7 801 1845 1852 2364 2599 3870 11197
7 302 1443 1450 3174 3362 5031 11200
7 433 2253 2272 6092 7349 10130 11205
7 427 3187 3374 6277 7842 9846 11208
7 224 1177 1375 1843 5083 8725 11212
7 3750 11223 11225 11230 11232 11234 11238
7 448 8483 11240 11245 11247 11249 11253
3 469 1449 6448
7 11260 11279 11281 11286 11288 11290 11294
7 623 2390 2827 3620 5529 6066 11297
7 421 8966 11300 11305 11307 11309 11313
7 480 1696 1999 3703 3825 3922 10187
7 372 1919 2036 3452 3705 4465 11318
7 289 904 1014 3461 4472 7891 11323
7 223 2429 3269 6572 11325 11327 11331
4 4526 11345 11347 11352
7 1613 6439 8273 11354 11356 11358 11362
7 264 1748 1763 5620 6012 10138 11367
7 2439 8356 11369 11374 11376 11378 11382
7 1738 7000 8258 11384 11386 11388 11392
7 487 1289 1372 2820 3363 3677 7035
7 482 2012 2509 2953 3783 5132 7744
7 486 1581 1669 2939 4301 5186 11396
7 406 1237 1373 2560 2803 2821 6311
0
1 894
7 2262 10096 10916 11402 11404 11406 11410
7 598 3077 3304 4301 6174 6628 11412
7 289 470 631 906 1016 1450 6178
7 825 3646 4518 8460 9179 10574 11418
7 488 2506 3180 4117 4350 4917 11168
7 372 942 1026 1173 1237 1504 2967
7 360 1094 1233 1417 1786 2766 6974
7 458 2035 2633 3839 4890 5801 11421
7 327 897 961 2087 2523 3174 4600
7 534 4408 5863 11424 11426 11428 11432
7 700 2040 2327 4167 6231 7270 11436
7 845 2355 2724 3207 4963 6348 11440
7 295 904 1587 3281 3451 4472 11442
7 493 2645 4353 8099 9693 11423 11447
7 239 1113 1385 2475 3432 3916 11449
7 1538 10285 11452 11457 11459 11461 11465
7 724 7096 7925 9115 11474 11476 11480
7 294 1370 1454 2504 3719 4890 11482
7 361 1442 1447 2077 2092 2893 6493
7 3181 10676 11486 11491 11493 11495 11499
7 701 6598 8630 10886 11501 11503 11507
7 2404 7935 8598 11511 11513 11515 11519
7 989 2916 3099 7702 9020 11521 11525
7 469 1604 1854 4468 5823 5863 9151
7 807 2703 2770 3070 4080 4372 5515
7 492 1397 1845 3757 5486 10145 11531
7 312 695 898 1970 5621 8179 11535
7 2266 11541 11543 11548 11550 11552 11556
7 311 695 784 1443 1449 2069 4468
7 2400 11561 11563 11568 11570 11572 11576
7 220 854 1074 1495 1623 1864 10236
7 1089 3630 4003 6765 11384 11581 11585
7 506 1341 1403 3669 4721 5521 10494
7 561 5621 5912 11588 11590 11592 11596
7 314 973 1033 2122 4468 5863 11598
7 1495 7842 10229 11384 11600 11602 11606
7 1846 7097 7862 11608 11610 11612 11616
7 354 1419 1421 2010 2077 2528 4388
7 296 793 950 1450 2004 2377 11618
7 318 793 1442 2964 3340 4467 11620
7 955 4026 5841 6204 6902 11003 11625
7 2331 8595 9767 11630 11632 11634 11638
7 1418 6582 7251 10534 11636 11641 11645
7 612 7233 8578 11649 11651 11653 11657
7 908 2448 2767 3812 5687 8222 11660
7 296 1379 1600 2626 6785 11663 11667
7 435 4374 4690 5294 5516 7178 11669
7 528 3407 3658 4712 8716 9862 11673
7 322 3178 4610 7568 8187 11675 11679
7 491 2588 3296 5854 6463 7652 11683
7 289 406 458 540 894 1025 1604
7 296 881 898 2964 3156 3295 11686
7 712 11688 11690 11695 11697 11699 11703
7 252 1786 1883 3404 3663 5711 11705
7 223 1476 1975 3186 3662 4620 9638
7 1618 11267 11354 11712 11714 11716 11720
7 1403 9584 11723 11728 11730 11732 11736
7 1053 4105 4300 6311 9513 10116 11740
7 312 1232 1419 1919 3153 3665 4605
7 991 6939 7639 11746 11748 11750 11754
7 1112 5290 7018 9960 11757 11759 11763
7 390 2412 3336 4524 6312 10295 11767
7 412 1385 1391 3222 3949 4620 11769
7 1738 8656 11021 11772 11774 11776 11780
7 1096 6568 8120 11782 11784 11786 11790
7 556 4447 4972 7505 11792 11794 11798
7 531 2415 2598 4713 4721 4740 6394
7 181 1303 1698 2618 3825 4761 11801
7 11811 11830 11832 11837 11839 11841 11845
7 492 4105 5083 11330 11407 11848 11852
7 294 2087 2504 3287 4977 9334 11855
7 948 3589 4201 8220 8729 11857 11861
7 505 4983 6536 10227 11863 11865 11869
7 338 1461 2003 4922 7005 7568 11875
7 683 3089 3380 4050 6617 8911 11879
7 186 1122 1235 2881 3271 4872 9761
7 1699 11545 11883 11888 11890 11892 11896
7 1194 10689 10850 11902 11904 11906 11910
7 322 1234 1396 2005 2262 3178 4622
7 222 1695 2804 7594 9630 10177 11914
7 279 1593 1811 3802 6580 8221 11917
7 289 673 883 1675 1919 2957 11919
7 501 1191 1663 2920 3513 4021 9527
7 2671 11923 11925 11930 11932 11934 11938
7 293 528 695 899 963 4466 11941
7 909 2634 2830 4839 5544 6996 11945
7 1171 2939 4084 6469 7648 10938 11949
7 836 4146 5084 6628 9923 11873 11954
7 321 6420 7886 10722 10728 11956 11960
7 300 530 683 1366 1391 2122 7374
0
7 3280 10730 10736 11835 11844 11967 11971
7 483 2554 2679 3975 4141 4145 11974
7 1446 11977 11979 11984 11986 11988 11992
7 296 695 877 1400 2068 2205 4472
7 12003 12022 12024 12029 12031 12033 12037
7 460 1034 2483 5828 8448 12039 12043
7 2552 12049 12051 12056 12058 12060 12064
7 319 695 921 1105 2010 3105 6288
7 871 4761 5547 12068 12070 12072 12076
7 703 12078 12080 12085 12087 12089 12093
7 338 1446 1600 3332 4170 5656 7497
7 228 1385 1454 5534 7635 12100 12104
7 449 1444 1588 11619 12107 12109 12113
7 294 492 532 894 957 1034 3680
7 215 1081 1389 1757 2328 3671 8392
7 491 4348 6458 12117 12119 12121 12125
7 294 683 793 1028 1237 1859 6007
7 346 1028 1472 2523 3367 5028 10979
7 293 1592 2375 3789 3948 5127 12130
7 709 5056 6586 9397 10441 12132 12136
7 368 10637 12129 12142 12144 12146 12150
7 1233 6679 8386 12152 12154 12156 12160
7 449 2957 3293 6262 7188 10816 12168
7 6399 12178 12180 12185 12187 12189 12193
7 450 1034 1045 1650 1670 2377 5624
7 430 1968 3061 6939 10513 12195 12199
7 911 4756 6949 12201 12203 12205 12209
7 718 2916 3243 4042 6025 9307 12214
7 593 3810 4872 8916 12216 12218 12222
7 1687 4922 5145 12225 12227 12229 12233
7 1850 7828 8954 12236 12238 12240 12244
7 3808 12250 12252 12257 12259 12261 12265
7 527 3181 4003 6584 7367 9396 12269
7 4042 12274 12276 12281 12283 12285 12289
7 1939 10270 12163 12295 12297 12299 12303
7 615 7008 10781 12307 12309 12311 12315
7 513 2936 3208 8516 10025 12096 12320
7 809 4078 5550 10105 10676 12322 12326
7 799 2641 3511 4821 6124 9810 12331
7 1176 5507 5996 7652 10438 12333 12337
7 1900 12344 12346 12351 12353 12355 12359
7 167 1089 1372 3151 3955 7172 12362
7 1089 9265 11242 12365 12367 12369 12373
7 430 1480 1510 4095 6584 12375 12379
7 4955 12393 12395 12400 12402 12404 12408
7 2585 12418 12420 12425 12427 12429 12433
7 674 1973 2641 3332 3654 4663 12441
7 295 5875 7465 9543 12443 12445 12449
7 894 4051 4247 5952 7039 11426 12454
7 505 2068 2124 3182 3243 5381 10533
7 1357 4096 4697 5716 9227 12458 12462
7 770 1136 1186 1532 1857 2920 12464
7 4093 11608 12236 12469 12471 12473 12477
7 449 1919 2483 4718 6397 12479 12483
7 322 1447 1604 3425 6386 7962 12487
7 325 2887 3279 7188 7980 10722 12492
7 1949 6092 6679 10100 11895 12494 12498
7 619 2696 5420 8258 8755 11691 12502
7 807 2830 3012 4712 4721 4950 7176
7 300 1466 2838 3507 3948 6385 12507
7 292 2504 3037 7604 11330 12510 12514
7 289 777 892 1919 3282 4168 8388
7 1089 8345 10082 12518 12520 12522 12526
7 520 2504 3108 4600 5424 6473 12528
7 308 788 1023 1234 1443 2504 5031
7 748 3691 3949 7172 7581 8474 12531
7 383 1801 1869 2772 4348 6535 12535
7 430 1763 1801 2332 3816 6582 9781
7 1969 10105 12537 12542 12544 12546 12550
7 952 4812 5573 9314 11862 12553 12557
7 3627 12562 12564 12569 12571 12573 12577
7 698 2635 3663 5655 7251 9111 12582
7 450 1674 1689 3460 4174 4466 12584
7 319 683 698 2068 2076 2079 3287
7 727 3858 6904 11105 12152 12587 12591
7 223 1403 1763 12377 12593 12595 12599
7 423 1142 1677 3181 3429 4363 12602
7 1613 5312 7337 10107 10863 12606 12610
0
7 1193 12625 12627 12632 12634 12636 12640
7 1459 12644 12646 12651 12653 12655 12659
7 896 4522 6595 12663 12665 12667 12671
7 187 1067 1404 2536 2542 3844 8762
7 3242 12674 12676 12681 12683 12685 12689
7 214 2331 2409 3677 4171 6061 12691
7 1289 12706 12708 12713 12715 12717 12721
7 969 5404 6128 8665 10400 12324 12726
7 677 3687 4522 8744 10896 12728 12732
7 492 2135 2580 4178 6321 6625 12164
7 2524 8517 9642 11973 12736 12738 12742
7 216 1496 2504 3632 3687 4224 8473
7 193 992 1081 1939 2262 4300 5807
7 11171 12760 12762 12767 12769 12771 12775
7 299 882 942 2007 3672 4173 12777
7 577 4285 5536 7485 7527 8119 12779
7 2814 7938 8595 11516 11637 12781 12785
7 170 1090 1141 6382 11395 12787 12791
7 327 3295 3356 6579 11070 12794 12798
7 608 2136 2458 3481 3729 5923 9482
7 523 6187 7812 12805 12807 12809 12813
7 10805 12832 12834 12839 12841 12843 12847
7 728 2360 4042 5399 7000 9473 12849
7 857 5783 5793 12851 12853 12855 12859
7 529 4069 5059 8385 10399 12861 12865
7 460 3890 4770 9423 12867 12869 12873
7 701 7104 7351 12875 12877 12879 12883
7 799 2365 2464 6131 6536 8709 12886
7 292 1968 2691 12600 12889 12891 12895
7 414 3273 5115 8614 9357 12897 12901
7 221 1510 1746 2766 2835 6168 12904
7 626 6036 6614 9027 10890 12906 12910
7 876 1705 2327 3801 7857 8694 12914
7 845 2337 3656 7267 8537 9234 12918
7 612 11739 12270 12924 12926 12928 12932
7 921 3566 4139 6122 6624 7714 12936
7 695 6944 8643 12938 12940 12942 12946
7 299 673 675 1028 1571 1691 12948
7 305 2526 3061 4522 6769 10896 12952
7 624 2835 3252 11661 12187 12955 12959
7 312 698 894 1237 2528 3341 7548
7 803 10426 12968 12973 12975 12977 12981
7 292 1089 1234 2262 3037 4610 10142
7 1113 9613 12984 12989 12991 12993 12997
7 866 4072 4194 9236 11526 11879 13002
7 909 2774 3517 6110 6165 11742 13007
7 240 1746 1758 3037 3222 5292 10430
1 11970
7 312 3156 4376 7296 8511 13018 13022
7 608 1405 1504 2722 3271 3578 13024
7 612 6092 6611 11189 12260 13027 13031
0
7 495 1349 1536 4711 4724 4735 13037
7 681 4035 4727 6458 6628 13009 13043
7 2404 11288 13046 13051 13053 13055 13059
7 292 675 681 793 1034 1234 1664
7 294 1705 3164 6731 7259 9804 13064
7 700 2168 2332 2881 5049 8118 13066
7 548 2766 3136 5294 8348 10641 13070
7 4099 13076 13078 13083 13085 13087 13091
7 327 1039 1366 2587 3221 3673 8960
7 326 1440 1447 4470 4941 5863 9451
7 419 1727 1763 3973 5802 6611 13093
7 215 952 1080 3089 8455 9820 13096
7 760 2774 2921 3870 4275 7764 13098
7 300 2205 3263 6242 8309 13100 13104
7 305 683 899 1461 1675 4351 9801
7 1954 8658 11537 13109 13111 13113 13117
7 1142 4011 5298 12560 13122 13124 13128
7 1251 8993 10818 13133 13135 13137 13141
7 712 13144 13146 13151 13153 13155 13159
7 616 3621 3633 7580 9843 12661 13164
1 3429
7 433 1920 2404 5031 5620 11365 13175
7 729 3256 3460 7655 8474 12584 13180
7 482 1186 1663 2417 2936 3291 4963
7 397 1671 2010 4176 4397 4599 8922
7 224 1409 1746 2250 2522 3363 10133
7 815 2359 2364 2949 4518 6666 13184
7 312 898 1438 2003 3360 6317 10659
7 334 1438 1999 4202 5643 6717 13190
7 296 897 1547 2087 2506 3287 13192
7 295 963 1571 3037 3186 3451 8170
7 418 1502 1547 3037 3349 3674 7962
7 222 1154 1414 1942 2522 5854 12136
7 380 1443 2005 3053 4468 7188 13199
7 302 680 695 1028 1443 1921 3159
0
7 286 459 512 894 957 1593 4805
7 845 2478 2803 5174 6929 13204 13208
7 675 3090 3689 7959 13210 13212 13216
7 293 4466 4478 8555 10658 10741 13219
7 701 3513 4455 13222 13224 13226 13230
7 739 3620 3734 6995 9925 12267 13232
7 13240 13259 13261 13266 13268 13270 13274
7 338 1235 1624 3269 3813 4890 13277
7 327 971 1038 3013 3210 3873 5996
7 399 1504 1511 3609 3839 5660 13282
7 579 2161 2349 3432 4032 6536 13286
7 1122 4677 4955 9548 13288 13290 13294
6 1177 7177 9730 13299 13301 13303
7 1977 10384 12965 13311 13313 13315 13319
7 1694 12136 13207 13325 13327 13329 13333
7 247 2012 2536 2917 4868 5138 13335
7 1108 5425 6959 11204 12921 13340 13344
7 3702 13350 13352 13357 13359 13361 13365
7 1126 9480 11059 13368 13370 13372 13376
7 302 1042 1435 3454 3526 4704 13378
7 426 2262 3186 6077 7517 9588 13373
0
7 1213 9088 11385 13383 13385 13387 13391
7 220 1074 1095 1966 3033 3586 12537
7 287 1053 1150 2511 3180 3218 4917
7 327 1230 1366 2640 2830 4381 13397
7 1240 4128 4711 9943 10534 12993 13402
7 1416 8230 8812 13408 13410 13412 13416
7 377 1525 1704 2769 3668 5427 13418
7 1115 8823 9220 13423 13425 13427 13431
7 525 1576 1670 2957 4022 4468 13433
7 5324 13440 13442 13447 13449 13451 13455
7 455 4468 5145 12227 13458 13460 13464
7 412 1777 2178 7031 13466 13468 13472
7 847 1385 1630 2347 3698 4046 13474
7 460 2005 2529 5825 6401 7547 13477
7 969 4989 5889 8694 9009 13479 13483
7 821 1845 1859 2199 2827 2941 4837
7 421 2511 2518 2594 3242 4032 8473
7 616 6104 6539 11204 12099 13486 13490
7 296 684 784 1442 2077 3360 12777
7 1504 13497 13499 13504 13506 13508 13512
7 701 2559 4086 8220 10519 11857 13515
7 623 3085 3374 5424 6092 6691 11170
7 908 10706 13520 13525 13527 13529 13533
7 534 1237 1701 2827 4052 4350 13535
7 1235 11478 11516 13539 13541 13543 13547
7 300 638 674 899 1025 1450 3157
7 465 1493 1957 3783 4983 7485 9810
7 2274 10428 11088 13553 13555 13557 13561
7 283 908 969 1170 1691 2205 13564
7 455 1438 1461 4657 4891 8185 13566
7 3195 13581 13583 13588 13590 13592 13596
7 292 1088 1237 1865 2122 3033 9937
7 921 8393 8518 10967 13598 13600 13604
7 483 1109 1843 2331 2939 4178 13606
7 1186 5195 6761 10325 13608 13610 13614
7 406 1240 2106 4117 4178 5030 9403
7 1186 6452 6620 9533 11037 13617 13621
7 848 5312 6276 12800 13624 13626 13630
7 327 1233 1461 3290 3678 3795 13633
7 418 1235 1238 1903 2337 3007 8178
7 626 3826 5358 6775 10389 11317 13636
7 1622 8708 10267 12610 13639 13641 13645
7 412 2392 3186 8510 10924 13186 13650
7 301 2439 3180 5315 11542 12731 13654
7 455 2077 2506 3367 5853 10501 13657
7 2317 8828 12972 13663 13665 13667 13671
7 685 4992 6452 9721 10814 12097 13676
7 419 1443 1447 2122 2529 3180 5061
7 423 1381 1623 5113 6583 8546 13679
7 431 1403 1504 2835 3693 4692 13682
7 1288 9338 10771 13691 13693 13695 13699
7 285 673 697 1028 1234 1454 2161
7 623 2573 3262 5746 11581 13702 13706
7 847 1517 1519 2835 3704 7265 13708
0
7 1677 13717 13719 13724 13726 13728 13732
7 327 784 904 2005 3877 13734 13738
7 371 1898 2337 5647 12802 12813 13744
7 847 2522 2617 3862 5719 9099 13747
7 397 1039 1177 2181 2504 3673 8927
7 596 2262 2409 3618 4003 4444 11794
7 412 1961 2409 3594 3620 5031 6995
7 1158 8441 9398 13751 13753 13755 13759
7 292 1381 1500 2594 3604 4889 9588
7 2696 13762 13764 13769 13771 13773 13777
7 452 2421 2431 6092 9038 12441 13784
7 739 5501 10638 13787 13789 13791 13795
7 300 537 539 1028 1234 1443 7568
7 527 1895 2590 3064 3693 3998 7031
7 418 1757 2116 3037 4031 4035 8504
7 530 5836 5842 8481 13803 13805 13809
7 469 2587 2641 3677 3783 6124 13811
7 435 3987 4709 8501 8504 13173 13815
7 1222 10909 13817 13822 13824 13826 13830
7 430 1389 1461 2594 3374 4890 13832
7 298 668 680 2375 3520 4707 8950
7 423 1757 2588 3431 4718 5322 12478
7 1088 5629 7502 8448 9074 11450 13837
7 8116 13852 13854 13859 13861 13863 13867
7 868 2618 2995 7956 10347 12955 13871
7 700 1351 1363 1663 2814 2943 4711
7 300 900 957 1237 1449 1675 6548
7 703 3673 4646 5318 6122 6412 13873
7 383 3270 5336 11196 13875 13877 13881
0
7 1089 6107 7497 13886 13888 13890 13894
7 296 1420 1921 9664 13192 13897 13901
7 288 1234 1587 4597 10740 13904 13908
7 469 3349 4467 13910 13912 13914 13918
7 432 1755 1769 5319 6583 8510 13921
7 432 3151 3336 6582 7600 10131 13924
7 2525 10905 13023 13930 13932 13934 13938
7 418 1503 2108 2801 4163 5424 12297
7 804 3007 3391 4083 5508 8261 13942
7 722 2818 3184 4081 5333 6580 13945
7 807 4740 6455 8522 11095 12337 13949
7 319 2076 2087 4464 5445 12149 13954
7 340 1366 1447 5030 7974 13517 13958
7 431 2424 3637 13961 13963 13965 13969
7 727 2610 2873 4670 6708 8119 13973
7 1034 3336 4646 6624 7649 12338 13977
7 295 957 1773 3451 4831 7008 13980
7 480 2599 2961 4949 5624 5853 13983
7 312 675 695 1447 2500 3360 4704
7 176 989 996 1404 1698 1883 3912
7 300 541 674 1678 3525 4480 6076
7 673 6594 7978 13987 13989 13991 13995
7 304 522 534 695 899 1442 2599
7 310 1435 1676 3600 4383 5996 13997
7 843 8253 11895 13668 14000 14002 14006
7 327 684 784 2919 3783 7031 14009
7 283 781 942 1894 2968 3166 14011
7 3189 14016 14018 14023 14025 14027 14031
7 752 8065 12532 14036 14038 14040 14044
7 371 2587 3056 3783 4522 6720 9810
7 292 517 674 899 1450 1592 3423
7 485 8518 11397 14047 14049 14051 14055
7 224 685 701 1035 1234 1391 9617
7 417 2253 3432 6062 6280 11204 13518
7 296 608 673 1237 1444 1999 6571
7 512 4052 5337 9911 14061 14063 14067
7 685 4602 5183 9151 10634 12039 14071
7 735 8309 10230 14073 14075 14077 14081
7 296 1919 1928 4927 5097 5863 14084
7 319 522 538 1370 1663 2005 6551
7 14087 14106 14108 14113 14115 14117 14121
7 326 684 695 1440 1650 2005 14123
7 814 5883 8068 11466 14125 14127 14131
7 530 2272 2418 4157 7635 13171 14135
7 960 4071 5318 9645 13201 14138 14142
7 492 1179 1240 1664 1798 1959 4740
7 2363 10281 14144 14149 14151 14153 14157
7 283 2383 3037 5665 9254 11927 14162
7 418 1107 1240 2161 2532 3424 6071
7 947 12723 14168 14173 14175 14177 14181
7 312 1368 1845 3687 3797 5621 14183
7 825 4087 7597 12320 14185 14187 14191
7 410 1743 1965 2798 3256 3953 6919
7 492 5722 8551 10662 14195 14197 14201
7 1552 10574 11529 14207 14209 14211 14215
7 397 7655 7882 14217 14219 14221 14225
7 3729 11489 13121 14230 14232 14234 14238
7 423 1146 1381 2671 3604 6707 14240
7 8251 14258 14260 14265 14267 14269 14273
7 614 4060 6056 11214 13330 14276 14280
7 14293 14312 14314 14319 14321 14323 14327
7 1114 8929 10025 14330 14332 14334 14338
7 2414 8100 12776 14343 14345 14347 14351
7 952 8381 9621 14354 14356 14358 14362
7 300 1604 3280 9688 12435 14365 14369
7 1390 14373 14375 14380 14382 14384 14388
7 181 1370 1778 6382 11147 14390 14394
7 231 1381 1503 3633 3695 5804 14153
7 2678 14401 14403 14408 14410 14412 14416
7 223 894 1089 1746 2115 3051 3663
7 300 1368 1664 3783 4386 4391 5471
7 300 537 640 1023 1237 1450 4208
6 842 4692 5805 14424 14426 14428
7 157 1147 1877 3252 3692 4030 5381
7 338 5627 12479 14433 14435 14437 14441
7 310 3425 3858 6581 8178 10729 14445
7 293 532 677 1547 2067 2587 7962
7 614 2609 3243 6057 8471 13884 14448
7 418 1039 1182 1900 2371 2939 7962
7 368 2113 3419 9336 11423 13740 14452
7 327 1023 1368 1664 2005 3795 14455
7 434 1729 2328 3953 6175 8477 14460
7 418 3303 4112 8077 9252 12733 14464
7 320 899 1444 4657 7293 10032 14468
7 1039 4352 4919 7505 11397 13754 14473
7 312 788 894 1442 1447 2504 10908
7 511 2328 2575 4008 4690 5393 10487
7 3317 10469 14477 14482 14484 14486 14490
7 295 963 1089 1685 1919 2504 5809
7 285 1763 1919 4592 5642 10659 14493
7 423 1401 1696 3374 3571 5883 14495
7 465 3061 3236 5660 6265 10033 14499
7 938 1795 2327 3574 4579 5038 14501
7 458 4386 4708 5319 6311 8995 14505
7 221 1109 1363 2262 2308 2816 14508
7 492 2513 3180 4065 4920 13287 14513
7 512 2425 2924 4707 7116 7946 14515
7 988 6078 7195 9630 10979 14517 14521
7 221 2424 3229 5330 11102 14523 14527
1 4506
7 399 1663 1999 2936 3104 4963 7204
7 383 1145 1503 3189 4963 5299 14539
7 219 955 973 1973 2795 3663 10633
7 442 2418 2586 4032 5115 6925 14541
7 683 2262 2594 3363 3801 4917 14545
7 221 1397 2354 5824 6926 8688 14549
0
7 522 4963 5032 13999 14553 14555 14559
7 894 2766 2835 3578 4167 5719 12218
7 293 777 791 2205 2506 3454 5445
7 845 3864 4589 10383 10519 12644 14565
7 2131 10865 12608 14569 14571 14573 14577
7 294 1025 1171 1668 2420 2637 14579
7 406 1185 1237 1959 2830 4388 13971
7 433 1446 1823 3280 3667 7188 14583
7 452 1623 1663 2331 2768 3180 14587
7 1431 12108 14225 14593 14595 14597 14601
7 294 537 673 1033 1419 1604 2964
7 410 1366 1501 3010 3988 4009 14604
7 292 960 1081 1415 1961 2122 4351
7 512 3390 4471 12468 14606 14608 14612
7 452 2065 3336 4388 5624 6936 14615
7 675 4963 8391 14620 14622 14624 14628
7 293 492 640 784 899 1675 6251
7 423 1508 1654 3108 3296 3691 14630
7 491 1967 1974 5366 6888 10575 14634
7 1418 7218 9352 14637 14639 14641 14645
7 1235 14649 14651 14656 14658 14660 14664
7 343 3060 3526 7498 9427 14666 14670
7 300 906 1042 1920 2003 2919 5411
7 424 2688 3180 5393 6640 7059 14415
7 304 676 777 902 1604 1851 14673
7 1034 4917 5317 10329 11109 11728 14678
7 2820 11404 14680 14685 14687 14689 14693
7 372 1409 1772 3037 3576 5643 14695
7 480 1237 1680 3296 4112 4178 14699
7 247 2534 3084 4046 5330 14701 14705
7 908 1802 2327 3574 3579 5038 10575
7 177 1943 2392 3598 4555 7688 14710
7 1240 3423 3533 4449 5526 6889 14713
7 754 2559 3921 10383 11493 14204 14718
7 300 1089 1494 3166 3251 3826 14720
7 312 898 1034 1675 4301 6214 14722
7 487 1230 1240 1959 2331 2349 5647
7 316 2528 3280 6214 8404 12095 14726
7 356 850 1109 1798 1962 3051 10639
7 556 1360 1525 4046 8098 9280 14730
7 848 2448 2768 4096 6887 8358 14735
7 219 1403 1418 3432 3671 6904 14738
7 2601 14165 14740 14745 14747 14749 14753
7 322 906 1442 2504 3465 7149 14756
7 861 8467 10488 14761 14763 14765 14769
0
7 797 4053 4213 9404 10550 10643 14776
7 426 1623 2504 4891 5411 7174 12962
7 287 492 522 675 683 793 2781
7 354 698 894 1419 1571 2005 13197
7 289 894 1089 2068 3180 3952 14780
0
7 531 2823 3064 3870 5353 8061 14787
7 526 10351 10702 14792 14794 14796 14800
7 480 1959 2331 3058 3571 4105 6852
7 290 963 1368 2205 3948 8097 14802
7 2609 11334 11921 14806 14808 14810 14814
7 2045 14816 14818 14823 14825 14827 14831
7 372 1360 1705 2364 3291 4023 14834
7 746 4613 5196 10324 14836 14838 14842
7 1247 13108 14845 14850 14852 14854 14858
7 1879 9741 10048 13779 14448 14861 14865
7 845 1926 2443 3712 5050 6162 11562
7 3632 14869 14871 14876 14878 14880 14884
7 4866 14893 14895 14900 14902 14904 14908
7 724 4624 6025 11628 14911 14913 14917
7 943 2328 2764 3585 4167 5363 8584
7 322 1023 1028 2504 3282 4704 11190
7 721 4880 8644 14924 14926 14928 14932
7 977 14935 14937 14942 14944 14946 14950
7 380 3341 4468 6178 8936 11483 14956
7 310 2068 3047 6579 9295 14958 14962
0
7 418 1875 2507 2755 3376 5301 14966
7 304 695 1033 1385 1476 2065 7650
7 428 1961 2507 3213 3608 5292 9588
7 3380 11882 14227 14971 14973 14975 14979
7 456 1680 2008 3687 4046 6814 14983
7 720 1969 2357 3201 3577 4202 14986
7 952 6971 7694 11450 13349 14988 14992
7 5746 15002 15004 15009 15011 15013 15017
7 897 8762 11328 15019 15021 15023 15027
7 1072 6949 8363 10339 13419 15019 15032
7 304 1919 2504 3090 3181 3334 7835
7 327 1045 1177 1960 2781 3151 12662
7 300 3188 3687 7842 15037 15039 15043
7 346 1025 1176 2936 10434 15045 15049
7 1495 6679 7108 9846 10284 11722 15053
7 315 942 1090 2164 3518 4810 15056
7 423 1074 1089 2476 2504 3254 8036
7 4917 15066 15068 15073 15075 15077 15081
7 911 3570 6620 11120 12645 15083 15087
7 412 1197 1391 2517 2766 3037 7349
7 1826 11402 12604 15091 15093 15095 15099
7 781 10743 12108 15104 15106 15108 15112
7 464 4598 6711 15114 15116 15118 15122
7 950 2478 3380 4275 4568 10380 15126
7 397 1237 1461 2106 2392 3336 5853
7 469 3451 6244 10667 10737 15128 15132
7 290 900 942 2506 3151 3295 15134
7 911 4093 5305 11681 12935 15136 15140
3 2590 15152 15154
7 292 455 460 530 537 899 3282
7 3036 15157 15159 15164 15166 15168 15172
7 701 7109 8220 15030 15175 15177 15181
7 2774 6124 7598 12332 15184 15186 15190
7 1360 6895 7612 10465 15192 15194 15198
7 414 2801 3334 6242 8477 12679 15201
7 220 674 894 1664 2003 3180 15203
0
7 608 3582 3612 7290 11357 12547 15208
7 1191 5591 6294 10915 15210 15212 15216
7 338 793 1420 2967 3295 5624 10817
7 1082 10551 12692 15221 15223 15225 15229
7 1991 8243 8510 14780 15232 15234 15238
7 372 1366 1369 2820 4093 6470 8504
7 412 3180 3667 4708 6458 10133 15242
7 343 2065 2966 3518 9281 15245 15249
7 228 1081 1107 2511 3656 5317 15251
7 336 960 1034 1192 2966 3151 4983
7 349 1237 1443 1919 3355 4388 6341
7 520 2262 2524 4069 5789 5907 15253
7 1728 4932 7579 14233 15255 15257 15261
7 346 877 971 2504 3178 4600 11682
7 222 2122 2582 3953 4620 5922 15264
7 383 2524 5216 9114 9783 15036 15269
5 343 3367 4392 15272 15274
7 2120 13800 15277 15282 15284 15286 15290
7 433 1973 2113 4920 6583 8278 15294
7 913 2604 2777 3698 4406 5056 15297
7 3126 10375 11829 15301 15303 15305 15309
7 327 4208 6214 15312 15314 15316 15320
7 953 11247 11279 15324 15326 15328 15332
7 1122 6104 6628 11720 12995 13394 15336
7 1402 4040 4167 5719 6140 8345 15338
7 480 1368 1663 1895 2335 2770 4096
7 794 7234 10693 15343 15345 15347 15351
7 556 2588 3010 6392 7505 11085 15354
7 1387 7457 9976 15359 15361 15363 15367
7 673 1349 1381 1503 1959 2014 4711
7 221 1146 1366 1879 2517 3993 10890
7 1407 5119 6814 15371 15373 15375 15379
7 4785 15389 15391 15396 15398 15400 15404
7 1066 7173 8030 10462 10888 12296 15407
7 608 1403 1803 6582 9111 9583 15409
7 432 1370 1415 3090 4605 5852 10400
7 294 462 492 540 897 3061 3458
7 561 2999 3106 4606 7581 7918 11718
7 11471 15427 15429 15434 15436 15438 15442
7 3280 11466 13522 15448 15450 15452 15456
7 15461 15480 15482 15487 15489 15491 15495
7 295 1234 1496 5494 7035 9817 15499
7 5074 15503 15505 15510 15512 15514 15518
7 419 12218 15520 15525 15527 15529 15533
7 305 684 693 2005 4600 5156 10352
7 294 525 538 1028 1447 2010 6244
7 419 3438 3869 6097 7505 10900 15536
7 412 1415 1698 2015 2661 4232 15538
7 614 3654 3993 9700 13754 14783 15543
7 365 1907 2085 3072 4602 6851 15546
0
7 2250 10375 11512 15552 15554 15556 15560
7 834 2337 3641 6961 8053 8066 15563
7 321 680 903 1604 2763 3283 15567
7 525 3423 3687 5146 6257 8511 15570
7 1109 5841 8065 14035 14040 15573 15577
7 748 3112 3211 6927 11453 15208 15582
7 684 2068 2119 3180 4813 6265 11307
7 327 1036 1370 2504 3180 5406 15584
7 1172 2597 2599 4084 4826 5007 13805
1 15588
7 1174 4082 4148 8081 8263 11018 15589
7 204 2454 2515 3988 4360 5765 11872
7 615 4939 6611 9623 11908 15090 15595
7 542 7039 10648 15597 15599 15601 15605
7 880 3291 3393 6070 6535 8448 12126
7 2553 11220 11223 11316 12049 15085 15612
7 1089 6785 7172 8769 9498 10439 15615
7 296 525 539 1000 1033 1447 4704
7 940 3433 4281 5324 8230 13415 15620
7 3630 15625 15627 15632 15634 15636 15640
7 343 3948 4704 6425 14138 15644 15648
0
7 511 2936 3203 7989 10220 14040 15653
7 513 1360 1400 3946 6805 7884 15655
7 1819 15660 15662 15667 15669 15671 15675
7 300 693 898 3285 3637 4983 13960
7 612 5529 6242 11111 12297 13799 15683
7 325 1366 1400 2562 3010 3654 9052
7 304 784 897 1441 1675 2079 15685
7 327 1466 2010 7811 10637 15687 15691
7 371 957 1025 2526 5030 13961 15695
7 2164 12383 15698 15703 15705 15707 15711
7 312 528 532 1173 1857 2003 4652
7 447 2820 3633 9029 10863 13988 15717
0
7 1039 4723 4949 11857 15719 15721 15725
7 992 3833 3835 5604 9630 15728 15732
7 369 1025 1177 2005 2079 2958 8966
7 10977 15736 15738 15743 15745 15747 15751
7 223 1089 1142 1511 2594 3604 8927
7 3716 15757 15759 15764 15766 15768 15772
7 311 673 675 899 1441 2079 2781
7 950 12270 15774 15779 15781 15783 15787
7 812 3724 3749 5299 8058 11629 15791
7 228 1081 1110 1895 2332 2814 12438
7 418 1232 1368 3667 3672 4610 10596
7 193 709 960 1729 2122 4613 15795
7 685 3367 4631 7172 8848 15797 15801
7 505 1193 1403 3242 4032 7857 15804
7 343 793 1034 1919 2065 2781 5624
7 2513 9588 12923 15808 15810 15812 15816
7 431 2068 2445 4600 5665 6971 15819
7 288 882 904 1921 2439 3452 10741
7 729 3433 3444 4680 5537 6895 8605
7 1393 5065 6161 14157 15132 15822 15826
7 2351 14700 15828 15833 15835 15837 15841
7 282 460 469 683 897 1381 4472
7 520 2590 3390 5424 6072 14072 15846
7 223 973 1366 1845 1959 2515 6106
7 221 1403 1496 2661 4803 5353 15849
5 293 2076 3281 15798 15852
7 1392 10853 15853 15858 15860 15862 15866
7 2671 15869 15871 15876 15878 15880 15884
7 1107 4031 4178 6171 6458 6624 15886
7 785 15888 15890 15895 15897 15899 15903
7 466 1230 1366 1865 2331 3345 8662
7 231 2522 3222 7219 11213 15907 15911
7 448 2571 3026 6169 7485 8219 15914
7 3613 13090 15916 15921 15923 15925 15929
7 288 371 455 537 695 957 2921
7 530 1397 1641 2328 2420 3323 10119
1 904
7 326 2964 4266 6178 12676 15933 15937
7 326 793 1234 1675 2523 2961 5350
7 527 1660 2328 3390 4371 7035 15943
7 310 2511 3604 7367 8654 11493 15946
7 709 4640 6012 8031 10841 11602 15951
7 1072 10247 11764 15955 15957 15959 15963
7 247 5863 8119 15966 15968 15970 15974
7 449 6253 7896 10744 12802 13040 15978
7 293 522 538 695 894 1235 3360
7 300 529 673 963 1081 1432 2483
7 4100 15980 15982 15987 15989 15991 15995
7 372 2641 4093 6460 8518 8954 15998
7 848 3263 3946 5198 6988 11118 16001
7 525 1641 1903 3280 3296 3539 10706
7 460 1237 1391 3180 3693 5610 11869
7 2457 16006 16008 16013 16015 16017 16021
7 289 532 538 1237 1400 1675 2781
7 310 673 680 1023 1038 1679 3153
7 327 1503 1536 2331 3061 3336 10133
7 418 1403 1504 3180 4447 4692 13684
7 216 849 894 1235 1391 1477 3826
7 320 1466 1587 4168 6185 7686 16025
7 686 13016 16027 16032 16034 16036 16040
7 286 1824 2056 3171 3912 5422 16044
7 677 4009 6459 7574 7580 8303 16047
7 223 1415 1815 3090 3423 4348 4621
7 1349 4040 5549 8193 11659 15033 16052
7 1138 7862 8634 14992 16054 16056 16060
7 1290 10644 15222 16066 16068 16070 16074
7 534 2181 2337 3641 5299 6452 16077
7 292 1081 1230 3037 3181 3687 7505
7 473 1509 2483 3433 3955 9114 16081
7 380 1234 1405 2161 2781 3077 11783
7 16090 16109 16111 16116 16118 16120 16124
7 8441 16131 16133 16138 16140 16142 16146
7 312 2504 3251 3602 4600 8388 16149
5 455 1675 1919 4769 16151
7 908 7654 8179 16152 16154 16156 16160
7 1133 4035 5621 9416 10674 10996 16164
7 16172 16191 16193 16198 16200 16202 16206
7 534 3085 3336 6919 10247 16208 16212
7 371 2076 2083 3885 4464 8998 16217
7 2552 5841 6628 10276 11038 11779 16222
7 914 2326 2328 2818 3433 3439 6603
3 4444 16240 16242
7 944 1989 3433 5564 8490 16245 16249
7 3317 11389 13073 16253 16255 16257 16261
7 1039 12382 13337 16266 16268 16270 16274
7 338 1023 1028 1681 2005 2525 16276
7 2875 16279 16281 16286 16288 16290 16294
7 1261 7307 9633 14793 16297 16299 16303
7 490 3050 3265 9188 9810 10338 16308
7 6968 16324 16326 16331 16333 16335 16339
3 1338 16343 16345
7 293 2164 3276 9865 10983 16347 16351
7 312 1571 2164 5653 7985 9662 16355
7 493 4488 4701 7240 8925 10602 16359
7 311 532 537 973 1238 1435 16362
7 2648 10273 11363 16364 16366 16368 16372
7 444 3221 3639 7112 10325 11041 16376
7 527 3374 3736 7025 10695 12952 16382
7 506 1960 2604 5301 5720 9787 16386
7 310 894 1105 1766 2005 3295 7588
7 283 1113 2016 3687 4865 5142 16389
7 16394 16413 16415 16420 16422 16424 16428
7 1495 8475 9845 12261 13330 14420 16433
7 1708 16435 16437 16442 16444 16446 16450
7 1107 8489 13369 16455 16457 16459 16463
7 709 6035 10697 16468 16470 16472 16476
7 1360 3698 4096 4674 5719 6140 11119
7 2711 12319 16301 16482 16484 16486 16490
7 2804 16500 16502 16507 16509 16511 16515
7 534 3452 4071 8620 9912 12317 16517
0
7 296 894 965 2068 7985 9662 16523
7 295 695 898 1922 2076 2504 16525
7 770 3571 4035 5844 8267 13622 16529
7 700 2227 2904 5863 7186 9151 15825
7 319 899 946 2377 6314 9334 10352
7 286 683 695 952 1136 2068 3090
7 843 3250 3399 6635 8455 9236 14860
7 1910 8856 9347 11756 16533 16535 16539
7 304 1118 1235 1919 2079 3181 13771
7 1166 13474 14771 16543 16545 16547 16551
7 609 3993 5657 11413 15098 16554 16558
7 294 1237 1672 3330 3671 6311 12776
7 3243 16567 16569 16574 16576 16578 16582
7 282 891 904 2007 2331 2763 4601
7 300 675 1036 2331 2506 3185 16584
7 542 2262 2571 4934 5031 5766 8475
7 609 3671 4683 8504 11085 16586 16590
7 5553 16595 16597 16602 16604 16606 16610
7 1416 9476 9590 14323 16613 16615 16619
7 685 16623 16625 16630 16632 16634 16638
7 452 4936 5411 11010 16640 16642 16646
7 469 7113 10127 13986 15028 16648 16652
7 710 3691 4032 5317 7028 7505 13761
7 406 1189 1234 1680 2349 3210 14675
7 538 1865 2599 5407 7682 10688 16655
7 401 3006 3827 6538 11775 12986 16658
7 859 4260 4855 8179 11718 14222 16663
7 412 1852 2804 4071 6673 7594 16666
7 1089 4781 5838 8081 9691 11949 16670
7 1066 5768 9845 11884 12903 16672 16676
7 976 3949 7109 15182 16678 16680 16684
7 908 2221 2332 3444 3912 4171 16651
7 12349 16702 16704 16709 16711 16713 16717
7 685 4620 5800 8927 12872 15678 16722
7 1630 12920 13974 16727 16729 16731 16735
7 2100 16537 16738 16743 16745 16747 16751
7 700 1865 2420 5337 7481 9593 16754
7 702 5620 6582 15243 16757 16759 16763
7 556 3107 3276 5620 6330 6649 16765
7 1081 5330 6691 16768 16770 16772 16776
3 14547 16795 16797
7 1177 7606 8051 12964 15251 16803 16807
7 1063 13028 16810 16815 16817 16819 16823
7 909 3068 3643 6948 16825 16827 16831
7 294 1824 2029 4052 4460 5555 16833
7 292 1097 1109 1391 1999 3089 6278
7 674 3184 3662 11319 13196 15112 16837
7 422 3363 4920 9701 14512 16840 16844
7 397 963 1080 3037 3668 4524 9171
7 1961 6628 7940 12441 16846 16848 16852
7 708 3438 4605 6092 6583 11109 16855
7 311 1028 1136 2068 2958 3281 9451
7 600 7643 9783 16860 16862 16864 16868
7 868 4973 5939 6794 8857 12642 16873
7 521 3304 3534 4035 5145 6167 16875
7 481 2918 3374 8475 12602 16877 16881
7 327 894 1033 1420 1689 3180 16883
7 321 1604 2957 3640 4592 6489 12095
7 2256 11739 13120 16888 16890 16892 16896
7 294 883 950 1696 2606 4807 8221
7 606 2515 3694 6679 7516 11088 15796
7 286 739 1435 2377 4472 6420 16901
7 372 1368 1461 1865 3077 3783 16903
7 845 2364 2769 3438 4258 4989 16052
7 1607 6742 6756 11026 12436 16906 16910
7 5108 16915 16917 16922 16924 16926 16930
7 1217 3919 4953 9544 12398 15508 16934
7 285 674 695 1072 1095 1291 1705
7 418 2086 2444 3457 6155 10607 16936
7 1954 16939 16941 16946 16948 16950 16954
7 2285 8812 8831 16140 16957 16959 16963
7 418 1726 1757 5426 7349 14744 16967
7 911 2545 2770 3437 4096 5046 16969
7 294 894 1072 1571 2504 3285 7196
7 548 5310 6173 12043 16973 16975 16979
7 1369 7509 9252 10923 13761 16982 16986
7 426 3810 4232 5802 10713 15723 16991
7 308 1097 1440 3090 5424 5822 8388
7 834 1913 1999 2920 4053 4408 5838
7 909 2327 2332 2814 3073 5647 8193
7 593 3583 3598 5184 6988 11357 16996
7 460 3167 3367 6387 8924 10637 15109
7 14898 17015 17017 17022 17024 17026 17030
7 1944 6742 12436 17033 17035 17037 17041
7 1201 3998 5742 10787 16260 17044 17048
7 430 2609 3090 3572 3668 6280 17050
7 1623 13635 15034 17053 17055 17057 17061
7 426 1795 3180 4917 5801 6120 14162
7 495 4144 4884 7704 11018 17064 17068
7 1439 17071 17073 17078 17080 17082 17086
7 556 2250 2835 4049 4526 9200 17088
7 312 1232 1663 3566 4178 6103 8664
7 498 2045 2413 4059 5482 8516 17091
7 695 9659 10798 17097 17099 17101 17105
7 776 1333 1536 2365 3580 4200 17108
7 1691 8098 11895 17110 17112 17114 17118
7 312 3751 4171 6297 6400 11707 17121
7 9548 17135 17137 17142 17144 17146 17150
7 2143 17153 17155 17160 17162 17164 17168
7 909 7263 8892 9482 11569 13288 17171
7 372 1367 1405 1663 2108 2328 4831
7 420 1400 1600 2507 2594 3037 4700
7 222 1461 1705 2632 3341 4683 8504
7 600 3037 3094 6170 17174 17176 17180
7 292 1738 1777 3037 4360 4920 13820
7 505 1872 2014 3181 3243 4039 17184
7 815 2774 2942 3637 4514 7108 17186
7 4320 17198 17200 17205 17207 17209 17213
7 960 4506 4620 7701 15642 17216 17220
7 305 673 777 1038 1444 1919 5410
7 1509 8391 8519 12224 13599 17223 17227
7 414 1089 1391 1963 2068 2336 7502
7 300 674 680 906 1441 1450 7604
7 512 2963 3390 4387 5881 6651 17230
7 424 1571 1670 6456 13959 17233 17237
7 231 4351 5492 7505 8899 9845 17239
7 908 17245 17247 17252 17254 17256 17260
7 460 4663 5350 15837 17264 17266 17270
7 1389 4755 6150 10960 15879 17272 17276
7 510 2515 2688 8381 9265 17278 17282
7 691 10913 12014 14709 17284 17286 17290
7 304 2068 2504 3367 4704 5030 10694
7 325 1600 2068 2504 3090 3620 9699
7 300 976 1370 2582 3367 5028 7606
7 294 1415 1623 2507 3037 3604 7499
7 3627 17294 17296 17301 17303 17305 17309
7 2404 14785 16940 17315 17317 17319 17323
7 290 529 695 1370 1592 1919 4704
7 300 697 700 1237 1389 1461 1961
7 492 3423 3604 4956 7005 8278 17325
7 419 1096 1369 3186 4925 6171 10814
7 482 1857 2820 4631 5021 6416 14497
7 801 2337 2921 3870 4095 4739 7170
7 1178 4178 5841 6627 8258 11166 12996
7 567 4003 4438 8500 12958 17330 17334
7 1777 6856 10829 17336 17338 17340 17344
7 511 1702 1999 3202 4963 6127 17347
7 597 2696 3270 7857 11490 13126 17351
7 5330 17356 17358 17363 17365 17367 17371
7 1122 6566 9091 17373 17375 17377 17381
7 989 4042 4576 9734 11242 17383 17387
7 832 2943 4051 4259 6155 6951 15602
7 346 1028 1444 2066 2077 2782 7681
7 481 4995 5943 17391 17393 17395 17399
7 1105 9500 10549 15602 16072 17401 17405
7 530 2718 3390 3678 4105 4287 17407
7 336 1604 2431 3875 4225 5662 17410
7 311 698 906 1174 1592 2211 17412
7 945 6653 6963 10626 15030 17415 17419
7 319 2781 3462 5560 6287 7188 8511
7 534 3061 3151 5711 6258 8303 13278
7 491 1623 2047 4351 12662 17423 17427
7 368 825 1170 2077 2920 4464 13234
7 1291 9030 9404 17430 17432 17434 17438
7 3926 17443 17445 17450 17452 17454 17458
7 635 4170 6375 9001 10352 11198 17461
7 480 1663 2765 4963 6072 6312 17464
7 492 1663 1680 2768 3659 4712 17466
7 295 2049 2376 3466 4593 7663 17468
7 380 3336 3460 11319 13415 17471 17475
7 196 992 1090 1455 1704 2168 17477
7 372 3180 3661 4963 5620 7652 17479
7 492 1237 1357 1459 1794 2764 4375
7 699 5324 7200 14494 15298 17482 17486
7 460 2412 2957 3534 5144 6311 17489
7 988 3252 5708 11395 17491 17493 17497
7 603 3568 4006 7869 8510 12510 17500
7 950 11123 12791 17504 17506 17508 17512
7 418 3180 3671 8502 8507 10329 17516
0
7 1066 4009 5859 12256 13994 17519 17523
7 293 673 904 1237 1443 1461 4704
7 294 1630 2549 4472 4921 6399 9403
7 1222 11355 13211 17526 17528 17530 17534
7 4260 15824 17536 17541 17543 17545 17549
7 421 2264 3037 3438 5112 6169 11168
7 1235 3433 3812 5719 7926 8584 17552
7 673 5526 8528 13465 17554 17556 17560
7 11288 17577 17579 17584 17586 17588 17592
7 231 3089 3464 4032 6062 6586 17262
7 217 1367 1403 2801 3816 4351 12441
7 3919 17597 17599 17604 17606 17608 17612
7 2745 8324 8330 13134 13404 17614 17618
