0
0
0
0
0
0
0
0
0
0
0
0
0
0
0
0
0
0
0
0
0
0
0
0
0
0
0
0
0
0
0
0
0
0
0
0
0
0
0
0
0
0
0
0
0
0
0
0
0
0
0
0
0
0
0
0
0
0
0
1 0
0
0
0
0
0
0
0
0
0
0
0
0
0
0
0
0
0
0
1 0
0
1 0
0
0
0
0
1 0
0
1 0
0
1 0
0
0
0
1 0
0
0
0
0
0
0
0
0
0
0
0
0
0
0
0
1 1
0
0
0
0
0
0
0
0
0
0
0
0
0
0
0
0
0
0
1 1
0
1 1
0
0
0
0
1 1
0
1 1
0
1 1
0
0
0
1 1
0
0
0
1 240
0
0
0
0
1 2
1 881
0
0
0
1 1368
0
0
0
0
0
0
0
0
1 228
1 1062
0
0
1 1117
1 2
0
1 2
0
0
2 247 1314
1 1433
1 2
0
1 2
2 997 1361
1 2
0
5 174 416 464 503 537
2 59 257
3 2 112 1005
1 1103
0
0
0
0
0
2 1112 1609
0
0
1 1869
2 3 199
0
0
0
1 507
0
0
1 1574
0
0
0
0
0
0
0
0
0
4 173 320 842 1105
3 150 1035 1163
3 3 1111 1655
1 1889
1 3
5 134 583 765 1397 1443
5 371 434 960 1211 1510
11 40 258 284 422 803 1130 1389 1393 1400 1542 1622
7 98 294 640 1009 1184 1526 1811
12 3 94 119 249 704 918 984 1096 1364 1602 1621 1660
5 29 252 908 1177 1327
1 3
0
3 3 424 427
10 186 324 445 529 539 585 637 1032 1520 1607
1 578
0
8 3 358 670 707 1362 1629 1824 1888
2 527 563
0
0
0
0
0
0
2 562 944
1 1146
0
0
0
1 47
0
1 4
4 246 1203 1431 1641
0
0
0
1 153
1 983
0
0
0
0
0
0
0
0
0
0
0
1 921
1 4
0
1 4
0
0
0
0
1 4
0
1 4
0
1 4
0
0
3 355 466 1010
1 4
0
3 829 1619 1722
11 39 45 132 307 530 681 737 1238 1321 1342 1698
0
3 1261 1384 1776
10 125 222 239 313 590 723 1188 1658 1714 1770
6 68 93 169 365 1212 1450
10 218 390 454 543 650 698 776 1297 1615 1632
22 144 236 339 386 439 446 470 498 642 643 739 809 838 839 887 917 932 980 1011 1082 1452 1651
4 592 1457 1501 1836
0
22 5 95 229 394 471 531 534 566 586 792 1081 1128 1142 1155 1241 1273 1325 1414 1504 1665 1754 1813
18 317 448 561 573 674 675 760 798 1014 1039 1191 1371 1404 1418 1623 1643 1689 1880
27 21 35 64 124 359 378 463 533 627 791 886 891 947 1000 1034 1037 1156 1407 1412 1548 1557 1720 1753 1768 1782 1833 1881
15 138 328 382 469 500 665 669 942 1068 1182 1311 1383 1553 1710 1867
25 6 71 131 140 213 227 267 311 318 577 636 654 705 903 968 975 981 1024 1181 1228 1296 1329 1333 1580 1709
0
3 75 139 1285
4 141 310 1114 1137
34 90 197 216 254 352 387 441 495 568 726 757 797 818 834 888 1019 1080 1165 1235 1277 1291 1315 1359 1365 1366 1424 1436 1487 1588 1644 1723 1821 1832 1837
1 1253
7 22 356 363 717 905 1186 1207
1 392
19 18 44 83 91 127 285 372 373 465 502 746 840 1317 1426 1476 1485 1591 1717 1830
7 397 756 793 1138 1166 1556 1818
0
0
4 297 619 1085 1786
0
10 121 361 388 611 1318 1370 1473 1638 1652 1697
9 5 215 641 864 958 1604 1692 1760 1856
19 217 259 304 811 814 956 988 1140 1148 1179 1313 1345 1380 1437 1595 1670 1690 1800 1805
1 5
2 751 964
3 27 212 1490
1 1439
1 209
3 5 652 969
17 9 11 43 128 241 250 332 600 631 817 845 1028 1094 1306 1334 1713 1858
3 5 1378 1656
5 115 116 1018 1565 1766
12 5 269 289 348 420 552 655 978 1008 1075 1445 1469
3 51 202 876
1 50
6 331 466 902 1076 1590 1831
7 5 42 518 1161 1336 1635 1636
23 105 231 281 485 557 634 691 771 938 1118 1160 1196 1213 1248 1266 1320 1375 1486 1533 1570 1592 1653 1765
0
0
0
0
0
0
2 481 1180
0
3 279 1521 1855
1 210
13 129 176 225 308 330 462 800 1003 1031 1195 1369 1514 1683
0
3 158 235 1307
0
0
7 466 734 1423 1519 1528 1583 1612
1 6
0
8 6 130 282 305 1038 1488 1525 1851
0
0
2 551 1522
0
2 6 632
0
1 6
2 967 1451
1 6
1 1440
0
0
1 6
1 936
1 948
0
0
0
2 333 1561
0
0
3 1041 1374 1861
1 1600
0
10 219 402 509 580 809 1267 1324 1593 1632 1676
17 85 329 451 458 547 576 714 725 916 935 1429 1460 1517 1646 1771 1809 1870
0
1 7
0
0
1 1216
0
0
7 55 408 435 1185 1472 1667 1868
0
0
4 1087 1293 1396 1527
2 31 729
0
0
0
0
0
1 991
0
0
1 7
2 501 816
1 7
0
8 15 146 603 1176 1269 1350 1499 1757
0
3 198 1197 1395
1 7
2 827 1734
1 7
0
1 7
0
7 472 894 927 980 1245 1408 1732
0
1 7
0
4 223 528 1347 1413
0
12 754 778 789 850 992 1221 1252 1271 1494 1518 1559 1736
2 8 161
4 261 1129 1509 1820
0
0
2 147 1328
22 89 162 444 617 688 735 770 802 869 1183 1249 1279 1302 1343 1373 1377 1475 1608 1654 1777 1780 1877
10 370 412 706 750 847 1162 1257 1555 1558 1839
1 1810
3 914 1226 1884
4 163 575 796 1756
10 208 316 875 1097 1258 1286 1352 1385 1419 1491
2 1425 1823
0
6 166 523 1208 1449 1785 1796
1 907
1 1477
0
10 456 579 584 720 819 1046 1064 1088 1284 1794
3 1259 1308 1614
4 8 1299 1300 1547
6 385 860 906 1173 1409 1530
2 8 1376
7 286 335 461 638 846 976 1282
0
0
4 184 306 601 713
1 8
0
1 8
1 1398
1 8
1 1694
0
0
2 8 1596
2 910 1630
8 26 155 550 657 1033 1043 1074 1642
3 131 1045 1093
0
6 326 683 1275 1410 1416 1729
0
0
15 46 293 455 553 621 755 809 835 887 1220 1239 1254 1504 1632 1671
1 1479
0
6 88 376 626 937 980 1388
3 131 592 1188
14 54 301 492 674 887 1026 1125 1223 1504 1619 1649 1790 1826 1873
0
5 394 448 739 851 1548
1 9
2 684 1497
3 9 1236 1386
2 499 1628
0
0
12 56 201 592 733 759 911 953 1281 1298 1500 1619 1730
3 9 654 932
0
1 9
3 152 595 1666
1 9
2 694 784
0
0
8 9 22 64 267 394 448 654 665
2 68 466
11 143 340 473 633 762 915 1312 1430 1456 1537 1865
3 10 1764 1852
3 925 1175 1840
3 711 1022 1243
0
1 1326
1 926
3 179 924 1438
3 554 570 934
0
1 1686
4 979 1036 1420 1860
24 96 267 450 488 540 588 674 700 723 821 892 955 999 1034 1109 1340 1348 1390 1418 1450 1548 1838 1866 1871
3 207 943 1691
4 133 232 515 767
2 1152 1797
0
1 843
3 99 658 1801
0
2 10 722
4 312 476 545 1012
1 10
0
0
11 13 401 478 589 640 710 833 1002 1070 1611 1814
4 120 609 962 1696
1 10
0
1 10
2 549 1828
7 10 350 679 736 1381 1585 1845
11 148 189 359 446 483 520 1188 1330 1391 1415 1822
2 1057 1586
0
1 10
0
7 197 317 339 636 665 739 1325
1 195
5 68 446 467 746 756
5 882 888 1084 1523 1620
2 652 1763
10 309 397 439 792 801 1317 1334 1402 1450 1643
1 1120
0
7 64 675 1218 1557 1566 1580 1648
3 11 125 1455
10 16 268 640 696 712 716 1053 1278 1637 1695
5 11 896 977 1014 1595
6 498 517 622 1124 1644 1836
11 66 169 345 536 878 1019 1280 1338 1504 1633 1854
5 374 779 854 996 1454
17 197 266 317 339 586 598 619 652 723 726 781 903 1034 1371 1595 1651 1692
1 11
11 33 347 403 848 939 1233 1317 1664 1675 1707 1859
1 11
2 145 442
9 11 22 636 1277 1366 1412 1504 1632 1692
11 127 285 448 623 669 867 1334 1557 1643 1651 1733
4 619 674 1277 1580
5 140 294 834 980 1548
3 11 718 1315
5 183 758 787 1576 1724
0
0
0
0
0
3 366 1158 1783
0
0
0
0
0
0
0
9 283 438 440 457 995 1441 1539 1747 1799
1 12
0
0
0
2 963 1549
0
0
0
0
0
1 1843
0
0
0
0
0
0
0
0
1 12
1 1115
1 12
3 323 546 1198
0
0
0
1 12
1 73
2 12 429
1 185
1 12
0
0
0
1 12
0
9 177 427 504 597 662 728 748 1049 1789
0
1 772
2 97 1270
3 452 699 1846
1 931
0
2 1761 1812
2 167 188
0
1 1875
2 272 852
0
1 1769
0
10 41 480 673 703 861 1119 1149 1329 1512 1546
6 20 157 411 857 1719 1725
0
1 13
8 65 277 342 795 973 1134 1150 1589
1 13
4 866 1354 1372 1560
3 398 1056 1575
3 123 1171 1227
0
1 13
1 1078
1 13
0
1 13
6 405 766 822 913 1231 1262
1 1139
0
4 13 788 1131 1250
0
0
0
0
1 932
0
0
0
3 137 630 1864
0
1 14
1 1235
0
5 144 397 439 1366 1418
0
0
0
0
0
1 138
0
0
0
0
0
0
0
0
0
1 14
0
1 14
0
0
0
0
1 14
0
1 14
0
1 14
3 153 388 1285
0
1 791
1 14
0
32 71 141 217 267 294 359 386 387 391 495 498 592 614 675 698 726 840 887 888 1011 1137 1261 1316 1329 1412 1541 1604 1644 1652 1818 1880 1886
14 125 169 388 420 756 880 1067 1235 1315 1325 1510 1755 1776 1821
13 44 127 586 715 791 1137 1155 1190 1313 1417 1450 1604 1723
1 1426
3 1108 1371 1659
0
0
17 43 90 124 250 285 317 420 495 642 757 792 811 1186 1285 1565 1652 1821
2 1153 1155
1 15
10 808 1004 1019 1037 1094 1166 1399 1450 1619 1714
7 15 124 1228 1320 1336 1556 1569
11 519 600 698 723 731 1256 1327 1331 1610 1728 1742
2 212 1657
2 269 387
0
1 15
1 290
5 15 299 627 895 1829
0
3 15 1556 1588
0
43 24 44 71 90 128 131 217 307 363 372 386 465 466 600 669 707 726 739 751 757 817 818 834 887 903 956 958 1014 1024 1028 1136 1186 1313 1317 1336 1476 1632 1643 1710 1714 1776 1802 1836
0
5 15 194 803 1261 1837
13 115 317 359 388 397 634 643 674 1092 1094 1140 1451 1856
2 708 1872
12 60 109 407 427 686 889 940 1157 1290 1712 1745 1837
13 226 248 479 487 606 738 775 950 1126 1192 1230 1327 1506
2 807 1746
3 607 1030 1292
0
1 395
0
0
4 280 620 803 1759
9 135 344 431 505 732 1040 1609 1639 1703
1 1731
0
3 672 982 1170
0
0
0
1 724
1 16
4 69 491 898 1048
1 16
1 1480
2 58 1470
2 836 1304
0
3 16 946 1467
0
3 16 594 628
3 93 1095 1309
4 16 296 430 1122
4 418 823 1174 1616
0
0
1 16
0
0
2 649 1332
0
1 890
0
3 1193 1276 1770
0
1 17
0
0
0
0
2 777 1461
1 747
5 28 314 707 1086 1568
0
0
0
1 1323
0
1 1435
0
0
0
0
2 193 490
2 17 1164
0
1 17
0
0
0
0
1 17
0
1 17
5 255 269 668 1072 1711
1 17
0
0
0
1 17
2 396 1803
5 250 1082 1404 1426 1818
3 18 227 642
1 93
3 18 604 627
8 141 212 328 339 465 811 1321 1496
0
4 83 153 236 829
9 216 631 674 958 1228 1266 1320 1418 1591
3 18 818 1627
0
1 18
3 128 1085 1380
1 18
0
1 1404
0
15 18 43 328 397 420 441 751 968 969 1037 1155 1450 1514 1612 1636
2 304 1538
0
3 62 82 92
1 1448
0
3 118 1059 1127
0
3 865 904 1841
0
1 1141
3 288 587 1303
1 206
2 19 682
3 954 1079 1305
0
1 1058
0
0
1 1606
0
2 187 1337
2 1178 1815
0
0
0
0
0
3 113 341 1225
0
1 191
0
5 19 325 933 1346 1861
1 832
1 19
1 602
0
1 753
1 844
2 19 1850
1 721
6 19 114 368 375 1564 1787
0
3 19 160 1017
1 514
0
0
1 19
0
1 1367
2 1319 1715
0
9 81 263 780 941 1133 1189 1405 1464 1772
0
4 511 1222 1263 1268
8 53 106 433 591 765 1247 1442 1647
1 1655
2 84 1440
0
2 409 651
0
3 522 765 960
1 709
0
1 1123
0
7 20 164 513 556 648 681 1735
0
2 20 1446
0
0
0
0
3 20 826 1144
0
4 20 256 1289 1762
0
1 20
1 1029
0
0
1 20
0
2 828 1132
4 533 645 1024 1525
0
0
7 21 236 400 421 439 446 1577
2 534 981
4 21 561 1114 1615
3 525 1011 1768
0
0
0
1 21
0
2 21 581
1 307
2 21 1722
1 1082
0
28 139 229 365 388 394 470 485 531 681 705 929 980 1034 1069 1140 1188 1364 1380 1403 1451 1452 1510 1643 1655 1697 1709 1765 1782
1 21
1 1102
11 390 611 642 829 839 938 1181 1483 1548 1591 1619
22 22 127 131 138 218 363 448 502 532 654 665 737 739 746 825 902 956 981 1179 1437 1588 1710
17 27 75 121 373 394 439 592 1014 1166 1235 1317 1325 1378 1418 1504 1604 1713
3 22 1291 1501
0
2 22 1426
1 1565
17 83 304 313 356 466 485 561 726 817 903 917 942 1266 1615 1634 1722 1880
0
10 22 231 317 390 470 932 1424 1445 1821 1856
0
10 80 102 108 974 1232 1238 1432 1672 1740 1825
8 190 292 459 1015 1145 1752 1788 1808
1 873
9 354 572 743 824 897 1047 1493 1502 1781
0
2 486 1531
1 1678
1 555
1 23
0
0
2 48 841
0
6 221 643 773 1028 1135 1242
0
0
0
0
0
1 181
1 667
0
0
0
0
1 275
0
1 23
0
1 23
2 151 1387
0
5 414 453 512 689 1581
0
12 23 26 35 122 262 537 632 935 1114 1321 1490 1501
2 663 1468
4 23 402 510 1680
1 1857
4 23 362 426 1713
3 428 582 1344
2 302 1001
0
12 23 93 104 233 688 702 859 968 1498 1605 1768 1876
0
6 365 1090 1163 1358 1481 1714
2 228 1534
0
3 637 970 1397
0
13 27 144 202 259 359 402 625 1034 1188 1291 1311 1593 1632
0
2 805 840
9 186 336 730 842 1339 1414 1521 1609 1817
1 938
0
15 44 68 124 241 259 372 471 636 791 1014 1182 1383 1457 1644 1757
0
1 1709
1 24
0
1 24
4 685 1107 1224 1238
0
4 267 586 1196 1525
0
10 24 35 294 330 680 688 964 1397 1621 1692
1 856
1 24
4 281 885 1739 1832
2 24 1471
0
0
0
1 24
0
0
0
0
0
1 25
6 136 175 449 635 1392 1874
6 63 608 610 952 1314 1849
0
1 989
8 270 413 534 567 877 1112 1599 1869
0
0
0
1 1314
0
0
1 112
1 1580
0
0
0
1 337
0
2 25 393
0
1 25
0
1 112
0
1 593
1 25
1 917
1 25
1 932
1 25
1 210
0
0
1 25
0
16 26 115 235 373 387 441 502 669 814 903 1085 1366 1375 1469 1652 1683
0
11 125 388 397 450 757 980 1235 1407 1488 1593 1600
1 935
0
20 26 227 285 378 619 636 642 705 809 1037 1038 1137 1186 1261 1277 1469 1557 1683 1760 1851
2 496 634
2 26 273
1 830
2 26 870
11 331 333 495 537 600 726 964 1412 1476 1580 1765
12 75 128 176 1026 1034 1045 1155 1310 1427 1437 1521 1612
3 560 624 1327
8 26 197 387 465 469 815 1570 1723
0
8 216 297 420 834 886 1196 1652 1818
9 399 640 868 1160 1269 1373 1379 1598 1682
0
1 27
4 43 254 1207 1424
3 27 356 469
0
5 27 308 814 1045 1486
0
0
0
1 27
1 358
0
1 745
4 204 446 987 1212
0
0
0
0
1 646
0
0
0
1 231
3 28 503 1751
1 380
1 28
6 257 666 810 1545 1738 1879
1 1103
0
0
2 28 803
0
5 28 1484 1640 1776 1782
0
5 28 742 960 1211 1491
0
0
0
1 28
0
3 530 1163 1757
13 186 324 450 842 876 1035 1112 1414 1520 1607 1644 1665 1748
3 243 764 1515
1 29
0
2 29 530
0
0
2 1241 1287
24 228 371 427 435 507 578 585 618 642 961 1062 1063 1083 1142 1295 1364 1383 1436 1452 1491 1579 1602 1737 1820
7 29 443 498 503 1117 1490 1869
0
1 29
0
2 29 936
6 154 225 295 798 1211 1776
3 706 994 1839
6 47 139 223 482 1754 1786
1 29
0
1 737
2 30 321
0
0
2 67 820
4 793 1028 1697 1853
0
8 278 402 507 605 1343 1520 1626 1702
2 893 1204
6 179 1243 1389 1440 1567 1754
2 300 1607
0
3 330 427 990
5 98 210 944 1143 1698
1 1356
1 1217
0
0
1 1717
0
1 30
2 98 143
6 30 286 1005 1199 1535 1848
0
0
0
1 1206
1 30
0
1 30
0
1 30
0
1 1673
0
1 30
4 179 1072 1714 1760
0
1 1662
0
0
1 1117
5 566 707 1097 1168 1602
1 31
0
2 31 1396
2 1352 1542
3 74 238 1368
0
0
3 31 616 1212
1 324
1 31
0
2 31 1184
0
0
0
4 31 460 477 1272
0
0
0
0
0
0
0
1 1718
0
0
1 32
3 223 1238 1861
4 218 229 1016 1407
2 377 1571
3 364 935 1595
2 1573 1856
1 265
5 33 406 697 1060 1488
10 85 176 269 509 908 1200 1269 1486 1600 1750
3 33 478 1842
1 1340
0
0
1 1373
1 33
1 85
3 33 472 1408
4 1072 1175 1244 1246
5 33 54 211 244 544
0
2 691 1732
0
4 33 711 1012 1513
2 383 1521
2 1100 1611
2 34 1007
0
0
3 639 786 1494
0
0
0
1 1793
0
0
0
0
0
3 168 419 542
0
0
0
0
0
2 34 1210
0
1 34
1 676
2 432 1775
0
0
1 34
0
3 34 1283 1882
0
1 34
0
0
0
2 34 763
0
10 96 358 371 578 755 883 1213 1438 1628 1665
0
5 35 239 988 1608 1800
5 583 706 936 1042 1248
20 35 121 222 339 533 537 876 903 1008 1085 1142 1155 1261 1277 1297 1327 1553 1636 1667 1732
14 44 146 149 320 797 1005 1195 1234 1249 1422 1643 1655 1717 1885
2 35 308
28 71 359 471 472 495 576 603 838 886 927 935 1037 1140 1233 1241 1291 1329 1366 1408 1430 1499 1522 1649 1651 1720 1837 1871 1880
3 116 1249 1692
0
12 35 281 349 425 438 640 1214 1245 1340 1343 1434 1438
0
0
0
0
0
0
2 36 1462
1 858
0
0
2 103 1169
0
0
1 837
1 686
0
0
0
0
0
1 1685
0
0
0
3 49 741 785
1 36
1 196
1 36
0
0
0
1 541
1 36
0
1 36
1 220
1 36
0
0
0
1 36
0
0
0
1 638
1 862
0
2 874 1260
3 464 924 1106
1 1663
2 1776 1862
1 37
0
1 464
0
0
0
0
0
0
0
0
1 997
0
0
0
0
0
0
0
1 37
0
1 37
0
0
0
0
1 37
1 240
2 37 303
0
1 37
1 638
0
1 240
1 37
1 528
0
1 769
2 38 694
0
0
2 200 1803
2 555 671
0
0
0
1 1688
0
1 555
1 962
2 201 360
0
0
0
0
0
0
5 38 585 1152 1541 1661
0
7 38 467 628 629 686 813 1290
0
0
0
0
1 38
4 647 661 1071 1871
1 38
0
12 38 202 353 440 554 637 804 1441 1460 1508 1586 1704
0
0
5 251 288 375 1290 1389
1 38
1 555
16 199 294 348 566 765 770 1019 1160 1213 1307 1413 1517 1542 1590 1621 1628
5 47 434 489 1809 1889
11 39 333 509 698 1345 1365 1375 1457 1537 1608 1771
5 603 900 1517 1784 1839
15 39 64 286 382 448 507 694 735 947 1334 1361 1547 1570 1832 1836
2 153 490
3 617 924 1062
2 427 927
1 437
5 39 94 416 422 908
4 249 508 691 693
1 39
0
2 39 975
0
9 269 434 707 1258 1273 1352 1362 1541 1619
0
2 39 51
0
10 40 297 369 423 617 944 992 1032 1222 1476
0
2 40 1540
1 94
7 294 320 802 1035 1284 1827 1837
1 1360
19 146 174 445 507 537 568 688 710 770 796 803 992 1019 1327 1494 1649 1655 1754 1820
4 40 261 797 1624
1 1617
1 40
0
3 40 802 1008
10 162 234 451 458 779 842 891 955 1400 1633
0
0
6 40 1024 1586 1590 1651 1810
4 162 170 537 1385
3 41 799 1536
20 48 60 93 318 355 478 554 628 688 796 962 986 1096 1259 1443 1546 1611 1622 1654 1889
5 41 263 379 1103 1314
3 1149 1667 1809
5 86 355 585 672 681
1 1543
0
3 41 1177 1429
0
1 41
0
3 41 440 526
1 1184
7 132 706 1414 1547 1559 1660 1833
2 1215 1727
4 41 167 569 936
3 972 1421 1443
6 811 817 967 988 1412 1451
7 54 500 751 771 1296 1514 1765
2 550 967
0
3 172 209 630
1 42
0
1 42
0
0
1 894
0
2 42 1411
2 791 1644
1 42
1 285
9 42 140 363 619 755 1207 1318 1692 1770
0
0
10 116 235 250 285 386 501 550 1179 1180 1239
2 42 1798
8 217 225 498 652 902 1161 1336 1786
7 43 125 392 756 1591 1604 1821
14 128 213 254 465 669 811 887 888 948 969 1228 1317 1380 1445
13 43 129 600 751 905 958 1085 1185 1186 1257 1277 1522 1880
9 212 331 619 771 1033 1329 1378 1818 1851
0
9 71 127 219 289 502 656 1023 1031 1409
12 43 751 840 948 1075 1161 1257 1307 1313 1380 1557 1580
2 131 654
10 44 373 386 397 420 540 600 911 958 1291
19 115 124 144 165 271 339 352 365 372 439 502 792 905 932 968 1235 1325 1366 1821
0
0
2 44 250
5 690 793 947 1032 1261
4 45 348 451 1869
0
1 45
0
2 1101 1871
2 644 891
18 127 143 209 310 551 570 634 845 1003 1166 1239 1248 1284 1499 1771 1811 1837 1880
1 45
0
1 45
0
7 45 500 665 675 1080 1592 1656
0
0
0
1 45
0
1 1038
0
0
0
2 984 1476
2 692 1655
0
0
1 1064
0
0
1 46
0
1 46
0
0
0
0
1 46
0
1 46
1 1236
3 46 631 1436
5 704 960 965 1489 1700
7 153 307 328 394 1111 1553 1622
1 382
2 46 222
0
1 1273
1 1413
2 47 1183
7 269 738 1302 1362 1396 1541 1653
15 47 80 96 171 248 375 686 768 876 935 1149 1197 1229 1259 1654
0
3 47 456 585
0
1 1419
3 444 1666 1819
3 47 1064 1130
7 199 275 434 575 798 1197 1602
0
1 48
1 275
0
0
1 1263
4 48 459 467 555
2 514 1263
1 48
0
2 48 459
0
0
3 87 1216 1441
3 48 315 719
0
0
0
0
0
2 76 1072
0
0
0
3 1152 1653 1803
0
2 794 945
0
0
0
1 260
1 701
1 494
1 49
1 248
9 49 115 132 267 481 738 1181 1183 1371
1 327
0
0
0
2 49 1349
0
1 49
0
1 49
0
0
0
1 49
0
0
1 50
1 739
1 50
0
0
0
0
1 50
17 124 125 141 259 311 318 446 471 592 611 809 1137 1182 1451 1690 1782 1823
1 50
0
1 50
0
1 1218
0
1 50
0
0
3 51 481 926
0
0
0
0
1 51
5 378 665 942 1297 1656
3 51 811 1033
0
1 51
0
6 390 632 1039 1325 1836 1856
5 372 652 698 1010 1188
1 51
1 215
0
1 52
0
0
6 568 706 975 1031 1810 1831
0
0
0
15 61 212 441 705 756 901 953 980 1075 1359 1412 1426 1565 1766 1855
0
0
1 1773
0
0
0
1 371
0
2 920 1098
0
0
1 52
0
4 52 159 484 985
0
0
0
1 1251
10 52 358 847 960 1258 1410 1449 1795 1833 1860
2 530 1195
1 52
0
1 52
0
0
7 161 167 263 491 1222 1743 1881
1 52
0
0
0
0
0
0
0
1 324
0
2 1633 1648
0
0
1 53
1 447
1 53
1 894
0
0
5 465 485 845 1045 1336
2 53 528
0
2 53 313
1 1419
1 53
0
0
0
1 53
1 1637
0
0
21 54 133 148 163 288 312 354 552 620 848 1012 1175 1290 1334 1395 1410 1537 1800 1809 1865 1866
10 129 169 215 483 501 1155 1340 1365 1375 1510
1 54
0
1 54
3 82 687 1407
3 717 835 926
5 495 797 1045 1218 1823
2 54 1176
3 340 491 1720
0
2 55 1093
13 462 586 792 818 1011 1166 1291 1418 1437 1591 1636 1651 1671
2 55 1318
2 1097 1265
2 637 1315
1 1652
4 1430 1479 1732 1866
2 55 1683
1 816
1 55
0
2 55 1383
0
1 1050
0
5 55 241 308 1093 1765
0
6 56 261 416 1137 1238 1804
0
1 56
1 1202
1 1009
3 915 1385 1768
0
5 56 523 997 1314 1559
1 1006
1 56
1 1233
2 56 1845
0
6 206 257 498 710 1216 1869
6 838 1132 1156 1460 1776 1811
1 56
0
1 1701
0
1 57
0
0
0
0
0
0
0
0
0
0
0
0
0
0
0
1 1780
1 1162
2 78 1524
3 57 1376 1609
0
2 57 197
0
0
0
0
2 57 855
0
6 57 346 727 923 993 1813
0
1 57
0
0
2 847 1347
1 57
0
4 1130 1146 1177 1364
0
1 921
0
0
2 630 819
1 531
0
1 371
1 1299
0
5 163 1035 1279 1286 1780
3 58 707 1146
0
1 58
0
2 387 829
7 358 402 921 1088 1096 1162 1384
0
1 58
4 435 551 729 1697
1 58
0
3 58 759 1299
1 385
0
1 1429
2 58 1311
0
0
0
6 59 225 842 1221 1813 1844
2 503 1361
3 59 119 242
0
0
1 704
0
2 59 681
0
7 59 249 537 552 641 936 983
0
1 59
0
0
0
1 59
1 188
6 60 80 281 404 472 1871
4 109 283 1387 1796
1 457
2 150 371
4 450 812 1340 1440
1 60
0
6 60 186 375 422 1087 1088
1 1432
2 60 1546
1 505
2 109 688
0
3 60 407 808
1 467
0
0
1 1010
0
0
0
3 264 563 1660
1 138
0
0
1 1587
0
0
0
1 1409
2 1658 1753
0
2 61 1495
0
1 61
0
0
0
0
1 61
0
1 61
0
1 61
0
0
0
1 61
0
3 333 908 1243
2 334 490
10 476 570 643 711 779 904 955 1225 1345 1621
1 966
0
0
0
2 119 1051
1 1426
4 62 82 904 1736
0
6 62 509 540 835 848 953
0
0
4 700 1072 1595 1840
0
6 62 232 668 865 1037 1225
0
1 62
0
1 62
3 266 833 960
5 1241 1628 1733 1745 1771
0
1 62
0
1 1087
0
0
2 651 1814
0
0
1 1475
0
4 63 735 881 1368
0
3 63 1463 1542
0
1 416
1 210
5 651 775 833 983 1314
1 63
0
3 63 257 881
0
1 63
0
0
0
1 63
0
2 213 1321
4 333 1278 1537 1607
0
0
1 1267
0
4 96 816 1061 1373
0
0
3 148 1249 1648
0
0
1 577
2 749 1561
0
0
1 1716
0
0
1 1787
0
0
0
0
1 99
30 219 282 307 352 363 365 444 470 492 534 626 627 640 834 839 916 988 1011 1074 1082 1333 1383 1384 1485 1522 1612 1671 1717 1818 1836
4 64 390 1173 1424
4 386 1186 1296 1615
4 64 153 392 1710
0
0
0
2 64 1464
0
1 1333
0
0
0
0
0
1 860
1 782
0
3 111 535 849
0
2 1055 1112
0
0
3 65 765 1184
5 89 95 456 869 1433
2 65 1792
0
0
0
0
4 65 434 583 1077
1 778
1 65
0
1 65
2 1167 1778
0
0
2 65 1236
0
14 201 203 283 312 354 478 505 796 1340 1408 1438 1456 1541 1621
3 66 1486 1696
6 381 1271 1414 1477 1758 1837
4 66 186 584 1440
1 1820
3 357 384 511
1 1347
1 1211
2 66 1420
5 174 424 562 1046 1128
4 66 826 1089 1480
1 956
2 66 142
0
6 281 575 585 1067 1397 1530
1 1420
3 66 132 984
0
2 275 1201
0
0
0
0
0
0
0
1 72
1 67
0
1 67
1 1680
0
2 563 1516
0
1 67
1 602
1 67
0
1 67
2 188 672
11 130 396 576 819 915 1180 1329 1395 1754 1787 1845
0
1 67
0
6 68 1003 1179 1424 1510 1595
3 83 310 968
23 68 202 308 388 471 502 636 750 797 840 888 1008 1185 1223 1266 1334 1336 1375 1451 1556 1600 1683 1697
1 470
4 236 793 1114 1722
1 1479
3 68 328 801
7 93 669 967 1028 1176 1557 1592
0
3 69 925 1203
0
5 69 445 790 1541 1814
1 1559
2 112 1698
1 620
0
1 69
0
1 69
0
2 69 458
0
0
0
1 69
0
2 70 1753
0
1 599
1 500
0
0
1 937
4 222 497 650 916
0
0
0
1 940
0
0
0
0
2 1459 1801
0
1 1860
1 70
1 1867
1 70
0
1 641
0
0
1 70
2 557 1658
1 70
0
1 70
0
0
0
1 70
0
9 71 304 372 708 784 1416 1476 1519 1612
4 373 441 626 1851
3 239 621 1371
21 228 390 446 586 637 717 792 798 1024 1070 1094 1452 1473 1569 1614 1709 1714 1760 1820 1830 1831
2 71 958
0
1 291
0
0
1 831
0
7 463 492 1094 1306 1623 1676 1710
9 140 577 817 948 967 1228 1254 1851 1861
0
14 138 213 356 450 465 611 677 760 800 1094 1591 1600 1604 1717
0
0
1 105
2 501 1676
0
1 1561
1 1777
8 105 169 216 627 938 1000 1181 1306
0
1 72
0
3 72 140 213
1 948
0
0
0
1 72
0
1 72
0
2 72 1744
1 615
0
0
1 72
0
7 94 704 729 875 876 1245 1499
0
2 1302 1809
0
1 161
1 73
0
3 73 1374 1530
0
2 139 1364
2 759 1279
1 622
1 73
2 725 1569
2 73 1529
0
11 73 90 94 566 964 1019 1241 1257 1414 1526 1609
0
3 89 568 1070
0
1 73
0
0
0
0
2 100 1406
0
0
1 863
1 1109
1 1119
0
0
0
0
0
0
2 74 1807
0
1 74
0
0
0
0
1 74
0
1 74
0
1 74
0
0
1 602
1 74
0
2 75 330
8 144 352 471 652 1198 1261 1343 1667
1 75
0
7 75 297 305 1490 1594 1689 1690
0
0
1 355
3 75 1157 1869
2 385 483
0
1 206
0
0
0
0
0
0
1 1221
0
0
2 1269 1664
0
0
0
1 76
0
1 76
1 872
1 554
0
1 438
1 76
0
1 76
3 96 706 784
1 76
0
0
1 1225
1 76
0
0
0
0
7 573 776 1024 1165 1238 1404 1457
0
0
0
0
0
1 1856
1 77
0
0
0
0
0
0
0
0
2 700 1740
0
0
0
0
0
1 1712
0
0
0
1 77
4 98 201 814 879
1 77
0
0
0
0
1 77
0
1 77
0
1 77
0
0
0
1 77
0
0
0
4 896 1177 1563 1799
0
0
4 478 713 906 1328
0
0
1 1767
0
0
0
0
1 559
13 121 770 891 930 1008 1112 1142 1208 1270 1389 1399 1523 1724
0
2 223 1884
0
2 78 957
0
1 78
0
0
0
2 906 1338
2 78 117
2 670 1237
1 78
0
1 78
0
0
0
1 78
0
0
0
1 1779
0
0
0
0
1 79
0
0
0
0
0
0
0
0
0
0
0
0
0
0
0
0
0
1 1389
1 79
0
1 79
0
0
0
0
1 79
1 1255
1 79
0
1 79
0
0
0
1 79
0
2 366 1678
8 486 514 689 940 1132 1387 1432 1788
18 135 205 275 281 375 402 467 651 773 775 1035 1376 1381 1468 1633 1637 1678 1809
2 80 743
0
18 80 296 429 499 585 803 841 869 971 1105 1243 1410 1438 1456 1628 1653 1722 1723
10 355 366 375 418 594 1088 1157 1607 1740 1788
1 80
0
1 1537
2 823 1820
13 80 116 157 230 457 476 865 1133 1249 1267 1564 1664 1841
0
0
0
0
0
0
0
0
1 81
2 854 1222
3 81 288 736
5 584 789 1198 1438 1732
0
1 1618
0
1 81
1 1400
2 81 941
0
2 81 1480
1 789
2 658 1178
2 754 1122
2 81 611
0
1 1341
9 114 133 572 682 711 904 1178 1460 1772
5 82 160 368 1127 1803
1 167
1 82
1 252
1 82
0
1 1373
0
1 82
0
3 83 1039 1285
1 1867
8 83 250 726 818 968 1045 1713 1770
0
0
1 734
1 83
0
2 529 1342
0
0
0
0
0
0
1 913
0
4 529 1252 1433 1499
0
1 84
0
1 84
0
0
0
1 959
1 84
0
1 84
6 313 744 951 1154 1173 1835
1 84
0
0
0
5 84 861 1105 1270 1271
0
1 85
2 991 1873
3 85 324 1801
1 1357
3 85 848 996
0
1 1175
2 1338 1398
1 85
4 462 1407 1633 1745
1 1275
0
0
4 144 455 1308 1393
2 500 1391
0
1 137
0
2 732 918
0
3 263 1275 1855
0
0
0
0
0
0
1 86
5 590 793 922 1253 1615
2 86 156
0
0
1 1464
2 884 1777
2 86 1614
0
3 86 550 553
4 137 689 974 1442
1 86
0
0
0
1 86
2 246 1574
0
0
1 1650
2 424 1119
0
1 826
0
0
0
1 1127
1 87
0
1 87
0
0
0
0
1 87
1 449
1 87
2 95 944
2 87 1491
0
4 578 660 1189 1498
0
1 87
0
0
8 354 359 621 691 1026 1074 1644 1666
0
1 798
0
1 88
0
1 88
0
1 198
1 332
0
1 88
0
1 88
0
1 88
0
1 1313
0
1 88
0
31 127 195 305 352 472 533 622 626 840 888 947 1000 1081 1084 1085 1111 1269 1380 1383 1445 1449 1469 1485 1491 1525 1570 1670 1710 1782 1830 1831
0
16 141 254 363 469 470 561 674 801 829 887 934 1181 1254 1404 1501 1723
4 1475 1477 1810 1833
1 588
5 222 595 681 838 925
1 890
9 135 407 523 617 852 1212 1226 1520 1638
1 637
3 89 1390 1613
0
7 89 434 728 1574 1621 1769 1828
0
4 89 445 1494 1542
1 1226
0
0
1 89
7 643 890 896 1177 1184 1268 1629
8 90 492 627 655 757 938 1038 1636
7 228 279 698 756 1110 1523 1527
3 90 1301 1683
2 1138 1593
0
8 128 129 317 328 857 967 1140 1439
3 90 1223 1257
0
0
2 400 1343
0
3 112 421 1431
1 91
3 732 1103 1203
1 91
0
2 173 556
0
0
4 91 400 709 1103
0
1 91
1 1781
1 91
0
0
2 493 1881
1 91
1 395
2 1027 1677
1 1578
2 478 1022
0
1 288
0
1 92
2 1230 1435
3 92 731 927
0
2 808 1590
0
0
1 92
0
2 92 161
0
1 92
0
2 1630 1724
0
2 92 1262
0
5 572 682 823 898 1381
0
0
3 93 197 834
0
3 94 324 1109
1 731
2 1526 1832
0
1 94
4 284 398 827 1066
2 223 1398
9 95 289 329 333 451 1160 1281 1324 1371
6 161 298 496 979 1286 1539
1 95
4 247 1278 1503 1620
3 95 166 860
1 179
0
11 162 444 566 765 842 1226 1273 1284 1399 1602 1810
1 95
4 177 323 527 704
1 1571
3 96 496 996
6 668 904 1312 1317 1571 1733
1 102
1 1444
1 96
0
4 578 651 1531 1696
0
1 1768
1 97
0
5 97 158 1372 1458 1794
1 1309
0
1 134
1 210
2 97 498
0
1 97
1 1268
4 97 451 997 1289
0
1 214
0
1 97
0
1 98
1 155
2 98 975
0
0
0
1 98
0
2 99 1811
1 937
2 226 1015
1 1092
0
2 99 1407
0
2 99 330
1 1213
5 99 1059 1067 1281 1646
0
1 280
0
3 99 755 943
0
0
1 1693
0
0
0
1 411
0
0
2 238 670
0
0
0
0
1 100
3 855 1559 1622
1 100
0
0
0
0
1 100
0
1 100
0
5 100 855 1013 1352 1625
0
0
0
1 100
0
0
2 101 1363
1 1022
0
0
0
0
0
0
0
0
2 1425 1828
0
0
1 1128
0
0
0
0
3 1078 1274 1846
1 101
0
1 101
0
0
0
1 954
1 101
0
1 101
0
1 101
0
0
1 1705
1 101
0
1 102
1 194
0
0
3 341 832 1854
1 102
0
2 102 793
1 1149
1 102
4 160 201 396 941
0
1 190
2 102 252
0
0
0
0
0
0
0
0
0
0
0
0
0
0
0
1 103
0
2 103 1891
0
0
0
0
1 103
0
1 103
0
1 103
2 871 1475
0
0
1 103
0
0
1 104
0
4 104 304 1565 1722
4 151 841 1468 1871
2 591 1865
10 143 163 367 456 596 936 1130 1158 1403 1494
4 594 663 823 974
6 104 146 202 1410 1442 1866
3 738 1216 1772
5 104 775 954 1537 1781
2 491 898
2 104 1087
0
5 490 1145 1164 1507 1815
0
1 104
4 122 402 743 1531
0
2 213 501
1 105
7 1450 1486 1604 1612 1651 1667 1858
2 105 1851
1 140
1 105
1 675
0
0
1 105
0
0
1 777
0
0
0
3 575 758 1397
2 106 323
0
2 106 1347
0
0
7 169 186 511 712 1302 1509 1889
0
3 106 927 1189
4 480 1009 1706 1736
1 106
0
1 106
0
1 187
0
1 106
0
0
7 151 459 554 1116 1290 1607 1788
4 108 548 736 838
1 1389
1 108
3 555 1304 1678
3 176 232 800
8 857 886 895 924 1428 1517 1596 1840
1 927
1 108
3 179 570 1454
1 108
0
1 108
4 490 913 1225 1233
1 708
0
7 108 248 488 1015 1079 1213 1408
1 854
3 109 139 630
2 591 712
1 109
11 150 283 648 836 861 1130 1139 1259 1263 1403 1799
1 109
0
1 1080
0
1 109
1 775
0
0
0
0
0
1 110
0
0
0
0
0
0
0
0
0
0
0
0
0
0
0
0
0
0
1 110
0
1 110
0
0
0
0
2 110 1309
0
2 110 1684
0
1 110
0
0
0
8 110 421 428 514 651 663 1005 1157
0
0
0
0
1 410
1 1076
0
0
0
0
0
1 948
0
0
1 111
0
1 111
0
0
0
0
4 111 326 382 754
1 1712
1 111
0
1 111
0
0
0
1 111
0
0
1 112
0
2 952 1048
1 1203
7 112 166 352 401 556 846 1764
3 217 1320 1424
5 148 1012 1072 1787 1861
6 288 325 758 1164 1632 1841
0
0
3 479 779 1391
1 113
0
1 113
0
0
0
0
1 113
0
1 113
0
8 113 350 509 1057 1175 1395 1488 1585
0
0
6 215 624 926 1016 1243 1373
1 113
5 226 479 779 843 1225
2 114 1815
4 767 832 1290 1850
0
1 897
1 602
1 114
0
2 114 1178
3 428 628 658
1 114
1 486
1 925
0
3 114 221 773
0
9 115 499 634 654 1011 1043 1218 1766 1873
3 735 1600 1760
0
0
5 115 282 329 1312 1636
2 540 659
5 116 148 340 536 1822
4 969 981 1412 1635
1 116
3 280 1519 1521
2 935 1514
3 435 450 1321
1 116
5 129 212 227 285 441
0
0
0
0
0
0
0
0
0
0
0
0
0
0
0
0
0
1 117
0
1 117
1 699
0
0
0
2 117 1289
0
1 117
0
2 117 1549
0
0
0
1 117
0
0
3 583 713 1734
2 1249 1303
1 118
1 187
4 118 1413 1539 1590
0
1 1079
1 1196
0
1 118
0
1 118
0
1 118
1 545
0
0
1 118
0
0
2 194 1630
1 119
0
2 119 181
1 368
1 119
0
2 1211 1241
0
1 119
1 1505
25 120 132 235 391 429 728 750 827 895 1081 1142 1146 1182 1183 1279 1342 1429 1494 1665 1757 1810 1812 1813 1833 1884
1 737
1 120
0
0
0
3 500 734 852
1 120
2 206 440
1 120
2 650 1473
1 120
0
2 891 1686
3 738 1364 1440
1 120
1 1185
2 121 341
1 818
2 121 1324
0
3 345 684 1456
1 195
2 121 1423
10 139 372 469 723 1046 1138 1386 1548 1653 1859
0
1 122
5 207 490 848 1278 1454
0
0
2 722 810
3 122 312 1752
0
2 122 954
0
2 122 1561
1 1788
0
0
1 122
4 164 931 1667 1771
0
0
0
0
0
0
2 881 1431
3 157 1231 1675
1 123
0
1 123
5 662 1004 1163 1754 1888
11 307 456 770 1190 1485 1547 1660 1714 1786 1794 1831
0
0
1 123
1 1812
1 123
0
1 123
0
2 249 952
0
1 123
0
1 902
3 819 864 1395
2 124 1028
1 1549
2 374 1747
3 125 1084 1419
0
0
0
1 1568
0
0
1 126
0
0
0
0
0
0
0
0
0
0
1 1532
0
0
0
0
0
0
0
1 126
0
2 126 1158
0
1 412
0
0
1 126
0
1 126
0
1 126
0
0
0
1 126
0
6 1062 1300 1486 1501 1521 1859
0
4 131 531 988 1652
1 128
0
3 463 981 1148
2 129 1235
0
1 1186
0
1 129
0
2 284 824
5 130 258 576 810 1156
0
4 370 802 1321 1436
2 784 1790
0
1 130
0
2 130 1658
0
2 130 533
2 905 938
0
0
2 130 181
4 683 978 1008 1525
1 533
23 155 279 294 310 876 934 1212 1253 1257 1390 1410 1425 1452 1510 1518 1569 1570 1649 1654 1765 1796 1870 1877
13 132 210 416 638 703 725 949 1053 1097 1485 1665 1717 1814
1 1070
0
2 1304 1755
4 132 266 358 1723
5 984 1182 1208 1252 1839
1 907
2 231 1487
3 232 1322 1396
0
1 822
0
0
0
1 1240
1 579
0
1 753
0
1 714
3 133 162 1480
2 148 1845
4 133 179 549 1585
0
1 133
0
2 190 941
1 1057
4 133 570 696 824
3 711 1196 1732
1 1568
1 134
1 1477
0
1 208
2 480 562
1 134
4 249 550 664 1212
1 134
0
6 134 347 411 770 1160 1694
3 992 1146 1629
0
0
1 134
0
3 158 177 246
0
3 135 481 1393
1 245
1 135
0
1 135
0
0
1 1386
1 135
0
0
0
0
7 504 662 704 846 1104 1226 1611
8 173 174 510 1048 1070 1372 1721 1814
1 709
0
0
1 136
1 424
2 136 504
1 1715
3 568 1436 1670
4 370 1139 1368 1874
0
2 136 1491
0
3 136 1174 1347
0
1 136
0
0
0
2 136 1262
2 1165 1647
0
4 355 439 588 1686
2 137 320
0
1 137
2 918 1195
3 137 1293 1846
3 672 1005 1149
0
1 1129
1 137
0
4 138 448 1689 1747
1 573
0
3 491 757 1076
9 138 222 301 1021 1359 1409 1439 1551 1648
4 331 942 1623 1760
3 1082 1469 1504
1 1565
1 139
2 1588 1782
0
9 216 313 469 611 632 816 1000 1094 1181
1 140
0
1 1248
4 141 1175 1460 1577
0
2 760 1043
0
11 141 229 304 306 311 771 981 1118 1501 1514 1697
4 979 1419 1430 1648
0
0
0
0
1 326
0
1 1377
3 345 931 1763
0
0
0
0
0
0
0
0
1 142
0
1 142
0
3 796 1382 1681
0
0
1 142
0
1 142
1 1633
1 142
0
0
1 822
1 142
0
3 143 838 1720
0
3 143 1031 1067
0
2 1485 1509
0
13 143 488 509 554 886 991 1300 1310 1416 1499 1653 1675 1868
0
1 595
4 144 239 499 743
1 969
6 293 634 892 1140 1472 1811
0
1 145
0
2 145 1628
0
1 781
0
2 1183 1298
1 145
0
1 145
0
2 145 236
2 621 1522
2 819 1118
0
1 145
0
8 146 241 373 698 1179 1228 1313 1643
3 269 283 403
2 146 905
6 444 803 924 1177 1399 1756
1 553
0
1 146
8 621 1038 1254 1528 1610 1790 1830 1832
1 606
0
0
1 147
0
1 147
12 161 166 348 507 601 643 907 1231 1284 1385 1695 1764
1 412
1 1475
0
2 147 221
0
8 147 302 398 418 897 1004 1478 1498
0
1 147
0
1 167
0
1 147
0
0
0
6 164 1415 1620 1637 1822 1854
3 148 374 1303
0
1 1577
2 483 635
1 258
0
0
0
1 1715
0
0
0
1 149
2 528 983
1 149
0
3 168 275 977
0
0
2 149 699
0
1 149
0
1 149
0
0
0
1 149
1 1374
0
3 185 703 836
0
7 150 228 1325 1434 1566 1660 1838
2 684 1343
6 150 686 752 886 1075 1370
0
2 150 843
0
3 249 1097 1172
0
2 150 1286
4 944 1198 1328 1443
8 292 321 1581 1616 1666 1678 1680 1885
1 316
1 296
3 151 702 732
1 1781
8 151 456 682 691 1558 1759 1772 1884
2 302 1678
1 151
1 594
0
0
5 151 272 579 1616 1740
0
1 152
0
1 152
0
0
6 229 530 942 1182 1311 1500
6 209 235 462 916 1615 1707
1 152
2 1207 1404
1 152
0
2 152 1777
1 1548
0
3 1093 1174 1868
2 152 917
1 1858
0
4 586 683 877 1888
4 153 492 597 1445
1 1867
0
1 578
0
0
2 459 689
0
0
0
0
0
1 417
0
0
0
1 1119
0
0
1 440
0
0
0
0
0
0
0
1 215
1 774
0
0
2 300 680
0
0
0
0
1 154
0
1 154
0
0
1 376
3 236 534 1080
2 154 520
0
1 154
1 1059
1 154
3 350 1012 1192
0
0
1 154
1 1145
2 1490 1519
0
2 481 1285
2 155 817
0
1 155
0
2 155 1315
4 382 702 1207 1423
0
0
1 155
0
0
0
3 165 297 1434
2 1763 1873
0
0
0
1 165
2 525 1648
0
0
0
0
0
1 156
0
1 156
0
0
1 165
0
1 156
0
1 156
0
2 156 165
0
0
0
1 156
0
0
0
1 157
0
4 157 668 1135 1800
1 257
2 157 1875
0
2 505 1493
7 354 427 736 865 1385 1456 1711
2 157 1794
0
2 1387 1432
0
2 720 1429
1 1480
2 1149 1403
2 459 1432
3 201 572 1803
0
1 1512
1 1789
0
1 1468
1 1211
0
0
2 168 1001
1 219
0
0
0
1 1271
0
0
1 158
2 1433 1789
1 158
4 566 750 776 1318
1 158
3 552 737 1670
0
7 407 1273 1352 1602 1638 1833 1838
1 158
0
0
2 850 1477
1 1197
1 547
0
3 575 728 1512
2 335 1631
2 159 696
0
1 159
0
1 1270
0
7 223 529 670 913 1193 1271 1831
3 159 344 1171
0
1 159
0
1 159
0
3 581 1091 1834
0
1 159
3 389 961 1582
0
3 568 1111 1465
3 1171 1362 1596
0
1 763
0
4 472 1308 1588 1815
1 217
1 1694
1 1766
3 753 1564 1664
1 248
2 572 1752
1 160
0
2 160 933
0
1 160
0
0
0
1 160
1 721
5 622 802 1067 1560 1590
0
6 161 166 712 732 1133 1520
0
2 162 977
1 1866
0
1 1870
3 162 984 1755
10 261 270 390 515 798 846 983 1092 1364 1397
1 163
5 281 641 875 892 988
1 163
4 202 1409 1518 1608
4 796 1216 1757 1794
1 962
1 163
5 1035 1443 1720 1725 1877
4 304 308 1114 1608
4 466 1160 1269 1292
2 164 1183
0
1 164
5 207 570 924 1105 1281
4 164 455 1248 1854
0
1 1034
0
2 164 549
0
0
1 165
0
9 891 1108 1111 1345 1479 1487 1566 1665 1698
0
3 165 525 1190
0
8 166 204 320 736 847 1086 1419 1731
4 449 527 714 1368
4 867 1259 1278 1649
1 1769
2 166 1362
0
0
4 167 1222 1531 1704
0
0
1 401
2 167 1205
1 915
1 1263
1 916
0
0
1 168
0
1 168
0
5 168 233 510 563 1464
0
0
1 889
3 168 511 1603
0
1 176
1 947
2 169 318
1 575
1 292
0
1 1606
0
0
0
0
2 1119 1351
0
0
0
0
2 170 1193
0
2 170 1695
0
0
0
0
2 170 545
0
1 170
0
1 170
0
0
0
2 170 1606
1 909
2 452 1805
0
0
0
0
1 270
2 609 955
0
0
0
1 171
0
1 171
0
0
0
0
1 171
0
1 171
0
1 171
0
0
0
1 171
0
0
0
0
0
0
14 209 225 293 531 602 630 755 925 1236 1281 1320 1324 1365 1771
0
1 184
0
0
0
1 1039
0
1 172
0
1 172
0
2 1248 1375
0
1 1345
1 172
0
1 172
3 538 1132 1399
3 172 722 1010
0
0
0
1 172
0
1 1052
0
4 416 580 1049 1785
1 173
3 648 974 1885
3 173 539 1195
0
1 173
4 422 617 1088 1889
1 601
0
1 173
1 504
1 557
1 174
0
1 174
3 226 915 997
7 184 277 540 777 1250 1436 1655
1 1734
1 174
0
0
0
0
1 1599
1 175
1 1599
1 175
0
0
2 937 1197
0
1 175
0
1 175
2 177 1103
2 175 608
0
0
0
1 175
0
0
2 176 325
0
0
0
1 176
0
2 1095 1370
1 177
0
1 177
1 1268
0
4 379 543 694 1405
2 177 556
0
0
0
2 179 1558
4 904 1164 1454 1841
0
3 348 518 631
1 1196
1 180
1 1855
0
1 1266
0
0
0
0
0
0
0
1 1676
0
0
0
0
2 247 1125
0
0
1 180
0
1 180
0
0
0
0
1 180
0
2 180 859
0
1 180
0
0
0
1 180
1 717
0
1 181
7 257 286 528 877 1314 1658 1740
1 181
0
2 181 683
2 349 944
0
0
4 181 670 1775 1890
0
1 1435
1 915
0
0
0
1 1863
1 544
0
0
1 182
0
0
0
0
0
0
0
0
0
0
0
0
0
0
0
4 610 679 1586 1647
0
4 1039 1080 1457 1583
5 204 424 992 1086 1739
1 797
1 183
3 380 610 1452
4 183 1347 1376 1526
0
3 823 1062 1666
0
0
1 183
0
2 183 232
0
1 183
0
0
0
1 183
0
0
0
0
0
1 184
2 850 1162
1 184
2 263 1022
1 184
1 788
0
0
1 184
0
1 185
0
0
0
0
2 185 1282
3 272 1413 1574
1 185
0
2 185 322
0
6 394 679 778 1542 1560 1719
0
1 185
0
0
3 847 1278 1793
1 186
0
0
0
5 529 961 1053 1270 1843
0
0
1 1875
0
5 340 620 786 807 1381
4 366 1413 1659 1879
0
3 662 688 1168
0
0
0
0
1 187
2 248 668
1 187
0
1 187
2 633 1012
1 1218
1 1460
1 187
0
2 336 970
0
0
1 712
1 1368
2 1279 1626
8 283 312 1198 1226 1398 1611 1731 1888
0
0
10 347 391 720 728 869 1153 1279 1673 1711 1763
1 773
1 598
0
1 1814
6 188 262 321 769 1536 1661
1 672
5 188 1048 1054 1122 1849
0
1 188
0
4 1222 1431 1441 1479
0
1 188
1 1799
1 1004
2 1069 1850
5 300 576 1233 1330 1753
3 189 1448 1787
0
1 189
0
0
0
1 1801
2 189 1354
0
1 189
0
1 189
1 1390
0
0
1 189
2 1124 1523
0
5 206 628 1339 1707 1736
3 190 632 1144
1 237
1 190
0
1 190
0
1 1058
0
2 190 954
3 251 841 1304
3 191 624 1573
1 1303
3 191 1016 1571
0
2 479 1230
1 1346
0
1 191
0
1 191
0
7 191 614 821 1073 1502 1517 1646
0
6 438 515 758 894 1064 1841
9 316 608 775 873 1071 1442 1537 1704 1781
1 191
0
1 1159
1 1645
0
0
0
0
7 192 691 848 987 999 1456 1854
0
0
0
0
1 783
0
2 1377 1430
0
0
0
0
3 889 934 1245
0
0
0
0
0
0
1 192
0
1 192
0
1 1214
0
0
1 192
1 721
1 192
0
1 192
0
0
0
2 192 1135
0
2 193 1022
0
1 193
1 1797
1 1022
1 1017
0
2 193 1573
0
1 193
0
1 193
0
0
1 349
1 193
1 1338
1 194
0
1 194
1 335
2 194 795
1 1302
0
0
1 194
6 419 457 940 1403 1468 1536
2 1082 1656
0
2 1031 1864
4 195 1105 1740 1805
0
3 195 348 1114
1 1093
1 195
1 1176
0
11 376 403 529 697 1109 1243 1245 1430 1626 1800 1842
1 195
1 880
0
0
0
0
0
2 226 428
1 858
0
2 418 512
1 196
1 514
1 196
0
1 1144
0
1 663
1 196
0
1 196
1 1803
3 196 563 1001
3 769 1180 1480
0
0
1 196
1 512
1 551
2 1366 1533
1 197
0
2 198 206
0
2 452 1448
0
0
1 198
0
1 198
0
1 198
0
0
0
5 198 199 487 567 1111
1 1855
0
1 199
3 240 258 638
1 199
0
0
4 371 754 1559 1785
2 199 877
1 240
0
0
0
0
0
0
0
1 843
1 200
0
1 200
0
1 1069
0
0
1 200
0
1 200
0
1 200
0
0
0
2 200 1772
1 1850
2 1735 1883
0
3 201 211 846
0
0
1 467
2 485 1635
1 202
0
0
0
0
0
0
0
3 628 1164 1498
0
0
0
0
1 203
2 558 1581
1 203
0
0
2 869 1115
0
2 203 1854
0
1 203
0
2 203 700
0
0
0
1 203
0
0
0
0
5 324 504 597 987 1112
6 204 278 668 926 931 1437
0
2 204 523
0
1 204
0
0
0
1 204
0
0
0
0
0
0
0
0
0
0
1 1816
0
1 205
0
1 205
0
0
0
0
1 205
0
1 205
0
1 205
0
0
0
1 205
0
0
0
0
1 206
0
0
0
2 207 609
0
4 207 1036 1087 1660
0
3 207 934 1233
6 802 1166 1414 1824 1860 1889
1 1379
1 943
1 207
0
1 208
0
0
0
3 731 1574 1813
1 208
0
2 208 1097
1 881
1 208
0
0
0
1 208
0
1 1637
1 954
3 594 661 873
3 312 860 976
2 823 1871
1 1148
0
0
1 655
0
2 771 1213
0
1 1318
0
0
2 1365 1388
2 781 1822
5 293 967 1408 1416 1522
0
0
1 1365
1 1528
1 209
1 614
2 310 592
0
2 209 1176
1 309
0
1 210
0
0
1 211
1 544
0
1 1531
0
5 211 225 552 939 1787
1 244
1 211
0
1 211
0
1 327
0
1 211
0
0
1 212
0
0
1 213
0
0
0
0
0
0
0
0
0
0
0
0
0
0
1 214
2 342 1843
1 214
0
0
0
0
3 214 1270 1679
0
1 214
4 252 522 995 1654
1 214
3 382 440 1434
0
1 589
1 214
0
1 215
1 1192
0
0
1 215
0
2 216 1753
0
0
0
5 216 501 1306 1676 1861
1 916
4 259 1014 1093 1191
6 239 332 435 626 969 1298
9 301 652 953 958 964 1185 1218 1220 1472
2 217 254
2 392 1161
4 218 231 590 1415
8 524 839 917 942 1024 1619 1770 1881
1 218
1 612
2 218 547
0
0
2 305 1191
1 218
1 1315
2 219 767
1 631
1 219
0
0
0
1 219
1 1691
0
0
0
1 763
1 220
0
1 220
0
0
0
0
1 220
0
1 220
0
1 220
0
2 1394 1817
0
1 220
0
0
1 513
1 221
0
4 221 396 602 1815
0
1 221
0
2 933 1178
0
1 221
0
6 229 238 1102 1108 1138 1324
0
4 222 675 991 1757
1 723
2 919 1799
0
0
1 223
0
0
0
0
0
0
0
1 224
0
0
0
0
0
0
0
0
0
0
0
0
0
0
0
0
0
1 1433
1 224
0
1 224
0
0
0
0
1 224
0
1 224
0
1 224
1 1498
0
0
1 224
0
0
2 354 486
0
5 233 379 505 820 1849
0
0
1 1387
0
0
0
0
2 225 902
0
1 226
0
0
1 1405
1 226
0
3 227 1384 1766
1 1867
1 227
0
0
1 1297
2 227 1497
1 1176
10 458 534 567 581 938 1084 1525 1556 1614 1670
2 462 1722
5 228 622 801 1331 1561
3 254 463 791
2 385 499
3 988 1547 1759
1 1549
1 229
0
1 573
5 531 750 978 1142 1608
0
0
2 1461 1609
0
0
0
0
0
0
5 984 992 1526 1742 1817
2 670 1660
1 1008
0
2 810 1467
0
0
0
0
0
0
2 1610 1840
1 866
0
0
0
0
1 895
1 230
0
2 230 1639
0
0
0
0
1 230
2 1292 1310
1 230
0
1 230
0
1 864
2 399 1595
1 230
0
0
1 231
3 632 1239 1378
0
0
2 231 518
0
1 232
4 329 462 1067 1826
0
0
1 232
0
0
0
1 1309
1 233
0
1 233
3 263 579 1704
1 233
0
1 1199
0
1 233
3 272 826 1616
0
0
6 234 280 620 789 1725 1811
0
1 234
0
0
0
1 342
4 234 844 976 1381
0
4 234 1259 1367 1654
0
1 234
0
0
2 768 1071
1 234
0
2 235 1810
3 297 600 1691
0
0
15 235 305 378 392 492 631 755 1207 1313 1469 1580 1583 1830 1836 1880
0
0
5 267 717 894 1285 1391
4 236 708 1388 1518
3 239 729 1282
1 488
5 759 1152 1214 1290 1541
4 870 977 1079 1866
3 536 807 996
0
0
1 377
0
7 279 340 496 771 815 1074 1286
0
0
3 962 996 1079
0
1 1598
2 488 1152
1 237
0
3 237 834 1153
0
0
0
1 743
1 237
0
1 237
1 1152
2 237 340
1 447
0
2 630 1841
6 237 403 491 996 1305 1340
0
0
0
0
0
1 238
0
1 238
0
1 238
0
0
0
1 238
1 1827
1 1047
0
1 829
1 239
0
3 528 997 1029
3 240 464 710
0
1 520
0
1 240
0
0
4 241 715 814 1671
2 251 1125
1 241
0
2 339 356
0
1 241
0
0
0
0
0
1 1737
0
0
0
2 242 1544
1 730
1 242
0
0
0
0
1 242
0
1 242
0
1 242
0
0
0
1 242
0
1 724
1 1622
0
1 1188
1 243
2 543 1768
3 243 657 833
0
3 561 577 1490
0
2 344 1090
5 243 246 577 657 1569
0
1 243
0
2 243 833
0
0
0
2 243 1059
0
0
2 244 255
0
1 1571
0
0
1 244
0
3 244 1311 1809
0
1 244
0
0
0
2 244 1225
1 545
1 1015
0
0
0
0
0
0
0
1 245
0
1 245
0
0
0
0
1 245
1 1735
1 245
0
1 245
0
1 799
0
1 245
0
0
2 246 1698
1 1466
1 246
1 1203
0
0
1 246
2 1005 1049
0
1 247
0
1 247
0
1 247
0
2 686 1470
0
1 247
0
2 248 1797
0
0
0
1 249
1 1273
10 307 503 533 730 731 737 937 947 1195 1284
3 250 1239 1449
0
0
1 428
0
1 804
1 251
0
1 251
0
2 251 804
0
0
1 768
2 251 663
1 667
0
1 252
0
2 252 370
0
0
0
1 252
0
0
6 934 1212 1399 1427 1492 1796
0
1 1379
5 433 1390 1530 1756 1813
1 1881
2 1003 1050
0
0
2 254 1839
1 800
1 1333
0
2 795 858
0
0
1 1524
0
2 709 1724
1 445
1 1729
0
0
1 1575
0
1 1161
0
0
0
1 255
0
0
0
3 377 1312 1598
2 255 1079
1 327
1 255
1 1775
1 255
2 1065 1199
1 1838
0
2 255 580
0
0
0
0
12 483 738 837 941 1175 1395 1396 1402 1417 1845 1865 1870
1 256
0
2 256 784
0
0
0
0
1 256
1 995
2 256 1762
0
1 256
0
1 1000
0
1 256
0
0
1 257
4 1002 1236 1521 1588
1 300
0
0
0
0
4 368 514 1224 1772
0
0
2 258 1256
0
2 258 786
1 1852
0
0
1 258
0
2 259 587
0
0
0
1 259
0
0
1 1571
0
0
0
1 260
0
1 260
0
0
0
0
2 260 827
0
1 260
1 1840
1 260
0
0
0
1 260
0
3 261 1038 1832
0
7 261 495 801 1245 1307 1593 1830
5 905 1085 1173 1271 1724
2 606 1402
0
4 261 407 808 833
1 610
0
2 262 661
3 873 1387 1432
0
1 689
0
1 262
0
1 262
1 873
2 262 1781
0
0
2 732 1157
2 262 1464
0
0
1 579
0
1 263
3 505 1040 1531
0
0
1 1124
0
2 843 1257
0
0
0
2 264 1617
1 598
1 264
0
0
0
0
1 264
0
2 264 1554
0
1 264
0
0
0
1 264
0
1 265
2 908 999
2 265 1017
0
0
0
0
2 265 406
0
1 265
0
2 265 589
0
0
0
3 265 429 1333
1 350
1 266
0
1 266
0
1 266
0
0
0
2 266 425
1 1774
1 787
0
0
1 1884
2 852 1258
1 268
5 617 808 852 1129 1398
2 268 370
0
0
1 1543
0
1 268
0
2 268 808
0
3 268 474 852
0
4 407 550 894 1039
0
1 268
0
0
1 925
0
1 270
0
1 270
0
4 270 556 635 1203
0
0
0
2 270 1698
0
1 1873
5 546 715 1050 1220 1763
1 1566
0
0
0
0
0
0
0
0
0
2 271 1556
0
1 271
0
0
0
0
1 271
0
1 271
0
1 271
0
0
0
1 271
0
1 343
2 272 1189
0
1 272
1 828
0
0
1 272
0
0
1 1331
2 832 1789
0
3 273 784 926
0
2 273 479
1 830
0
1 684
0
1 273
0
2 273 1244
1 1461
1 273
1 1647
0
0
1 273
0
0
0
0
0
2 274 649
0
0
0
0
0
0
0
0
1 1527
0
0
0
0
0
0
0
0
0
1 274
0
1 274
0
0
0
0
1 274
0
1 274
2 287 649
1 274
0
0
0
1 274
0
2 275 321
0
0
0
0
0
0
0
0
1 276
0
0
0
0
0
0
0
1 546
0
0
0
0
0
0
0
0
0
0
1 276
0
1 276
0
0
0
0
1 276
0
1 276
0
1 276
0
0
0
1 276
0
1 277
0
2 867 990
0
4 380 846 1146 1477
1 277
4 579 594 976 1158
1 277
0
1 277
1 1168
3 1396 1606 1664
0
3 277 1475 1696
0
1 437
1 278
1 1502
1 622
0
0
1 278
1 1783
1 278
4 405 728 1098 1247
1 278
0
2 438 1253
0
4 278 1427 1520 1731
2 1292 1339
4 499 893 1299 1388
1 279
0
2 279 1286
0
5 691 703 1219 1581 1872
0
1 279
0
2 280 743
0
5 280 1393 1431 1748 1847
0
0
1 1304
2 280 582
0
1 1293
5 282 576 793 1330 1745
0
2 282 486
1 329
2 282 751
1 313
0
0
1 282
0
0
2 283 729
0
3 284 1636 1826
0
2 284 318
2 1454 1622
1 284
0
0
0
2 284 1250
0
1 603
1 286
0
4 286 667 826 1468
0
2 694 714
1 1420
1 286
0
0
0
0
0
0
0
0
0
0
0
0
0
2 1070 1368
0
0
0
0
1 287
0
1 287
0
0
0
0
3 287 1381 1425
0
1 287
0
1 287
0
1 1122
0
1 287
0
1 288
1 1107
1 289
1 1570
2 289 1733
0
1 289
3 642 792 1818
5 331 352 1424 1449 1729
0
1 289
3 626 811 882
0
0
0
0
0
2 290 1078
0
2 290 1658
1 347
5 1084 1231 1302 1620 1786
1 1204
2 431 1780
2 290 1216
0
1 290
0
1 290
0
0
0
1 290
0
1 291
0
1 291
0
0
0
0
1 291
2 1306 1404
1 291
0
1 291
0
0
0
1 291
0
1 292
0
1 292
0
1 292
0
0
0
1 292
0
0
1 293
0
1 293
0
0
0
2 293 1365
0
0
1 295
0
1 295
0
0
0
0
1 295
3 510 821 1801
1 295
0
1 295
1 955
0
0
1 295
0
0
2 296 1824
0
2 296 1553
0
1 296
0
0
0
1 296
1 1276
0
0
0
1 297
0
5 447 587 620 807 1060
1 1303
1 298
0
1 298
0
1 799
0
1 954
3 298 844 976
0
1 298
0
1 298
1 962
0
0
1 298
0
4 299 880 1434 1886
0
1 299
2 913 1589
0
0
0
1 299
1 1032
1 299
1 1115
2 299 1616
0
0
0
1 299
0
2 300 865
1 1015
1 300
0
2 837 1029
0
2 300 1661
1 1058
1 301
0
2 301 1726
0
2 301 1753
0
0
0
1 301
1 1858
0
0
2 302 671
2 418 1680
1 302
0
1 302
1 522
0
1 719
1 302
0
1 1090
0
0
0
0
0
0
0
1 303
0
1 303
0
0
0
0
1 303
1 680
1 303
1 1513
1 303
0
0
0
1 303
0
0
1 305
0
0
0
1 305
2 595 1599
1 306
0
0
0
0
3 306 746 1649
0
1 306
0
1 306
0
0
0
1 306
0
6 385 921 1173 1746 1747 1870
7 577 734 776 956 963 1345 1673
0
1 308
7 420 425 1045 1312 1416 1514 1612
1 309
0
1 1369
0
1 1287
1 309
0
1 309
0
2 309 835
0
0
0
1 309
0
1 310
0
2 408 1384
3 561 1180 1429
1 310
0
0
5 311 374 1267 1438 1788
0
1 311
0
1 311
0
1 1690
0
2 311 1092
1 1031
1 1719
0
1 312
3 556 1197 1386
0
2 639 1855
0
1 313
2 1342 1614
0
1 314
0
1 314
0
0
0
0
1 314
0
1 314
0
1 314
0
0
0
1 314
0
0
0
0
1 974
0
0
1 315
0
1 315
1 813
0
0
0
1 315
0
1 315
0
1 315
0
0
0
1 315
0
0
2 735 1874
1 316
0
4 316 445 983 1859
0
1 316
0
0
1 1071
1 316
0
5 1268 1403 1536 1704 1885
3 318 826 1696
0
3 603 733 1348
0
1 318
0
0
0
1 319
0
0
0
0
0
0
0
0
0
0
0
0
0
1 1793
0
0
0
2 1262 1482
1 319
0
1 319
0
0
0
0
1 319
0
1 319
0
1 319
0
0
0
1 319
0
1 320
1 1574
1 1724
0
2 320 1738
0
1 321
0
1 321
0
0
0
1 321
0
0
0
0
0
0
1 1123
0
0
0
0
0
2 770 1523
0
0
0
1 1123
0
1 322
0
0
0
1 323
1 1742
5 323 422 847 937 1796
3 336 1162 1785
1 323
1 1362
1 1367
0
2 323 1112
0
3 387 876 1383
0
0
1 325
0
1 325
0
1 325
0
0
0
1 325
0
3 712 717 1786
1 953
1 1400
6 326 496 830 835 870 1223
0
1 326
1 1026
1 326
0
0
0
2 326 329
0
0
2 624 1280
0
3 327 1737 1787
0
1 327
4 970 1567 1677 1842
2 327 1280
0
3 633 697 1711
0
1 327
1 779
1 328
0
0
0
1 1547
4 329 1254 1312 1499
2 979 1184
1 330
0
0
0
3 330 757 1879
0
0
1 331
9 641 654 939 953 964 1161 1333 1641 1712
0
0
1 331
0
0
0
0
1 332
0
1 332
0
2 332 1068
0
0
0
1 332
0
2 819 1822
1 333
2 1337 1385
0
0
0
0
1 334
1 1224
1 334
0
1 794
0
1 872
1 334
0
1 334
0
1 334
0
0
0
1 334
0
0
0
2 335 1523
0
1 335
0
1 335
1 963
0
0
1 335
0
0
1 777
0
0
1 336
1 1526
4 336 685 893 1119
0
1 336
0
0
0
2 336 434
0
1 362
0
0
1 337
0
1 337
0
0
2 859 1762
1 400
1 337
0
2 337 1852
0
1 337
0
0
1 635
1 337
0
0
1 1069
0
0
0
0
0
1 338
0
0
0
0
0
0
0
0
0
0
0
0
0
0
0
0
0
0
1 338
0
1 338
0
0
0
2 344 822
1 338
0
1 338
0
1 338
0
0
0
1 338
0
0
3 708 807 815
5 536 857 1060 1196 1318
1 807
1 340
0
0
1 341
1 488
1 341
0
1 341
0
1 1037
1 682
1 341
0
0
2 921 1639
0
1 342
0
1 342
0
1 342
0
0
0
2 342 584
0
0
2 1048 1467
0
0
0
0
0
0
0
0
1 788
1 1703
1 1131
0
0
0
1 343
0
1 343
0
0
0
0
1 343
0
1 343
0
1 343
0
0
0
1 343
1 1354
1 1372
1 344
0
1 344
1 1105
3 478 1328 1888
0
3 344 411 468
0
2 545 913
1 345
0
2 345 736
1 1577
5 345 403 700 857 1343
2 1620 1865
0
0
2 345 724
2 435 1315
1 1208
1 1392
0
2 346 405
0
1 346
0
0
0
0
1 346
0
1 346
0
1 346
7 583 906 1077 1150 1231 1275 1759
0
0
1 346
0
1 1558
2 347 731
0
2 347 399
1 882
0
2 574 1800
3 347 1227 1535
0
1 1621
2 348 1295
0
0
2 895 1145
0
1 349
0
1 349
0
2 349 449
0
0
0
2 349 1796
1 798
2 1135 1292
1 350
4 758 1059 1281 1507
1 350
0
2 362 1845
1 1107
1 350
0
6 424 476 671 764 898 1127
0
0
0
1 552
1 487
1 419
0
0
2 1536 1704
0
0
1 353
0
1 353
0
0
0
0
2 353 1827
0
1 353
0
1 353
3 464 1777 1850
0
1 426
1 353
0
0
1 1617
3 354 832 1464
0
2 355 648
2 702 1145
0
1 1763
1 1130
2 1630 1884
1 1812
5 529 685 900 1626 1839
0
1 1783
1 931
1 1376
1 673
0
3 932 1472 1635
1 356
0
1 378
0
1 356
0
1 1656
0
1 1120
0
0
0
0
0
0
0
0
1 357
0
1 357
0
0
0
0
1 357
2 782 970
1 357
0
1 357
0
0
0
1 357
0
1 358
3 1437 1439 1533
0
0
0
0
0
0
0
0
0
1 360
0
1 360
0
0
0
0
2 360 940
0
1 360
0
1 360
1 408
1 530
0
1 360
0
1 361
4 567 1165 1509 1589
1 361
2 1500 1557
0
1 573
0
1 361
0
2 361 854
1 1418
1 361
2 776 1642
0
0
1 361
2 515 1566
2 824 1859
0
0
0
2 362 1043
0
2 362 430
3 611 1386 1569
1 362
0
0
0
1 362
0
0
0
0
0
3 411 754 1247
1 907
1 1754
0
2 1328 1794
0
0
0
0
0
0
2 363 1858
1 1028
0
0
0
0
1 364
1 1513
1 364
0
1 1805
1 406
0
1 364
0
1 364
0
1 364
0
0
0
1 364
0
1 365
8 377 595 886 927 987 1388 1720 1873
2 991 1865
0
2 365 1713
0
1 366
1 1179
1 366
0
0
1 1109
1 366
0
0
0
0
0
0
1 367
1 1747
1 367
0
0
0
0
1 367
0
1 367
0
1 367
1 1522
0
0
1 367
0
0
1 368
1 941
1 368
0
0
0
1 368
0
0
0
0
0
0
0
0
1 369
0
1 369
0
0
0
0
1 369
0
1 369
0
1 369
0
1 1864
0
1 369
0
0
2 370 582
0
2 1117 1361
0
1 370
1 1080
2 470 1075
2 373 1790
0
0
1 374
0
2 374 1539
0
3 403 536 996
0
1 374
2 789 1074
1 375
2 1044 1881
1 1805
3 376 835 1223
0
1 376
0
2 376 854
0
0
0
1 376
0
0
2 377 1292
0
1 377
0
1 1840
0
1 377
0
2 1018 1770
1 378
0
0
0
2 378 1583
0
0
2 379 871
0
1 379
0
1 379
0
1 689
0
1 379
0
1 380
1 920
1 380
0
1 380
2 754 778
0
0
1 380
0
1 911
1 382
0
0
3 1246 1256 1664
1 540
0
1 1305
1 1823
0
4 1036 1153 1518 1626
2 383 1659
2 508 1646
1 383
0
1 979
0
0
3 383 684 830
0
1 383
1 1016
2 383 1517
0
1 496
1 1084
1 383
0
0
0
0
1 384
0
1 384
0
0
0
0
1 384
0
2 384 532
1 1766
1 384
0
0
1 948
2 384 879
0
0
1 385
0
0
0
1 385
0
1 386
1 485
1 463
0
1 745
0
0
0
0
1 415
0
0
0
0
0
1 389
0
1 389
0
0
0
0
2 389 722
0
1 389
0
1 389
0
0
0
1 389
0
2 1087 1577
3 1002 1127 1198
1 391
1 1734
2 391 1227
0
1 391
0
0
0
1 391
0
0
3 392 816 1291
0
0
2 509 1334
1 392
0
0
0
0
0
0
0
0
0
0
0
2 393 463
0
2 393 1848
0
1 994
0
0
2 393 1329
2 400 918
1 393
0
1 393
0
0
0
4 393 829 1118 1473
3 875 1010 1304
1 1370
6 453 972 1088 1300 1546 1746
4 1258 1299 1530 1759
3 679 1053 1064
0
3 511 1040 1888
2 395 409
0
0
0
1 421
1 395
0
2 395 1316
1 1102
1 395
0
1 950
0
1 395
0
1 396
2 667 1678
1 396
2 711 862
0
0
1 396
0
1 398
5 713 850 1150 1162 1575
1 398
0
2 398 1131
1 821
0
3 547 647 1004
1 398
0
3 897 1246 1493
1 399
0
1 399
3 1135 1310 1626
2 399 1109
0
1 1842
9 764 848 900 931 1017 1153 1535 1677 1758
1 399
0
1 400
2 729 903
0
0
2 400 1715
0
1 401
0
2 401 449
2 482 1425
1 401
0
0
0
1 401
0
1 620
1 870
1 1747
1 403
1 1822
0
1 1857
0
0
0
0
0
0
0
1 404
0
1 404
0
0
1 1178
0
1 404
0
1 404
0
1 404
1 1736
0
0
1 404
0
0
6 431 861 1042 1077 1489 1769
0
0
1 405
0
1 405
0
1 405
0
0
0
1 405
2 1231 1748
0
0
0
0
1 406
0
1 406
0
1 406
0
2 473 666
0
1 406
0
0
1 1352
1 1309
1 407
0
1 1497
0
0
0
1 408
0
2 408 1180
0
1 408
1 1324
0
0
1 408
0
1 409
0
0
1 843
0
1 409
1 1156
1 409
1 473
1 409
0
0
0
2 409 504
0
0
0
2 1773 1792
0
1 410
0
1 410
0
0
0
0
1 410
0
1 410
0
1 410
1 1773
0
0
1 410
0
2 411 1244
0
0
0
2 411 961
0
0
1 412
1 1138
3 412 458 527
0
1 412
0
0
3 433 679 1250
1 412
0
0
0
0
0
0
1 413
0
3 413 975 1579
0
0
0
0
1 413
0
1 413
0
2 413 1762
0
0
0
1 413
0
1 414
0
1 414
0
0
2 457 1586
0
1 414
0
1 414
0
1 414
1 651
0
2 1479 1543
1 414
0
0
0
0
0
0
0
0
0
0
0
0
0
0
0
0
1 415
0
1 415
0
0
0
0
1 415
0
1 415
0
2 415 853
0
0
0
1 415
0
0
0
1 1561
1 1456
0
0
0
2 416 1844
0
0
0
0
0
0
0
0
1 899
0
0
0
1 417
0
1 417
0
0
1 539
0
1 417
0
1 417
0
1 417
0
0
0
1 417
0
1 781
1 1442
1 1420
1 1434
0
1 418
0
0
0
3 418 1508 1616
0
0
0
1 419
0
1 419
2 513 970
1 419
2 1095 1443
0
0
1 419
0
0
0
1 421
0
1 421
0
0
1 772
2 421 646
0
2 1347 1675
1 422
0
1 581
0
3 422 508 704
1 1398
2 810 1400
2 696 1568
0
2 424 1189
0
0
0
0
1 425
0
2 425 1416
0
1 425
2 989 1046
0
0
1 425
0
2 881 1136
2 426 841
0
0
2 672 1752
2 1047 1484
1 426
1 1850
1 426
0
1 426
0
1 841
0
1 426
1 1204
0
2 428 1564
0
1 1857
0
2 428 804
0
0
2 429 1687
0
1 429
2 1481 1614
0
0
2 429 936
0
2 430 679
0
0
0
0
1 430
0
1 430
0
1 430
0
0
2 1647 1789
1 430
0
1 861
0
1 836
0
3 431 1193 1271
1 1015
1 431
0
1 431
3 778 923 1122
0
0
1 431
0
2 1003 1838
0
0
4 432 624 1056 1311
0
1 432
0
0
0
0
1 432
0
1 432
1 990
1 432
0
0
0
1 432
0
2 842 1695
0
0
1 1731
1 433
0
5 433 758 1221 1278 1320
0
1 433
0
4 523 924 1553 1637
0
1 433
0
2 1069 1576
0
0
1 435
0
0
0
0
0
0
0
0
0
0
0
0
1 436
0
0
0
1 1425
0
0
1 591
0
0
0
0
0
0
0
0
0
0
0
1 436
0
1 436
0
0
0
0
1 436
0
1 436
0
1 436
0
0
0
1 436
0
1 437
0
0
0
0
3 437 457 946
1 966
1 437
0
1 437
0
0
0
2 437 1126
0
1 438
0
4 515 896 1489 1815
2 1506 1739
1 438
0
1 1694
2 799 1730
1 440
0
1 1391
1 441
0
0
0
0
0
0
2 442 707
0
1 442
0
0
0
0
2 442 759
0
1 442
0
1 442
0
0
0
1 442
0
1 840
0
0
0
0
0
0
0
2 443 1445
0
1 443
0
0
0
0
1 443
0
1 443
0
1 443
0
0
0
1 443
0
1 444
0
0
0
2 444 1841
0
8 451 603 710 869 1062 1086 1579 1610
2 662 1545
2 445 1449
1 802
1 1079
1 1200
3 447 708 976
1 813
1 447
0
1 447
0
0
0
2 447 1712
0
9 518 619 787 901 1043 1076 1185 1409 1858
0
1 449
1 635
0
0
1 449
2 725 1392
2 639 1782
1 450
0
0
2 703 1872
0
1 451
0
1 1395
0
0
0
1 452
0
1 452
0
1 452
0
0
0
1 452
0
1 1421
2 453 1629
0
0
0
0
1 453
0
2 453 777
0
1 453
0
0
0
1 453
1 973
1 1538
0
0
0
1 455
0
2 455 1691
0
1 455
0
0
0
1 455
0
0
1 456
1 673
2 972 1092
0
0
1 457
0
0
1 458
0
1 1156
0
1 458
0
1 1808
0
1 1263
1 459
2 769 1133
1 460
0
3 460 720 940
0
1 820
0
0
1 460
0
1 460
0
1 460
0
0
0
1 460
0
0
0
0
0
0
1 1512
0
2 462 800
1 1378
0
0
3 463 885 1148
0
0
1 464
0
0
0
1 464
0
0
0
2 467 1685
1 483
0
0
0
0
0
0
0
1 858
0
0
0
0
0
0
0
0
1 863
1 468
0
1 468
0
0
0
0
1 468
0
1 468
0
2 468 1098
0
0
0
1 468
0
1 469
0
0
1 471
0
1 472
3 906 1494 1780
1 693
1 1126
0
0
0
1 473
0
1 473
1 487
1 473
0
0
0
1 473
0
0
0
3 866 1053 1638
0
0
0
0
0
0
1 1019
0
0
0
0
0
0
1 474
0
1 474
0
0
0
0
1 474
0
1 474
0
1 474
0
0
0
1 474
0
0
0
0
0
0
0
0
0
0
0
0
0
1 475
0
0
0
0
0
0
0
0
0
0
0
0
0
0
0
0
0
0
1 475
0
1 475
0
0
0
0
1 475
0
1 475
0
1 475
0
0
0
1 475
0
0
1 476
0
1 476
0
0
0
1 476
0
0
0
1 1540
0
0
0
0
0
0
0
2 780 1068
1 477
1 861
1 477
0
0
0
0
1 477
0
1 477
0
1 479
0
1 609
0
5 479 570 794 871 1745
0
0
0
3 1115 1236 1630
1 850
1 480
0
1 480
0
1 480
0
0
0
1 480
0
3 481 1031 1295
1 1423
1 1833
0
1 481
3 801 1287 1820
0
1 482
7 995 1379 1539 1558 1665 1731 1824
0
1 560
0
2 482 1784
0
1 482
0
1 482
0
0
1 1769
2 482 1208
0
0
0
0
1 483
0
0
0
0
2 484 1115
0
1 484
0
0
0
0
2 484 890
0
1 484
0
1 484
0
0
0
1 484
0
0
0
0
2 485 1223
1 1140
0
1 486
0
0
0
1 486
0
0
1 487
0
1 487
0
0
0
1 487
0
0
1 488
0
3 978 1003 1277
0
0
0
0
0
1 1659
1 489
0
1 489
0
1 1524
2 1171 1659
2 1086 1549
1 489
0
1 489
0
1 489
0
1 1697
0
1 489
0
0
1 625
2 1009 1736
0
0
1 1346
2 520 1507
1 490
1 1300
0
0
1 491
4 492 839 1081 1821
0
2 1750 1832
0
0
0
1 493
0
2 493 1508
0
0
0
0
1 493
0
1 493
0
1 493
0
0
0
1 493
0
0
0
0
1 494
0
1 494
0
0
2 1032 1338
0
1 494
0
2 494 989
0
1 494
0
1 1761
0
1 494
0
0
2 872 1016
2 870 1310
1 1476
1 496
4 800 979 1060 1870
0
1 1672
3 827 1174 1350
0
1 497
0
1 497
0
0
0
1 1867
1 497
0
1 497
0
1 497
0
0
0
1 497
0
0
0
1 499
0
1 500
1 650
0
1 1851
1 1733
1 501
0
1 502
1 1656
1 503
1 1433
0
0
2 503 772
0
0
1 1481
1 601
1 504
0
1 505
0
0
2 507 1817
1 952
0
1 1797
3 508 557 640
0
1 508
0
1 508
0
0
0
1 508
1 1135
0
1 510
1 769
1 510
0
0
0
1 510
0
1 511
0
0
0
1 511
0
0
0
0
0
1 512
0
1 512
0
1 512
0
0
0
1 512
0
1 925
0
0
4 513 532 572 667
0
1 513
0
1 513
0
0
1 565
1 513
0
1 514
1 541
1 515
0
0
0
1 515
1 1164
0
0
0
0
0
0
0
0
0
0
1 516
0
0
0
0
0
0
0
0
0
0
0
0
0
0
0
0
0
0
1 516
0
1 516
0
0
0
0
1 516
0
1 516
0
1 516
0
0
0
1 516
0
1 1592
1 1120
0
1 517
0
1 517
0
0
1 739
0
1 517
0
1 517
0
1 517
0
0
1 1051
1 646
0
0
1 518
0
1 518
1 1485
0
0
1 518
0
1 519
0
4 519 907 965 1487
0
0
0
0
1 519
0
1 519
0
1 519
0
0
0
1 519
0
4 682 1132 1611 1846
1 520
0
1 520
0
3 706 966 1662
0
1 520
1 618
0
0
0
1 1875
1 522
0
1 522
0
1 522
0
0
0
1 522
0
1 523
0
1 1350
0
2 523 1586
0
2 718 1018
0
0
0
0
1 917
1 573
0
0
0
2 524 1642
0
1 524
0
0
0
0
1 524
0
1 524
0
1 524
0
0
0
1 524
0
1 525
0
1 525
0
2 525 648
1 1549
0
0
1 525
0
0
1 883
1 946
1 1885
0
0
1 526
0
1 526
0
0
0
1 951
1 526
0
2 526 1116
0
2 526 1758
0
0
0
1 526
0
1 1391
0
2 527 610
0
1 527
0
0
0
1 527
0
3 528 877 1289
0
0
2 530 1190
0
0
6 531 888 1075 1183 1371 1373
0
0
0
0
0
2 532 781
0
1 532
1 879
1 532
0
1 1307
0
1 532
0
2 534 1316
0
1 1076
1 535
0
1 535
0
2 1690 1709
0
0
1 535
1 1585
1 535
0
1 535
0
0
0
1 535
0
0
2 536 870
0
0
0
1 536
0
0
0
0
0
0
0
0
0
0
0
0
0
0
1 538
0
1 538
0
1 670
1 828
0
1 538
0
1 538
0
1 538
1 1545
1 1639
0
1 538
0
0
1 1491
0
0
1 539
0
1 539
0
1 539
0
0
0
1 539
0
1 624
0
2 540 1750
1 715
1 1564
1 541
0
0
0
1 1606
1 541
0
3 541 549 1454
0
1 541
0
2 1323 1567
1 1564
1 541
1 1337
0
0
1 542
0
1 542
0
0
0
1 1377
1 542
0
1 542
4 614 645 1573 1737
1 542
0
1 545
0
1 542
0
0
1 543
0
1 543
0
1 543
0
0
0
2 543 1457
2 1441 1804
1 943
2 544 1357
0
1 544
0
1 544
0
0
0
1 544
0
0
0
0
1 545
0
0
2 546 1288
0
2 546 1157
3 1115 1309 1641
2 546 994
0
0
0
1 546
0
0
0
0
1 564
0
0
0
0
0
0
0
1 548
0
1 548
0
0
0
0
1 548
0
1 548
0
1 548
0
0
0
1 548
0
0
1 549
0
2 549 854
0
0
0
1 549
0
1 550
0
1 551
0
2 551 756
1 657
0
1 1182
1 551
0
0
0
1 552
1 666
0
3 553 1249 1370
3 956 1672 1735
1 553
0
1 553
0
0
1 1239
1 553
1 978
0
0
0
1 554
0
4 555 873 1661 1788
0
1 556
0
0
1 816
0
0
0
0
0
0
1 822
0
0
0
0
0
2 557 598
0
1 557
0
0
0
1 557
0
1 1630
3 1001 1230 1506
2 1010 1768
2 647 974
0
0
0
0
0
0
0
2 1215 1581
0
0
0
0
0
0
0
0
1 558
0
1 558
0
1 1516
0
0
1 558
0
1 558
0
1 558
1 1353
0
1 1319
1 558
0
0
0
4 685 923 1078 1842
0
0
2 559 1303
0
2 559 1573
0
0
0
1 1711
1 559
1 789
2 559 696
0
1 559
1 920
0
0
1 559
0
2 1530 1838
1 560
0
0
0
0
1 560
0
1 560
0
1 560
0
0
0
1 560
0
0
0
1 561
0
1 562
0
1 562
0
1 562
2 1659 1859
0
0
1 562
0
1 563
2 1165 1332
0
0
1 563
0
0
0
0
0
0
0
0
0
0
0
1 1891
1 564
0
1 564
0
0
1 1891
0
1 564
0
1 564
0
1 564
0
0
0
1 564
0
0
0
0
2 1083 1536
0
0
1 1158
0
0
0
0
0
0
0
1 922
0
1 1442
1 565
0
1 565
0
1 1484
0
0
1 565
0
1 565
0
1 565
0
0
0
1 565
0
2 566 759
0
1 567
0
1 567
3 709 1358 1828
0
0
1 567
2 604 1124
2 762 1042
1 568
6 593 746 750 1082 1670 1786
0
0
2 1417 1819
1 1035
2 836 1242
1 569
0
0
0
0
1 572
0
0
0
0
2 573 1439
0
0
0
0
0
0
0
0
0
0
0
0
0
0
0
0
0
0
0
1 574
0
1 574
0
0
0
0
1 574
0
1 574
0
1 574
0
0
0
1 574
0
2 1272 1669
1 575
0
0
0
0
1 576
3 1026 1287 1577
0
0
0
1 577
0
0
3 597 1163 1715
3 578 616 763
0
0
1 579
1 933
1 580
0
1 580
0
1 580
0
1 1446
0
1 580
0
1 1372
1 581
2 1111 1226
3 581 1086 1174
3 1700 1724 1764
0
2 1376 1509
1 581
0
0
1 1280
1 697
1 910
1 582
0
1 582
0
1 582
1 1702
1 1680
0
1 582
0
0
1 583
0
1 890
0
1 583
2 713 1843
2 584 1282
1 1877
1 584
5 1279 1282 1517 1725 1811
0
0
2 584 1877
0
1 597
4 1252 1299 1516 1875
3 1148 1566 1858
0
0
0
0
3 587 1057 1801
1 1110
5 587 892 1242 1326 1646
1 1819
1 587
0
1 1305
0
1 587
0
0
2 588 880
1 1886
1 588
0
1 588
0
2 702 719
0
1 588
0
1 1133
1 589
0
1 589
0
1 589
0
0
0
4 589 690 734 1258
0
0
1 590
0
3 590 694 1348
0
1 590
0
2 839 1191
0
1 590
0
1 591
0
1 591
0
0
0
1 591
0
0
1 593
0
0
0
0
1 593
0
1 593
0
1 593
1 973
0
1 609
1 593
0
0
3 594 1468 1885
1 671
1 595
0
0
0
1 595
0
0
0
0
2 971 1116
0
0
1 951
1 596
1 625
1 596
0
0
0
1 1616
1 596
0
1 596
0
1 596
0
0
0
2 596 1129
0
0
1 597
0
0
2 547 1707
1 597
0
0
1 598
0
1 598
0
0
0
2 598 950
0
0
0
1 1662
0
1 599
0
1 599
0
0
0
0
2 599 1136
1 1470
1 599
0
1 599
0
0
0
1 599
0
0
2 601 1638
0
2 601 993
0
1 1167
0
1 601
0
1 1628
0
3 725 776 1800
3 602 730 1107
0
0
0
0
1 603
0
0
1 604
0
0
0
0
1 604
0
1 604
0
1 604
0
0
0
1 604
0
2 605 1400
0
1 605
0
0
0
2 1132 1224
1 605
0
1 605
0
2 605 638
0
0
0
1 605
0
0
0
0
1 1251
1 1127
0
0
0
0
0
0
2 637 977
0
0
0
0
0
0
1 606
0
2 606 908
0
1 606
0
1 1001
0
1 606
0
0
0
0
0
0
1 607
0
1 607
0
0
0
1 1108
1 607
0
1 607
0
1 607
0
0
0
1 607
0
1 1078
1 608
0
1 608
0
1 608
0
2 1103 1483
0
1 608
0
0
1 609
0
1 1579
0
1 609
0
0
1 610
0
0
0
1 610
0
0
0
0
0
0
0
0
0
0
0
0
1 612
0
1 612
0
0
0
0
1 612
0
1 612
0
1 612
0
0
1 714
1 612
0
0
0
1 613
0
2 1215 1779
0
0
0
0
0
0
0
0
0
0
1 1217
0
0
0
0
1 1255
1 613
0
2 613 1779
0
0
0
0
1 613
0
1 613
0
1 613
0
0
0
1 613
0
1 614
0
2 614 1610
1 867
0
0
1 614
0
0
0
1 1716
1 1762
0
0
0
0
0
0
0
0
0
1 615
0
1 615
0
0
0
0
1 615
0
1 615
0
1 615
0
0
0
1 615
0
1 616
0
0
0
0
2 616 721
0
1 616
1 1808
1 616
0
0
0
1 616
0
1 1824
0
0
1 617
0
0
1 618
0
0
0
0
1 618
2 898 1004
1 618
0
1 618
0
1 1049
0
1 618
0
0
1 621
1 1176
0
1 1790
2 621 1691
0
3 1269 1602 1742
0
2 622 1356
0
1 623
0
1 623
0
0
2 817 1472
0
1 623
0
1 623
0
1 623
0
0
0
1 623
0
0
1 624
2 892 1285
0
0
0
3 864 1051 1646
1 625
0
1 625
0
1 625
1 1160
0
0
1 625
1 875
0
2 914 1600
1 626
0
1 627
0
0
1 628
0
0
0
0
0
1 629
0
1 629
0
0
0
0
1 629
0
1 629
0
1 629
0
0
0
2 629 1169
0
1 1388
1 630
0
2 631 1676
0
0
2 632 1864
0
0
0
0
1 633
0
1 633
1 1224
1 633
0
0
0
1 633
0
2 634 857
1 684
1 635
0
1 952
0
1 635
0
0
1 636
0
2 858 1131
0
1 1596
1 1862
1 638
0
0
1 639
0
1 639
0
2 639 1275
0
0
1 661
1 639
0
0
1 641
0
0
0
1 641
0
1 643
2 692 1590
0
1 644
0
2 644 676
0
0
0
0
1 644
0
1 644
0
1 644
0
0
0
1 644
0
0
1 645
0
1 1287
0
0
1 645
0
1 645
0
1 645
0
0
0
1 645
0
0
1 1210
0
1 646
1 1848
1 646
0
1 646
0
0
0
1 646
2 846 1268
0
2 663 689
0
0
1 647
1 662
2 647 747
0
1 647
0
0
2 1092 1546
1 647
0
3 648 1527 1666
1 946
0
0
1 648
0
1 649
0
1 649
0
1 649
0
0
0
1 649
0
1 650
0
1 650
0
0
0
1 650
0
0
1 655
0
1 655
0
1 655
0
0
0
1 655
0
1 656
0
4 656 953 1331 1712
0
0
0
0
1 656
0
1 656
0
1 656
0
0
0
1 656
0
1 657
0
1 657
0
0
1 1757
1 657
0
1 658
0
1 658
0
1 658
1 933
0
1 778
1 658
0
0
0
0
0
2 659 1686
0
1 659
0
0
0
0
1 659
0
1 659
0
1 659
1 1799
0
0
1 659
0
0
0
0
0
1 660
0
1 660
1 799
0
0
0
1 660
1 799
1 660
0
2 660 1217
0
0
0
1 660
0
1 661
2 804 1071
1 661
0
0
0
1 661
0
1 1133
0
3 662 1144 1715
0
0
0
0
1 663
0
0
0
0
0
1 766
0
0
0
0
2 1377 1784
0
1 1342
0
1 664
0
1 664
0
0
1 665
0
0
0
2 1063 1828
2 666 862
0
1 666
0
1 666
0
0
0
1 666
0
1 667
0
0
0
2 667 1441
1 1519
1 668
0
0
1 669
0
0
0
1 671
0
1 671
0
0
0
2 671 1473
0
0
0
0
1 672
0
0
1 673
0
1 673
0
2 673 1048
0
0
0
1 673
0
0
1 1090
1 675
0
0
1 676
0
0
0
0
1 676
0
1 676
0
1 676
0
0
0
1 676
0
0
2 1000 1713
0
1 1374
0
1 1260
1 677
0
1 677
0
0
0
0
1 677
1 1716
1 677
0
1 677
0
1 1421
0
2 677 699
0
0
1 1129
0
0
1 678
0
0
0
0
0
0
0
0
0
0
0
0
0
0
0
0
0
0
1 678
0
1 678
0
0
0
0
1 678
0
1 678
0
1 678
0
0
0
1 678
0
1 1053
1 1040
2 703 1272
1 679
1 866
0
0
3 680 1245 1881
2 1448 1862
1 680
0
1 680
0
0
0
1 680
0
1 681
0
0
1 1673
1 682
0
1 683
0
1 683
0
1 1125
0
1 683
0
1 1423
0
0
1 684
0
0
1 685
0
1 685
0
0
0
1 685
0
0
1 686
0
0
0
0
0
1 687
0
1 687
3 902 1161 1760
0
0
0
1 687
0
1 687
0
1 687
0
0
0
1 687
0
0
1 690
0
0
0
0
1 690
0
2 690 1122
0
1 690
1 1727
0
0
1 690
1 1206
0
2 1119 1808
0
0
1 692
0
0
0
0
1 692
0
1 692
0
1 692
0
0
0
2 692 1579
0
2 693 1853
0
0
1 895
0
1 693
0
1 693
0
1 693
0
1 885
0
2 693 987
0
0
0
0
1 694
0
0
0
0
0
0
0
0
2 779 1012
1 696
0
0
0
2 696 863
1 1246
0
1 697
0
1 697
0
0
0
1 697
0
1 1068
1 1775
1 699
0
1 699
2 1199 1806
0
0
1 699
0
1 700
0
0
0
1 700
0
0
0
0
0
0
1 880
1 701
0
1 701
0
0
0
0
1 701
0
1 701
0
2 701 865
0
0
0
1 701
0
1 702
1 1546
1 986
0
1 702
1 804
4 1208 1273 1477 1613
0
1 1727
1 703
0
1 1745
0
0
0
0
0
0
0
0
0
1 733
0
1 705
0
1 705
0
0
0
1 705
0
1 1143
0
0
0
2 708 1327
0
1 709
0
1 1358
0
2 709 1575
0
1 710
0
0
0
1 710
3 1009 1392 1599
1 711
0
2 712 1685
0
0
1 713
0
1 984
0
1 713
0
1 1110
1 720
1 714
1 1339
0
0
1 714
0
0
1 715
0
0
0
1 717
0
1 718
0
1 1802
0
0
3 718 1690 1709
0
2 718 1296
0
1 718
0
0
0
1 718
0
0
0
1 719
0
1 719
0
1 719
0
0
0
1 719
0
0
2 720 781
0
0
1 1359
1 720
0
1 1737
0
1 943
0
0
0
0
0
1 1831
1 1560
1 1756
0
0
1 721
0
1 721
0
0
0
1 721
0
1 722
0
1 722
0
0
0
1 722
0
1 723
1 1256
1 724
0
1 724
0
1 724
0
0
0
2 724 1200
0
1 725
0
1 1849
0
1 725
0
0
0
0
1 1463
0
1 727
0
1 727
0
0
0
0
1 727
1 786
1 727
0
1 727
0
0
0
1 727
0
0
1 1005
0
0
0
0
1 728
1 971
1 729
0
0
1 730
0
1 730
0
0
0
1 730
0
1 731
0
1 1088
1 732
2 1527 1761
0
0
0
1 1696
1 733
0
1 733
0
1 733
0
0
0
1 733
0
1 734
0
0
1 1166
1 734
0
3 735 896 1156
0
0
0
1 735
0
4 1059 1236 1324 1686
0
1 736
0
0
1 737
0
1 1553
1 738
0
1 1163
0
0
1 741
0
1 741
0
0
0
0
1 741
0
1 741
0
1 741
0
0
0
1 741
0
0
0
1 742
1 1171
1 742
3 1700 1738 1824
2 907 1489
0
0
1 742
0
2 742 762
0
1 742
0
0
0
1 742
0
0
0
1 743
1 977
0
0
2 878 1689
0
0
0
0
0
0
0
0
0
0
0
0
1 744
0
1 744
0
0
0
0
1 744
0
1 744
0
1 744
0
0
0
1 744
0
1 745
0
0
0
0
1 745
0
1 745
0
1 745
0
0
0
1 745
0
0
1 1330
2 772 1707
0
0
1 746
0
0
0
1 746
0
0
1 747
1 1017
0
2 820 1193
0
1 747
0
1 747
0
1 747
0
0
0
1 747
0
1 1241
1 748
0
1 748
0
0
2 883 1214
0
1 748
0
1 748
0
1 748
0
0
0
1 748
0
0
0
0
0
0
2 749 990
0
1 749
0
0
0
0
1 749
0
1 749
0
1 749
0
0
0
1 749
1 1540
1 750
0
0
0
0
0
0
0
0
0
0
0
0
0
0
0
0
0
1 752
0
1 752
0
0
0
0
1 752
0
1 752
0
1 752
0
0
0
1 752
0
0
0
0
0
0
1 753
0
1 753
0
1 753
0
0
0
3 753 1057 1356
0
0
0
1 754
0
0
2 755 1378
2 830 1386
0
0
0
0
1 758
0
0
0
1 759
0
0
1 760
0
0
1 1463
0
0
0
0
0
0
0
0
1 761
0
0
0
0
0
0
0
0
0
0
0
0
0
0
0
0
0
0
1 761
0
1 761
0
0
0
1 1083
1 761
0
1 761
0
1 761
0
0
0
1 761
0
0
0
0
1 930
1 762
0
2 762 788
1 1077
1 762
0
0
0
3 762 1058 1089
0
1 1098
1 763
0
1 763
0
0
0
1 763
0
2 764 987
0
1 764
1 1633
1 764
0
1 866
0
1 764
0
1 765
2 836 1730
0
1 766
1 906
1 1300
0
3 1177 1518 1653
1 766
0
1 766
0
2 766 921
0
0
0
2 766 1142
0
0
1 955
1 767
0
2 767 825
0
1 767
0
0
0
1 767
0
0
0
1 768
0
1 768
0
1 768
0
1 844
0
1 768
0
2 769 773
0
0
0
1 769
0
1 771
0
0
2 772 1009
0
1 772
0
0
0
1 772
0
0
1 773
1 915
0
0
1 773
0
0
0
0
0
0
0
0
0
0
0
0
1 774
0
1 774
0
0
0
0
1 774
0
1 774
0
1 774
0
0
0
1 774
0
2 775 1585
0
0
0
0
1 776
0
2 777 1002
0
2 855 965
1 1332
1 777
0
0
0
1 778
1 960
1 794
0
1 780
0
0
0
0
1 780
0
1 780
2 1640 1675
1 780
0
0
0
1 780
0
0
0
0
1 781
0
0
1 782
0
0
0
0
1 782
0
2 782 1251
0
1 782
1 1055
0
0
2 782 1693
0
0
1 1677
1 783
0
1 783
0
1 1341
0
0
2 783 1489
1 945
1 783
0
1 783
0
0
0
1 783
0
1 784
1 991
0
0
0
0
0
1 786
1 860
1 786
0
0
0
1 786
0
0
0
1 787
0
1 787
0
1 787
1 891
0
0
1 787
0
1 788
1 871
1 788
1 1461
2 1244 1694
0
1 788
0
2 1427 1877
0
1 789
0
0
1 790
0
1 790
0
1 1686
1 1484
0
1 790
0
1 790
0
1 790
0
1 1289
0
1 790
0
1 1455
4 791 1556 1713 1864
0
0
1 794
0
1 794
0
0
0
1 794
0
0
1 795
0
1 795
0
1 795
0
0
0
1 795
0
0
3 796 1532 1563
0
0
1 797
0
1 1498
0
0
4 799 897 1405 1435
1 1201
0
0
1 800
0
1 1250
0
1 801
0
0
0
0
0
1 804
0
1 1124
3 889 1107 1547
0
1 805
0
1 805
0
0
0
0
1 805
0
1 805
0
1 805
0
0
0
1 805
0
0
0
1 807
0
0
1 808
0
1 1141
0
1 1237
0
1 1146
1 809
0
0
1 1488
1 809
0
1 810
1 1060
1 1579
0
2 810 1040
0
1 849
0
0
0
0
0
0
0
0
1 812
0
1 812
0
0
0
0
1 812
0
1 812
1 1545
1 812
0
1 1508
0
1 812
0
2 813 1382
0
1 813
0
1 813
0
0
0
1 813
0
1 814
0
0
0
1 814
0
0
0
1 1381
1 1446
1 815
0
1 815
0
1 815
1 962
0
0
1 815
0
0
0
1 1254
1 816
0
0
0
0
0
1 818
0
0
0
1 819
1 1046
0
1 820
0
1 820
0
2 1230 1405
0
1 820
0
1 821
0
1 821
0
0
0
1 821
0
1 822
0
1 1070
2 972 1214
1 822
0
0
1 823
0
1 824
0
1 824
1 898
0
0
1 824
0
0
1 1853
1 1448
1 1515
0
1 825
0
0
0
0
1 825
0
1 825
0
1 825
0
0
0
1 825
0
0
0
0
0
0
0
2 933 1349
2 1420 1432
1 826
0
2 827 894
0
0
0
1 827
0
0
0
1 828
0
1 828
0
1 828
0
0
0
1 828
0
1 1608
1 830
0
0
0
1 830
1 1691
0
1 831
0
1 831
1 1777
0
0
0
1 831
0
1 831
0
1 831
0
0
0
1 831
0
0
0
1 832
0
0
1 1857
1 832
0
0
0
1 833
0
1 1397
1 1331
0
1 835
3 1041 1592 1790
1 1276
1 1440
0
2 836 1158
0
2 837 1448
1 1663
1 837
0
1 837
1 1576
0
0
1 837
0
0
0
1 838
0
0
1 1191
2 1179 1384
1 839
0
1 1348
0
0
1 841
0
2 843 1500
0
1 844
0
1 844
0
0
1 1673
1 844
2 949 1058
0
1 845
0
1 845
0
1 845
0
0
0
1 845
0
1 1733
1 1007
0
0
0
1 1538
2 847 1830
1 1695
0
2 849 1703
0
0
0
0
2 849 1455
0
1 849
0
3 849 1232 1648
0
0
0
1 849
0
1 850
1 1785
0
0
1 850
0
0
0
0
0
2 1018 1076
0
0
0
1 851
0
2 851 1018
1 1370
1 1021
0
0
1 851
0
1 851
1 1021
2 851 1500
0
0
1 1297
3 851 1191 1615
0
2 852 1496
1 1642
0
0
0
0
0
0
0
0
0
0
0
0
0
0
0
0
1 853
0
1 853
0
0
1 423
0
1 853
0
1 853
1 1260
1 853
0
0
0
1 853
0
0
0
1 854
1 1056
0
1 855
0
1 855
0
1 1793
0
1 855
0
0
0
0
0
0
1 856
0
2 856 1802
0
0
0
0
1 856
0
2 856 1121
0
1 856
0
0
0
1 856
0
1 892
2 1256 1839
0
2 857 1043
1 1514
1 1169
1 858
0
0
0
1 858
0
0
1 859
0
1 859
1 1844
1 859
0
0
0
1 859
0
1 860
0
0
0
1 860
2 889 1639
0
1 861
0
0
0
0
0
1 862
1 1007
1 862
1 901
2 862 1624
0
0
0
1 862
0
0
0
1 863
0
3 863 1098 1596
0
2 863 1406
0
0
0
1 863
0
0
0
1 864
0
1 864
0
0
0
1 864
0
0
0
1 865
0
0
2 866 950
0
1 1545
0
3 866 1131 1542
0
0
1 867
0
1 867
2 1108 1138
0
0
1 867
1 1558
0
0
0
0
1 1301
0
0
2 868 1380
1 1283
0
1 869
0
1 1829
0
1 1513
1 930
0
0
0
0
1 870
0
1 1784
1 1252
0
0
1 871
0
1 871
0
0
0
1 871
0
2 872 880
0
1 872
1 1016
1 872
0
0
0
1 872
0
1 873
0
0
0
0
1 874
0
1 874
0
0
0
0
1 874
0
1 874
1 1827
1 874
0
0
0
1 874
0
2 875 1242
0
0
0
1 875
0
0
1 877
0
0
1 1601
1 877
2 1038 1392
0
1 878
0
1 1689
0
0
1 878
0
1 878
0
1 878
0
0
0
1 878
0
1 1673
0
0
0
0
0
0
1 970
0
0
0
1 879
0
1 879
1 1729
1 879
0
0
0
1 879
0
0
2 1573 1797
1 547
1 880
1 993
0
0
1 881
0
1 1773
1 882
0
1 882
0
1 882
0
0
0
1 882
0
1 1246
1 1677
1 883
0
2 883 1694
0
1 883
0
0
0
1 883
0
0
0
1 884
0
1 884
0
0
0
0
1 884
1 1206
1 884
0
1 884
0
0
0
1 884
0
0
0
2 885 1118
0
1 885
0
1 885
0
0
0
1 885
0
0
0
1 889
0
0
2 1539 1725
1 889
0
3 890 1237 1769
0
0
0
1 890
0
0
1 1305
0
0
1 892
0
1 893
0
2 893 1393
0
1 893
1 1095
0
0
1 893
2 1427 1759
0
1 1589
0
0
0
0
0
0
1 1647
2 895 1704
1 1493
0
1 896
1 1876
0
0
1 896
0
0
1 897
0
0
0
1 897
0
0
1 898
0
0
0
0
0
0
0
0
0
0
1 1361
1 899
0
1 899
0
0
0
0
1 899
0
1 899
0
1 899
0
0
0
1 899
0
1 900
1 1842
1 900
2 934 1884
1 900
1 1231
1 1113
0
1 900
0
0
0
0
0
1 901
0
1 901
0
1 901
0
0
0
1 901
0
1 1150
1 1469
0
0
0
1 902
0
1 1293
1 904
1 1864
0
1 905
0
0
0
3 1204 1227 1328
1 906
0
0
1 907
0
0
0
1 908
1 1629
1 1354
0
0
0
0
0
1 1578
0
0
2 909 1578
0
1 909
0
0
0
0
1 909
0
1 909
0
1 909
0
0
0
1 909
0
1 910
0
2 1063 1849
0
0
1 910
0
2 910 1534
0
1 910
0
0
0
1 910
0
0
0
0
0
0
1 912
0
0
0
0
0
0
1 985
0
0
0
0
0
0
0
0
0
0
0
2 912 1534
0
1 912
0
0
0
0
1 912
0
3 912 1154 1887
0
1 912
0
0
0
1 912
0
0
1 913
0
0
1 914
0
0
0
0
1 914
0
2 914 1569
0
1 914
0
0
0
1 914
0
0
1 1578
1 1250
1 916
2 1755 1868
0
0
0
1 917
0
1 918
0
1 918
1 1483
0
2 999 1081
1 918
0
0
1 1458
0
0
0
0
0
0
0
0
0
0
1 919
0
1 919
0
0
0
0
1 919
0
2 920 985
1 1882
1 920
2 1512 1789
1 920
0
0
0
1 920
1 1693
0
1 1173
0
1 921
0
1 922
0
0
0
0
1 922
0
1 922
0
1 922
0
0
0
1 922
0
3 923 961 965
1 1210
1 923
0
1 923
1 1681
0
0
1 923
0
0
2 1117 1874
1 926
2 1326 1379
0
0
0
0
2 930 1495
0
2 930 1428
0
1 930
1 999
0
0
1 930
0
1 931
1 1719
0
0
0
0
1 933
0
0
1 937
0
2 943 1374
1 939
0
2 939 1069
0
1 939
0
0
0
1 939
0
0
0
1 940
0
0
0
1 941
0
1 942
0
0
0
0
1 943
0
1 944
2 1287 1481
0
1 945
1 1568
0
0
0
1 945
0
1 945
0
1 945
0
0
0
1 945
2 1337 1551
0
0
0
0
1 1550
0
0
1 946
0
1 946
0
1 1234
0
1 946
0
1 947
1 1472
0
0
1 949
0
0
1 1351
1 1846
1 949
0
3 949 1435 1638
0
1 949
0
0
0
1 949
0
1 950
0
1 950
0
0
0
1 950
0
0
0
1 951
1 1563
1 951
0
1 951
2 1116 1234
0
0
1 951
0
1 952
0
0
0
1 952
1 1144
0
0
1 1349
0
1 955
0
0
0
1 956
0
1 1167
0
0
0
1 957
1 1253
1 957
0
1 1006
0
0
1 957
0
1 957
0
1 957
0
0
0
1 957
0
0
0
0
1 959
1 1464
1 959
0
0
0
0
1 959
1 1808
1 959
0
1 959
0
0
0
1 959
0
0
0
0
2 961 1262
0
0
0
1 961
0
0
1 963
0
1 963
0
1 963
0
0
0
1 963
0
1 964
0
1 965
0
2 965 1639
0
0
0
1 965
0
2 966 1073
0
1 966
0
1 966
0
0
0
1 966
0
1 968
1 1033
1 969
0
0
0
0
1 970
0
0
1 1467
1 1606
1 971
0
1 971
0
1 971
0
1 972
1 1116
1 971
0
0
1 972
0
0
0
1 972
0
0
0
1 973
0
1 973
0
1 973
0
0
0
1 973
0
1 1661
1 974
1 1139
0
1 975
0
0
0
1 975
0
1 976
0
0
0
1 977
0
1 978
0
0
0
1 978
0
1 1502
1 1525
1 979
0
0
1 981
0
1 982
0
1 982
1 1078
0
0
0
1 982
0
1 982
0
1 982
0
0
0
1 982
0
1 983
0
1 1805
0
0
0
0
1 985
0
1 985
0
1 985
0
2 1549 1735
0
2 985 1535
0
1 1489
1 986
0
0
0
0
2 986 1427
0
1 986
0
1 986
0
0
0
1 986
0
0
2 1134 1767
1 987
0
1 1145
0
0
0
1 989
0
1 989
0
1 989
0
0
0
1 989
0
1 1716
1 990
0
1 990
0
0
0
1 990
1 1640
0
0
1 991
0
1 992
0
0
1 993
0
1 993
1 1734
1 993
0
0
1 1677
1 993
0
1 994
1 1667
1 994
0
1 994
0
0
0
1 994
0
1 995
0
2 995 1270
0
0
0
1 995
0
0
1 997
0
0
0
0
0
0
0
0
0
1 998
0
0
0
0
0
0
0
0
0
0
0
0
0
0
0
0
0
1 1532
1 998
0
1 998
0
0
1 1021
0
1 998
0
1 998
0
1 998
0
0
1 1021
1 998
0
0
1 999
0
0
0
1 999
0
0
1 1000
0
3 1001 1230 1598
0
0
0
1 1001
1 1090
1 1002
0
1 1002
0
0
0
2 1002 1649
0
0
1 1574
1 1017
0
1 1003
0
0
0
2 1004 1144
0
0
1 1478
1 1006
1 1738
0
0
0
1 1006
0
1 1006
0
1 1006
0
0
3 1077 1319 1804
1 1006
0
0
0
0
0
1 1007
0
1 1007
0
1 1007
0
1 1575
0
1 1007
0
0
0
1 1009
0
0
1 1010
0
1 1011
0
1 1458
0
1 1013
0
1 1013
0
1 1342
0
0
1 1013
0
1 1013
0
1 1013
0
0
0
1 1013
0
0
1 1014
0
0
0
1 1015
0
0
0
2 1016 1737
0
0
0
0
1 1017
0
1 1018
0
0
0
1 1018
0
0
0
0
0
0
1 1021
0
0
1 1147
1 1021
0
1 1110
1 1022
0
0
1 1023
0
1 1023
0
0
0
0
1 1023
0
1 1023
0
1 1023
0
0
0
1 1023
0
0
0
0
0
0
0
0
0
0
1 1025
0
0
0
0
0
0
0
0
0
0
1 1829
0
0
0
0
0
0
0
1 1025
0
1 1025
0
0
0
0
1 1025
0
1 1025
0
1 1025
0
0
0
1 1025
0
2 1026 1331
0
0
0
2 1026 1783
0
0
0
0
0
2 1027 1578
0
1 1027
0
0
0
0
1 1027
0
1 1027
0
1 1027
0
0
0
1 1027
0
0
1 423
1 1029
0
1 1029
0
1 1029
0
0
0
1 1029
0
1 1030
0
1 1030
0
0
0
0
1 1030
0
1 1030
0
1 1030
0
0
0
1 1030
0
2 1439 1766
1 1057
1 1256
0
1 1227
1 1032
0
0
0
1 1032
0
0
1 1033
2 1411 1496
1 1033
0
0
0
1 1033
0
0
0
1 1036
0
1 1036
0
1 1036
0
0
0
1 1036
1 1577
0
0
1 1041
1 1039
0
1 1040
0
0
0
3 1040 1184 1202
0
0
0
0
0
1 1041
0
1 1041
0
1 1041
0
0
1 1306
1 1041
0
2 1042 1095
0
1 1042
0
1 1042
0
0
0
1 1042
0
0
1 1055
1 1109
0
0
0
1 1043
0
0
0
0
0
0
0
0
0
1 1044
0
1 1044
0
0
0
0
1 1044
0
2 1044 1139
0
1 1044
0
0
0
1 1044
0
1 1046
0
0
0
1 1046
0
1 1047
0
1 1047
0
1 1047
0
0
0
1 1047
0
0
0
0
1 1048
0
1 1049
0
3 1049 1403 1555
0
0
0
1 1049
0
1 1819
1 1050
0
2 1050 1220
0
1 1050
0
0
0
1 1050
0
0
2 1051 1073
0
1 1051
0
1 1051
0
0
0
1 1051
0
0
0
0
0
1 1052
0
1 1052
0
0
0
1 1879
1 1052
0
1 1052
1 1150
2 1052 1700
0
0
0
1 1052
0
1 1193
0
1 1053
2 1134 1605
0
0
0
1 1054
0
1 1054
0
0
0
0
1 1054
0
1 1054
0
1 1054
0
0
0
1 1054
0
0
0
0
0
1 1055
1 1545
3 1055 1302 1589
0
1 1055
0
0
0
1 1055
0
0
0
1 1056
0
1 1056
0
1 1056
0
0
0
1 1056
0
1 1707
0
1 1705
2 1057 1346
0
1 1058
0
1 1107
0
1 1058
0
0
0
0
1 1059
1 1507
1 1060
0
0
0
2 1060 1305
1 1310
0
0
0
0
0
1 1061
0
1 1061
0
0
1 1741
0
1 1061
0
1 1061
0
1 1061
0
0
0
1 1061
0
0
1 1062
0
0
1 1063
0
1 1063
0
1 1063
0
0
0
1 1063
0
1 1064
0
1 1096
0
1 1064
0
0
1 1682
1 1594
0
0
0
0
0
0
0
0
0
1 1065
0
1 1065
0
0
1 1775
0
1 1065
0
1 1065
0
1 1065
0
0
0
1 1065
0
0
0
0
0
0
0
0
0
1 1066
0
1 1066
0
0
0
0
1 1066
0
1 1066
0
1 1066
0
0
0
1 1066
0
1 1359
2 1773 1792
0
1 1607
0
0
4 1067 1275 1758 1889
0
1 1068
0
1 1068
0
0
0
1 1068
0
0
0
0
1 1069
0
0
0
1 1071
0
0
0
1 1071
0
1 1072
0
0
0
1 1415
1 1073
0
1 1073
0
1 1073
0
0
0
1 1073
1 1286
2 1074 1369
0
0
0
1 1074
0
0
0
1 1075
0
0
0
0
1 1076
0
1 1077
0
0
0
1 1077
0
0
0
1 1078
0
0
0
0
1 1080
0
0
2 1081 1875
0
0
0
1 1081
0
0
0
1 1083
0
1 1083
0
1 1083
0
0
0
1 1083
0
1 1084
0
0
1 1086
1 1323
0
0
1 1087
0
2 1089 1211
0
0
0
0
1 1089
0
1 1089
0
1 1089
1 1512
0
0
1 1089
0
0
1 1090
0
0
0
1 1090
0
0
1 1168
0
1 1091
0
1 1091
0
0
0
0
1 1091
0
1 1091
0
1 1091
0
0
0
1 1091
0
0
0
0
1 1092
0
2 1093 1174
0
0
1 1095
0
0
0
1 1095
0
1 1096
0
1 1096
0
0
0
1 1096
1 1128
0
2 1097 1764
0
1 1495
0
1 1098
0
1 1406
0
2 1098 1251
0
0
0
0
0
0
0
0
0
0
0
0
0
0
1 1100
0
1 1100
0
0
0
0
1 1100
0
1 1100
0
1 1100
0
0
0
1 1100
0
1 1762
0
2 1101 1405
1 1493
1 1101
0
0
0
0
1 1101
0
1 1101
0
1 1101
0
0
0
1 1101
0
1 1171
2 1486 1860
1 1102
0
1 1102
0
1 1102
0
0
0
1 1102
0
0
1 1104
0
2 1104 1635
0
0
1 1509
0
1 1104
0
1 1104
0
1 1104
0
0
0
1 1104
0
1 1105
1 1515
0
0
0
0
0
0
0
0
0
0
0
0
0
1 1106
0
1 1106
0
0
0
0
1 1106
0
1 1106
0
1 1106
0
0
0
1 1106
0
1 1344
0
0
1 1107
0
1 1108
0
0
1 1253
1 1108
1 1377
0
0
1 1110
0
1 1110
0
0
0
1 1110
0
0
0
0
0
0
0
0
0
0
0
0
0
0
0
0
0
1 1113
0
1 1113
0
0
0
0
1 1113
0
1 1113
0
1 1113
0
0
0
1 1113
2 1357 1720
2 1114 1228
0
1 1115
0
1 1116
0
0
0
1 1116
0
1 1117
0
0
0
2 1117 1876
0
0
1 1118
0
0
0
1 1118
0
1 1247
0
2 1267 1642
0
0
1 1120
0
1 1120
0
1 1120
0
0
0
2 1120 1267
0
0
0
0
0
0
0
0
0
0
0
0
0
0
0
0
0
0
1 1121
0
1 1121
0
0
0
0
1 1121
0
1 1121
0
1 1121
0
0
0
1 1121
0
1 1122
0
1 1123
0
1 1123
0
1 1123
0
0
0
1 1123
0
1 1124
0
0
0
1 1124
0
1 1125
0
1 1125
0
0
1 1742
1 1125
0
1 1126
0
1 1126
0
1 1126
0
0
0
1 1126
0
0
1 1127
0
0
1 1128
0
1 1128
0
0
0
1 1128
0
1 1129
0
0
0
1 1129
0
1 1738
1 1130
0
1 1131
0
0
0
1 1131
0
0
0
1 1132
0
0
0
1 1133
0
1 1743
1 1204
0
1 1613
1 1134
0
1 1134
0
1 1134
0
0
0
1 1134
0
0
1 1502
1 1135
0
1 1136
0
1 1136
0
1 1136
0
0
0
1 1136
0
1 1137
0
0
0
2 1138 1695
0
0
2 1139 1289
0
0
1 1843
1 1139
0
0
1 1449
0
1 1750
1 1201
0
0
1 1141
0
0
0
1 1255
1 1141
0
1 1141
0
1 1141
0
0
0
1 1141
0
0
1 1143
0
1 1734
0
0
1 1143
0
1 1143
0
2 1143 1214
0
1 1535
1 1842
1 1143
0
0
0
0
1 1144
0
0
0
0
1 1145
0
1 1153
0
0
0
0
0
0
1 1657
0
1 1148
0
0
0
1 1148
1 1301
1 1149
0
0
1 1150
1 1751
0
0
1 1150
0
0
0
0
0
1 1152
0
0
1 1642
0
0
1 1153
0
0
1 1154
0
0
0
0
1 1154
0
1 1154
0
1 1154
0
0
0
1 1154
0
0
0
0
1 1156
0
1 1157
0
0
0
1 1158
0
0
1 1681
0
0
1 1159
0
1 1159
0
0
0
0
1 1159
0
1 1159
0
1 1159
0
0
1 1631
1 1159
0
1 1162
0
0
1 1163
0
1 1164
0
1 1165
0
0
0
1 1165
0
0
0
1 1462
1 1167
0
1 1167
0
1 1167
0
0
0
1 1167
0
0
1 1767
1 1351
1 1168
0
1 1168
0
1 1846
0
1 1168
0
0
0
0
1 1169
1 1891
1 1169
0
1 1169
0
0
0
1 1169
0
0
1 1170
0
1 1170
0
0
0
0
1 1170
0
1 1170
0
1 1170
0
0
0
1 1170
0
0
0
0
1 1171
0
0
0
0
0
0
1 1338
0
1 1282
0
1 1173
0
0
0
0
1 1174
0
0
0
1 1178
0
1 1252
0
0
0
1 1180
0
2 1181 1296
0
0
0
1 1755
1 1451
0
1 1185
0
1 1339
0
0
1 1189
0
0
1 1202
1 1189
0
1 1190
1 1882
1 1190
0
0
0
1 1190
0
0
1 1191
0
0
1 1192
0
1 1192
0
1 1192
0
0
0
1 1192
0
1 1193
0
1 1861
0
0
0
0
0
1 1194
0
0
0
0
0
0
0
0
0
0
0
0
0
0
0
0
0
0
1 1194
0
1 1194
0
0
0
0
1 1194
0
1 1194
0
1 1194
0
0
0
1 1194
0
0
1 1195
1 1859
0
0
0
1 1197
0
0
0
1 1198
1 1390
2 1199 1808
0
1 1199
0
0
0
1 1199
0
0
0
0
1 1200
0
1 1200
0
1 1200
0
0
0
0
0
0
0
1 1201
0
1 1201
0
1 1201
0
0
0
1 1201
0
0
0
0
0
1 1202
0
1 1202
0
1 1202
2 1354 1700
0
0
1 1202
0
1 1203
0
1 1682
0
0
1 1204
0
0
0
1 1204
0
0
0
0
1 1481
1 1205
0
1 1205
0
0
0
0
1 1205
0
1 1205
0
1 1205
0
0
0
1 1205
0
0
1 1206
1 1702
1 1206
0
1 1206
1 1208
0
0
1 1206
0
1 1207
0
0
0
0
1 1210
0
1 1210
0
1 1210
0
0
0
1 1210
0
0
1 1535
0
0
1 1213
0
0
0
0
1 1214
0
1 1891
0
0
0
1 1215
0
1 1215
0
1 1215
0
0
2 1581 1868
1 1215
0
1 1216
1 1484
0
0
0
1 1217
0
1 1217
0
1 1217
0
0
0
1 1217
0
1 1218
0
0
0
0
0
0
1 1219
0
1 1219
0
0
0
0
1 1219
0
1 1219
0
1 1219
0
0
0
1 1219
0
0
1 1220
0
1 1220
0
0
0
1 1220
1 1886
1 1221
0
1 1221
0
0
0
1 1221
0
2 1222 1718
0
0
1 1223
0
1 1224
0
0
0
1 1224
0
0
1 1227
0
0
0
1 1227
0
0
0
0
0
0
1 1229
0
1 1229
0
0
0
0
1 1229
0
1 1229
0
1 1229
0
0
0
1 1229
0
0
1 1230
0
1 1307
1 1328
0
1 1232
0
1 1551
0
0
1 1232
0
1 1232
0
1 1232
0
0
0
1 1232
0
1 1233
0
0
0
1 1234
0
1 1234
0
1 1234
0
0
0
1 1234
0
0
0
0
0
1 1237
0
1 1237
0
1 1237
0
0
0
1 1237
0
0
1 1238
0
1 1239
0
0
0
0
0
0
0
0
0
0
0
0
0
0
1 1240
0
1 1240
0
0
0
0
1 1240
0
1 1240
0
1 1240
0
0
0
1 1240
0
1 1242
1 1819
1 1242
0
0
0
1 1242
0
1 1243
0
1 1244
0
1 1244
0
0
0
1 1244
0
0
1 1246
0
0
0
1 1246
1 1711
0
1 1247
0
1 1247
0
0
0
1 1247
0
0
1 1248
0
1 1795
1 1250
0
0
1 1251
0
1 1251
0
0
0
1 1251
0
0
0
0
1 1252
0
0
0
1 1253
0
0
1 1254
0
0
0
0
0
1 1255
0
1 1255
0
1 1255
1 1319
0
0
1 1255
0
0
0
0
1 1256
0
0
1 1258
0
0
1 1259
0
1 1654
0
0
0
0
0
0
1 1260
0
1 1260
0
1 1260
0
0
0
1 1260
0
0
1 1262
0
0
0
1 1262
0
1 1263
0
0
0
0
0
0
0
0
1 1265
0
1 1265
0
0
0
0
1 1265
0
1 1265
0
1 1265
0
0
0
1 1265
0
1 1266
0
0
0
1 1266
0
1 1374
0
0
0
1 1267
0
0
1 1268
0
0
0
1 1272
0
1 1272
2 1379 1560
1 1272
0
0
0
1 1272
0
2 1731 1784
1 1274
0
1 1274
0
0
0
0
1 1274
0
2 1274 1717
0
1 1274
0
0
0
1 1274
0
1 1463
0
0
0
0
1 1275
0
0
1 1276
0
1 1276
0
1 1276
0
0
0
1 1276
0
0
0
1 1589
1 1529
0
0
1 1280
0
2 1280 1571
0
0
0
1 1280
0
1 1281
0
0
0
1 1282
0
1 1283
0
0
1 1813
0
1 1283
0
1 1283
0
1 1283
0
0
0
1 1283
0
1 1284
0
0
0
0
1 1287
0
0
0
0
0
0
0
0
0
0
0
0
0
0
1 1288
0
1 1288
0
0
0
0
1 1288
0
1 1288
0
1 1288
0
0
0
1 1288
0
0
0
1 1289
0
1 1292
0
1 1293
0
1 1293
0
0
0
1 1293
0
0
1 1372
0
1 1295
0
1 1295
0
1 1295
0
0
0
1 1295
0
0
1 1296
0
0
0
1 1296
0
0
1 1297
0
0
0
1 1297
0
1 1298
0
1 1298
0
1 1298
0
0
0
1 1298
0
0
1 1299
0
0
1 1300
0
0
0
0
0
1 1301
0
1 1301
0
1 1301
0
0
0
1 1301
0
0
0
1 1303
0
0
1 1304
0
0
0
1 1305
0
0
0
0
1 1306
0
0
0
1 1307
1 1823
1 1588
2 1308 1593
0
1 1308
0
1 1308
0
0
0
1 1308
0
1 1408
0
1 1309
1 1743
0
0
1 1310
0
0
1 1311
0
0
1 1312
0
0
1 1730
1 1316
1 1596
1 1316
0
1 1316
0
0
1 1879
1 1316
0
1 1318
0
1 1402
1 1319
0
1 1319
0
0
0
1 1319
0
0
1 1320
0
1 1321
0
0
0
0
1 1322
0
1 1322
0
0
0
0
1 1322
0
1 1322
0
1 1322
0
0
0
1 1322
0
0
0
1 1567
1 1323
0
1 1323
0
3 1323 1567 1585
0
0
0
1 1323
0
0
1 1326
0
1 1326
0
1 1326
0
0
0
1 1326
0
0
0
0
0
1 1330
0
1 1330
0
0
0
1 1330
0
0
0
1 1331
1 1620
1 1332
0
1 1332
0
1 1332
0
0
0
1 1332
0
0
1 1333
0
0
1 1335
0
0
0
0
0
0
0
0
0
0
0
0
0
0
0
0
0
0
1 1335
0
1 1335
0
0
0
0
1 1335
0
1 1335
0
1 1335
0
0
0
1 1335
0
1 1336
0
1 1337
0
1 1337
0
0
0
1 1337
0
0
0
1 1338
0
0
2 1339 1583
0
0
0
1 1339
0
1 1341
0
0
0
0
1 1341
0
1 1341
0
2 1341 1362
0
0
0
2 1341 1617
0
0
0
0
2 1342 1796
0
0
1 1444
0
0
1 1344
0
0
0
0
1 1344
0
1 1344
0
1 1344
0
0
0
1 1344
0
1 1345
0
1 1346
0
1 1346
0
0
0
1 1346
0
0
0
1 1348
0
1 1348
0
0
0
1 1348
0
0
1 1435
0
0
1 1349
0
1 1349
0
1 1349
0
0
0
1 1349
0
1 1350
0
1 1350
0
1 1350
1 1735
0
0
2 1350 1411
0
1 1478
0
0
1 1351
0
1 1351
1 1524
1 1351
0
0
0
1 1351
0
1 1352
0
0
0
0
0
0
0
0
0
0
0
0
0
0
0
0
0
1 1353
0
1 1353
0
0
0
0
1 1353
0
1 1353
0
1 1353
0
0
0
1 1353
0
0
1 1354
0
0
0
1 1354
0
0
0
0
0
0
0
0
0
0
0
0
1 1355
0
0
0
0
0
0
0
0
0
0
0
0
0
0
0
0
0
0
1 1355
0
1 1355
0
0
0
0
1 1355
0
1 1355
0
2 1355 1727
0
0
0
1 1355
0
0
1 1356
0
1 1356
0
1 1356
0
0
0
1 1356
0
0
0
0
1 1357
0
1 1357
0
1 1357
0
0
0
1 1357
0
0
1 1358
0
1 1358
0
1 1358
0
0
0
1 1358
0
0
1 1359
0
0
0
1 1359
0
0
0
1 1360
0
1 1360
0
0
0
0
1 1360
0
1 1360
0
1 1360
0
0
0
1 1360
0
1 1361
0
0
0
1 1361
0
0
0
0
0
0
1 1363
0
1 1363
0
0
0
0
1 1363
0
1 1363
0
1 1363
0
0
1 1425
1 1363
0
0
0
1 1700
0
0
0
1 1367
0
1 1367
0
1 1367
0
0
0
0
1 1369
0
1 1369
0
1 1369
0
0
0
1 1369
0
0
0
1 1370
0
0
2 1372 1463
0
0
0
1 1374
0
0
1 1375
0
0
0
0
1 1376
0
0
0
1 1377
0
0
0
1 1378
0
0
0
0
1 1379
0
0
0
1 1382
0
0
0
0
1 1382
0
1 1382
0
1 1382
0
0
0
1 1382
0
0
1 1384
1 1872
1 1385
0
1 1840
0
1 1386
0
1 1387
0
0
0
1 1388
0
0
1 1389
0
0
0
1 1756
1 1390
0
1 1391
0
1 1392
0
0
0
1 1392
0
1 1393
0
0
0
1 1393
0
0
0
0
0
0
0
0
0
0
0
1 1396
0
1 1398
0
0
0
1 1399
0
1 1749
0
1 1400
0
0
0
1 1402
0
1 1402
0
0
0
1 1402
0
0
0
0
0
1 1405
0
0
0
1 1406
0
1 1406
0
1 1406
0
0
0
1 1406
0
1 1407
0
0
0
1 1409
0
0
0
1 1410
0
0
0
0
0
1 1411
0
1 1411
0
1 1411
0
0
0
1 1411
0
0
1 1413
0
1 1415
0
1 1415
0
0
0
1 1415
0
0
1 1416
0
0
0
0
1 1417
0
1 1417
0
1 1417
0
0
0
1 1417
0
1 1419
0
0
0
1 1420
0
0
1 1421
0
1 1421
0
1 1421
0
0
0
1 1421
0
0
0
1 1422
0
1 1422
0
0
0
0
1 1422
0
1 1422
0
1 1422
0
0
0
1 1422
0
1 1423
0
0
0
1 1423
0
0
1 1426
0
1 1732
0
0
1 1427
0
1 1428
0
0
0
0
1 1428
0
1 1428
0
1 1428
0
0
0
1 1428
0
1 1429
0
0
0
1 1430
1 1618
1 1431
0
0
0
1 1431
0
0
0
1 1829
1 1433
0
0
1 1434
0
0
0
0
1 1435
0
1 1436
0
1 1437
0
0
0
1 1439
0
0
0
1 1441
0
0
0
0
1 1442
0
0
1 1443
0
1 1444
0
0
0
1 1780
1 1444
0
1 1444
0
1 1444
0
0
0
1 1444
0
0
1 1445
0
0
0
0
1 1446
0
1 1446
0
1 1446
0
0
0
1 1446
0
1 1718
0
0
0
0
1 1448
0
0
0
2 1452 1516
0
0
1 1560
0
1 1835
0
1 1454
0
0
0
0
1 1455
1 1685
1 1455
0
1 1455
0
0
0
1 1455
0
1 1457
0
0
0
1 1458
0
1 1458
0
1 1458
0
0
0
1 1458
0
1 1459
0
1 1459
0
0
0
0
1 1459
0
1 1459
0
1 1459
0
0
0
1 1459
0
0
1 1460
0
1 1461
0
1 1461
0
0
0
1 1461
0
0
1 1462
0
0
0
0
1 1462
0
1 1462
0
1 1462
0
0
0
1 1462
0
1 1715
1 1463
0
0
0
1 1463
0
0
0
1 1465
0
1 1465
0
0
0
0
1 1465
0
1 1465
0
1 1465
0
0
0
1 1465
0
0
0
0
0
0
0
0
1 1466
0
1 1466
0
0
1 1791
0
1 1466
0
1 1466
0
1 1466
0
0
0
1 1466
0
0
1 1467
0
1 1467
0
0
0
1 1467
0
0
0
0
0
0
1 1470
0
1 1470
0
1 1470
0
0
0
1 1470
0
0
1 1471
0
1 1471
0
0
0
0
1 1471
0
1 1471
0
1 1471
0
0
0
1 1471
0
0
0
0
0
1 1472
0
1 1473
0
0
0
1 1473
0
0
0
1 1475
0
0
0
0
1 1478
0
1 1478
0
1 1478
0
0
0
1 1478
0
0
0
1 1479
0
0
1 1480
0
1 1481
0
0
0
2 1481 1662
0
0
0
0
0
0
0
0
0
1 1482
0
1 1482
0
0
0
0
1 1482
0
1 1482
0
1 1482
0
0
0
1 1482
0
2 1483 1484
0
1 1483
0
1 1483
0
0
0
1 1483
1 1730
0
2 1506 1857
0
1 1484
1 1661
1 1795
0
1 1527
1 1487
0
1 1487
0
0
0
1 1487
0
1 1488
0
0
0
1 1488
0
0
0
1 1489
0
0
1 1490
0
0
0
0
0
0
0
0
0
1 1492
0
1 1492
0
0
0
0
1 1492
0
1 1492
0
1 1492
0
0
0
1 1492
0
1 1493
0
1 1578
0
1 1493
0
0
1 1575
1 1495
0
1 1495
0
1 1495
0
0
1 1719
1 1495
0
0
0
0
1 1496
0
1 1496
0
1 1496
1 1790
0
0
2 1496 1755
0
1 1497
0
1 1497
0
1 1497
0
0
0
1 1497
0
0
0
1 1498
0
1 1500
0
0
0
2 1500 1617
0
1 1501
0
1 1502
0
0
0
1 1502
0
0
0
0
0
0
0
0
0
0
0
1 1503
0
1 1503
0
0
1 1505
0
1 1505
0
0
0
0
1 1505
0
1 1505
0
1 1505
0
0
0
1 1505
0
0
1 1506
0
1 1506
0
0
0
1 1506
1 1739
0
1 1507
0
1 1507
0
0
0
1 1507
0
1 1508
0
1 1508
0
0
0
1 1508
0
0
1 1509
0
1 1510
0
0
0
0
2 1512 1568
0
1 1513
0
1 1513
0
0
0
1 1513
0
0
0
0
1 1515
1 1663
1 1515
0
1 1515
0
0
0
1 1515
0
0
1 1516
0
1 1516
0
0
0
1 1516
0
0
0
1 1518
1 1746
0
1 1519
0
0
0
1 1519
0
2 1520 1750
0
1 1523
0
1 1524
0
1 1524
0
0
0
1 1524
0
0
1 1526
0
0
0
0
1 1527
0
0
1 1528
0
1 1528
0
0
1 1529
0
0
0
0
1 1529
0
1 1529
0
1 1529
0
0
0
1 1529
0
0
0
1 1530
0
0
1 1531
1 1872
0
0
1 1532
0
1 1532
0
1 1532
0
0
0
1 1532
0
0
1 1533
0
1 1533
0
1 1533
0
0
0
1 1533
0
0
0
1 1534
0
1 1534
0
1 1534
0
0
0
1 1534
0
0
0
1 1535
0
1 1536
0
0
0
0
1 1538
0
1 1538
0
1 1538
0
0
0
1 1538
0
0
1 1539
0
0
0
0
1 1540
0
1 1540
0
1 1540
0
0
0
1 1540
0
0
0
1 1543
0
1 1543
0
1 1543
0
0
0
1 1543
0
0
0
0
0
0
0
0
0
1 1544
0
1 1544
0
0
0
0
1 1544
0
1 1544
0
1 1544
0
0
0
1 1544
0
0
1 1545
0
1 1546
0
0
0
0
0
0
0
0
0
0
0
0
0
0
0
0
0
1 1550
0
1 1550
0
0
0
0
1 1550
0
1 1550
0
1 1550
0
0
0
1 1550
0
0
0
0
0
1 1551
0
1 1551
0
1 1551
0
0
0
1 1551
0
0
0
0
1 1552
0
0
0
0
0
0
0
0
0
0
0
0
0
0
0
0
0
0
1 1552
0
1 1552
0
0
0
0
1 1552
0
1 1552
0
1 1552
0
0
0
1 1552
0
0
0
1 1553
0
0
0
1 1554
0
1 1554
0
0
1 1775
0
1 1554
0
1 1554
0
1 1554
0
0
0
1 1554
0
1 1555
0
0
0
0
1 1555
0
1 1555
0
1 1555
0
0
0
1 1555
0
0
1 1558
0
1 1559
0
0
0
0
1 1560
0
0
1 1561
0
0
0
0
0
1 1563
0
1 1563
0
1 1563
0
0
0
1 1563
0
0
1 1564
0
0
0
1 1565
0
0
1 1566
0
0
1 1567
0
0
0
1 1567
0
0
0
0
1 1568
0
1 1570
0
0
0
1 1572
1 1573
0
0
0
0
0
1 1575
0
1 1576
0
1 1576
0
1 1576
2 1850 1853
0
0
1 1576
0
0
0
0
0
0
1 1578
0
0
1 1579
0
0
0
0
1 1581
0
0
0
0
1 1582
0
1 1582
0
0
0
0
1 1582
0
1 1582
0
1 1582
0
0
0
1 1582
0
1 1817
0
1 1583
0
0
0
1 1583
0
0
0
0
1 1585
0
1 1586
0
0
0
0
1 1587
0
1 1587
0
0
0
0
1 1587
0
1 1587
0
1 1587
0
0
0
1 1587
0
0
1 1742
0
0
0
0
1 1589
0
1 1591
0
1 1592
0
0
0
1 1592
0
0
0
1 1593
0
0
1 1594
0
0
0
0
1 1594
0
1 1594
0
1 1594
0
0
0
1 1594
0
0
0
0
0
1 1596
0
1 1598
0
1 1598
0
1 1785
0
1 1598
0
0
1 1599
0
0
0
1 1599
0
0
0
1 1601
0
1 1601
0
0
0
0
1 1601
0
1 1601
0
1 1601
0
0
0
1 1601
0
0
0
0
0
1 1603
0
1 1603
0
0
0
0
1 1603
0
1 1603
0
1 1603
0
0
0
1 1603
0
1 1605
0
0
0
0
1 1605
0
1 1605
0
1 1605
0
0
0
1 1605
0
0
0
1 1606
0
0
0
1 1609
1 1769
1 1610
1 1623
0
0
1 1610
0
0
1 1611
0
0
0
1 1613
0
1 1613
0
1 1613
0
0
0
1 1613
0
0
1 1614
0
0
1 1617
0
1 1883
1 1712
1 1617
0
1 1618
0
0
0
0
1 1618
0
1 1618
0
2 1618 1826
0
0
0
1 1618
0
0
0
0
1 1620
0
0
1 1622
0
0
1 1623
1 1624
0
0
0
0
1 1624
0
1 1624
0
1 1624
0
0
0
1 1624
0
0
1 1625
0
1 1625
0
0
0
0
1 1625
0
1 1625
1 1827
1 1625
0
0
0
1 1625
0
1 1626
0
1 1627
0
1 1627
0
0
0
0
1 1627
0
1 1627
0
1 1627
0
0
0
1 1627
0
0
0
1 1629
0
0
0
1 1629
0
0
1 1630
0
1 1631
0
0
0
0
1 1631
0
1 1631
0
1 1631
0
0
0
1 1631
0
0
0
1 1635
0
0
0
1 1635
0
0
0
0
0
1 1637
0
0
1 1638
0
0
0
0
1 1639
0
0
0
1 1640
0
1 1640
0
1 1640
0
0
0
1 1640
0
0
1 1641
0
1 1641
0
1 1641
0
0
0
1 1641
0
0
0
1 1642
0
1 1645
0
1 1645
0
0
0
0
1 1645
0
1 1645
0
1 1645
0
0
0
1 1645
0
0
1 1646
0
0
1 1647
0
0
0
0
1 1650
0
1 1650
0
0
0
0
1 1650
0
1 1650
0
1 1650
0
0
0
1 1650
0
0
0
1 1656
0
1 1657
0
0
0
0
1 1657
0
1 1657
0
1 1657
0
0
0
1 1657
0
0
0
1 1658
0
0
1 1659
0
0
0
0
2 1661 1772
0
1 1662
0
1 1662
0
0
0
1 1662
0
0
0
0
0
1 1663
0
1 1663
0
1 1663
0
1 1853
0
1 1663
0
0
1 1664
0
0
0
1 1666
0
0
0
0
0
0
0
0
1 1668
0
0
0
0
0
0
0
0
0
0
0
0
0
0
0
0
0
0
1 1668
0
1 1668
0
0
0
0
1 1668
0
1 1668
0
1 1668
0
0
0
1 1668
0
0
0
0
0
0
1 1669
0
1 1669
0
0
0
0
1 1669
0
2 1669 1779
0
1 1669
0
0
0
1 1669
0
0
1 1670
0
1 1671
1 1672
0
1 1672
0
1 1672
0
0
0
1 1672
0
0
0
1 1673
0
0
0
0
0
0
0
1 1674
0
0
0
0
0
0
0
0
0
0
0
0
0
0
0
0
0
0
1 1674
0
1 1674
0
0
0
0
1 1674
0
1 1674
0
1 1674
0
0
0
1 1674
0
1 1675
0
0
0
1 1675
0
0
0
0
1 1676
0
0
0
0
1 1677
0
0
0
0
0
0
0
0
0
0
0
0
0
0
0
0
0
1 1679
0
1 1679
0
0
1 1680
0
0
0
1 1680
0
0
0
1 1681
0
1 1681
0
1 1681
0
0
1 1793
1 1681
0
0
0
0
1 1682
0
1 1682
0
1 1682
0
0
0
1 1682
0
1 1683
0
0
1 1684
0
1 1684
0
0
0
0
1 1684
0
1 1684
0
1 1684
0
0
0
1 1684
0
0
1 1685
0
1 1685
0
1 1705
0
1 1685
0
0
0
0
1 1686
0
0
0
0
0
0
0
0
0
0
0
0
0
0
0
1 1687
0
1 1687
0
0
0
0
1 1687
0
1 1687
0
1 1687
0
0
0
1 1687
0
0
0
1 1688
0
1 1688
0
1 1689
0
0
0
1 1689
0
0
0
1 1690
0
0
0
1 1691
0
0
1 1692
0
1 1693
0
1 1693
0
1 1693
0
0
0
1 1693
0
0
0
1 1694
0
0
0
0
0
1 1695
0
0
0
1 1696
0
0
1 1698
0
0
0
0
1 1699
0
0
0
0
0
0
0
0
0
0
0
0
0
0
0
0
0
0
1 1699
0
1 1699
0
0
0
0
1 1699
0
1 1699
0
1 1699
0
0
0
1 1699
0
0
0
0
1 1700
0
1 1701
0
1 1701
0
0
0
0
1 1701
0
1 1701
0
1 1701
0
0
0
1 1701
0
0
0
0
1 1702
0
1 1702
0
1 1702
0
0
0
1 1702
0
0
0
0
1 1703
0
1 1703
0
1 1703
0
0
0
1 1703
0
0
0
0
0
1 1705
0
1 1705
0
1 1705
0
0
0
1 1705
0
0
0
0
0
0
0
0
0
1 1706
0
1 1706
0
0
0
0
1 1706
0
1 1706
0
1 1706
0
0
0
1 1706
0
1 1707
0
0
0
0
0
1 1709
0
1 1710
0
0
0
1 1711
0
0
0
1 1716
0
1 1716
0
1 1744
0
1 1716
0
0
0
1 1718
0
1 1718
0
1 1718
0
0
0
1 1718
0
0
1 1719
0
0
0
1 1719
0
0
0
0
0
0
0
0
1 1721
0
1 1721
0
0
0
0
1 1721
0
1 1721
0
1 1721
0
0
0
1 1721
0
1 1723
0
1 1725
0
0
0
1 1725
0
0
0
0
1 1726
0
1 1726
0
0
0
0
1 1726
0
1 1726
0
1 1726
0
0
0
1 1726
0
0
1 1727
0
1 1727
0
0
0
1 1727
0
0
0
1 1728
0
1 1728
0
0
0
0
1 1728
0
1 1728
0
1 1728
0
0
0
1 1728
0
1 1729
0
1 1729
0
0
0
1 1729
0
1 1730
0
0
1 1740
1 1730
0
0
1 1733
0
0
1 1734
0
0
0
0
1 1735
0
0
1 1736
0
0
0
1 1737
0
1 1738
0
0
0
1 1738
0
1 1739
0
1 1739
0
0
0
1 1739
0
0
0
0
0
0
0
0
0
0
0
0
0
0
0
0
0
1 1741
0
1 1741
0
0
0
0
1 1741
0
1 1741
0
1 1741
0
0
0
1 1741
0
0
0
0
1 1742
0
0
0
0
1 1743
0
1 1743
0
1 1743
0
0
0
1 1743
0
0
1 1744
0
0
0
0
1 1744
0
1 1744
0
1 1744
0
0
0
1 1744
0
0
1 1745
0
0
1 1746
0
1 1746
0
0
0
1 1746
0
1 1747
0
0
1 1748
0
1 1748
0
1 1748
0
0
0
1 1748
0
0
0
0
0
0
0
0
0
0
0
0
0
0
0
0
0
0
1 1749
0
1 1749
0
0
0
0
0
1 1750
0
0
0
1 1750
0
0
1 1751
0
0
0
0
1 1751
0
1 1751
0
1 1751
0
0
0
1 1751
0
1 1752
0
1 1752
0
0
0
1 1752
0
1 1753
0
0
0
1 1755
0
0
1 1756
0
0
0
1 1756
0
1 1758
0
1 1758
0
0
0
1 1758
0
0
1 1759
0
0
0
0
1 1761
0
1 1761
0
1 1761
0
0
0
1 1761
0
0
0
0
1 1762
0
1 1763
0
1 1764
0
0
0
1 1764
0
1 1765
0
0
0
0
1 1767
0
1 1767
0
1 1767
0
0
0
1 1767
0
0
0
0
1 1770
0
1 1771
0
0
1 1773
0
0
0
1 1773
0
0
0
0
1 1774
0
1 1774
0
0
0
0
1 1774
0
1 1774
0
1 1774
0
0
0
1 1774
0
0
0
1 1775
0
1 1777
0
0
1 1778
1 1835
1 1778
0
0
0
0
1 1778
0
1 1778
0
1 1778
0
0
0
1 1778
0
0
1 1779
0
1 1779
0
0
0
1 1779
0
0
0
1 1780
0
1 1781
0
0
0
1 1783
0
1 1783
0
0
0
1 1783
0
0
1 1784
0
0
0
1 1784
0
0
0
0
1 1785
0
0
0
0
1 1789
0
0
0
0
0
0
0
0
0
0
0
0
0
0
0
0
0
0
1 1791
0
1 1791
0
0
0
0
1 1791
0
1 1791
0
1 1791
0
0
0
1 1791
0
0
1 1792
0
1 1792
0
1 1792
0
0
0
1 1792
0
0
1 1793
0
0
0
1 1793
0
1 1794
0
0
1 1795
0
1 1795
0
1 1795
0
0
0
1 1795
0
0
1 1797
0
0
0
1 1797
0
0
1 1798
0
1 1798
0
0
0
0
1 1798
0
1 1798
0
1 1798
0
0
0
1 1798
0
1 1799
0
0
1 1801
0
0
0
0
0
1 1802
0
1 1802
0
1 1802
0
0
0
1 1802
0
0
1 1803
0
1 1804
0
1 1804
0
1 1804
0
0
0
1 1804
0
0
1 1805
0
0
0
0
0
0
0
0
0
0
0
0
0
1 1806
0
1 1806
0
0
0
0
1 1806
0
1 1806
0
1 1806
0
0
0
1 1806
0
0
1 1807
0
1 1807
0
0
0
0
1 1807
0
1 1807
0
1 1807
0
0
0
1 1807
0
0
1 1808
0
0
1 1812
0
1 1812
0
0
0
1 1812
0
0
0
1 1814
0
1 1815
0
0
0
0
0
0
0
0
0
0
0
1 1816
0
1 1816
0
0
0
0
1 1816
0
1 1816
0
1 1816
0
0
0
1 1816
0
0
1 1817
0
0
0
1 1817
0
0
1 1819
0
0
0
1 1819
0
0
1 1822
0
0
1 1823
0
0
0
1 1823
0
1 1824
0
0
0
0
0
1 1825
0
1 1825
0
0
0
0
1 1825
0
1 1825
0
1 1825
0
0
0
1 1825
0
1 1888
0
1 1826
0
1 1826
0
0
0
1 1826
0
1 1827
0
0
0
1 1827
0
1 1828
0
0
0
1 1828
0
1 1829
0
1 1829
0
0
0
1 1829
0
0
0
1 1834
0
1 1834
0
0
0
0
1 1834
0
1 1834
0
1 1834
0
0
0
1 1834
0
0
0
0
0
1 1835
0
1 1835
0
1 1835
0
0
0
1 1835
0
1 1838
0
0
0
0
1 1843
0
0
0
1 1843
0
1 1844
0
1 1844
0
1 1844
0
0
0
1 1844
0
0
1 1845
0
0
0
1 1846
0
0
0
0
1 1847
0
1 1847
0
0
0
0
1 1847
0
1 1847
0
1 1847
0
0
0
1 1847
0
1 1848
0
1 1848
0
1 1848
0
0
0
1 1848
0
1 1849
0
0
0
1 1849
0
0
0
1 1852
0
1 1852
0
1 1852
0
0
0
1 1852
0
1 1853
0
0
0
1 1853
0
2 547 1854
0
0
1 1855
0
1 1856
0
0
1 1857
0
0
0
1 1857
0
0
0
1 1860
0
0
0
1 1860
0
0
1 1862
0
1 1862
0
1 1862
0
0
0
1 1862
0
0
0
0
1 1863
0
1 1863
0
0
0
0
1 1863
0
1 1863
0
1 1863
0
0
0
1 1863
0
0
1 1864
0
0
1 1865
0
1 1866
0
1 1867
0
0
1 1868
0
0
0
1 1868
0
1 1869
0
1 1870
0
0
1 1872
0
0
0
1 1872
0
0
1 1873
0
1 1874
0
1 1874
0
0
0
1 1874
0
0
1 1875
0
0
0
1 1876
0
1 1876
0
1 1876
0
0
0
1 1876
0
0
0
1 1877
0
0
1 1879
0
0
0
1 1879
0
0
1 1882
0
1 1882
0
1 1882
0
0
0
1 1882
0
1 1883
0
0
0
0
1 1883
0
1 1883
0
1 1883
0
0
0
1 1883
0
0
1 1885
0
1 1886
0
1 1886
0
0
0
1 1886
0
0
0
0
0
0
0
0
0
0
0
0
0
0
0
0
1 1887
0
1 1887
0
0
0
0
1 1887
0
1 1887
0
1 1887
0
0
0
1 1887
0
0
0
0
1 1890
0
1 1890
0
0
0
0
1 1890
0
1 1890
0
1 1890
0
0
0
1 1890
0
1 1891
0
0
0
1 1891
0
0
1 423
0
1 423
0
1 423
0
0
0
1 423
0
0
