0
0
0
0
0
0
0
0
0
0
0
0
0
0
0
0
0
0
0
0
0
0
0
0
0
0
0
0
0
0
0
0
0
0
0
0
0
0
0
0
0
0
0
0
0
0
0
0
0
0
0
0
0
0
0
0
0
0
0
0
0
0
0
1 0
0
0
0
0
0
0
0
1 0
0
0
0
0
0
0
0
0
0
0
0
0
0
0
0
0
0
0
0
0
0
0
0
0
0
0
0
0
0
0
0
0
0
0
0
0
0
0
0
0
0
1 1
0
0
0
0
0
0
0
1 1
0
0
0
0
0
0
0
0
0
0
0
0
0
0
0
0
0
0
0
0
0
0
0
0
0
0
0
0
0
0
0
0
0
0
1 2
0
0
0
0
0
0
0
1 2
0
0
0
0
0
0
0
0
0
0
0
0
0
0
0
0
0
0
0
0
0
0
2 1062 1368
0
0
0
0
1 1117
0
0
0
0
0
0
0
0
1 3
0
0
1 1609
0
0
0
0
1 3
0
0
0
0
1 1314
0
0
1 1433
0
0
0
0
0
1 1574
0
0
0
4 434 507 1035 1105
3 59 842 1655
0
0
0
3 199 371 1889
0
0
0
0
0
0
0
0
0
0
0
0
0
0
0
0
0
1 4
0
0
0
0
0
0
0
1 4
0
0
0
1 112
0
0
0
0
0
0
0
0
0
1 40
0
0
0
0
0
0
0
0
0
3 503 537 1163
0
0
1 1869
3 153 466 640
0
0
1 228
3 307 1188 1619
0
5 68 125 1397 1510 1660
4 390 590 829 1776
11 294 470 498 737 809 1111 1238 1261 1384 1450 1632
10 222 592 698 932 980 1112 1602 1722 1770 1836
16 5 239 394 446 454 642 643 723 887 1005 1011 1082 1297 1321 1651 1714
0
2 386 531
4 339 1371 1615 1880
13 93 132 144 218 229 439 448 534 561 586 776 1327 1504
0
3 64 317 839
1 1418
12 5 131 227 236 466 665 674 675 681 739 947 1404
8 669 792 1000 1014 1024 1311 1325 1548
0
0
8 22 138 818 917 1557 1623 1710 1881
0
11 21 139 359 791 803 903 921 1034 1553 1643 1698
8 267 310 378 573 654 942 1191 1709
6 140 141 471 1235 1315 1317
0
6 197 356 533 888 1137 1782
4 90 469 1412 1501
0
6 313 328 636 726 1228 1830
4 311 756 1504 1556
20 75 124 127 397 495 619 746 757 760 809 981 1037 1166 1182 1188 1285 1426 1632 1644 1818
3 372 566 1821
2 392 834
9 68 840 956 980 1313 1329 1333 1476 1591
18 285 304 352 388 394 592 652 707 717 964 975 1080 1383 1437 1580 1651 1692 1867
5 64 705 968 1277 1760
5 217 363 498 537 1186
8 83 153 218 1371 1424 1439 1690 1836
32 43 44 121 131 216 254 317 318 365 373 387 427 441 446 448 463 465 502 543 641 654 665 797 811 1009 1155 1181 1207 1291 1457 1588 1604
0
1 6
0
0
0
0
8 45 128 339 829 887 1010 1652 1856
0
7 115 209 600 1114 1140 1318 1325
1 6
19 35 71 144 213 215 439 637 675 723 814 891 905 932 1179 1334 1418 1450 1595 1615
0
1 1378
0
0
24 9 11 197 212 267 390 420 577 586 627 636 674 751 817 839 958 1034 1039 1085 1366 1380 1473 1768 1770
2 1436 1635
0
13 22 50 239 241 698 726 918 1404 1469 1619 1636 1643 1837
0
0
5 27 150 756 1261 1490
0
1 169
0
0
2 297 611
0
3 125 358 1028
0
0
0
5 530 969 1019 1697 1722
0
0
0
0
1 902
0
0
1 792
3 938 1306 1548
0
18 39 105 116 259 332 386 669 739 798 838 903 908 1211 1345 1361 1365 1622 1723
10 51 250 331 470 640 650 1014 1713 1776 1880
0
0
0
0
0
2 7 247
0
7 359 397 791 1094 1137 1296 1320
0
0
3 98 561 1753
0
0
1 7
1 1861
0
0
1 1423
0
0
0
1 948
0
0
1 252
0
1 1583
0
0
1 509
0
0
0
1 269
0
0
0
0
0
3 94 1443 1629
0
0
3 1142 1184 1811
1 1720
3 8 174 1336
14 134 324 765 888 1024 1212 1364 1389 1452 1520 1521 1609 1665 1800
6 186 258 307 876 1414 1786
0
0
4 29 1128 1177 1833
8 529 704 960 1032 1160 1440 1621 1654
3 31 279 1656
1 8
5 320 445 583 992 1241
1 1831
2 770 1542
0
6 223 422 729 1130 1757 1824
2 1129 1302
0
6 402 988 1279 1396 1413 1653
4 89 578 1362 1810
7 163 416 575 789 1590 1820 1877
0
0
2 1374 1487
1 754
0
2 1035 1183
0
0
2 1165 1400
0
1 1299
2 796 1607
0
8 138 225 231 328 631 771 1011 1710
7 216 227 746 818 1041 1248 1486
1 845
6 146 634 652 655 1311 1412
3 500 1676 1692
0
31 18 93 124 140 202 235 289 333 372 485 531 568 632 642 886 1148 1180 1313 1315 1317 1375 1472 1510 1514 1522 1557 1565 1593 1595 1652 1858
1 9
0
18 176 285 308 363 365 518 551 1033 1043 1075 1235 1266 1476 1570 1580 1644 1683 1821
6 356 793 1451 1519 1709 1818
41 42 129 139 213 311 435 481 495 550 557 619 681 760 834 864 935 942 956 1038 1161 1179 1185 1186 1228 1257 1277 1285 1308 1334 1445 1488 1501 1525 1556 1588 1600 1612 1667 1765 1832 1856
1 1114
6 217 382 964 1384 1426 1623
2 44 155
2 1196 1517
2 1045 1166
3 26 304 1608
0
1 158
12 43 169 222 294 420 600 621 688 705 816 1307 1408
1 83
0
1 378
2 967 1074
0
9 54 71 691 734 1019 1239 1320 1409 1642
2 1018 1766
0
4 817 840 1437 1528
2 947 1855
17 85 115 119 286 348 458 1031 1238 1327 1366 1370 1407 1416 1429 1490 1736 1813
2 284 472
3 1373 1395 1771
0
1 1457
2 10 1760
1 1385
4 503 1343 1565 1628
0
0
1 1714
4 706 1236 1324 1805
45 15 90 127 141 143 161 208 219 236 250 259 269 293 326 330 376 387 408 441 451 455 462 501 553 576 643 683 800 827 835 981 1037 1046 1155 1213 1223 1269 1329 1646 1723 1729 1732 1839 1851 1868
6 10 179 894 1175 1533 1604
2 603 711
2 1249 1284
3 225 902 1591
0
7 427 819 924 927 1142 1221 1245
0
2 975 1649
0
0
0
2 1326 1359
6 47 91 173 735 803 881
3 424 1243 1460
0
0
0
1 198
7 547 570 842 953 1022 1537 1888
7 130 313 509 968 1003 1281 1488
0
0
2 27 1197
2 464 1156
10 281 469 534 566 611 757 1181 1220 1291 1823
3 282 926 1592
10 11 50 388 471 750 875 1176 1182 1297 1347
11 162 261 465 626 707 1008 1094 1207 1258 1321 1494
2 301 1076
10 128 332 454 755 811 958 1138 1768 1826 1837
0
3 1028 1670 1717
8 305 373 502 751 1026 1082 1423 1449
10 228 450 627 725 737 1336 1386 1436 1754 1861
28 35 229 257 444 539 562 585 617 802 846 915 979 983 991 1096 1146 1184 1226 1259 1273 1352 1398 1410 1419 1475 1477 1553 1641
5 318 1253 1383 1690 1782
5 631 847 917 1085 1111
6 595 798 1267 1318 1345 1430
5 121 507 838 869 1397
12 95 249 533 634 797 1254 1340 1388 1452 1499 1527 1547
1 1520
6 691 886 935 1521 1860 1865
0
14 75 212 324 331 385 771 784 978 1118 1140 1380 1561 1720 1866
9 26 231 254 492 641 911 1424 1451 1671
13 329 499 684 694 937 943 1218 1298 1364 1378 1445 1522 1636
4 717 876 948 1786
6 370 1112 1196 1414 1525 1620
3 297 1425 1630
4 289 333 801 1485
0
0
0
0
0
3 936 1195 1881
0
0
0
0
0
0
0
3 355 476 999
0
0
0
0
2 12 1036
0
0
0
0
0
0
0
1 12
1 944
0
1 1689
0
0
0
0
0
0
0
0
0
0
0
0
0
0
0
0
0
0
0
0
7 56 382 907 1103 1328 1518 1869
0
1 1097
3 13 1271 1655
2 40 1377
4 1160 1286 1393 1614
1 523
2 583 1780
0
0
1 1884
3 13 440 1088
0
2 166 210
0
9 223 478 563 700 1064 1438 1611 1686 1889
2 579 1638
0
0
10 713 765 934 984 1177 1208 1342 1530 1734 1757
0
1 778
0
3 578 1270 1843
0
0
0
0
1 1070
0
1 906
2 896 908
0
3 601 931 1162
0
0
0
0
0
0
0
0
1 1350
0
0
1 392
0
4 116 1514 1570 1593
1 14
0
0
0
0
1 552
0
0
1 14
0
0
0
0
1 18
0
0
0
0
0
0
0
0
1 1415
0
0
0
0
0
0
0
0
0
24 152 209 235 340 485 551 577 580 657 845 916 969 1053 1093 1266 1369 1375 1469 1600 1612 1697 1713 1765 1800
8 55 146 176 232 330 435 1245 1583
13 15 88 96 241 706 814 857 1248 1275 1312 1486 1683 1733
2 195 1839
3 186 1075 1783
0
3 540 1045 1239
6 462 481 967 988 1790 1873
5 472 488 1109 1691 1840
0
8 905 1081 1163 1491 1566 1665 1820 1838
8 309 597 1038 1084 1125 1523 1576 1832
3 938 1026 1499
1 308
3 358 1031 1233
0
0
2 352 867
5 776 852 1307 1348 1694
0
1 1851
0
15 202 500 590 767 914 1008 1068 1148 1161 1296 1391 1497 1528 1864 1870
0
5 728 891 1509 1658 1724
8 85 133 310 450 1185 1257 1809 1830
5 99 584 1408 1440 1747
5 1087 1407 1621 1666 1871
11 41 201 266 402 554 630 688 710 759 843 1607
3 16 536 892
13 21 283 371 434 457 673 720 977 1456 1526 1602 1654 1811
1 1216
1 1479
3 148 588 1005
0
5 219 819 960 1282 1628
6 401 527 860 1314 1413 1574
8 16 456 1212 1241 1390 1494 1558 1637
3 188 1149 1441
10 342 483 530 637 722 997 1198 1542 1730 1799
0
1 1771
0
5 714 715 833 1032 1039
0
1 686
1 1409
2 438 1845
1 1293
3 120 1157 1541
0
0
0
1 1381
5 45 1158 1252 1443 1667
3 758 1115 1854
8 109 150 281 366 546 936 1002 1096
0
0
0
0
0
0
0
0
1 398
1 1431
0
0
0
0
0
3 17 939 1290
1 1785
0
14 47 66 94 261 316 323 411 573 670 1262 1420 1675 1796 1801
0
0
0
0
1 17
0
0
0
0
0
2 633 1269
1 1078
1 699
0
0
0
0
0
0
1 1828
0
6 847 1280 1359 1373 1569 1736
0
0
0
0
0
1 549
1 793
2 550 1033
0
0
2 463 1176
0
2 1124 1867
1 1671
1 1080
1 42
0
3 632 1254 1823
2 51 1676
0
0
0
3 857 1180 1592
0
0
1 33
1 1012
0
6 29 515 545 1376 1586 1648
0
4 479 779 1072 1745
0
0
3 82 658 736
1 345
6 193 668 848 854 1057 1711
3 248 731 996
0
1 1585
1 19
0
1 528
0
1 865
0
0
0
2 19 1303
0
0
6 255 570 696 781 1192 1860
0
0
0
1 1435
0
0
1 288
0
0
1 1396
2 82 808
0
6 396 467 491 1072 1664 1803
0
1 1119
6 187 587 861 904 1059 1460
0
0
0
1 753
6 179 412 703 950 1117 1195
2 177 1814
1 20
9 60 167 407 638 962 1092 1230 1546 1696
0
3 628 682 1712
11 163 194 662 738 822 963 1030 1152 1590 1742 1794
5 277 770 1389 1559 1831
9 185 563 704 796 1211 1372 1429 1703 1754
3 501 732 1088
2 20 1789
1 679
9 272 422 505 589 836 995 1134 1764 1833
1 478
0
0
0
12 201 312 395 440 708 895 898 940 1049 1259 1500 1512
0
0
1 1131
0
0
2 135 296
1 976
0
1 246
1 1354
0
0
1 1189
0
0
0
0
1 568
0
0
4 576 1473 1660 1698
0
1 1812
1 1763
0
0
0
2 492 1250
0
6 348 712 1067 1105 1417 1761
0
1 1368
1 1717
0
16 306 320 391 655 882 921 1162 1183 1365 1547 1549 1629 1635 1695 1790 1810
0
0
1 918
3 62 361 557
4 553 1190 1766 1858
0
3 263 431 1139
1 1670
2 734 1316
4 132 215 517 1333
0
1 129
0
10 24 375 511 585 729 955 1173 1268 1611 1633
6 602 775 1225 1480 1649 1871
0
7 157 268 341 594 672 1178 1846
0
2 1222 1772
5 114 160 1022 1127 1346
4 620 1304 1787 1809
0
0
0
1 189
1 23
10 458 476 724 832 864 1069 1175 1243 1330 1402
1 1464
7 226 280 374 686 743 807 1653
0
0
0
3 292 555 1850
4 23 108 897 1290
0
0
0
0
3 190 1788 1815
2 354 1015
2 486 773
2 1231 1859
0
2 1263 1432
0
0
0
7 461 591 694 823 841 1537 1538
4 60 288 514 1438
4 221 933 1564 1752
2 368 459
3 148 438 1753
1 1047
7 41 102 555 1493 1506 1678 1841
0
15 48 80 275 355 606 772 941 974 1122 1132 1399 1441 1541 1577 1719
0
7 347 418 562 896 1004 1485 1797
6 39 73 81 750 1108 1130
2 98 1405
1 598
2 1133 1596
12 143 207 350 607 614 648 733 916 1454 1479 1519 1822
0
5 24 252 821 1120 1449
9 249 335 445 622 762 878 1284 1302 1343
0
1 1258
9 28 130 609 626 683 894 1041 1338 1395
0
0
1 137
0
1 1539
7 133 286 490 711 1278 1470 1803
0
2 604 1174
1 1875
15 97 266 630 927 955 983 1145 1164 1249 1300 1410 1546 1646 1732 1759
0
0
2 735 1715
4 429 795 1467 1777
0
0
2 1419 1614
0
0
0
5 210 430 944 1097 1586
3 112 400 1048
1 69
0
4 651 925 1103 1203
4 188 421 1062 1289
2 709 1361
3 25 1010 1852
8 257 416 556 716 881 1483 1497 1814
0
0
1 449
0
1 952
0
1 25
2 247 1056
0
0
0
2 504 1102
4 63 175 638 1491
0
0
1 1740
0
3 400 1392 1825
1 232
2 859 1324
0
0
0
0
0
1 1203
0
0
0
0
3 282 911 1223
0
7 467 483 801 816 1046 1216 1340
6 540 621 755 835 926 1755
0
3 376 1416 1656
2 1610 1659
0
2 326 1608
3 54 96 962
5 301 787 1275 1308 1439
3 164 1312 1517
9 119 162 314 572 1009 1079 1152 1387 1633
4 329 1213 1502 1865
1 1305
2 1074 1233
14 199 480 496 802 924 1064 1221 1279 1292 1555 1707 1725 1747 1756
0
0
1 1657
2 658 800
0
0
1 1197
1 603
0
0
1 413
0
3 206 617 1622
4 885 913 992 1872
0
1 1876
1 28
0
2 877 1874
0
0
0
0
0
8 449 710 725 910 973 1070 1352 1559
0
5 198 473 1362 1509 1888
2 1666 1855
0
0
2 270 635
0
0
0
3 464 523 1446
0
0
0
0
0
6 89 527 850 866 1123 1715
10 92 279 395 789 1208 1273 1455 1731 1769 1813
5 33 403 889 1561 1866
1 780
0
1 147
1 1374
0
7 59 134 174 1128 1271 1398 1569
13 55 173 539 552 827 852 1003 1156 1487 1575 1630 1762 1838
4 106 344 649 1385
2 248 1598
3 433 890 1347
0
2 522 1796
5 183 325 452 825 1040
3 529 1153 1873
5 46 869 875 1084 1236
1 907
0
8 31 155 714 777 1146 1171 1299 1845
3 491 915 1531
1 1735
0
2 167 1001
2 30 680
0
8 528 549 779 989 1496 1518 1638 1639
1 426
5 56 424 456 808 1059
4 53 99 396 699
0
1 1780
9 30 95 135 407 672 1126 1149 1393 1431
1 1581
0
0
4 302 451 810 828
0
0
0
1 184
8 510 554 579 628 1090 1464 1568 1828
0
0
1 114
0
0
0
0
0
0
0
0
0
0
5 865 953 1012 1132 1448
0
0
0
1 1560
3 606 1270 1319
4 984 1256 1433 1824
0
0
0
3 610 1328 1879
0
0
1 399
1 1150
1 1204
1 1342
1 1331
1 575
0
0
0
1 567
0
0
0
0
1 1344
0
0
0
0
0
0
3 759 1339 1564
5 624 870 954 1218 1430
0
1 1135
1 937
0
5 195 490 784 1310 1648
9 700 736 830 848 979 1043 1058 1337 1840
0
4 191 1016 1225 1571
2 684 1386
0
1 748
1 668
2 880 1109
0
6 161 721 854 904 996 1303
1 730
3 366 406 697
2 1376 1868
1 340
4 488 515 1733 1745
2 496 870
0
4 605 824 997 1764
1 1808
0
3 345 602 1664
1 34
0
0
0
0
0
1 1372
0
1 34
1 1673
0
1 1801
0
1 1589
2 1199 1498
1 618
0
0
1 1403
0
0
0
1 1119
0
1 934
0
0
0
0
0
1 970
0
5 312 581 861 1286 1461
1 1647
3 620 844 1746
2 584 1442
3 204 1370 1527
10 58 290 299 385 650 1157 1158 1217 1242 1481
0
12 122 455 595 708 860 943 1093 1306 1620 1637 1686 1691
0
0
13 108 120 263 370 499 513 536 753 925 1222 1309 1468 1781
0
0
0
1 1029
0
0
0
2 667 1680
1 512
1 873
1 36
0
0
0
0
0
0
0
1 36
0
1 843
0
0
0
5 80 375 453 689 1606
0
1 190
0
0
0
0
0
0
0
0
1 1122
1 858
0
0
0
0
0
3 240 520 1400
0
0
0
0
1 258
2 181 1289
1 409
0
0
1 240
0
1 877
2 37 805
0
0
0
0
0
0
0
1 37
2 862 874
0
0
0
0
0
0
0
0
0
0
0
0
0
0
0
0
0
0
0
0
0
0
1 48
1 663
5 67 479 1069 1787 1850
0
0
1 582
4 38 262 580 1230
0
0
0
2 743 832
0
2 354 1777
3 113 1015 1387
8 38 273 377 457 826 940 1480 1533
0
0
0
0
1 1857
0
9 221 300 459 514 651 712 738 1087 1616
0
9 109 151 275 321 368 428 1263 1381 1432
0
0
0
2 572 1788
0
3 292 689 722
0
1 280
7 102 196 283 823 1678 1680 1772
0
0
4 418 419 769 773
0
1 200
6 444 747 991 1253 1278 1641
3 66 166 305
2 1379 1475
7 157 781 1192 1427 1456 1626 1854
5 284 775 833 1599 1658
1 1367
0
1 1605
3 1000 1165 1523
0
0
0
0
0
2 685 987
10 118 278 482 713 906 1067 1129 1173 1226 1724
0
1 1391
0
4 429 671 1711 1817
0
3 336 1086 1526
0
3 412 593 815
0
7 306 754 941 1390 1477 1734 1799
4 443 519 1078 1127
1 1076
0
0
3 380 1540 1738
6 486 487 543 1092 1133 1735
0
0
1 622
3 731 767 1454
3 272 785 1178
22 104 185 206 233 268 296 302 505 511 702 974 982 1048 1100 1168 1189 1198 1276 1377 1420 1696 1815
4 421 732 1002 1531
2 177 1095
7 265 661 892 994 1468 1704 1885
3 123 608 1536
0
3 778 1017 1435
0
0
0
1 1356
2 398 893
6 788 846 1252 1282 1425 1884
2 682 1688
3 168 594 1661
5 137 946 1115 1139 1689
0
1 1472
0
0
1 1672
1 1267
0
0
0
0
0
0
0
0
0
0
1 856
0
0
2 293 1573
0
3 518 929 1712
0
0
1 1298
0
0
1 532
0
0
1 152
3 588 657 1220
0
0
1 1886
0
5 836 867 1049 1415 1739
0
0
0
1 1434
1 1442
4 758 1281 1805 1826
0
0
0
0
1 1118
0
0
0
1 246
0
0
0
0
0
3 46 1287 1338
0
0
0
0
0
1 1859
0
0
0
0
0
0
0
0
0
0
1 1750
0
3 136 1268 1530
1 442
0
0
0
0
1 679
1 1783
2 194 323
11 374 591 662 841 977 1144 1304 1403 1545 1740 1877
1 597
0
0
1 73
1 1309
4 208 703 1053 1566
3 1292 1399 1756
2 160 1169
2 211 813
0
0
0
0
2 1107 1508
0
0
0
1 858
0
1 629
2 556 745
0
1 813
0
0
1 49
0
5 187 545 1079 1200 1737
0
0
1 851
2 234 807
1 341
1 49
0
0
0
1 544
1 244
0
0
0
4 91 625 718 1138
0
0
0
0
0
0
0
0
0
0
0
0
0
0
0
0
0
0
0
0
0
0
0
0
0
0
0
0
0
0
0
0
0
0
0
0
0
0
0
1 1018
1 1174
0
0
0
0
0
0
0
0
0
0
0
3 1081 1640 1875
1 52
0
0
0
0
0
0
0
1 52
0
1 763
0
0
0
0
0
0
0
0
0
0
2 1206 1247
2 560 645
5 480 1193 1227 1471 1843
0
0
1 1280
0
0
3 414 826 1484
3 65 220 1793
0
0
1 1224
0
2 325 1030
1 53
0
0
0
2 764 1246
0
0
0
0
0
0
0
1 1539
0
1 1841
0
0
0
0
0
0
0
0
1 989
0
0
0
0
0
0
0
0
0
0
0
3 145 978 1870
0
0
2 715 1755
0
2 270 728
0
0
0
0
0
0
0
0
0
0
0
0
0
1 243
0
0
2 639 1846
2 69 680
5 362 1402 1581 1695 1785
2 1323 1567
3 504 520 821
0
0
0
1 1862
0
0
0
0
0
0
0
0
0
0
0
1 57
0
0
1 1702
0
0
1 1124
0
2 57 963
1 277
0
0
0
1 508
0
0
0
0
0
0
1 897
0
4 601 810 965 1332
0
1 1829
0
0
0
0
1 670
0
0
1 766
0
1 1616
1 690
0
1 58
0
1 437
0
0
0
3 890 1725 1759
1 598
1 1060
0
1 1210
1 1293
1 1004
0
0
1 1388
2 1746 1819
0
2 780 1752
0
1 1250
1 1579
1 1422
0
0
0
0
0
1 349
2 158 238
1 777
1 181
0
1 1260
0
4 369 401 828 882
1 353
2 171 633
0
0
1 432
0
0
3 226 898 1071
1 1751
0
0
1 151
4 251 647 804 1781
0
2 663 667
2 184 522
0
0
0
0
0
0
0
0
1 61
0
0
0
3 1360 1775 1812
0
0
0
1 61
0
0
0
0
0
0
3 336 893 1534
1 1874
0
0
0
0
0
0
0
1 1728
0
0
0
1 1587
0
0
0
1 364
2 954 1571
3 62 1047 1694
2 1057 1502
0
1 207
2 900 1244
2 895 939
0
0
0
1 1513
0
0
2 403 1135
0
1 1842
0
1 295
0
0
2 360 1164
1 696
0
0
0
3 149 646 1794
1 63
0
1 405
0
4 335 337 489 1283
1 1354
2 709 952
2 204 666
0
2 995 1848
0
0
1 1849
1 1125
1 635
0
0
0
0
0
0
1 724
3 97 460 1083
0
1 105
1 1822
0
0
0
0
1 256
0
0
3 837 986 1852
0
2 300 1448
0
0
0
0
1 990
0
0
1 1145
0
0
1 350
0
0
1 1191
0
2 1610 1729
0
0
0
0
2 885 1170
0
1 913
2 84 1535
0
2 920 1773
1 822
2 1098 1251
0
1 65
0
1 1262
1 159
0
0
0
4 411 961 1042 1489
3 391 972 1673
0
0
0
0
1 795
4 344 762 1055 1524
1 855
1 889
0
0
2 782 1007
1 1358
1 692
0
0
7 321 624 763 1232 1585 1659 1685
1 1568
0
1 1596
1 1512
1 1498
1 547
1 720
0
4 473 610 1675 1827
0
0
1 1769
0
0
0
0
0
0
0
2 67 379
0
0
0
0
0
0
1 1344
0
2 419 1493
0
0
1 1300
0
0
0
0
1 824
0
1 1001
1 999
0
0
0
1 1802
0
0
0
0
0
0
1 309
3 87 423 1543
0
1 303
0
0
0
0
0
0
0
0
0
0
1 1421
0
0
0
1 786
0
0
0
0
1 70
0
0
4 164 165 1136 1662
0
0
0
1 589
1 70
0
0
1 599
0
0
3 113 1058 1576
0
0
0
0
0
0
0
0
0
0
0
0
0
1 1627
0
0
0
2 623 1310
0
0
2 901 1500
0
1 1348
1 88
0
0
1 72
0
0
0
0
0
0
1 1061
2 72 291
0
1 1716
0
1 749
0
0
1 831
0
1 609
0
0
0
0
0
0
0
0
0
0
0
0
0
0
2 1647 1748
0
0
0
0
0
0
1 716
0
0
1 1844
0
1 1639
0
0
0
0
0
1 1589
0
0
0
1 74
0
0
0
0
0
0
0
1 74
0
0
0
0
0
0
0
0
0
0
0
0
1 238
0
0
0
0
0
0
0
1 428
0
1 100
1 1549
0
0
0
2 733 1120
0
0
0
1 648
0
1 76
0
0
0
0
0
0
0
1 76
0
0
0
0
0
0
1 327
0
0
0
0
0
0
0
0
0
0
0
0
0
1 255
0
0
0
0
0
0
0
2 1617 1798
0
0
0
4 361 656 844 1792
0
0
0
0
1 77
0
0
0
0
0
0
0
1 77
0
1 384
1 1016
0
0
0
0
0
0
0
0
0
1 111
0
0
0
0
0
0
0
0
0
0
0
0
6 342 437 1190 1215 1707 1718
1 78
1 1171
0
0
0
2 1560 1731
0
0
1 78
0
1 1143
5 430 484 569 931 1417
0
0
0
0
0
0
0
0
0
0
0
0
0
0
0
0
0
0
0
0
0
1 1141
0
0
0
0
0
0
0
0
0
2 79 1063
0
0
0
0
0
0
0
1 79
0
0
0
0
0
1 414
1 1739
0
0
0
0
0
2 1516 1779
0
0
0
0
0
0
0
0
2 1023 1506
0
3 315 719 873
0
5 191 316 914 1101 1789
0
0
4 104 122 1350 1577
1 671
0
0
1 702
0
1 966
0
1 81
0
0
0
0
1 1599
1 768
0
0
0
0
0
0
0
0
1 154
0
0
1 1872
0
1 147
0
0
0
0
2 721 933
0
1 1882
0
0
1 1346
0
1 260
0
0
0
0
0
0
0
0
2 497 1411
0
0
1 159
0
0
0
1 84
0
0
1 1231
0
3 347 1719 1795
1 1193
0
0
0
0
0
0
0
1 961
0
0
1 1204
0
0
0
0
0
0
2 334 872
0
0
2 92 794
0
0
0
0
0
0
1 525
0
1 86
1 1050
0
0
1 1763
0
1 859
0
3 86 582 741
0
0
1 1434
0
0
0
1 165
0
0
1 525
0
0
1 644
0
0
0
2 661 1661
0
0
0
1 1265
2 156 922
2 510 676
2 745 1237
0
1 1006
3 87 1214 1808
0
0
0
0
2 426 431
0
0
1 1463
0
0
0
0
1 1077
0
1 1144
0
1 1102
0
0
0
0
0
0
0
1 693
0
1 1461
0
1 701
0
1 1167
0
0
0
0
0
0
0
0
0
0
0
0
0
0
1 1606
0
2 1068 1853
4 772 1330 1339 1876
0
0
0
1 1131
0
0
3 494 581 742
5 567 1392 1481 1558 1563
0
1 866
1 346
0
0
0
4 453 970 1168 1700
0
2 1108 1295
0
1 1305
0
0
0
0
0
0
0
0
0
0
0
1 262
0
0
0
1 608
0
0
0
0
0
0
0
0
0
0
1 993
2 399 544
0
0
0
0
0
2 1017 1272
0
1 1086
0
0
1 1150
0
1 433
0
0
0
1 278
0
1 327
1 820
1 587
0
0
0
0
0
0
0
0
0
4 106 118 850 1804
1 950
0
2 1090 1573
0
2 990 1256
0
1 542
0
1 1784
0
0
0
0
0
0
0
0
0
6 168 205 233 957 1405 1575
0
0
0
0
1 1042
0
0
2 1040 1095
0
0
0
0
3 447 786 976
0
1 482
0
1 1727
0
0
0
0
1 408
0
0
0
0
0
0
0
1 103
0
0
0
0
0
0
2 1051 1379
0
0
0
1 830
0
4 863 1029 1742 1775
2 1323 1406
0
2 855 1462
1 1807
0
1 100
0
1 863
1 1797
0
0
0
0
1 314
0
0
0
0
0
0
1 1495
0
0
3 649 1332 1827
0
1 930
0
0
0
0
1 357
0
0
0
4 101 727 730 1682
0
0
0
0
0
0
0
1 101
1 1244
0
0
0
0
0
0
0
0
0
0
0
0
0
0
0
0
0
0
0
0
1 1234
0
0
1 1337
0
0
3 452 1367 1703
0
0
0
0
0
2 211 1598
1 1470
0
2 242 1515
0
0
0
0
0
0
0
0
1 103
0
0
0
0
0
0
1 1349
0
1 541
0
0
0
0
0
1 799
1 1201
0
0
1 1567
0
0
1 1224
0
0
0
0
0
0
0
2 546 1255
3 251 1704 1885
0
0
0
0
0
0
1 265
0
0
1 1071
0
0
0
1 1657
0
0
1 1540
0
0
0
0
0
0
0
0
0
0
0
0
0
0
0
1 193
1 1879
0
0
0
0
0
0
1 1793
0
0
0
0
0
0
1 487
0
0
0
0
3 883 1153 1427
1 1331
2 985 1467
0
0
0
1 295
2 559 880
0
0
1 1737
0
0
0
0
1 1536
0
1 1730
0
0
0
1 1849
0
0
1 951
0
0
0
0
1 1116
0
1 110
0
0
0
0
0
0
0
1 110
0
0
0
0
0
0
0
0
0
0
0
0
0
1 526
1 971
0
1 596
0
0
2 489 513
0
2 769 946
0
0
0
1 687
2 532 535
0
0
1 111
0
0
0
0
1 718
1 410
0
0
0
1 220
0
1 1773
0
5 183 244 782 920 1326
1 879
0
0
1 1802
0
0
0
0
0
0
1 1864
0
0
0
0
0
1 1107
0
0
0
0
0
0
0
0
0
0
0
1 1663
0
0
0
0
0
0
0
0
0
1 379
0
0
0
1 1857
0
0
0
0
0
0
0
0
0
0
1 787
1 1455
0
0
0
0
0
1 425
0
0
0
1 145
0
0
0
0
1 117
0
0
0
0
0
0
0
1 117
0
0
0
0
0
0
0
0
0
0
0
0
0
0
0
0
0
0
0
0
0
0
0
0
0
1 406
2 170 1357
0
0
0
0
0
0
0
0
0
0
0
1 1578
2 298 959
0
0
0
0
1 172
0
0
1 349
0
1 1507
0
0
0
0
0
0
0
0
0
0
0
0
0
0
0
0
0
0
1 1483
0
0
1 1672
0
0
0
0
3 1036 1642 1761
0
0
1 1886
0
0
0
0
1 987
0
0
0
0
0
0
0
0
0
0
0
0
1 123
0
0
0
0
0
0
0
0
0
1 1316
0
0
1 460
0
0
0
0
0
0
2 1126 1154
0
0
0
0
0
0
0
0
0
0
0
1 1098
1 264
0
0
0
0
0
0
1 126
0
0
0
0
0
0
0
1 126
0
0
0
0
0
0
0
0
0
0
1 380
0
0
0
0
0
0
0
0
0
0
1 1693
0
0
0
0
0
0
0
0
0
0
0
0
0
0
0
0
0
0
0
0
0
0
0
0
0
0
0
2 189 837
0
0
3 973 1060 1817
0
0
0
0
0
0
1 1701
0
0
0
0
0
0
0
5 616 849 1251 1617 1792
0
0
0
0
0
1 605
0
0
0
0
0
1 404
0
0
0
0
0
0
0
0
0
0
1 614
0
0
5 673 1227 1613 1626 1758
1 1110
1 788
0
0
0
0
1 1276
0
0
0
0
0
0
0
0
0
0
0
1 136
0
2 1247 1458
3 748 1123 1848
1 1751
0
0
0
1 299
0
0
0
1 1743
1 1496
0
0
0
1 1524
0
0
0
0
0
1 1738
0
0
0
0
0
0
0
0
0
1 1319
1 1538
0
2 243 878
0
0
0
0
1 1529
1 1287
0
0
0
0
3 256 291 677
0
0
0
0
0
0
0
0
0
1 1056
1 142
0
0
0
0
0
1 1748
0
1 142
0
0
0
0
0
0
0
0
0
0
0
0
0
3 384 1272 1363
0
0
1 764
0
0
0
1 1202
0
0
0
0
0
0
1 175
0
0
0
0
0
0
0
0
1 1301
0
0
0
0
0
0
1 1369
0
0
0
0
0
0
0
0
0
1 868
0
0
0
0
0
0
0
0
0
0
0
0
0
2 685 949
0
0
0
0
0
2 923 1199
0
0
0
0
0
0
0
1 362
0
2 203 519
1 1618
0
0
1 639
0
2 149 1446
1 1077
0
1 812
0
1 512
0
0
0
0
1 423
1 660
2 768 972
0
1 405
0
0
0
1 1104
0
1 1382
1 618
0
0
0
2 214 1083
0
0
2 560 1634
1 1835
0
0
0
0
0
0
0
3 804 820 1100
1 719
0
0
0
0
0
0
0
0
0
2 1217 1356
0
0
0
0
1 1762
0
0
0
1 1716
0
0
0
0
0
0
0
0
0
0
0
2 604 1640
0
0
0
0
0
0
0
1 799
0
0
0
1 1778
0
1 1681
0
0
0
0
0
0
1 1013
0
0
0
0
0
0
0
1 154
0
0
0
0
0
0
0
1 1744
0
0
0
0
0
0
0
0
0
0
0
0
0
0
0
0
0
0
0
0
0
0
0
1 623
0
0
0
0
0
0
1 1050
0
0
0
0
1 156
0
0
0
0
0
0
0
0
0
0
0
0
0
1 922
1 271
0
0
0
0
0
0
0
0
0
0
0
0
4 1246 1535 1677 1842
0
0
0
0
1 697
0
0
0
0
0
0
0
0
0
1 1089
0
0
0
0
0
0
0
0
0
0
0
0
0
0
0
0
0
0
0
0
1 1136
0
1 647
0
0
0
0
0
0
0
0
0
0
0
1 1767
0
0
0
1 871
0
1 1055
0
0
0
0
0
0
0
0
0
0
1 593
0
0
0
0
0
0
0
0
0
1 794
0
0
0
0
0
0
0
0
0
2 945 1341
0
0
1 1007
0
0
0
0
0
0
1 1214
0
0
1 290
0
0
0
1 367
0
1 994
1 230
0
0
0
0
0
0
0
0
0
0
0
0
0
0
0
0
0
0
4 245 409 790 1421
0
0
1 1274
0
0
1 1508
0
0
1 659
0
0
0
1 646
0
0
0
0
0
0
0
0
0
0
1 1232
0
0
0
0
0
0
0
0
0
0
1 170
0
0
0
0
0
0
0
0
2 1240 1594
0
0
0
0
1 508
0
0
0
0
0
0
0
0
0
0
0
0
1 171
0
0
0
0
0
0
0
1 535
0
1 1844
0
0
0
0
0
0
0
0
0
0
0
0
0
0
0
0
0
0
0
1 172
0
0
0
0
0
0
0
2 1579 1624
0
0
0
0
0
0
0
0
1 1229
0
0
0
0
0
0
2 1471 1551
0
1 1459
0
1 1662
0
0
0
0
0
0
0
0
0
0
0
0
0
0
0
0
0
0
0
0
0
0
0
0
0
0
0
0
0
0
1 1484
1 393
0
0
0
0
0
0
0
1 966
0
0
0
0
0
0
0
0
0
0
0
1 1702
0
0
0
0
0
1 1507
1 1295
0
0
0
0
0
0
1 180
0
0
0
0
0
0
0
1 180
0
0
0
0
0
0
0
0
0
0
0
0
0
0
0
0
0
0
0
0
0
0
0
0
0
0
0
0
0
1 1555
0
0
0
0
0
0
0
0
0
0
0
0
0
0
0
0
0
1 182
0
0
0
0
0
0
0
1 182
0
0
0
0
0
0
0
0
0
1 901
0
0
0
1 484
0
0
0
0
0
1 666
0
0
0
0
0
0
0
0
0
0
0
0
0
0
0
0
0
1 862
0
1 1463
0
0
0
1 1532
0
0
0
0
0
0
0
0
0
0
1 1784
1 645
0
0
0
0
0
0
1 1006
0
0
0
0
1 616
0
0
0
0
0
0
0
0
0
0
0
0
0
0
0
0
0
0
0
1 1625
0
0
0
0
2 883 900
0
1 1478
0
0
1 493
0
0
0
0
0
0
0
0
0
0
0
0
0
0
0
0
0
0
0
0
0
0
0
0
0
0
0
0
1 1358
0
2 377 1862
0
0
0
0
0
0
0
0
2 234 815
0
0
0
1 872
0
0
0
0
0
0
0
0
2 930 1242
1 541
1 1513
0
0
1 1891
0
0
0
0
0
1 1489
0
0
0
0
2 192 1677
0
0
1 1727
0
0
0
0
2 192 1428
0
0
0
0
0
0
0
0
0
0
1 783
0
0
0
0
0
1 774
0
0
0
0
0
1 1645
0
0
0
0
0
0
0
1 1829
0
0
0
0
1 364
0
0
0
0
1 805
0
1 1705
0
0
0
0
0
0
0
0
0
0
0
0
0
0
0
0
0
0
0
1 383
0
0
1 196
0
1 548
0
0
0
1 1169
0
0
0
0
0
0
0
0
0
0
0
0
0
0
0
0
1 741
0
0
0
0
0
0
0
1 1505
0
0
0
0
0
0
0
0
0
1 1063
0
0
0
0
0
0
0
0
0
0
0
1 200
0
0
0
0
0
0
0
0
0
0
0
0
0
0
0
0
0
0
0
0
0
0
0
0
0
0
0
0
0
0
0
0
0
1 1758
0
0
1 203
0
0
0
1 1051
0
0
0
0
0
0
0
1 1543
0
0
0
0
0
0
0
0
0
0
0
0
0
0
1 346
0
0
0
0
0
0
0
0
0
0
0
0
0
0
1 205
0
0
0
0
0
0
0
0
0
0
0
0
0
0
0
0
0
0
0
0
0
0
0
0
0
0
0
0
0
0
0
0
0
0
0
0
1 273
0
0
1 625
0
0
0
0
0
0
0
0
0
0
0
1 1283
0
0
0
0
0
0
0
2 986 1215
0
0
1 425
0
0
0
0
0
0
0
0
0
0
0
0
0
0
1 1819
0
0
0
1 1503
0
0
0
2 965 1545
0
0
0
0
0
0
0
0
0
0
0
0
0
0
0
0
0
0
0
0
0
0
0
0
1 910
0
0
0
1 214
0
0
0
0
0
0
0
0
0
0
0
0
0
0
0
0
0
0
0
0
0
0
0
0
0
0
0
0
0
0
0
0
0
0
0
0
0
0
0
0
0
1 607
0
0
0
0
0
1 1089
0
0
0
0
0
0
0
0
0
0
0
0
0
1 849
0
0
0
1 1825
0
0
0
0
0
0
0
0
0
0
0
0
0
0
1 1201
0
0
0
0
0
0
0
0
0
0
0
0
1 690
0
0
0
0
0
0
0
0
0
0
0
0
0
0
0
0
1 224
0
0
0
0
0
0
0
1 224
0
0
0
0
0
0
0
0
0
0
0
0
0
0
0
0
0
0
0
0
0
0
0
0
0
0
0
0
0
0
0
0
1 693
0
0
0
0
0
0
0
0
0
0
0
0
0
0
0
0
0
1 1795
0
0
0
0
0
0
0
0
0
0
0
0
0
0
0
0
0
0
0
0
1 1322
1 1134
0
0
0
0
0
0
0
0
1 230
0
0
0
0
0
0
0
0
1 1073
0
0
0
0
0
0
0
0
0
0
0
0
0
0
0
0
0
0
0
0
0
0
0
0
0
0
0
0
0
0
0
0
0
0
0
0
0
0
0
1 884
0
0
1 447
0
0
1 766
0
0
0
1 1685
0
0
0
0
0
0
0
0
0
0
0
0
0
0
0
0
2 1411 1853
0
0
1 237
1 298
0
0
0
0
1 1444
0
1 237
0
1 260
0
0
0
0
0
0
0
0
0
0
0
0
0
0
0
0
0
0
0
0
0
1 1706
0
0
0
0
0
0
0
0
0
0
0
0
1 1406
0
0
0
0
0
0
0
0
1 1260
1 1650
0
0
0
0
0
0
0
0
0
0
0
1 1234
1 242
0
0
0
0
0
0
0
1 1200
0
0
0
0
0
0
0
0
0
0
0
0
0
0
0
0
0
0
0
0
0
0
0
2 337 1023
0
1 432
0
0
0
0
0
1 1605
0
0
0
0
0
0
0
0
1 1357
0
0
0
0
0
0
0
0
0
0
0
0
1 245
0
0
0
0
0
0
0
0
0
0
0
0
0
0
1 1349
0
0
0
0
1 1603
0
0
0
0
0
0
0
0
0
1 524
0
0
0
0
0
0
0
1 477
0
0
0
0
0
0
0
0
0
0
0
0
0
0
0
0
0
0
0
0
0
0
0
0
0
0
0
0
0
0
0
0
0
0
0
0
0
0
0
0
0
0
0
0
0
0
0
0
0
0
0
0
0
1 417
0
0
0
0
0
0
0
0
0
0
0
0
0
0
0
0
0
0
0
0
0
0
1 692
0
0
0
0
1 1052
0
0
1 1515
1 1265
0
0
0
0
0
0
0
0
0
0
0
0
1 615
0
0
0
0
0
0
1 559
0
0
0
0
0
0
0
0
0
0
0
0
0
0
0
0
0
0
0
0
0
0
0
0
0
0
0
0
0
0
0
1 909
0
0
1 1444
0
0
0
0
0
0
0
0
0
0
0
1 1206
0
0
0
0
1 1688
0
0
0
0
0
0
0
0
0
0
0
0
0
0
0
0
0
0
0
1 747
0
1 264
0
0
0
0
0
0
0
0
0
0
0
0
0
2 985 1890
0
0
0
0
0
1 1804
0
0
1 538
0
0
0
0
0
0
0
0
0
0
0
0
0
0
0
0
0
0
0
0
0
0
0
0
0
0
0
0
0
0
0
0
0
0
0
0
0
0
0
0
0
0
0
0
0
0
0
0
0
0
0
0
0
0
0
0
0
0
0
0
0
0
0
0
0
0
0
1 271
0
0
0
0
0
0
0
0
0
0
0
0
0
0
0
0
0
0
0
0
0
0
0
0
0
0
0
0
0
0
0
0
0
0
0
0
0
0
0
0
0
0
0
0
0
0
0
0
0
0
1 1750
0
0
0
0
0
0
0
0
0
0
1 274
0
0
0
0
0
0
0
1 274
0
0
0
0
0
0
0
0
0
0
0
0
0
0
0
0
0
0
1 1054
0
0
0
0
0
0
0
0
0
0
0
0
0
0
0
0
0
1 276
0
0
0
0
0
0
0
1 276
0
0
0
0
0
0
0
0
0
0
0
0
0
0
0
0
0
0
0
0
0
0
0
0
1 1167
0
1 1700
0
0
0
0
0
0
0
0
0
1 1428
0
0
0
0
0
0
0
0
0
0
0
0
0
0
0
0
0
0
0
1 367
2 542 1101
0
0
0
0
0
0
0
0
0
0
0
0
0
0
0
0
0
0
0
0
0
0
0
0
0
0
0
0
0
0
0
0
0
0
0
0
0
0
0
0
0
1 461
0
0
0
0
0
0
1 287
0
0
0
0
0
0
0
1 287
0
0
0
0
0
0
0
0
0
0
0
0
0
0
0
0
0
0
0
0
0
0
0
0
0
0
0
0
0
0
0
0
0
0
0
0
0
0
0
0
0
0
0
0
0
0
1 1027
0
0
0
0
0
1 442
0
0
0
0
0
0
0
0
0
0
0
0
0
0
0
0
0
0
1 831
0
0
0
0
0
0
0
0
0
0
0
0
0
0
0
0
0
0
0
0
0
0
0
0
0
1 945
0
0
0
0
0
0
0
0
0
0
0
0
0
0
0
0
0
0
0
0
0
0
0
0
0
1 1170
0
0
0
0
0
0
0
0
0
1 871
0
1 1341
0
0
0
0
0
0
0
0
0
0
0
1 1143
0
0
0
0
0
0
0
0
0
1 951
0
0
0
0
0
0
1 1863
0
0
0
0
0
0
0
0
0
0
0
0
0
0
0
0
0
0
0
1 315
0
0
0
0
0
0
0
0
0
1 303
0
0
0
0
0
0
0
0
0
0
0
0
0
0
0
0
1 1682
0
1 389
0
0
0
0
0
0
0
0
0
0
0
0
1 517
0
0
0
0
0
0
0
0
0
0
0
0
0
0
0
0
0
0
0
0
0
0
0
0
0
0
0
0
0
0
0
0
0
0
0
0
0
0
0
0
0
0
0
1 1627
0
0
0
0
0
0
0
0
0
0
0
1 599
0
0
0
0
0
0
0
0
0
0
0
0
0
0
0
1 1721
0
0
1 1684
1 923
0
0
0
0
0
0
0
0
0
0
0
0
0
0
0
0
0
0
0
0
0
0
0
0
0
0
0
0
0
0
0
0
0
0
0
0
0
0
0
0
0
0
0
0
0
0
0
0
0
1 319
0
0
0
0
1 1743
0
0
1 319
0
0
0
0
0
0
0
0
1 1594
0
0
0
0
0
0
0
0
1 1693
0
0
0
0
0
0
0
0
0
0
0
0
0
0
0
0
0
0
0
0
0
1 322
0
0
0
0
0
0
0
1 322
0
0
0
0
0
0
0
0
0
0
0
0
0
0
0
0
0
0
1 949
0
0
0
0
0
0
0
0
0
0
0
0
0
0
0
0
0
0
0
0
0
0
0
0
0
0
0
0
0
0
0
1 334
0
0
0
0
0
0
0
0
0
0
0
0
0
1 1624
0
0
0
0
0
0
1 1466
0
0
0
0
0
0
0
0
0
0
0
0
0
0
0
0
0
0
0
0
0
0
0
0
0
0
0
0
0
0
1 874
0
0
0
0
0
0
0
0
0
0
0
0
0
0
0
0
0
0
0
0
0
0
0
0
0
0
0
0
0
0
0
1 1351
0
0
0
0
0
0
0
0
0
0
0
0
0
0
0
0
0
0
0
0
0
0
0
0
0
0
0
0
0
0
0
0
0
0
0
0
0
0
1 338
0
0
0
0
0
0
0
1 338
0
0
0
0
0
0
0
0
0
0
0
0
0
0
0
0
0
0
0
0
0
0
0
0
0
0
0
0
0
0
1 660
0
0
0
0
0
0
0
0
0
0
1 1534
0
0
0
0
0
0
0
0
1 957
0
0
0
1 343
0
0
0
0
0
0
0
1 343
1 1701
0
1 1210
0
0
0
0
0
1 1563
0
0
0
0
1 493
0
0
0
0
0
0
0
0
0
0
0
0
0
0
0
0
0
0
0
0
0
0
0
0
0
0
0
0
0
0
0
0
0
0
0
0
0
0
0
0
0
1 1172
0
0
1 494
0
0
0
0
0
0
0
0
0
0
0
1 664
0
0
0
0
0
0
0
0
0
0
0
0
0
0
0
0
0
0
0
0
0
0
0
0
0
0
0
0
0
0
0
1 353
0
0
0
0
0
0
0
0
0
0
0
0
0
0
0
0
0
0
0
0
0
0
0
0
1 1883
0
0
0
0
0
0
0
1 1465
0
0
0
0
0
0
0
1 1631
0
0
0
0
0
0
0
0
0
0
0
1 357
0
0
0
0
0
0
0
0
0
0
0
0
0
0
0
0
0
0
0
0
0
0
0
0
0
0
0
1 360
0
0
0
0
0
0
0
0
0
0
0
0
0
1 1116
0
0
0
0
0
0
0
0
0
0
0
0
0
0
0
0
0
0
0
0
0
0
0
0
0
0
0
0
0
0
0
0
0
0
0
0
0
0
0
0
0
0
0
0
0
0
0
0
0
0
1 1110
0
0
0
0
0
0
0
0
0
0
0
0
0
0
0
0
0
0
0
0
0
0
0
0
0
0
0
0
0
0
0
0
0
1 1458
0
0
0
0
0
0
0
0
0
0
0
0
0
0
0
0
0
0
0
0
0
0
0
0
0
0
0
0
0
0
0
0
0
0
0
0
0
0
1 369
0
0
0
0
0
0
0
0
0
0
0
0
0
0
0
0
0
0
0
0
0
0
0
0
1 497
0
0
0
0
0
0
0
0
0
0
0
0
0
0
0
0
0
0
0
0
0
0
0
0
0
0
0
0
0
0
0
0
0
0
0
0
0
0
0
1 1021
0
0
0
0
1 656
0
0
0
0
0
0
0
0
0
0
0
0
0
1 1495
0
0
0
1 1360
0
0
0
0
0
0
0
0
1 383
0
0
0
0
0
0
0
0
0
0
0
0
0
0
0
0
0
0
0
0
0
0
0
0
1 879
1 410
0
0
0
0
0
0
0
0
0
0
0
0
1 1237
0
0
1 1274
0
0
0
0
0
0
0
0
0
0
0
0
0
0
0
0
1 389
0
0
0
0
1 629
0
0
0
0
0
0
0
0
0
0
0
0
0
0
0
0
0
0
0
0
0
0
0
0
0
0
0
0
1 919
0
0
0
0
0
0
0
0
0
0
0
1 393
1 1422
0
0
0
0
0
1 1301
0
1 644
0
0
0
0
0
0
0
0
0
0
0
0
0
0
0
0
0
0
0
0
0
1 413
0
0
0
0
0
0
0
0
0
0
0
0
0
0
0
0
0
0
0
0
0
0
0
0
0
2 993 1478
0
0
0
0
0
0
0
0
0
0
0
0
0
0
0
0
0
0
0
0
0
0
0
0
0
0
0
0
0
0
0
0
0
0
0
0
0
0
0
1 404
0
0
0
0
0
0
0
0
0
0
0
0
0
0
0
0
0
0
0
1 825
0
0
0
0
0
0
0
0
0
0
0
0
0
1 1492
0
0
0
0
0
0
0
0
0
0
0
0
0
0
0
0
0
0
0
0
0
0
0
0
0
0
0
0
0
0
0
0
0
0
0
0
0
0
0
0
0
1 1663
0
0
0
0
0
0
0
0
0
0
0
0
0
0
0
0
0
0
0
0
0
0
0
0
0
0
0
0
0
0
1 959
0
0
0
0
0
0
0
1 1066
0
0
0
0
0
0
0
0
0
0
0
0
0
0
0
3 790 1255 1516
0
0
0
0
0
0
0
0
0
0
0
0
0
0
0
0
0
1 1141
0
0
0
0
0
0
0
0
0
0
0
0
1 1779
1 415
0
0
0
0
1 1544
0
0
1 415
0
0
0
0
0
0
0
0
0
0
0
0
0
0
0
0
0
0
0
0
0
0
0
0
0
0
0
0
0
1 1835
0
0
0
0
0
0
1 417
0
0
0
0
0
0
0
0
0
0
0
0
0
0
0
0
0
0
0
0
0
0
0
0
0
0
0
0
0
0
0
0
0
0
0
0
0
0
0
1 676
0
1 526
0
0
1 1847
0
0
0
0
0
0
0
0
0
0
0
0
0
1 1205
0
0
0
0
0
0
0
0
0
0
0
0
0
0
0
0
0
0
0
0
0
0
0
0
0
0
0
0
0
0
0
0
0
0
0
0
0
0
0
0
0
0
0
0
0
1 1554
0
0
0
0
0
0
0
0
0
0
0
0
0
0
0
0
1 612
0
0
0
0
0
0
0
0
0
0
0
0
0
0
0
0
0
0
1 742
0
0
0
0
0
0
0
0
0
0
0
0
0
0
0
0
0
0
0
0
0
0
0
0
0
0
0
0
0
0
0
0
0
0
0
0
0
0
0
0
0
0
0
0
0
0
0
0
0
0
0
0
0
0
0
1 436
0
0
0
0
0
0
0
1 436
0
0
0
0
0
0
0
0
0
0
0
0
0
0
0
0
0
0
0
0
0
0
0
0
0
0
0
0
0
0
0
0
0
0
0
0
0
0
0
0
1 971
0
0
0
0
0
0
0
0
0
0
0
0
0
0
0
0
0
0
0
0
0
0
0
0
0
0
0
0
0
0
0
0
0
1 443
0
0
0
0
0
0
0
0
0
0
0
0
0
0
0
0
0
0
0
0
0
0
0
0
1 1202
0
0
0
0
0
0
0
0
0
0
0
0
0
0
0
0
0
0
0
0
0
0
0
0
0
0
0
0
0
0
0
0
0
0
0
0
0
0
0
0
0
0
0
0
0
0
0
0
0
0
0
0
0
0
0
0
0
0
0
0
0
0
0
0
0
0
0
0
0
0
0
0
0
0
0
0
0
0
0
0
1 1718
0
0
0
0
0
0
1 569
0
0
0
0
0
0
0
0
0
0
0
0
0
0
0
0
0
0
0
0
0
0
0
0
0
0
0
0
0
0
0
0
0
0
0
0
0
0
0
0
0
0
0
0
0
0
0
0
0
0
0
0
0
0
1 1625
1 468
0
0
0
0
0
0
0
1 468
0
0
0
0
0
0
0
0
0
0
0
0
0
0
0
0
0
0
0
0
0
0
0
0
0
0
0
0
0
0
0
0
0
0
0
0
0
0
0
0
0
0
0
0
0
0
1 474
0
0
0
0
0
0
0
1 474
0
0
0
0
0
0
0
0
0
0
0
0
0
0
0
0
0
0
0
0
0
0
0
0
0
0
0
0
0
0
0
0
0
0
0
0
0
0
0
1 475
0
0
0
0
0
0
0
1 475
0
0
0
0
0
0
0
0
0
0
0
0
0
0
0
0
0
0
0
0
0
0
0
0
0
0
0
0
0
0
0
0
0
0
0
0
1 477
0
0
0
0
0
0
0
0
0
0
0
0
0
0
0
0
0
0
0
0
0
0
0
0
0
0
0
0
0
0
0
0
0
0
0
0
0
0
0
0
0
0
0
0
0
0
0
2 1091 1767
0
1 1613
0
0
0
0
0
0
0
0
0
0
0
0
0
0
0
0
0
0
0
0
0
0
0
0
0
0
0
0
0
0
0
0
0
0
0
0
0
0
0
0
0
0
0
0
0
0
0
0
0
0
0
0
0
0
0
0
0
0
0
0
0
0
0
0
0
0
0
0
0
0
0
0
0
0
0
0
0
0
0
0
0
0
0
0
2 687 1726
0
0
0
0
0
0
0
0
0
0
0
0
0
0
0
0
0
0
0
0
0
1 884
0
0
0
0
0
0
0
0
0
0
1 1816
0
0
0
0
0
0
0
0
0
0
0
0
0
0
0
1 1219
0
0
0
0
0
0
0
0
0
0
0
0
0
0
0
0
0
0
0
0
0
0
0
0
0
0
0
0
0
0
0
0
0
0
0
0
0
0
0
0
0
0
0
0
0
0
0
0
0
0
1 1154
0
0
0
0
0
0
0
0
0
0
0
0
0
0
0
0
0
0
0
0
0
0
0
0
0
0
0
0
0
0
0
0
0
0
0
0
0
0
0
0
0
0
0
0
0
0
0
0
0
0
0
0
0
0
0
0
0
1 1834
0
0
0
0
0
0
0
0
0
0
0
0
0
0
0
0
0
0
0
0
0
0
1 1065
0
0
0
1 516
0
0
0
0
0
0
0
1 516
0
0
0
0
0
0
0
0
0
0
0
0
0
0
0
0
0
0
0
0
0
0
0
0
0
0
0
0
0
0
0
0
0
0
0
0
0
0
0
0
0
0
1 1505
0
0
0
0
0
0
0
0
0
0
0
0
0
0
0
0
0
0
0
0
0
0
0
0
0
0
0
0
0
0
0
0
0
0
0
0
0
0
0
0
0
0
0
0
0
0
0
0
0
0
0
0
0
0
0
0
0
0
1 524
0
0
0
0
0
0
0
0
0
0
0
0
0
0
0
0
0
0
0
0
0
0
0
0
0
0
0
0
0
0
0
0
0
0
0
0
0
0
0
0
0
0
0
0
0
0
0
0
0
0
0
1 982
0
1 1044
0
0
0
0
0
0
0
0
0
0
0
0
0
0
0
0
0
0
0
0
0
0
0
0
0
0
0
0
0
0
0
0
0
0
0
0
0
0
0
0
0
0
0
0
0
0
0
0
0
0
0
0
0
0
0
0
0
0
0
0
0
0
0
0
0
0
0
1 538
0
0
0
0
0
0
0
0
0
0
0
0
0
0
0
0
0
0
0
0
0
0
0
0
0
0
0
0
0
0
0
0
0
0
0
0
0
0
0
0
0
0
0
0
0
0
0
0
0
0
0
0
0
0
0
0
0
0
0
0
0
0
0
0
0
0
0
0
0
0
0
0
0
0
0
0
0
0
0
0
0
0
0
0
0
0
0
0
0
0
0
0
0
0
0
0
0
0
0
0
0
0
0
0
0
0
0
0
0
0
0
0
0
0
0
0
0
1 1891
1 548
0
0
0
0
0
1 564
0
0
0
0
0
0
0
0
0
0
0
0
0
0
0
0
0
0
0
0
0
0
0
0
0
0
0
0
0
0
0
0
0
0
0
0
0
0
0
0
0
0
0
0
0
0
0
0
0
0
0
0
0
0
0
0
0
0
0
0
1 727
0
0
0
0
0
0
0
0
0
0
0
0
0
0
0
0
0
0
0
0
0
0
0
0
0
0
1 558
0
0
0
0
0
0
0
1 558
0
0
0
0
0
0
0
0
0
0
0
0
0
0
0
0
0
0
0
0
0
0
0
0
1 1578
0
0
0
0
0
0
0
0
0
0
0
0
0
0
0
0
0
0
0
0
0
0
0
0
0
0
0
0
0
0
0
0
0
1 1882
0
0
0
0
0
0
0
0
0
0
0
0
0
0
0
0
0
0
0
0
0
0
0
0
0
0
1 564
0
0
0
0
0
0
0
0
0
0
0
0
0
0
0
0
0
0
0
0
0
0
0
0
0
1 565
0
0
0
0
0
0
0
1 565
0
0
0
0
0
0
0
0
0
1 659
0
0
0
0
0
0
0
0
0
0
0
0
0
0
0
0
0
0
0
0
0
0
0
0
0
0
0
0
0
0
0
0
0
0
0
0
0
0
0
0
0
0
0
0
0
0
1 574
0
0
0
0
0
0
0
1 574
0
0
0
0
0
0
0
0
0
0
0
0
0
0
0
0
0
0
0
0
0
0
0
0
0
0
0
0
0
0
0
0
0
0
0
0
0
0
0
0
0
0
0
0
0
0
0
0
0
0
0
0
0
0
0
0
0
0
0
0
0
0
0
0
0
0
0
0
0
0
0
0
0
0
0
0
0
0
0
0
0
0
0
0
0
0
0
0
0
0
0
0
0
0
0
0
0
0
1 1705
0
0
0
0
0
1 1073
0
0
0
0
0
0
0
0
0
0
0
0
0
0
0
0
0
0
0
0
0
0
0
0
0
0
0
0
0
0
0
0
0
0
0
0
0
0
0
0
0
0
0
0
0
0
0
0
0
0
0
0
0
0
0
0
0
0
0
0
0
0
0
0
0
0
0
0
0
2 596 1054
0
0
0
0
0
0
0
0
0
0
0
0
0
0
0
0
0
0
0
0
0
0
0
0
0
0
0
0
0
0
0
0
0
0
0
0
0
0
0
0
0
0
0
0
0
0
0
0
0
0
0
0
0
0
0
0
0
0
0
0
0
0
0
0
0
0
0
0
0
0
0
0
0
0
0
0
0
0
0
0
0
0
0
0
0
0
0
0
0
0
0
0
0
0
0
0
0
0
0
0
0
0
0
0
0
0
0
0
0
0
0
0
1 1159
2 701 783
1 1774
0
0
0
0
0
0
0
0
1 1681
0
0
0
0
0
0
0
0
0
0
0
0
0
0
0
0
0
0
0
0
0
0
0
0
0
0
0
0
0
0
0
0
0
0
0
0
0
0
0
0
0
0
0
0
0
0
0
0
0
0
0
0
0
0
0
0
0
0
0
0
0
0
0
0
0
0
0
1 612
0
0
0
0
0
0
0
0
0
0
0
0
0
0
0
0
0
0
0
0
0
0
0
0
0
0
0
0
0
1 613
0
0
0
0
0
0
0
1 613
0
0
0
0
0
0
0
0
0
0
0
0
0
0
0
0
0
0
0
0
0
0
0
0
0
0
0
0
0
0
0
0
0
0
0
0
1 677
1 615
0
0
0
0
0
0
0
0
0
1 749
0
0
0
0
0
0
0
0
0
0
0
0
0
0
0
0
0
0
0
0
0
0
0
0
0
0
0
0
0
0
0
0
0
0
0
0
0
0
0
0
0
0
0
0
0
0
0
0
0
0
0
0
0
0
0
0
0
0
0
0
0
0
0
0
0
0
0
0
0
0
0
0
0
0
0
0
0
0
0
0
0
0
0
0
0
0
0
0
0
0
0
0
0
0
0
0
0
0
0
0
0
0
0
0
0
0
0
0
1 1382
0
0
0
0
0
0
0
0
0
0
0
0
0
0
0
0
0
0
0
0
0
0
0
0
0
0
0
0
0
0
0
0
0
0
0
0
0
0
0
0
0
0
0
1 1104
0
0
0
0
0
0
0
0
0
0
0
0
0
0
0
0
0
0
0
0
0
0
0
0
0
0
0
0
0
0
1 1229
0
0
0
0
0
0
0
0
0
0
0
0
0
0
0
0
0
0
0
0
0
0
0
0
0
0
0
0
0
0
0
0
0
0
0
0
0
0
0
0
0
0
1 1459
0
0
0
0
0
0
0
0
0
0
0
0
0
0
0
0
0
0
0
1 1529
0
0
1 899
0
0
0
0
0
0
0
0
0
0
0
0
0
0
0
0
0
0
0
0
0
0
0
0
0
0
0
0
0
0
0
0
0
0
0
0
0
0
0
0
0
0
0
0
0
0
0
0
0
0
0
0
0
0
0
0
0
0
0
0
0
0
0
0
0
0
0
0
0
0
0
0
0
0
0
0
0
0
0
0
0
0
0
0
0
0
0
0
0
0
0
0
1 1582
0
0
0
0
0
0
0
0
0
0
1 1551
1 1013
0
0
0
0
0
0
0
0
0
0
0
0
0
0
0
0
0
0
0
0
0
0
0
1 664
0
0
0
0
0
0
0
0
0
0
0
0
0
0
0
0
0
0
0
0
0
0
0
0
0
0
0
0
0
0
0
0
0
0
0
0
0
0
0
0
0
0
0
0
0
0
0
0
0
0
0
0
0
0
0
0
0
0
0
0
0
0
0
0
0
0
0
0
0
0
0
0
0
0
0
0
0
0
0
0
0
0
0
0
0
0
0
0
0
0
0
0
0
0
0
0
0
0
0
0
0
0
0
0
0
0
0
0
0
0
0
0
0
0
1 678
1 1532
0
0
0
0
0
0
1 678
0
0
0
0
0
0
0
0
0
0
0
0
0
0
0
0
0
0
0
0
0
0
0
0
0
0
0
0
0
0
0
0
0
0
0
0
0
0
0
0
0
0
0
0
0
0
0
0
0
0
0
0
0
0
0
0
0
0
0
0
0
0
0
0
0
0
1 1807
0
0
0
0
0
0
0
0
0
0
0
0
0
0
0
0
0
0
0
0
0
0
0
0
0
0
0
0
0
0
0
0
0
0
0
0
0
0
0
0
0
0
0
0
0
0
0
0
0
0
0
0
0
0
0
0
0
0
0
0
0
0
0
0
0
0
0
0
0
0
0
0
0
0
0
0
0
0
0
0
0
0
0
0
0
0
0
0
0
0
0
0
0
0
0
0
0
0
0
0
0
0
0
0
0
0
0
0
0
0
0
0
0
0
0
0
0
0
0
0
0
0
0
0
0
0
0
0
0
0
0
0
0
0
0
0
0
0
0
0
0
0
0
0
0
0
0
0
0
0
0
0
0
0
0
0
0
0
0
0
0
0
0
0
0
0
0
0
0
0
0
0
0
0
0
0
0
0
0
0
0
1 1322
0
0
0
0
0
0
0
0
0
0
0
0
0
0
0
0
0
0
0
0
0
0
0
0
0
0
0
1 856
0
0
0
0
0
0
0
0
0
0
0
0
0
0
1 851
0
0
1 1798
0
0
0
0
0
0
0
0
0
0
0
0
0
0
0
0
0
0
0
0
0
0
0
1 1618
0
0
0
0
0
0
0
0
0
0
0
0
0
0
0
0
0
0
0
0
0
0
0
0
0
0
0
0
0
0
0
0
0
0
0
0
0
0
0
0
0
0
0
0
0
0
0
0
0
0
0
0
0
0
0
0
0
0
0
0
0
0
0
0
0
0
0
0
0
0
0
0
0
0
0
0
0
0
0
0
0
0
0
0
0
0
0
0
0
0
0
0
0
0
0
0
0
0
0
0
0
0
0
0
0
0
0
0
0
0
0
0
0
0
0
0
0
0
0
0
0
0
0
0
0
0
0
0
0
0
0
0
0
0
0
0
0
0
0
0
0
0
0
0
0
0
0
0
0
0
0
0
0
0
0
0
0
0
0
0
0
0
0
0
0
0
0
0
0
0
0
1 744
0
0
0
0
0
0
0
1 744
0
0
0
0
0
0
0
0
0
0
0
0
0
0
0
0
0
0
0
0
0
0
0
0
0
1 1650
0
0
0
0
0
0
0
0
0
0
0
0
0
0
0
0
0
0
0
0
0
0
0
0
0
0
0
0
0
0
0
0
0
0
0
0
0
0
0
0
0
0
0
0
0
2 1027 1351
0
0
0
0
0
0
0
0
0
0
0
1 1744
0
0
0
0
0
0
0
0
0
0
0
0
0
0
0
0
0
0
0
0
0
0
0
0
1 752
0
0
0
0
0
0
0
1 752
0
0
0
0
0
0
0
0
0
0
0
0
0
0
0
0
0
0
0
0
0
0
0
0
0
0
0
0
0
0
0
0
0
0
0
0
0
0
0
0
0
0
0
0
0
0
0
0
0
0
0
0
0
0
0
0
0
0
0
0
0
0
0
0
0
0
0
0
0
0
0
0
1 761
0
0
0
0
0
0
0
1 761
0
0
0
0
0
0
0
0
0
0
0
0
0
0
0
0
0
0
0
0
0
0
0
0
0
0
0
0
0
0
0
0
0
0
0
0
0
0
0
0
0
0
0
0
0
0
0
1 1645
0
0
0
0
1 1669
0
0
0
0
1 1847
0
0
0
0
0
0
0
0
0
0
0
0
0
0
0
0
0
0
0
0
0
0
0
0
0
0
0
0
0
0
0
0
0
0
0
0
0
0
0
0
0
0
0
0
0
0
0
0
0
0
0
0
0
0
0
0
0
0
0
0
0
0
0
0
0
0
0
0
1 774
0
0
0
0
0
0
0
0
0
0
0
0
0
0
0
0
0
0
0
0
0
0
0
0
0
0
0
0
0
0
0
1 1778
0
0
0
0
0
0
0
0
0
0
0
0
0
0
0
0
0
0
0
0
0
0
0
0
0
0
0
0
0
0
0
0
0
0
0
0
0
0
0
0
0
0
0
0
0
0
0
0
0
0
0
0
0
0
0
0
0
0
0
0
0
0
0
0
0
1 1061
0
0
0
0
1 785
0
0
0
0
0
0
0
0
0
0
0
0
0
0
0
0
0
0
0
0
0
0
0
0
0
0
0
0
0
0
0
0
0
0
0
0
0
0
0
0
0
0
0
0
0
0
0
0
0
0
0
0
0
0
0
0
0
0
0
0
0
0
1 1863
0
0
0
0
0
0
0
1 1728
0
0
0
0
0
0
0
0
0
0
0
0
0
0
0
0
0
0
0
0
0
0
0
0
0
0
0
0
0
0
0
0
0
0
0
0
0
0
0
0
0
0
0
0
0
0
0
0
0
0
0
0
0
0
0
0
1 1106
0
0
0
0
0
0
0
0
0
0
0
0
0
0
0
0
0
1 812
0
0
0
0
0
0
0
0
0
0
0
0
0
0
0
0
0
0
0
0
0
0
0
0
0
0
0
0
0
0
0
0
0
0
0
0
0
0
0
0
0
0
0
0
0
0
0
0
0
0
0
0
0
0
0
0
0
0
0
0
0
0
0
0
0
0
0
0
0
0
0
0
0
0
0
0
0
0
0
0
0
0
0
0
0
0
0
0
0
0
0
0
0
0
0
0
0
0
0
0
0
0
0
0
0
0
0
0
0
0
0
0
0
1 1726
0
0
0
0
0
0
0
0
0
0
0
0
0
0
0
0
0
0
0
0
0
0
0
0
0
0
0
0
0
0
0
0
0
0
0
0
0
0
0
0
0
0
0
0
0
0
0
0
0
0
0
0
0
0
0
0
0
0
0
0
0
0
0
0
0
0
0
0
0
0
0
0
0
0
0
0
0
0
0
0
0
0
0
0
0
0
0
0
0
0
0
0
0
0
0
0
0
0
0
0
0
0
0
0
0
0
0
0
0
0
0
0
0
0
0
0
0
0
0
0
0
0
0
0
0
0
0
0
0
0
0
0
0
0
0
0
0
0
0
0
0
0
0
0
0
0
0
0
0
0
0
0
0
0
0
0
0
0
0
0
0
1 1021
0
0
0
0
0
0
0
0
0
0
0
0
0
0
0
0
0
0
0
0
0
0
0
0
1 853
1 1462
0
0
0
0
0
0
1 853
0
0
0
0
0
0
0
0
0
0
0
0
0
0
0
0
0
0
0
0
0
0
0
0
0
0
0
0
0
0
0
0
0
0
0
0
0
0
0
0
0
0
0
0
0
0
0
0
0
0
0
0
0
0
0
0
0
0
0
0
0
0
0
0
0
0
0
0
0
0
0
0
0
0
0
0
0
0
0
0
0
0
0
0
0
0
0
0
0
0
0
0
0
0
0
0
0
0
0
0
0
0
0
0
0
0
0
0
0
0
0
0
0
0
0
0
0
0
0
0
0
0
0
0
0
0
0
0
0
0
0
1 1052
0
0
0
0
0
0
0
0
0
0
0
0
0
0
1 868
0
0
0
0
0
0
0
0
0
0
0
0
0
0
0
0
0
0
0
0
0
0
0
0
0
0
0
0
0
0
0
0
0
0
0
0
0
0
0
0
0
0
0
0
0
0
0
0
0
0
0
0
0
0
0
0
0
0
0
0
0
0
0
0
0
0
0
0
0
0
0
0
0
0
0
0
0
0
0
0
0
0
0
0
0
0
0
0
0
0
0
0
0
0
0
0
0
0
0
0
0
0
0
0
0
0
0
0
0
0
0
0
0
0
0
0
0
0
0
0
0
0
0
0
0
0
0
0
0
0
0
0
0
0
0
0
0
0
0
0
0
0
0
0
0
0
0
0
0
0
0
0
0
0
0
0
0
0
0
0
0
0
0
0
0
0
0
0
0
0
0
0
0
0
0
0
0
0
0
0
0
0
0
0
0
0
0
0
1 1465
0
0
0
0
0
0
0
0
0
0
0
0
0
0
0
0
0
0
0
0
0
0
0
0
0
0
0
0
0
0
0
0
0
0
0
0
0
0
0
0
0
0
0
0
0
0
0
0
0
0
1 899
0
0
0
0
0
0
0
0
0
0
0
0
0
0
0
0
0
0
0
0
0
0
0
0
0
0
0
0
0
0
0
0
0
0
0
0
0
0
0
0
0
0
0
0
0
0
0
0
0
0
0
0
0
0
0
0
0
0
0
0
0
0
0
0
0
0
0
0
0
0
0
0
0
0
1 909
0
1 1631
1 1774
0
0
0
0
0
0
0
0
0
0
0
0
0
0
0
0
0
0
0
0
0
0
0
0
0
0
0
0
0
0
0
0
0
0
0
0
0
0
0
0
0
0
0
0
1 912
0
0
0
0
0
0
0
1 912
0
0
0
0
0
0
0
0
0
0
0
0
0
0
0
0
0
0
0
0
0
0
0
0
0
0
0
0
0
0
0
0
0
0
0
0
0
0
0
0
0
0
0
0
0
0
0
0
0
0
0
0
0
0
0
0
0
0
0
0
0
0
0
0
0
1 919
0
0
0
0
0
0
0
0
0
0
0
0
0
0
0
0
0
0
0
0
0
0
0
0
0
0
0
0
0
0
0
0
0
0
0
0
0
0
0
0
0
0
0
0
0
0
0
0
0
0
0
0
0
0
0
0
0
0
0
0
0
0
0
0
0
0
0
0
0
0
0
0
0
0
0
0
0
0
0
0
0
0
0
0
0
0
0
0
0
0
0
0
0
0
0
0
0
0
0
0
0
0
0
0
0
0
0
0
0
0
0
0
0
0
0
0
0
0
0
0
0
0
0
0
0
0
0
0
0
0
0
0
0
0
0
0
0
0
0
0
0
0
0
0
0
0
0
0
0
0
0
0
0
0
0
0
0
0
0
0
0
0
0
0
0
0
0
0
0
0
0
0
0
0
0
0
0
0
0
0
0
0
0
0
0
0
0
0
0
0
0
0
0
0
0
0
0
0
0
0
0
0
0
0
0
0
0
0
0
0
1 1091
0
0
0
0
0
0
0
0
0
0
0
0
0
0
1 1159
0
0
0
0
0
0
0
0
0
0
0
0
0
0
0
0
0
0
0
0
0
0
0
0
0
0
0
0
0
0
0
0
0
0
0
0
0
0
0
0
0
0
0
0
0
0
0
0
0
0
0
0
0
0
0
0
0
0
0
0
0
0
0
0
0
0
0
0
0
0
1 1684
0
0
0
0
0
0
0
0
0
0
0
0
0
0
0
0
0
0
0
0
0
0
0
0
0
0
0
0
0
0
0
0
0
0
0
1 1603
0
0
0
0
0
0
0
0
0
0
0
0
0
0
0
0
0
0
0
0
0
0
0
0
0
0
0
0
1 1219
0
0
0
0
0
0
0
0
0
0
0
0
0
1 1205
0
0
0
0
0
0
0
0
0
0
0
0
0
0
0
0
0
0
0
0
0
0
0
0
0
0
0
0
0
0
0
0
0
0
0
0
0
0
0
0
0
0
0
0
0
0
0
0
0
0
0
0
0
0
0
0
0
0
0
0
0
0
0
0
0
0
0
0
0
0
0
0
0
0
0
0
0
0
0
0
0
0
0
0
0
0
0
0
0
0
0
0
0
0
0
0
0
0
0
0
1 998
0
0
0
0
0
0
0
1 998
0
0
0
0
0
0
0
0
0
0
0
0
0
0
0
0
0
0
0
0
0
0
0
0
0
0
0
0
0
0
0
0
0
0
0
0
0
0
0
0
0
0
0
0
0
0
0
0
0
0
0
0
0
0
0
0
0
0
0
0
0
0
0
0
0
0
0
0
0
0
0
0
0
0
0
0
0
0
0
0
0
0
0
0
0
0
0
0
0
0
0
0
0
0
0
0
0
0
0
0
0
0
0
0
1 1582
0
0
0
0
0
0
0
0
0
0
0
0
0
0
0
0
0
0
0
0
0
0
0
0
0
0
0
0
0
0
0
0
0
0
0
0
0
0
0
0
0
0
0
0
0
0
0
0
0
0
0
0
0
0
0
0
0
0
0
0
0
0
0
0
0
0
0
0
0
0
0
0
0
0
0
0
0
0
1 1025
0
0
0
0
0
0
0
1 1025
0
0
0
0
0
0
0
0
0
0
0
0
0
0
0
0
0
0
0
0
0
0
0
0
0
0
0
0
0
0
0
0
0
0
0
0
0
0
0
0
0
0
0
0
0
0
0
0
0
0
0
0
0
0
0
0
0
0
0
0
0
0
0
0
0
0
0
0
0
0
0
0
0
0
0
0
0
0
0
0
0
0
0
0
0
0
0
0
0
0
0
0
0
0
0
0
0
0
0
0
0
0
0
0
0
0
0
0
0
0
0
0
0
0
0
0
0
0
0
0
0
0
0
0
0
0
0
0
0
0
0
0
0
0
0
0
1 1834
0
0
0
0
0
0
0
0
0
0
0
0
0
0
0
0
0
0
1 1044
0
0
0
0
0
0
0
0
0
0
0
0
0
0
0
0
0
0
0
0
0
0
0
0
0
0
0
0
0
0
0
0
0
0
0
0
0
0
0
0
0
0
0
0
0
0
0
0
0
0
0
0
0
0
0
0
0
0
0
0
0
0
0
0
0
0
0
0
0
0
0
0
0
0
0
0
0
0
0
0
0
0
0
0
0
0
0
0
0
0
0
0
0
0
0
0
0
0
0
0
0
0
0
0
0
0
0
0
0
0
0
0
0
0
0
0
0
0
0
0
0
0
0
1 1363
0
0
0
0
0
0
0
0
0
0
0
0
0
0
0
0
0
0
0
0
0
0
0
0
0
0
0
0
0
0
0
0
0
0
0
0
0
0
0
0
0
0
0
0
0
0
0
0
0
0
0
0
0
0
0
0
0
0
0
0
0
0
0
0
0
0
0
0
0
0
0
0
0
0
0
0
0
0
0
0
0
0
0
0
0
0
0
0
0
0
1 1065
0
0
0
0
0
0
0
0
0
0
0
0
0
0
0
0
0
0
0
0
0
0
0
0
1 1066
0
0
0
0
0
0
0
0
0
0
0
0
0
0
0
0
0
0
0
0
0
0
0
0
0
0
0
0
0
0
0
0
0
0
0
0
0
0
0
0
0
0
0
0
0
0
0
0
0
0
0
0
0
0
0
0
0
0
0
0
0
0
0
0
0
0
0
0
0
0
0
0
0
0
0
0
0
0
0
0
0
0
0
0
0
0
0
0
0
0
0
0
0
0
0
0
0
0
0
0
0
0
0
0
0
0
0
0
0
0
0
0
0
0
0
0
0
0
0
0
0
0
0
0
0
0
0
0
0
0
0
0
0
0
0
0
0
0
0
0
0
0
0
0
0
0
0
0
0
0
0
0
0
0
0
0
0
0
0
0
0
0
0
0
0
0
0
0
0
0
0
0
0
0
0
0
0
0
0
0
0
0
0
0
0
0
0
0
0
0
0
0
0
0
0
0
0
0
0
0
0
0
0
0
0
0
0
0
0
0
0
0
0
0
0
0
0
0
0
0
0
0
0
0
0
0
0
0
0
0
0
0
0
0
0
0
0
0
0
0
0
0
0
0
0
0
0
0
0
0
0
0
0
0
0
0
0
0
0
0
0
0
0
0
0
0
0
0
0
0
0
0
0
0
0
0
0
0
0
0
0
0
1 1601
0
0
0
0
1 1106
0
0
0
0
1 1601
0
0
0
0
0
0
0
0
0
0
0
0
0
0
0
0
0
0
0
0
0
0
0
0
0
0
0
0
0
0
0
0
0
0
0
0
0
0
0
0
1 1113
0
0
0
0
0
0
0
1 1113
0
0
1 1687
0
0
0
0
0
0
0
0
0
0
0
0
0
0
0
0
0
0
0
0
0
0
0
0
0
0
0
0
0
0
0
0
0
0
0
0
0
0
0
0
0
0
0
0
0
0
0
0
0
0
0
0
0
0
0
0
0
0
0
0
1 1121
0
0
0
0
0
0
0
1 1121
0
0
1 1806
0
0
0
0
0
0
0
0
0
0
0
0
0
0
0
0
0
0
0
0
0
0
0
0
0
0
0
0
0
0
0
0
0
0
0
0
0
0
0
0
0
0
0
0
0
0
0
0
0
0
0
0
0
0
0
0
0
0
0
0
0
0
0
0
0
0
0
0
0
0
0
0
0
0
0
0
0
0
0
0
0
0
0
0
0
0
0
0
0
0
0
0
0
0
0
0
0
0
0
0
0
0
0
0
0
0
0
0
0
0
0
0
0
0
0
0
0
0
0
0
0
0
0
0
0
0
0
0
0
0
0
0
0
0
0
0
0
0
0
0
0
0
0
0
0
0
0
0
0
0
0
0
0
0
0
0
0
0
0
0
0
0
0
0
0
0
0
0
0
0
0
0
0
0
0
0
0
0
0
0
0
0
0
0
0
1 1147
0
0
0
0
0
0
0
0
0
0
0
0
0
0
0
0
0
0
0
0
0
0
0
0
0
0
0
0
0
0
0
0
0
0
0
0
0
0
0
0
0
1 1554
0
0
0
0
0
0
0
0
0
0
0
0
0
0
0
0
0
0
0
0
0
0
0
0
0
0
0
0
0
0
0
0
0
0
0
0
0
0
0
0
0
0
0
0
0
0
0
0
0
0
0
0
0
0
0
0
0
0
0
0
0
0
0
0
0
0
0
0
0
0
0
0
0
0
0
0
0
0
0
0
0
0
0
0
0
0
0
0
0
0
0
0
0
0
0
0
0
0
0
0
0
0
0
0
0
0
0
0
0
1 1172
0
0
0
0
0
0
0
0
0
0
0
0
0
0
0
0
0
0
0
0
0
0
0
0
0
0
0
0
0
0
0
0
0
0
0
0
0
0
0
0
0
0
0
0
0
0
0
0
0
0
0
0
0
0
0
0
0
0
0
0
0
0
0
0
0
0
0
0
0
0
0
0
0
0
0
0
0
1 1194
0
0
0
0
0
0
0
1 1194
0
0
0
0
0
0
0
0
0
1 1890
0
0
0
0
0
0
0
0
0
0
0
0
0
0
0
0
0
0
0
0
0
0
0
0
0
0
0
0
0
0
0
0
0
0
0
0
0
0
0
0
0
0
0
0
0
0
0
0
0
0
0
0
0
0
0
0
0
0
0
0
0
0
0
0
0
0
0
0
0
0
0
0
0
0
0
0
0
0
0
0
0
0
0
0
0
0
0
0
0
0
0
0
0
0
1 1587
0
0
0
0
0
0
0
0
0
0
0
0
0
0
0
0
0
0
0
0
0
0
0
0
0
0
0
0
0
0
0
0
0
0
0
0
0
0
0
0
0
0
0
0
0
0
0
0
0
0
0
0
0
0
0
0
0
0
0
0
0
0
0
0
0
0
0
0
0
0
0
0
0
0
0
0
0
0
0
0
0
0
0
0
0
0
0
0
0
0
0
0
0
0
0
0
0
0
0
0
0
0
0
0
0
0
0
0
0
0
0
0
0
0
0
0
0
0
0
0
0
0
0
0
0
0
0
0
0
0
0
0
0
0
0
0
1 1288
0
0
0
0
0
0
0
0
0
0
0
0
0
0
0
0
0
0
0
0
0
0
0
0
0
0
0
0
0
0
0
0
0
0
0
0
0
0
0
0
0
0
0
0
0
0
0
0
0
0
0
0
0
0
0
0
0
0
0
0
0
0
0
0
0
0
0
0
0
0
0
0
0
0
0
0
0
0
0
1 1240
0
0
0
0
0
0
0
0
0
0
0
0
0
0
0
0
0
0
0
0
0
0
0
0
0
0
0
0
0
0
0
0
0
0
0
0
0
0
0
0
0
0
0
0
0
0
0
0
0
0
0
0
0
0
0
0
0
0
0
0
0
0
0
0
0
0
0
0
0
0
0
0
0
0
0
0
0
0
0
0
0
0
0
0
0
0
0
0
0
0
0
0
0
0
0
0
0
0
0
0
0
0
0
0
0
0
0
0
0
0
0
0
0
0
0
0
0
0
0
0
0
0
0
0
0
0
0
0
0
0
0
0
0
0
0
0
0
0
0
0
0
0
0
0
0
0
0
0
0
0
0
0
0
0
0
0
0
0
0
0
0
0
0
0
0
0
0
0
0
0
0
0
0
0
0
0
0
0
0
0
0
0
0
1 1669
0
0
0
0
0
0
0
0
0
0
0
0
0
0
0
0
0
0
0
0
0
0
0
0
0
0
0
0
0
0
0
0
0
0
0
0
0
0
0
0
0
0
0
0
0
0
0
0
0
0
0
0
0
0
0
0
0
0
0
0
0
0
0
0
0
0
0
0
0
0
0
0
0
0
0
0
0
0
0
0
0
0
0
0
0
0
1 1288
0
0
0
0
0
0
0
0
0
0
0
0
0
0
0
0
0
0
0
0
0
0
0
0
0
0
0
0
0
0
0
0
0
0
0
0
0
0
0
0
0
0
0
0
0
0
0
0
0
0
0
0
0
0
0
0
0
0
0
0
0
0
0
0
0
0
0
0
0
0
0
0
0
0
0
0
0
0
0
0
0
0
0
0
0
0
0
0
0
0
0
0
0
0
0
0
0
0
0
0
0
0
0
0
0
0
0
0
0
0
0
0
0
0
0
0
0
0
0
0
0
0
0
0
0
0
0
0
0
0
0
0
0
0
0
0
0
0
0
0
0
0
0
0
0
0
0
0
0
0
0
0
0
0
0
0
0
0
0
0
0
0
0
0
0
0
0
0
0
0
0
0
0
0
0
0
0
0
0
0
0
0
0
0
0
0
0
0
0
0
0
0
0
0
0
0
0
0
0
0
0
0
0
0
0
0
0
0
0
0
0
0
0
0
0
0
0
0
0
0
0
0
0
0
0
0
0
0
0
2 1482 1883
0
0
0
0
0
0
0
0
0
0
0
0
0
0
0
1 1335
0
0
0
0
0
0
0
1 1335
0
0
0
0
0
0
0
0
0
0
0
0
0
0
0
0
0
0
0
0
0
0
0
0
0
0
0
0
0
0
0
0
0
0
0
0
0
0
0
0
0
0
0
0
0
0
0
0
0
0
0
0
0
0
0
0
0
0
0
0
0
0
0
0
0
0
0
0
0
0
0
0
0
0
0
0
0
0
0
0
0
0
0
0
0
0
0
0
0
0
0
0
0
0
0
0
0
0
0
0
0
0
0
0
0
0
0
0
0
0
0
0
0
0
0
0
0
0
0
0
0
0
0
0
0
0
0
0
0
0
0
0
0
0
0
0
0
0
0
0
0
0
0
1 1353
0
0
0
0
0
0
0
1 1353
0
0
0
0
0
0
0
0
0
0
0
0
0
0
0
0
0
0
0
0
0
0
0
0
0
0
0
0
0
0
0
0
0
0
0
0
0
0
0
0
0
0
0
0
0
1 1355
0
0
0
0
0
0
0
1 1355
0
0
0
0
0
0
0
0
0
0
0
0
0
0
0
0
0
0
0
0
0
0
0
0
0
0
0
0
0
0
0
0
0
0
0
0
0
0
0
0
0
0
0
0
0
0
0
0
0
0
0
0
0
0
0
0
0
0
0
0
0
0
0
0
0
0
0
0
0
0
0
0
0
0
0
0
0
0
0
0
0
0
0
0
0
0
0
0
0
0
0
0
0
0
0
0
0
0
0
0
0
0
0
0
0
0
0
0
0
0
0
0
0
0
0
0
0
0
0
0
0
0
0
0
0
0
0
0
0
0
0
0
0
0
0
0
0
0
0
0
0
0
0
0
0
0
0
0
0
0
0
0
0
0
0
0
0
0
0
0
0
0
0
0
0
0
0
0
0
0
0
0
0
0
0
0
0
0
0
0
0
0
0
0
0
0
0
0
0
0
0
0
0
0
0
0
0
0
0
0
0
0
0
0
0
0
0
0
0
0
0
0
0
0
0
0
0
0
0
0
0
0
0
0
1 1394
0
0
0
0
0
0
0
1 1394
0
0
0
0
0
0
0
0
0
0
0
0
0
0
0
0
0
0
0
0
0
0
0
0
0
0
0
0
0
0
0
0
0
0
0
0
0
0
0
0
0
0
0
0
0
0
0
0
0
0
0
0
0
0
0
0
0
0
0
0
0
0
0
0
0
0
0
0
0
0
0
0
0
0
0
0
0
0
0
0
0
0
0
0
0
0
0
0
0
0
0
0
0
0
0
0
0
0
0
0
0
0
0
0
0
0
0
0
0
0
0
0
0
0
0
0
0
0
0
0
0
0
0
0
0
0
0
0
0
0
0
0
0
0
0
0
0
0
0
0
0
0
0
0
0
0
0
0
0
0
0
0
0
0
0
0
0
0
0
0
0
0
0
0
0
0
0
0
0
0
0
0
0
0
0
0
0
0
0
0
0
0
0
0
0
0
0
0
0
0
0
0
0
0
0
0
0
0
0
0
0
0
0
0
0
0
0
0
0
0
0
0
0
0
0
0
0
0
0
0
0
0
0
0
0
0
0
0
0
0
0
0
0
0
0
0
0
0
0
0
0
0
0
0
0
0
0
0
0
0
0
0
0
0
0
0
0
0
0
0
0
0
0
0
0
0
0
0
0
0
0
0
0
0
0
0
0
0
0
0
0
0
0
0
0
0
0
0
0
0
0
0
0
0
0
0
0
0
0
0
0
0
0
0
0
0
0
0
0
0
0
0
0
0
0
0
0
0
0
0
0
0
0
0
0
0
0
0
0
0
0
0
0
0
0
0
0
0
0
0
0
0
0
0
0
0
0
1 1466
0
0
0
0
0
0
0
0
0
0
0
0
0
0
0
0
0
0
0
0
0
0
0
0
0
0
0
0
0
0
0
0
0
0
0
0
0
0
0
0
0
0
0
0
0
0
0
0
0
0
0
0
0
0
0
0
0
0
0
0
0
0
0
0
0
0
0
0
0
0
0
0
0
0
0
0
0
0
0
0
0
0
0
0
0
0
0
0
0
0
0
0
0
0
0
0
0
0
0
0
0
0
0
0
0
0
0
0
1 1482
0
0
0
0
0
0
0
0
0
0
0
0
0
0
0
0
0
0
0
0
0
0
0
0
0
0
0
0
0
0
0
0
0
0
0
0
0
0
0
0
0
0
0
0
0
0
0
0
0
0
0
0
0
0
0
0
0
0
0
1 1550
0
0
0
1 1492
0
0
0
0
0
0
0
0
0
0
0
0
0
0
0
0
0
0
0
0
0
0
0
0
0
0
0
0
0
0
0
0
0
0
0
0
0
0
0
0
0
0
0
0
0
0
0
0
0
0
0
0
0
0
0
0
0
0
0
0
0
0
0
0
0
0
0
0
0
0
0
0
0
0
0
0
0
0
0
0
0
0
0
0
0
1 1503
0
0
0
0
0
0
0
0
0
0
0
0
0
0
0
0
0
0
0
0
0
0
0
0
0
0
0
0
0
0
0
0
0
0
0
0
0
0
0
0
0
0
0
0
0
0
0
0
0
0
0
0
0
0
0
0
0
0
0
0
0
0
0
0
0
0
0
0
0
0
0
0
0
0
0
0
0
0
0
0
0
0
0
0
0
0
0
0
0
0
0
0
0
0
0
0
0
0
0
0
0
0
0
0
0
0
0
0
0
0
0
0
0
0
0
0
0
0
0
0
0
0
0
0
0
0
0
0
0
0
0
0
0
0
0
0
0
0
0
0
0
0
0
0
0
0
0
0
0
0
0
0
0
0
0
0
0
0
0
0
0
0
0
0
0
0
0
0
0
0
0
0
0
0
0
0
0
0
0
0
0
0
0
0
0
0
0
0
0
0
0
0
0
0
0
0
0
0
0
0
0
0
0
0
0
0
0
0
0
0
0
0
0
0
0
0
0
0
0
0
0
0
0
0
0
0
0
0
0
0
0
0
0
0
0
0
1 1544
0
0
0
0
0
0
0
0
0
0
0
0
0
0
0
0
0
0
0
0
0
0
0
0
0
0
0
0
0
0
0
0
0
0
0
0
0
1 1550
0
0
0
0
0
0
0
0
0
0
0
0
0
0
0
0
0
0
0
0
0
0
0
0
0
0
0
0
0
0
0
0
0
0
0
0
0
0
0
0
0
0
0
0
1 1552
0
0
0
0
0
0
0
1 1552
0
0
0
0
0
0
0
0
0
0
0
0
0
0
0
0
0
0
0
0
0
0
0
0
0
0
0
0
0
0
0
0
0
0
0
0
0
0
0
0
0
0
0
0
0
0
0
0
0
0
0
0
0
0
0
0
0
0
0
0
0
0
0
0
0
0
0
0
0
0
0
0
0
0
0
0
0
0
0
0
0
0
0
0
0
0
0
0
0
0
0
0
0
0
0
0
0
0
0
0
0
0
0
0
0
0
0
0
0
0
0
0
0
0
0
0
0
0
0
0
0
0
0
0
0
0
0
0
0
0
0
0
0
0
0
0
0
0
0
0
0
0
0
0
0
0
0
0
0
0
0
0
0
0
0
0
0
0
0
0
0
0
0
0
0
0
0
0
0
0
0
0
0
0
0
0
0
0
0
0
0
0
0
0
0
0
0
0
0
0
0
0
0
0
0
0
0
0
0
0
0
0
0
0
0
0
0
0
0
0
0
0
0
0
0
0
0
0
0
0
0
0
0
0
0
0
0
0
0
0
0
0
0
0
0
0
0
0
0
0
0
0
0
0
0
0
0
0
0
0
0
0
0
0
0
0
0
0
0
0
0
0
0
0
0
0
0
0
0
0
0
0
0
0
0
0
0
0
0
0
0
0
0
0
0
0
0
0
0
0
0
0
0
0
0
0
0
0
0
0
0
0
0
0
0
0
0
0
0
0
0
0
0
0
0
0
0
0
0
0
0
0
0
0
0
0
0
0
0
0
0
0
0
0
0
0
0
0
0
0
0
0
0
0
0
0
0
0
0
0
0
0
0
0
0
0
0
0
0
0
0
0
0
0
0
0
0
0
0
0
0
0
0
0
0
0
0
0
0
0
0
0
0
0
0
0
0
0
0
0
0
0
0
0
0
0
0
0
0
0
0
0
0
0
0
0
0
0
0
0
0
0
0
0
0
0
0
0
0
0
0
0
0
0
0
0
0
0
0
0
0
0
0
0
0
0
0
0
0
0
0
0
0
0
0
0
0
0
0
0
0
0
0
0
0
0
0
0
0
0
0
0
0
0
0
0
0
0
0
0
0
0
0
0
0
0
0
0
0
0
0
0
0
0
0
0
0
0
0
0
0
0
0
0
0
0
0
0
0
0
0
0
0
0
0
0
0
0
0
0
0
0
0
0
0
0
0
0
0
0
0
0
0
0
0
0
0
0
0
0
0
0
0
0
0
0
0
0
0
0
0
0
0
0
0
0
0
0
0
0
0
0
0
0
0
0
0
0
0
0
0
0
0
0
0
0
0
0
0
0
0
0
0
0
0
0
0
0
0
0
0
0
0
0
0
0
0
0
0
0
0
0
0
0
0
0
0
0
0
0
0
0
0
0
0
0
0
0
0
0
0
0
0
0
0
0
0
0
0
0
1 1668
0
0
0
0
0
0
0
1 1668
0
0
0
0
0
0
0
0
0
0
0
0
0
0
0
0
0
0
0
0
0
0
0
0
0
0
0
0
0
0
0
0
0
0
0
0
0
0
0
0
0
0
0
0
0
0
0
0
0
0
0
0
0
0
0
0
0
0
0
0
0
0
0
0
0
0
0
0
0
0
0
0
0
1 1674
0
0
0
0
0
0
0
1 1674
0
0
0
0
0
0
0
0
0
0
0
0
0
0
0
0
0
0
0
0
0
0
0
0
0
0
0
0
0
0
0
0
0
0
0
0
0
0
0
0
1 1679
0
0
0
0
0
0
0
1 1679
0
0
0
0
0
0
0
0
0
0
0
0
0
0
0
0
0
0
0
0
0
0
0
0
0
0
0
0
0
0
0
0
0
0
0
0
0
0
0
0
0
0
0
0
0
0
0
0
0
0
0
0
0
0
0
0
0
0
0
0
0
0
0
0
0
0
0
0
0
0
0
0
0
0
0
0
0
0
0
0
0
0
0
1 1687
0
0
0
0
0
0
0
0
0
0
0
0
0
0
0
0
0
0
0
0
0
0
0
0
0
0
0
0
0
0
0
0
0
0
0
0
0
0
0
0
0
0
0
0
0
0
0
0
0
0
0
0
0
0
0
0
0
0
0
0
0
0
0
0
0
0
0
0
0
0
0
0
0
0
0
0
0
0
0
0
1 1699
0
0
0
0
0
0
0
1 1699
0
0
0
0
0
0
0
0
0
0
0
0
0
0
0
0
0
0
0
0
0
0
0
0
0
0
0
0
0
0
0
0
0
0
0
0
0
0
0
0
0
0
0
0
0
0
0
0
0
0
0
0
0
0
0
0
0
0
0
0
0
0
0
0
0
0
0
0
0
0
0
0
0
0
0
0
0
0
0
0
0
0
0
0
0
0
1 1706
0
0
0
0
0
0
0
0
0
0
0
0
0
0
0
0
0
0
0
0
0
0
0
0
0
0
0
0
0
0
0
0
0
0
0
0
0
0
0
0
0
0
0
0
0
0
0
0
0
0
0
0
0
0
0
0
0
0
0
0
0
0
0
0
0
0
1 1721
0
0
0
0
0
0
0
0
0
0
0
0
0
0
0
0
0
0
0
0
0
0
0
0
0
0
0
0
0
0
0
0
0
0
0
0
0
0
0
0
0
0
0
0
0
0
0
0
0
0
0
0
0
0
0
0
0
0
0
0
0
0
0
0
0
0
0
0
0
0
0
0
0
0
0
0
0
0
0
0
0
0
0
0
0
0
0
0
0
0
0
0
0
0
0
0
0
0
0
0
0
0
0
0
0
0
0
0
0
0
0
0
0
0
0
0
0
0
0
0
0
0
0
0
0
0
1 1741
0
0
0
0
0
0
0
1 1741
0
0
0
0
0
0
0
0
0
0
0
0
0
0
0
0
0
0
0
0
0
0
0
0
0
0
0
0
0
0
0
0
0
0
0
0
0
0
0
0
0
0
0
0
0
0
0
0
0
0
0
0
0
0
0
0
0
0
0
0
0
0
0
0
0
0
0
0
0
0
0
0
0
0
0
0
0
0
0
0
0
0
0
0
1 1749
0
0
0
0
0
0
0
1 1749
0
0
0
0
0
0
0
0
0
0
0
0
0
0
0
0
0
0
0
0
0
0
0
0
0
0
0
0
0
0
0
0
0
0
0
0
0
0
0
0
0
0
0
0
0
0
0
0
0
0
0
0
0
0
0
0
0
0
0
0
0
0
0
0
0
0
0
0
0
0
0
0
0
0
0
0
0
0
0
0
0
0
0
0
0
0
0
0
0
0
0
0
0
0
0
0
0
0
0
0
0
0
0
0
0
0
0
0
0
0
0
0
0
0
0
0
0
0
0
0
0
0
0
0
0
0
0
0
0
0
0
0
0
0
0
0
0
0
0
0
0
0
0
0
0
0
0
0
0
0
0
0
0
0
0
0
0
0
0
0
0
0
0
0
0
0
0
0
0
0
0
0
0
0
0
0
0
0
0
0
0
0
0
0
0
0
0
0
0
0
0
0
0
0
0
0
0
0
0
0
0
0
0
0
0
0
0
0
0
0
0
1 1791
0
0
0
0
0
0
0
1 1791
0
0
0
0
0
0
0
0
0
0
0
0
0
0
0
0
0
0
0
0
0
0
0
0
0
0
0
0
0
0
0
0
0
0
0
0
0
0
0
0
0
0
0
0
0
0
0
0
0
0
0
0
0
0
0
0
0
0
0
0
0
0
0
0
0
0
0
0
0
0
0
0
0
0
0
0
0
0
0
0
0
0
0
0
0
0
0
0
0
0
0
0
0
0
0
0
0
0
0
0
0
0
0
0
0
0
0
0
0
0
0
0
0
0
0
0
0
0
0
1 1806
0
0
0
0
0
0
0
0
0
0
0
0
0
0
0
0
0
0
0
0
0
0
0
0
0
0
0
0
0
0
0
0
0
0
0
0
0
0
0
0
0
0
0
0
0
0
0
0
0
0
0
0
0
0
0
0
0
0
0
0
0
0
1 1816
0
0
0
0
0
0
0
0
0
0
0
0
0
0
0
0
0
0
0
0
0
0
0
0
0
0
0
0
0
0
0
0
0
0
0
0
0
0
0
0
0
0
0
0
0
0
0
0
0
0
0
0
0
0
0
0
0
0
0
0
0
0
0
0
0
0
0
0
0
0
0
0
0
0
0
0
0
0
0
0
0
0
0
0
0
0
0
0
0
0
0
0
0
0
0
0
0
0
0
0
0
0
0
0
0
0
0
0
0
0
0
0
0
0
0
0
0
0
0
0
0
0
0
0
0
0
0
0
0
0
0
0
0
0
0
0
0
0
0
0
0
0
0
0
0
0
0
0
0
0
0
0
0
0
0
0
0
0
0
0
0
0
0
0
0
0
0
0
0
0
0
0
0
0
0
0
0
0
0
0
0
0
0
0
0
0
0
0
0
0
0
0
0
0
0
0
0
0
0
0
0
0
0
0
0
0
0
0
0
0
0
0
0
0
0
0
0
0
0
0
0
0
0
0
0
0
0
0
0
0
0
0
0
0
0
0
0
0
0
0
0
0
0
0
0
0
0
0
0
0
0
0
0
0
0
0
0
0
0
0
0
0
0
0
0
0
0
0
0
0
0
0
0
0
0
0
0
0
0
0
0
0
0
0
0
0
0
0
0
0
0
0
0
0
0
0
0
0
0
0
0
0
0
0
0
0
0
0
0
0
0
0
0
0
0
0
0
0
0
0
0
0
0
0
0
0
0
0
0
0
0
0
0
0
0
0
0
0
0
0
0
0
0
0
0
0
0
0
0
0
0
0
0
0
0
0
0
0
0
0
0
0
0
0
0
0
0
0
0
0
1 1887
0
0
0
0
0
0
0
1 1887
0
0
0
0
0
0
0
0
0
0
0
0
0
0
0
0
0
0
0
0
0
0
0
0
0
0
0
0
0
0
0
0
0
0
0
0
0
0
0
0
0
0
0
0
0
0
0
0
0
0
0
0
0
0
0
0
0
0
0
0
0
