0
0
0
0
0
0
0
0
0
0
0
0
0
0
0
0
0
0
0
0
0
0
0
0
0
0
0
0
0
0
0
0
0
0
0
0
0
0
0
0
0
0
0
0
0
0
0
0
0
0
0
0
0
0
0
0
0
0
0
0
0
0
0
1 0
0
0
0
0
0
1 0
1 0
1 0
0
0
1 0
0
0
0
0
0
0
0
0
0
0
0
0
0
0
0
0
0
0
0
0
0
0
0
0
0
0
0
0
0
0
0
0
0
0
0
0
0
0
1 1
0
0
0
0
0
1 1
1 1
1 1
0
0
1 1
0
0
0
0
0
0
0
0
0
0
0
0
0
0
0
0
0
0
0
0
0
0
0
0
0
0
0
0
0
0
0
1 2
0
0
0
0
0
1 2
1 2
1 2
0
0
1 2
0
0
0
0
0
0
0
0
0
0
0
0
0
0
0
0
0
0
0
2 1062 1368
0
0
0
0
1 1117
0
0
0
0
0
0
0
0
1 3
0
0
1 1609
0
0
1 3
1 3
1 3
0
0
1 3
0
1 1314
0
0
1 1433
0
0
0
0
0
1 1574
0
0
0
4 434 507 1035 1105
4 59 842 1609 1655
0
0
1 1609
3 199 371 1889
0
0
0
0
0
0
0
0
0
0
0
0
0
0
0
0
0
1 4
0
0
0
0
0
1 4
1 4
1 4
0
0
1 4
1 112
0
0
0
0
0
0
0
0
0
1 40
0
0
0
0
0
0
0
0
0
3 503 537 1163
0
0
1 1869
3 153 466 640
0
0
1 228
3 307 1188 1619
0
5 68 125 1397 1510 1660
4 390 590 829 1776
11 294 470 498 737 809 1111 1238 1261 1384 1450 1632
10 222 592 698 932 980 1112 1602 1722 1770 1836
17 5 239 394 446 454 466 642 643 723 887 1005 1011 1082 1297 1321 1651 1714
0
2 386 531
4 339 1371 1615 1880
15 93 132 144 218 229 439 448 466 534 561 586 776 1327 1504 1619
0
4 5 64 317 839
2 5 1418
15 5 68 131 153 227 236 466 665 674 675 681 739 947 1404 1619
8 669 792 1000 1014 1024 1311 1325 1548
0
1 5
9 22 138 809 818 917 1557 1623 1710 1881
0
15 21 139 153 359 537 791 803 903 921 1034 1188 1553 1643 1698 1776
11 267 310 378 466 573 654 809 942 1191 1709 1836
8 140 141 218 471 1188 1235 1315 1317
0
11 68 197 218 356 533 888 980 1137 1615 1632 1782
5 90 469 1412 1501 1504
3 339 1632 1770
8 313 328 390 636 726 1228 1504 1830
5 311 592 756 1504 1556
24 75 124 127 397 495 592 619 746 757 760 809 980 981 1037 1166 1182 1188 1285 1426 1450 1632 1644 1651 1818
7 372 394 566 723 1325 1418 1821
3 392 394 834
14 64 68 131 537 839 840 956 980 1313 1329 1333 1476 1591 1651
29 64 131 285 304 317 352 388 394 446 498 592 652 654 665 707 717 829 887 964 975 1080 1371 1383 1437 1580 1651 1692 1722 1867
8 64 498 705 968 1277 1632 1760 1770
11 217 307 363 386 446 448 498 537 1186 1371 1836
17 83 153 218 317 448 654 665 829 839 1024 1371 1424 1439 1504 1615 1690 1836
54 43 44 121 131 138 144 197 216 239 254 267 317 318 339 365 373 387 390 427 439 441 446 448 463 465 502 543 586 636 641 654 665 674 675 797 809 811 887 888 917 932 980 1009 1155 1181 1207 1291 1325 1418 1450 1457 1588 1604 1776
0
1 6
0
0
0
0
10 45 68 128 144 339 829 887 1010 1652 1856
1 6
16 6 115 197 209 439 600 675 723 791 932 1034 1114 1140 1318 1325 1643
1 6
37 35 71 125 144 213 215 222 227 267 359 386 439 586 636 637 669 674 675 698 723 726 791 814 891 905 932 1034 1179 1334 1404 1418 1450 1548 1595 1615 1643 1880
0
2 6 1378
0
0
56 9 11 22 93 125 131 138 140 141 197 212 227 239 267 339 390 420 470 577 586 592 627 636 669 674 698 726 739 746 751 756 792 817 818 839 888 903 917 958 1014 1024 1034 1039 1085 1137 1188 1261 1366 1380 1404 1412 1473 1710 1722 1768 1770
5 22 328 378 1436 1635
0
27 22 50 239 241 307 328 356 470 642 698 726 739 756 792 887 918 1137 1235 1313 1404 1412 1469 1557 1619 1636 1643 1837
1 1261
0
10 27 150 531 652 675 756 1261 1371 1450 1490
0
2 169 681
0
2 1014 1709
8 297 394 397 561 611 903 981 1384
0
4 125 358 640 1028
0
2 1011 1384
0
6 64 530 969 1019 1697 1722
0
0
0
0
1 902
0
0
3 760 792 1548
3 938 1306 1548
0
26 39 105 116 259 294 332 359 386 640 652 669 739 760 798 838 903 908 1211 1315 1317 1345 1361 1365 1622 1723 1880
20 51 93 141 216 250 331 397 446 469 470 531 561 640 650 1011 1014 1311 1713 1776 1880
1 1548
0
0
0
0
2 7 247
0
15 140 285 317 359 397 791 932 1094 1137 1285 1296 1313 1320 1325 1580
0
0
5 98 124 561 642 1753
1 7
1 7
1 7
1 1861
1 216
1 7
1 1423
0
0
0
4 948 968 1311 1623
0
0
2 252 975
0
4 372 498 1583 1692
0
1 1315
1 509
1 213
1 1710
0
2 269 365
0
0
0
0
0
5 94 1238 1443 1619 1629
0
1 1238
3 1142 1184 1811
1 1720
6 8 124 174 236 942 1336
15 134 294 324 765 888 1024 1212 1364 1389 1452 1520 1521 1609 1665 1800
8 186 228 258 307 643 876 1414 1786
0
0
5 29 640 1128 1177 1833
9 8 529 704 960 1032 1160 1440 1621 1654
6 8 31 139 279 1652 1656
1 8
7 320 445 583 992 1035 1241 1510
1 1831
3 8 770 1542
0
8 223 422 729 1019 1130 1714 1757 1824
4 1112 1129 1302 1655
0
11 236 402 988 1035 1142 1279 1396 1397 1413 1653 1655
5 89 578 1142 1362 1810
9 163 416 575 707 789 1184 1590 1820 1877
0
0
2 1374 1487
1 754
0
2 1035 1183
0
0
3 1165 1184 1400
0
1 1299
5 507 796 803 1510 1607
0
22 138 144 225 231 267 311 328 363 631 654 674 746 771 818 1011 1418 1457 1501 1520 1651 1692 1710
16 139 197 216 227 356 372 665 746 818 942 1041 1166 1248 1486 1595 1818
2 304 845
16 146 448 634 652 655 739 1179 1228 1277 1311 1317 1412 1476 1644 1652 1821
11 22 311 365 500 746 1452 1557 1588 1595 1676 1692
1 9
70 9 18 93 115 124 125 140 202 213 217 235 285 289 333 363 372 390 469 485 495 531 534 568 590 619 632 642 681 723 757 792 834 886 981 1034 1148 1166 1179 1180 1186 1228 1235 1277 1285 1297 1313 1315 1317 1334 1375 1437 1472 1476 1501 1510 1514 1522 1556 1557 1565 1580 1593 1595 1644 1652 1709 1818 1821 1856 1858
3 9 1114 1490
0
34 43 127 169 176 250 285 308 363 365 387 495 518 551 619 834 956 964 1033 1043 1075 1181 1186 1235 1266 1334 1476 1556 1570 1580 1588 1644 1683 1821 1856
16 9 44 83 218 356 590 756 793 956 1014 1114 1437 1451 1519 1709 1818
98 42 43 44 71 83 90 127 129 139 169 213 216 217 227 239 250 311 328 359 378 387 397 420 435 439 481 495 534 550 557 566 586 600 619 627 636 643 652 669 681 698 705 726 737 757 760 811 834 840 864 888 935 942 947 956 964 968 1011 1037 1038 1082 1161 1179 1181 1185 1186 1228 1257 1261 1277 1285 1291 1308 1327 1329 1334 1366 1378 1426 1445 1457 1488 1501 1525 1553 1556 1588 1591 1600 1612 1623 1643 1667 1765 1768 1832 1836 1856
5 153 611 1114 1426 1723
12 75 217 222 382 502 600 705 964 1329 1384 1426 1623
5 44 155 304 1490 1520
5 420 1037 1196 1321 1517
4 1019 1045 1166 1320
3 26 304 1608
0
1 158
34 40 43 71 115 138 169 222 259 294 332 420 441 454 465 502 600 621 688 705 816 817 902 947 1137 1307 1317 1320 1327 1366 1408 1412 1557 1580 1776
4 83 471 840 1285
0
1 378
5 471 967 1074 1114 1423
0
17 27 54 71 259 269 313 372 691 734 817 1019 1155 1239 1320 1321 1409 1642
4 1018 1565 1760 1766
0
12 285 573 817 840 845 948 1207 1277 1333 1437 1528 1692
11 228 533 566 947 1024 1082 1207 1553 1604 1760 1855
36 40 85 90 115 119 121 225 269 286 313 348 441 458 503 537 611 811 834 902 948 1031 1155 1238 1318 1327 1334 1366 1370 1407 1416 1429 1490 1723 1736 1813 1880
2 284 472
7 797 1315 1373 1395 1565 1595 1771
1 842
2 1457 1714
4 10 50 503 1760
1 1385
6 427 503 1343 1486 1565 1628
0
0
1 1714
8 10 509 706 838 842 1236 1324 1805
84 10 15 27 35 50 75 90 121 127 128 140 141 143 161 169 208 219 225 229 236 250 259 269 293 326 330 331 376 387 388 408 427 441 451 455 462 465 501 509 553 576 577 619 634 643 683 771 791 800 803 814 827 835 903 958 981 1037 1046 1094 1140 1155 1213 1223 1235 1269 1291 1318 1329 1345 1486 1591 1604 1644 1646 1652 1697 1710 1723 1729 1732 1837 1839 1851 1868
7 10 179 894 975 1175 1533 1604
3 603 711 1488
2 1249 1284
5 10 225 902 1378 1591
0
9 427 819 924 927 1019 1142 1221 1245 1488
0
2 975 1649
0
0
0
3 1326 1359 1397
15 35 47 91 173 434 507 691 707 735 803 881 1111 1490 1698 1889
4 324 424 1243 1460
0
1 229
0
2 198 1881
9 427 547 570 842 953 1022 1537 1881 1888
11 130 313 318 509 577 968 1003 1281 1345 1488 1861
0
0
2 27 1197
3 464 1117 1156
35 11 44 124 128 176 212 254 281 356 363 373 388 454 469 534 566 611 757 829 1028 1094 1181 1182 1220 1291 1297 1313 1383 1451 1514 1615 1709 1782 1823 1830
9 11 105 282 495 926 958 1182 1186 1592
33 11 50 93 176 294 304 318 332 386 388 471 533 631 717 750 751 818 875 1085 1176 1182 1297 1347 1383 1423 1436 1437 1583 1690 1768 1782 1830 1856
19 162 261 420 465 626 707 737 876 1008 1094 1207 1241 1258 1321 1336 1436 1494 1714 1837
4 301 378 1076 1690
29 11 128 209 254 331 332 373 454 751 755 757 811 840 958 1028 1138 1181 1336 1366 1380 1404 1424 1452 1604 1768 1818 1821 1826 1837
0
6 627 760 1028 1670 1717 1723
24 127 289 305 373 392 485 502 551 631 634 641 705 751 797 814 1026 1082 1085 1380 1423 1449 1451 1522 1861
19 228 231 450 627 725 737 798 1336 1386 1436 1476 1525 1583 1588 1593 1636 1754 1786 1861
46 35 146 229 257 434 444 539 562 583 585 617 771 798 802 846 876 886 915 979 983 991 1096 1111 1112 1146 1163 1184 1226 1259 1273 1327 1352 1364 1398 1410 1414 1419 1475 1477 1510 1553 1574 1602 1641 1800 1889
13 26 212 307 318 388 561 776 1253 1383 1426 1690 1782 1786
16 18 83 217 235 631 642 847 917 1085 1111 1163 1329 1424 1445 1525 1869
11 595 691 798 838 935 1267 1318 1345 1430 1445 1521
14 26 121 141 333 507 706 838 869 886 935 1238 1397 1565 1800
29 39 71 95 150 186 241 249 269 531 533 600 634 717 737 797 964 1160 1254 1340 1364 1388 1452 1499 1521 1527 1547 1698 1720 1869
3 324 1414 1520
21 146 297 691 803 886 935 956 1140 1160 1241 1245 1320 1365 1521 1522 1593 1628 1720 1811 1860 1865
1 231
28 43 75 90 116 212 324 331 385 387 465 641 751 771 784 817 978 1037 1118 1140 1196 1266 1365 1380 1514 1561 1720 1757 1866
23 18 26 231 254 289 441 470 485 492 573 641 839 905 911 942 1228 1266 1424 1451 1469 1636 1671 1697
35 128 213 329 330 333 382 392 499 684 694 707 811 845 937 943 969 1028 1085 1094 1155 1196 1218 1298 1311 1364 1375 1378 1407 1445 1522 1612 1636 1683 1713 1765
10 50 551 717 876 905 948 1075 1408 1623 1786
15 212 297 358 370 835 1075 1080 1112 1196 1213 1414 1525 1556 1620 1665
6 297 382 902 1425 1630 1760
16 115 228 235 250 289 333 627 643 706 801 1082 1469 1485 1570 1600 1820
0
0
0
0
0
4 765 936 1195 1881
0
0
0
0
0
0
0
5 355 422 476 681 999
0
0
0
0
2 12 1036
0
0
0
0
0
1 12
1 12
1 12
1 944
0
2 12 1689
0
0
0
0
0
0
0
0
0
0
0
0
0
0
0
0
0
0
0
0
18 29 56 186 223 371 382 688 765 907 1103 1314 1321 1328 1518 1570 1820 1832 1869
0
3 202 1097 1770
3 13 1271 1655
4 40 371 1359 1377
6 150 583 1160 1286 1393 1614
1 523
3 199 583 1780
3 908 1245 1389
1 13
5 13 223 908 1177 1884
3 13 440 1088
0
3 166 210 1314
1 13
15 223 402 478 563 688 700 960 1064 1105 1438 1440 1611 1686 1811 1889
8 348 578 579 1177 1440 1602 1638 1757
1 578
0
11 713 765 934 960 984 1177 1208 1342 1530 1734 1757
1 1609
2 29 778
0
5 134 578 1270 1655 1843
0
0
0
0
1 1070
0
3 906 1413 1654
2 896 908
0
5 601 931 1162 1184 1429
0
0
1 1600
0
0
0
0
0
6 116 435 1039 1296 1350 1553
0
0
3 392 1161 1473
0
11 116 202 534 968 1380 1514 1519 1570 1593 1612 1765
1 14
0
0
0
0
1 552
1 14
1 14
2 14 332
0
0
1 14
0
1 18
0
0
0
0
0
0
0
0
4 969 1148 1375 1415
0
0
0
0
8 121 139 209 313 481 631 1207 1713
0
0
0
0
52 15 27 35 45 105 152 209 222 235 259 311 330 340 352 365 435 485 500 502 551 577 580 657 845 876 916 938 958 967 969 1053 1093 1140 1148 1166 1248 1266 1291 1296 1369 1375 1469 1600 1612 1646 1665 1683 1697 1713 1765 1800 1837
30 15 55 146 176 232 241 330 358 435 462 509 981 1031 1045 1161 1182 1196 1239 1245 1248 1383 1451 1457 1528 1583 1591 1649 1757 1768 1839
30 15 18 88 96 241 308 373 462 469 472 481 634 706 814 857 967 988 1045 1239 1248 1257 1275 1312 1336 1486 1636 1683 1733 1839 1858
4 195 1031 1839 1861
14 186 229 500 529 988 1075 1130 1269 1384 1499 1621 1722 1732 1783
1 15
4 540 969 1045 1239
27 231 308 331 352 462 472 481 550 632 967 988 1026 1033 1038 1179 1185 1254 1257 1307 1514 1528 1612 1765 1790 1851 1867 1873
14 26 143 219 235 472 488 935 1026 1109 1223 1266 1499 1691 1840
0
33 21 39 236 310 333 445 471 568 626 776 891 905 938 1038 1081 1142 1163 1307 1397 1452 1491 1521 1522 1525 1566 1665 1771 1782 1820 1823 1832 1833 1838
13 21 309 450 597 1008 1038 1084 1125 1239 1414 1523 1576 1832
8 734 938 1026 1176 1375 1408 1494 1499
3 308 1378 1671
8 85 176 358 755 1031 1233 1373 1851
1 1667
0
2 352 867
13 143 310 492 776 852 1008 1009 1032 1307 1348 1469 1660 1694
0
3 1185 1424 1851
0
64 45 51 85 129 202 225 254 318 326 330 463 500 550 551 568 576 590 632 641 683 734 750 767 793 798 819 891 894 914 947 1000 1008 1033 1035 1039 1043 1068 1080 1148 1161 1176 1180 1212 1248 1296 1333 1345 1391 1409 1436 1445 1449 1473 1488 1497 1501 1528 1676 1683 1713 1717 1766 1864 1870
0
16 94 450 566 728 797 891 1032 1279 1494 1509 1590 1621 1658 1724 1736 1831
25 85 133 261 282 310 376 450 492 557 755 819 857 916 967 1185 1257 1373 1407 1593 1697 1809 1823 1830 1839 1860
8 99 281 402 584 1408 1440 1607 1747
16 219 281 308 422 637 948 1005 1087 1407 1443 1607 1621 1653 1666 1800 1871
18 41 179 201 266 402 554 630 637 688 710 759 793 843 1197 1284 1359 1607 1654
6 16 536 892 938 1409 1628
29 21 94 261 283 371 434 457 562 673 704 720 842 921 977 1005 1105 1212 1302 1328 1413 1440 1456 1526 1542 1574 1602 1654 1811 1820
1 1216
1 1479
4 148 530 588 1005
0
16 16 132 163 219 576 750 771 819 857 886 960 1223 1282 1364 1396 1628
14 16 401 527 530 860 1009 1211 1258 1314 1408 1413 1443 1542 1574
17 16 456 585 603 704 765 770 1212 1241 1269 1271 1390 1396 1494 1558 1637 1771
4 188 1149 1441 1667
17 47 342 483 503 530 562 637 722 936 960 997 1183 1198 1542 1621 1730 1799
1 16
1 1771
0
6 714 715 833 1032 1039 1324
0
1 686
1 1409
5 163 438 585 1243 1845
2 119 1293
5 120 936 1096 1157 1541
0
1 112
0
1 1381
10 45 47 186 908 1158 1195 1252 1443 1629 1667
6 758 918 1096 1115 1195 1854
13 109 150 281 355 366 546 688 706 921 936 1002 1096 1117
0
0
0
0
0
0
0
0
1 398
2 770 1431
0
0
0
0
0
3 17 939 1290
3 847 1211 1785
0
24 47 66 94 132 261 316 323 411 458 573 670 713 847 1112 1162 1258 1262 1420 1590 1675 1736 1796 1801 1831
0
0
1 17
1 17
1 17
1 1162
0
1 17
0
0
3 633 1269 1284
1 1078
1 699
0
0
0
0
0
0
1 1828
0
10 835 847 1026 1038 1280 1359 1373 1569 1736 1860
0
0
0
0
0
1 549
4 75 463 793 1766
5 533 550 611 1033 1786
1 1867
2 1163 1717
17 42 129 358 463 485 501 621 655 988 1041 1176 1180 1297 1519 1592 1600 1671
0
5 42 1124 1635 1676 1867
12 51 241 472 540 553 626 814 845 1045 1254 1671 1851
2 1041 1080
2 42 1790
0
10 146 553 632 911 1033 1254 1275 1307 1592 1823
2 51 1676
0
1 917
0
13 116 500 501 550 655 857 911 1180 1185 1497 1592 1635 1790
0
0
1 33
1 1012
0
13 29 179 476 515 545 711 1221 1324 1376 1430 1586 1648 1754
0
5 479 779 1072 1745 1754
0
0
4 82 570 658 736
2 345 1022
8 193 570 668 848 854 1022 1057 1711
8 161 232 248 540 731 926 996 1395
0
3 1175 1460 1585
1 19
0
1 528
0
1 865
0
1 19
1 19
2 19 1303
0
0
12 19 82 96 215 255 476 570 696 781 827 1192 1860
0
1 1460
0
2 1072 1435
0
0
1 288
0
1 82
1 1396
3 82 808 1072
0
7 396 467 491 549 1072 1664 1803
0
1 1119
8 187 201 563 587 861 904 1059 1460
0
0
0
2 201 753
13 31 179 223 320 412 530 703 950 1117 1195 1362 1389 1429
2 177 1814
1 20
13 60 167 407 563 578 638 962 1092 1175 1230 1520 1546 1696
1 796
6 348 628 637 682 1088 1712
18 163 194 440 445 662 738 796 822 963 1030 1152 1197 1590 1607 1742 1794 1810 1833
11 89 215 277 770 1183 1362 1389 1559 1629 1665 1831
23 20 89 95 158 185 320 324 478 529 563 704 796 869 1088 1211 1259 1372 1429 1611 1703 1754 1888 1889
5 20 501 732 1088 1869
2 20 1789
2 679 896
16 95 272 422 440 478 505 589 836 995 1129 1134 1259 1270 1764 1833 1871
3 20 424 478
0
0
2 1270 1888
19 201 312 395 440 708 895 898 940 1049 1128 1130 1259 1343 1441 1500 1512 1611 1667 1871
0
0
1 1131
0
0
5 135 296 416 735 1441
5 29 976 983 1343 1509
0
6 98 246 247 286 1314 1368
2 1354 1361
1 1070
2 286 1368
1 1189
0
0
0
1 21
2 568 1670
0
1 1660
10 54 202 310 576 729 1473 1570 1660 1698 1832
0
1 1812
2 55 1763
0
0
1 1547
5 492 1250 1485 1547 1810
0
13 281 297 348 450 712 1067 1105 1160 1208 1417 1517 1630 1761
0
3 416 1081 1368
3 801 1191 1717
0
40 279 306 320 385 391 438 458 463 481 557 655 729 875 882 918 921 975 1080 1162 1183 1318 1365 1395 1396 1419 1485 1497 1547 1549 1608 1614 1629 1635 1649 1653 1660 1690 1695 1790 1810
0
3 112 249 1574
9 462 577 632 918 1008 1391 1670 1855 1858
13 40 62 301 361 557 717 864 1043 1046 1128 1409 1486 1656
8 55 209 326 553 1190 1671 1766 1858
0
4 263 431 936 1139
2 51 1670
4 657 734 1275 1316
15 132 215 352 382 392 517 800 864 1010 1093 1191 1333 1439 1676 1838
3 1003 1218 1583
6 129 408 435 518 1423 1449
0
21 24 41 375 402 438 511 585 729 955 1173 1268 1385 1407 1410 1438 1541 1586 1611 1633 1654 1809
10 41 602 775 1216 1225 1480 1541 1649 1809 1871
0
9 157 268 341 594 672 915 1178 1243 1846
0
3 686 1222 1772
7 60 114 160 1022 1127 1346 1586
4 620 1304 1787 1809
0
0
0
4 60 189 1290 1537
1 23
22 130 155 174 282 458 476 686 694 724 793 832 864 1046 1069 1175 1180 1243 1249 1330 1402 1537 1753
1 1464
10 226 280 374 686 743 807 843 1290 1438 1653
0
0
1 23
9 23 292 467 507 555 694 1216 1753 1850
4 23 108 897 1290
0
0
1 23
1 962
3 190 1788 1815
2 354 1015
2 486 773
3 1062 1231 1859
2 288 962
3 1059 1263 1432
0
2 528 1803
0
22 45 252 288 355 461 591 694 816 823 841 896 916 1064 1072 1074 1157 1302 1370 1479 1537 1538 1698
6 60 148 288 514 1410 1438
6 133 148 221 933 1564 1752
5 119 368 459 555 1803
7 133 148 438 576 1340 1389 1753
2 555 1047
8 41 102 555 1152 1493 1506 1678 1841
0
45 31 48 80 98 163 167 252 275 355 464 585 606 630 686 772 869 941 944 955 974 983 992 1010 1062 1097 1117 1122 1132 1195 1308 1340 1361 1399 1441 1479 1487 1491 1541 1577 1602 1719 1720 1732 1871 1881
0
12 59 174 347 418 562 896 991 1004 1374 1485 1622 1797
9 39 73 81 249 683 750 1108 1130 1212
2 98 1405
5 478 598 789 796 915
7 552 658 991 1059 1133 1546 1596
21 24 143 207 266 350 396 602 607 614 630 648 711 733 819 916 1249 1373 1454 1479 1519 1822
2 24 1646
10 24 232 252 694 821 1039 1120 1213 1435 1449
24 47 162 199 249 335 407 422 434 445 603 622 735 762 802 878 927 992 1053 1076 1211 1284 1302 1343 1838
3 130 1391 1717
4 24 894 1258 1398
17 28 130 483 609 621 626 683 801 881 891 894 1003 1041 1156 1338 1395 1796
0
1 800
2 137 927
0
3 248 789 1539
15 133 179 286 490 711 779 843 955 1221 1278 1470 1546 1633 1787 1803
2 266 1236
6 604 802 1174 1419 1494 1796
3 754 1656 1875
42 96 97 208 266 371 375 457 528 549 584 602 628 630 827 927 943 955 983 1097 1105 1145 1149 1164 1236 1243 1249 1253 1279 1300 1410 1438 1537 1542 1546 1611 1638 1646 1732 1759 1771 1783 1866
0
0
8 188 210 704 735 944 1269 1614 1715
7 210 429 483 795 852 1467 1777
0
0
3 1031 1419 1614
0
1 1527
2 188 672
8 210 430 881 944 1064 1097 1103 1586
3 112 400 1048
1 69
1 1103
5 651 925 1103 1203 1814
9 188 257 421 523 638 1005 1062 1289 1814
4 112 257 709 1361
3 25 1010 1852
21 247 257 416 467 556 617 638 716 725 881 918 1070 1097 1103 1368 1483 1491 1497 1622 1814 1824
0
0
3 210 395 449
0
2 25 952
1 25
2 25 1641
5 247 1056 1161 1296 1855
0
1 25
0
6 177 395 504 1102 1431 1666
10 63 162 175 246 400 617 638 997 1352 1491
1 1203
0
3 400 1715 1740
0
8 257 400 449 527 1203 1392 1666 1825
1 232
3 859 1324 1868
0
0
0
0
0
5 421 449 725 944 1203
0
0
0
0
10 129 282 816 905 911 1223 1257 1308 1416 1590
0
18 54 155 195 329 467 483 492 501 801 816 926 1046 1175 1216 1312 1340 1416 1487
9 85 376 540 621 755 835 926 1233 1755
0
10 289 301 376 953 1093 1416 1439 1569 1656 1729
7 329 1012 1312 1517 1608 1610 1659
0
4 326 1233 1608 1732
10 54 96 143 458 962 1152 1561 1592 1633 1747
12 301 355 787 937 1075 1223 1275 1298 1308 1439 1472 1528
16 164 219 536 684 691 924 979 1074 1218 1312 1386 1430 1517 1826 1865 1873
24 99 119 162 248 314 491 552 554 572 658 753 779 784 838 953 1009 1079 1152 1387 1561 1633 1648 1809 1865
11 99 329 536 979 1213 1365 1416 1472 1502 1518 1865
5 33 491 924 1305 1866
15 33 385 595 684 755 835 1074 1233 1340 1386 1499 1670 1747 1823 1826
35 199 279 456 480 496 738 802 846 875 924 937 1064 1130 1177 1198 1208 1221 1226 1241 1273 1279 1292 1393 1398 1410 1433 1555 1569 1628 1653 1707 1725 1747 1756 1813
0
0
1 1657
10 39 293 658 800 1000 1333 1473 1533 1813 1860
0
0
4 286 710 1062 1197
1 603
1 1415
1 590
5 305 413 1766 1868 1873
0
6 206 523 617 1361 1559 1622
13 177 198 370 424 770 885 913 992 1111 1129 1443 1828 1872
1 28
2 28 1876
1 28
0
2 877 1874
1 28
2 464 997
0
0
10 59 198 199 416 710 714 1352 1491 1509 1559
11 98 449 527 710 725 907 910 973 1070 1352 1559
0
19 94 130 135 198 284 320 473 539 617 638 833 1146 1362 1385 1509 1658 1754 1830 1888
6 91 247 400 925 1666 1855
0
0
3 270 635 925
0
4 246 421 1267 1527
1 152
10 173 284 464 523 722 1032 1343 1446 1715 1814
0
1 173
0
0
0
11 89 407 527 562 850 866 1096 1123 1273 1638 1715
28 92 134 279 340 395 456 575 584 735 759 789 860 1076 1156 1208 1259 1271 1273 1299 1374 1393 1413 1455 1731 1769 1813 1824 1833
12 33 403 714 865 889 924 1012 1245 1312 1561 1845 1866
2 780 852
0
4 147 583 1352 1372
1 1374
0
19 59 134 174 348 539 854 984 992 1084 1128 1258 1271 1347 1398 1559 1569 1630 1764 1810
35 55 173 539 552 563 568 650 729 750 754 827 852 907 984 1003 1010 1084 1146 1156 1158 1165 1173 1252 1328 1342 1487 1547 1575 1630 1649 1762 1780 1831 1838 1843
11 106 109 119 201 344 603 649 927 1087 1347 1385
4 195 248 366 1598
3 433 890 1347
0
3 194 522 1796
26 56 66 183 325 370 396 451 452 467 523 620 710 711 736 753 767 825 1040 1460 1533 1586 1622 1686 1805 1845 1850
5 529 1153 1377 1608 1873
13 46 445 451 672 869 875 1084 1226 1236 1299 1376 1526 1828
4 89 194 907 1362
0
18 31 155 174 306 438 575 714 777 846 1069 1088 1146 1171 1299 1425 1518 1780 1845
12 135 167 288 491 579 808 915 962 1149 1157 1531 1764
1 1735
1 114
4 108 114 167 1001
9 30 56 148 282 464 650 680 1069 1850
0
25 208 528 549 554 570 699 779 802 808 865 943 989 1064 1092 1165 1279 1400 1420 1431 1496 1518 1523 1564 1638 1639
1 426
11 56 424 456 579 699 808 1059 1359 1433 1464 1475
13 41 53 60 99 396 628 699 1119 1132 1464 1564 1686 1803
1 30
2 30 1780
18 30 95 96 135 401 407 672 1049 1126 1149 1158 1222 1393 1431 1441 1637 1641 1689
4 552 1115 1118 1581
0
2 30 263
5 302 451 810 828 1541
0
0
0
5 184 429 440 543 606
16 263 510 554 579 628 712 861 1090 1119 1127 1132 1284 1464 1546 1568 1828
4 258 651 915 1222
2 340 896
2 114 1230
3 132 598 1523
0
0
0
0
0
0
0
2 606 1735
0
13 248 479 700 865 904 953 1012 1132 1133 1221 1448 1801 1845
2 429 778
0
1 31
1 1560
4 606 1087 1270 1319
11 412 444 759 860 984 1256 1286 1429 1433 1658 1824
0
0
1 1342
9 66 610 713 906 1328 1376 1620 1637 1879
1 1846
0
1 399
2 906 1150
1 1204
1 1342
2 401 1331
1 575
2 1475 1509
0
0
2 567 1372
0
1 272
0
1 1719
1 1344
0
1 157
0
1 1078
1 1435
0
13 161 479 700 759 854 1109 1127 1303 1339 1395 1564 1733 1805
24 54 133 476 554 624 736 779 781 784 870 904 954 996 1109 1218 1225 1249 1430 1561 1648 1664 1787 1801 1865
7 33 345 668 847 934 1278 1840
4 490 848 1012 1135
5 329 540 937 1233 1745
4 232 490 1385 1745
12 195 366 490 784 848 926 996 1192 1286 1310 1648 1840
22 341 488 595 620 700 736 830 832 848 955 979 1015 1043 1058 1152 1225 1337 1430 1696 1733 1811 1840
1 668
5 191 206 1016 1225 1571
7 374 515 684 1218 1386 1517 1620
1 865
3 748 781 1303
1 668
10 345 490 496 515 870 880 1059 1109 1213 1691
1 483
10 161 545 633 721 731 854 904 996 1303 1711
4 82 491 730 1736
6 366 406 545 697 827 1664
8 488 496 800 870 1376 1691 1840 1868
1 340
6 488 515 668 1454 1733 1745
4 496 657 870 1306
2 511 1189
5 605 824 997 1400 1764
1 1808
0
11 162 283 312 345 424 602 832 1079 1381 1648 1664
1 34
0
0
1 56
0
0
4 34 504 1372 1719
1 34
1 34
6 108 221 312 699 861 1673
0
2 34 1801
1 166
1 1589
2 1199 1498
2 618 1464
0
0
2 1289 1403
1 1711
0
1 934
1 1119
0
1 934
0
0
0
0
0
1 970
0
17 120 312 444 581 662 861 1067 1092 1133 1208 1252 1253 1278 1286 1461 1530 1877
5 457 679 1189 1390 1647
8 499 620 708 844 1267 1273 1370 1746
11 120 166 185 584 597 712 728 1183 1442 1742 1799
10 204 261 305 455 1173 1176 1306 1370 1527 1870
19 58 290 299 385 455 650 708 852 940 1004 1149 1157 1158 1217 1242 1419 1456 1481 1734
0
29 122 306 451 455 595 655 708 848 860 892 934 939 943 977 996 1067 1093 1148 1192 1306 1377 1518 1519 1620 1637 1686 1691 1777 1870
1 499
2 80 682
39 80 99 108 109 120 158 190 263 293 296 340 370 375 499 513 536 580 630 672 738 753 775 816 925 940 941 1122 1222 1290 1309 1381 1456 1468 1480 1512 1735 1777 1781 1866
0
0
0
2 1029 1289
0
0
0
2 667 1680
1 512
1 873
2 36 190
2 514 628
0
1 1015
2 48 1230
0
1 36
1 36
1 36
0
1 843
1 36
1 1122
0
14 48 80 187 215 283 368 375 453 514 543 555 689 1079 1606
0
2 190 226
1 258
0
0
0
4 160 368 941 1178
0
0
0
1 1122
1 858
0
0
0
0
0
3 240 520 1400
0
1 997
4 528 556 580 1009
0
4 69 258 722 877
4 181 240 877 1289
3 240 409 843
2 1156 1400
0
1 240
0
1 877
2 37 805
0
0
0
0
0
1 37
2 37 240
1 37
2 862 874
0
1 37
0
0
0
0
0
0
0
0
0
0
0
0
0
0
0
0
0
0
0
0
3 48 459 1432
4 280 663 767 1178
10 67 354 479 743 1030 1069 1387 1633 1787 1850
0
0
4 221 354 582 743
4 38 262 580 1230
1 486
0
0
5 292 743 832 1387 1480
0
5 38 354 396 1304 1777
7 38 108 113 280 1015 1222 1387
13 38 273 377 457 459 651 720 826 937 940 1480 1533 1696
2 275 1263
1 102
1 38
0
1 1857
1 572
25 48 80 221 266 275 300 375 459 486 514 602 651 689 712 738 773 904 1048 1087 1263 1432 1479 1616 1772 1788
0
20 102 109 151 275 321 368 428 572 689 808 823 898 1216 1263 1381 1432 1678 1680 1772 1788
1 292
0
0
3 572 1680 1788
0
8 292 418 689 722 775 823 1666 1678
0
1 280
27 102 135 160 167 196 263 272 275 283 296 302 418 459 511 514 620 773 823 974 1157 1198 1480 1581 1637 1678 1680 1772
0
0
18 302 418 419 505 651 667 720 769 773 841 974 1048 1132 1139 1263 1387 1432 1468
0
1 200
19 157 444 598 633 747 833 892 894 991 1003 1046 1162 1253 1278 1477 1641 1646 1854 1884
9 66 166 305 376 622 679 731 758 1854
13 150 249 758 864 953 1002 1138 1281 1376 1379 1399 1475 1859
13 157 207 366 682 781 789 1109 1192 1427 1456 1626 1694 1854
8 284 775 833 1449 1599 1658 1724 1753
2 595 1367
0
2 1081 1605
8 398 867 1000 1004 1165 1523 1527 1724
7 59 95 173 407 881 1838 1888
1 1002
0
0
0
5 529 685 987 1694 1734
28 118 278 482 575 597 713 728 759 906 963 1067 1129 1173 1197 1226 1271 1302 1310 1338 1390 1425 1477 1659 1724 1780 1783 1799 1884
0
2 326 1391
0
9 412 429 671 778 821 1282 1526 1711 1817
2 518 1433
3 336 1086 1526
3 188 1087 1236
6 412 593 815 1347 1569 1815
0
24 185 268 306 335 622 754 867 869 890 941 984 1078 1128 1282 1299 1374 1388 1390 1398 1477 1614 1620 1734 1799
5 443 519 1078 1127 1454
2 1076 1712
1 323
0
3 380 1540 1738
14 268 374 486 487 543 732 977 1030 1092 1133 1420 1689 1735 1855
0
1 1526
4 622 1084 1124 1817
9 206 323 731 767 810 1281 1454 1568 1815
6 272 505 579 785 1178 1531
50 104 109 137 185 206 226 233 268 296 302 354 456 457 505 511 594 658 702 732 738 807 826 841 898 940 974 982 1048 1049 1100 1115 1119 1139 1168 1189 1198 1276 1278 1304 1377 1381 1420 1468 1530 1531 1696 1712 1781 1815 1875
9 421 588 732 836 1002 1122 1431 1531 1740
9 137 177 950 983 1053 1095 1286 1629 1813
17 265 283 591 594 661 667 689 703 826 836 892 994 1442 1468 1704 1788 1885
8 120 123 206 584 608 950 1536 1799
0
7 344 398 778 828 1017 1435 1695
0
0
1 1638
2 1309 1356
2 398 893
11 277 788 846 921 1146 1252 1282 1425 1843 1875 1884
4 682 781 1268 1688
11 66 168 272 589 591 594 1268 1309 1403 1616 1661
5 137 946 1115 1139 1689
1 1790
3 42 1298 1472
1 1867
0
4 978 1118 1391 1672
1 1267
0
0
1 978
0
1 553
0
0
1 309
0
2 1642 1656
2 856 1220
0
0
7 293 588 916 1138 1220 1415 1573
0
6 204 518 929 1127 1267 1712
1 152
2 573 626
2 911 1298
1 1174
0
6 301 325 532 833 1280 1733
3 1348 1487 1566
0
3 55 152 1093
9 455 588 657 715 734 1220 1275 1858 1873
0
0
2 715 1886
5 680 767 772 1402 1740
10 91 252 836 867 973 1049 1124 1415 1739 1859
0
0
1 857
2 1434 1442
2 1403 1442
9 444 758 821 999 1281 1324 1805 1826 1841
0
0
0
0
2 776 1118
0
0
0
2 246 270
0
2 1338 1610
0
1 46
1 46
4 46 801 1287 1338
1 195
0
1 46
1 588
0
1 1859
0
0
0
0
0
1 473
0
0
1 1120
1 1777
5 69 895 1292 1675 1750
0
9 136 270 277 601 662 822 890 1268 1530
4 442 991 1293 1566
0
1 1018
0
0
5 185 511 679 1477 1695
2 1074 1783
13 73 161 194 312 323 480 527 716 1158 1292 1756 1796 1877
22 374 556 591 662 703 807 841 846 954 963 977 1144 1225 1304 1403 1468 1545 1664 1740 1747 1794 1877
1 597
9 73 547 989 1067 1399 1530 1558 1756 1884
1 989
4 73 995 1135 1539
1 1309
7 208 703 1053 1270 1475 1566 1854
8 341 1292 1350 1399 1539 1647 1756 1877
3 160 1169 1680
4 211 813 1493 1752
0
0
0
2 572 858
6 858 1107 1344 1508 1564 1808
0
0
1 813
4 418 813 858 1678
0
3 629 1498 1808
6 520 556 680 745 941 1846
0
1 813
0
0
1 49
1 187
8 187 545 1079 1200 1280 1310 1711 1737
0
0
3 851 1018 1439
7 49 234 708 743 807 860 1388
2 49 341
2 49 368
0
0
1 49
2 544 1435
1 244
0
0
1 858
9 91 309 499 589 625 718 1138 1198 1485
0
0
0
0
1 1785
0
0
0
0
0
0
0
0
0
0
0
1 1729
0
0
0
0
0
0
2 1190 1306
0
0
0
0
1 736
0
0
0
0
2 1174 1386
0
0
0
0
0
1 1018
1 1174
0
0
0
1 683
1 1415
0
0
0
0
0
0
9 279 480 557 810 1081 1425 1497 1640 1875
1 52
0
0
5 882 913 1500 1576 1635
2 325 913
0
1 52
1 52
1 52
0
2 763 1500
1 52
0
0
0
0
0
1 882
0
0
0
3 822 1206 1247
7 258 560 645 670 931 1724 1794
7 134 480 1193 1227 1252 1471 1843
0
0
1 1280
0
0
10 151 414 505 826 1129 1484 1581 1616 1647 1841
3 65 220 1793
0
0
4 164 1040 1224 1393
1 53
3 53 325 1030
1 53
0
0
2 53 1725
3 764 1246 1253
0
0
0
1 976
1 780
1 1755
0
1 1539
0
3 780 1493 1841
0
0
1 1342
0
0
1 1300
0
0
3 989 1725 1752
3 496 621 1571
0
17 81 341 403 515 624 696 753 854 954 979 1015 1230 1300 1456 1598 1712 1787
7 198 403 700 784 1047 1120 1755
0
0
0
0
3 870 1331 1571
0
1 1610
5 145 892 978 1502 1870
0
0
4 715 1254 1657 1755
0
3 270 421 728
0
1 762
3 88 1339 1707
0
0
0
0
1 504
0
0
0
0
0
6 243 580 943 1131 1402 1785
1 1164
0
3 151 639 1846
3 69 680 724
7 336 362 606 1402 1581 1695 1785
3 520 1323 1567
5 504 520 722 821 1354
1 1859
2 344 897
3 897 1001 1047
2 1448 1862
0
8 181 204 284 370 714 1165 1658 1874
2 939 1448
1 1048
0
0
0
0
0
0
0
1 57
0
1 587
2 1049 1702
1 419
0
2 57 1124
3 57 906 1812
5 57 473 601 778 963
2 277 1630
0
1 57
3 713 754 1598
3 398 429 508
1 1131
2 567 610
1 1354
2 522 1657
0
0
2 539 897
0
7 335 601 670 696 810 965 1332
0
3 828 1250 1829
0
0
0
1 184
1 670
0
0
4 766 875 885 1759
0
1 1616
2 58 690
1 58
2 58 1293
2 385 1759
2 437 1417
1 58
1 1173
0
5 889 890 1282 1725 1759
1 598
2 1060 1746
0
1 1210
1 1293
7 1004 1125 1204 1467 1707 1783 1812
0
0
2 1388 1746
3 1250 1746 1819
2 1338 1769
3 780 1752 1772
1 342
1 1250
4 155 777 1523 1579
1 1422
1 893
0
0
0
6 81 181 184 194 762 777
3 349 721 1805
4 102 158 238 1696
5 336 777 893 1040 1512
3 69 181 716
0
5 724 772 1125 1260 1470
0
6 369 401 828 882 1126 1639
2 353 1801
4 171 633 1133 1745
0
0
2 432 850
0
0
13 226 300 316 486 648 732 841 895 898 974 1071 1304 1781
6 296 522 594 663 775 1751
0
2 712 836
4 151 374 1390 1870
6 251 316 647 663 804 1781
2 873 1502
10 280 321 428 663 667 823 873 952 1577 1852
3 184 522 995
1 1828
1 1053
3 591 977 1403
0
1 268
2 662 889
1 1639
0
2 61 1689
0
0
0
6 177 1231 1360 1775 1812 1846
0
2 61 878
4 61 709 1070 1874
1 61
0
0
1 61
0
1 1596
0
3 336 893 1534
3 63 582 1874
0
0
0
0
0
0
0
3 1115 1217 1728
0
0
0
1 1587
0
0
0
3 62 364 1057
7 62 255 731 954 1079 1571 1585
15 62 207 479 682 787 1047 1057 1135 1145 1164 1281 1330 1470 1694 1822
2 1057 1502
0
2 62 207
4 187 399 900 1244
2 895 939
1 1298
1 1178
0
1 1513
0
0
11 164 403 488 614 624 684 830 1135 1305 1797 1868
2 325 1454
2 255 1842
0
3 295 824 1585
0
1 1822
6 321 350 360 412 1022 1164
4 350 536 696 1092
2 157 1455
1 609
0
6 63 149 166 646 709 1794
1 63
0
3 97 405 1144
1 63
5 335 337 489 952 1283
2 1268 1354
3 709 925 952
9 204 556 635 666 1203 1289 1659 1740 1852
0
3 995 1262 1848
3 97 1461 1498
3 401 449 1392
2 395 1849
6 635 885 952 1125 1481 1876
1 635
0
2 504 610
0
0
0
1 1102
2 724 1876
4 97 342 460 1083
0
2 105 609
4 758 1461 1822 1841
0
0
1 826
0
1 256
0
0
7 113 300 487 837 986 1145 1852
0
2 300 1448
0
0
0
1 650
1 990
0
1 113
1 1145
0
0
3 190 350 1058
0
0
5 305 866 1000 1138 1191
0
2 1610 1729
1 1191
0
0
0
5 399 622 885 1170 1606
0
4 913 970 1078 1262
7 84 391 411 931 1204 1328 1535
0
3 795 920 1773
4 391 728 822 1673
3 65 1098 1251
2 65 411
2 65 795
0
2 763 1262
3 65 159 1589
3 1231 1673 1761
0
0
7 411 961 1042 1372 1489 1560 1606
6 391 822 907 913 972 1673
0
1 347
0
0
3 763 795 970
5 344 762 1055 1524 1560
2 855 1171
1 889
0
0
3 782 1007 1568
1 1358
5 692 999 1081 1417 1549
0
0
13 160 321 549 624 763 1189 1232 1420 1577 1585 1596 1659 1685
3 547 1568 1872
4 861 1226 1309 1769
2 1596 1675
1 1512
4 733 844 1498 1872
1 547
2 720 1789
1 1303
6 473 610 670 850 1675 1827
0
2 158 679
1 1769
0
6 104 345 810 1339 1539 1558
1 733
3 159 335 1694
1 1399
3 67 221 824
1 67
4 67 114 168 379
0
0
1 67
2 419 1344
0
0
1 1344
0
4 419 773 1405 1493
0
0
8 147 510 828 1047 1164 1300 1405 1531
0
0
1 88
0
1 824
1 1001
3 648 1001 1139
8 189 520 725 999 1058 1330 1576 1850
0
0
0
2 430 1802
0
1 1742
0
1 1864
0
0
1 309
3 87 423 1543
2 709 1641
1 303
2 1102 1144
0
2 246 859
0
0
0
1 1043
0
0
1 680
2 1421 1874
1 1467
0
1 745
4 380 745 786 1029
1 1069
0
0
1 1118
1 70
0
0
7 137 164 165 1036 1136 1293 1662
0
0
1 70
3 70 582 589
1 70
0
0
2 70 599
0
0
6 113 122 211 987 1058 1576
0
1 1350
0
0
4 430 1125 1308 1864
1 437
1 189
1 1276
0
0
0
0
2 821 859
1 1627
1 1002
0
1 1316
5 623 976 1305 1310 1472
1 1348
0
7 361 901 987 1262 1500 1589 1817
0
1 1348
1 88
0
0
3 72 105 914
0
0
0
0
1 990
1 72
2 72 1061
2 72 291
0
1 1716
1 72
1 749
2 152 408
0
1 831
0
2 609 914
0
0
0
0
0
0
0
0
1 1540
0
0
0
0
0
2 1647 1748
1 73
0
0
1 1549
0
3 597 1190 1442
1 716
0
0
4 866 1731 1756 1844
2 1076 1331
2 1639 1731
1 433
0
0
2 323 1695
0
6 347 581 890 1171 1589 1769
0
0
0
2 74 428
0
1 777
1 1004
0
0
1 74
1 74
4 74 233 510 1193
0
0
2 74 193
0
1 238
0
2 238 730
0
0
0
0
0
1 238
1 1029
0
0
0
1 211
0
0
2 428 1815
0
2 100 238
1 1549
6 278 437 1276 1316 1566 1812
0
0
5 733 844 1120 1533 1763
0
0
2 243 454
1 648
1 278
1 76
0
1 1337
0
0
1 1346
1 76
2 76 544
3 76 314 452
0
0
1 76
0
0
0
1 327
0
0
3 191 244 1571
0
0
4 207 832 1057 1326
0
0
1 191
4 544 1016 1280 1737
1 721
0
0
2 255 1016
0
0
0
0
0
1 361
0
2 1617 1798
0
0
0
7 361 656 718 844 1500 1789 1792
0
0
0
0
1 77
0
0
0
0
0
1 77
1 77
1 77
0
1 384
3 77 787 1016
0
0
0
0
1 532
0
0
0
0
1 111
0
0
0
0
0
0
0
0
0
0
0
0
9 342 437 513 1190 1215 1704 1707 1718 1730
1 78
2 92 1171
0
0
1 380
2 1560 1731
1 78
2 78 92
1 78
0
1 1143
10 78 208 430 484 569 931 973 990 1417 1734
0
1 159
0
2 961 1193
0
0
0
1 411
0
0
0
0
0
0
0
0
0
0
0
0
0
2 1141 1739
0
1 1739
0
0
0
0
0
0
0
2 79 1063
0
0
2 414 1581
0
0
1 79
1 79
2 79 414
0
0
1 79
0
0
1 414
1 1739
0
0
0
0
0
2 1516 1779
0
0
0
0
0
0
1 1506
1 1506
2 1023 1506
0
3 315 719 873
3 151 262 302
14 104 122 191 262 300 316 426 661 914 1101 1599 1704 1781 1789
1 671
0
12 104 122 256 321 426 532 587 671 702 1153 1350 1577
5 661 663 671 702 1107
0
0
2 226 702
0
3 293 966 1145
0
1 81
0
0
1 81
1 1599
2 1001 1599
1 768
0
1 1661
2 104 954
0
0
0
0
0
2 154 898
4 147 168 897 1752
0
1 1872
0
2 147 933
2 233 1498
0
0
1 933
4 122 721 933 1346
3 106 1107 1661
2 824 1882
0
2 193 1737
1 1346
0
1 260
1 1337
0
0
1 1068
0
0
0
0
3 497 1068 1411
0
0
4 159 306 1292 1794
0
1 84
1 84
3 84 391 961
0
0
2 84 1231
0
4 347 1719 1764 1795
2 1193 1843
0
0
0
0
0
0
1 431
2 581 961
0
0
2 1204 1735
0
0
1 1042
0
1 431
1 1761
2 334 872
0
1 1326
2 92 794
0
0
0
1 1108
0
0
1 525
0
1 86
3 1050 1573 1763
1 1323
0
2 164 1763
0
6 86 97 859 1108 1686 1849
2 86 1434
7 86 243 314 582 657 741 1090
1 1434
0
4 86 165 546 1434
1 546
1 165
0
2 165 525
0
2 518 525
1 525
1 165
2 1481 1549
2 106 644
0
0
1 978
2 661 1661
0
0
0
3 1190 1265 1434
2 156 922
3 510 676 1126
3 745 1237 1575
1 87
2 87 1006
4 87 453 1214 1808
0
0
1 87
0
7 273 299 426 431 1090 1367 1596
0
0
1 1463
0
0
1 605
0
1 1077
1 1751
1 1144
0
1 1102
0
0
3 453 605 1775
0
0
0
0
2 88 693
0
2 1461 1802
0
1 701
0
1 1167
0
1 1192
0
0
0
0
0
0
0
0
0
0
0
0
6 175 567 1136 1287 1606 1640
0
4 604 1068 1642 1853
6 480 772 1330 1339 1367 1876
2 648 895
0
0
6 270 1123 1131 1134 1392 1672
2 482 1231
2 724 867
3 494 581 742
9 567 610 788 1086 1392 1481 1558 1563 1751
1 1168
1 866
2 346 1168
1 433
0
2 788 1042
11 453 581 601 786 970 1086 1150 1168 1524 1700 1793
0
2 1108 1295
0
2 1305 1762
0
0
0
0
1 91
0
0
1 1849
0
2 608 1483
0
2 262 608
1 635
0
0
2 608 1483
0
0
0
0
0
0
1 1377
0
0
2 118 1573
1 993
3 92 399 544
0
3 697 1017 1224
0
2 730 1575
2 1017 1224
3 265 1017 1272
0
6 118 159 795 1086 1150 1256
1 1193
1 1719
1 1150
1 327
6 327 433 1134 1310 1675 1879
0
0
0
2 278 1703
0
2 327 1171
2 265 820
3 587 807 1789
0
0
0
0
5 347 1560 1731 1824 1879
0
0
0
0
12 106 118 336 696 850 920 1056 1323 1568 1775 1804 1829
2 950 1174
2 1256 1610
4 1090 1244 1573 1797
0
3 990 1256 1471
0
2 542 1875
0
4 547 1379 1707 1784
0
3 931 1332 1512
0
2 244 545
1 1016
0
2 191 624
0
0
9 168 205 233 379 786 957 1095 1405 1575
1 1748
0
2 460 482
0
4 431 703 1042 1095
1 1730
0
4 460 1040 1095 1739
0
0
0
0
7 447 720 766 786 976 1244 1763
1 748
3 123 482 1626
1 673
1 1727
0
0
0
0
1 408
0
0
0
0
0
1 1379
2 830 1755
4 103 379 428 510
1 1540
0
0
0
0
1 1427
6 350 1051 1153 1379 1427 1886
0
0
0
2 830 1659
1 1502
4 863 1029 1742 1775
4 855 1323 1406 1567
1 855
2 855 1462
2 100 1807
1 100
4 100 855 863 1098
1 863
1 863
6 100 344 649 747 1332 1797
5 649 747 1007 1406 1827
0
0
0
3 314 452 1827
0
0
0
0
0
0
2 863 1495
0
0
5 649 1007 1167 1332 1827
0
1 930
0
0
0
0
2 220 357
2 1567 1703
1 1775
0
4 101 727 730 1682
0
0
0
1 183
0
3 101 567 1455
1 101
1 101
1 1244
0
1 101
0
0
4 220 920 1247 1585
0
0
0
0
0
0
0
0
0
0
0
0
0
0
0
1 1234
0
0
2 487 1337
0
0
5 295 452 721 1367 1703
0
0
0
2 522 1885
1 181
2 211 1598
1 1470
0
4 242 609 1515 1555
0
0
0
0
0
0
1 103
1 103
1 103
0
0
1 103
0
1 512
0
1 1349
0
1 541
0
0
0
0
0
1 799
1 1201
0
0
3 1017 1056 1567
0
0
1 1224
0
0
1 251
0
2 878 1036
1 251
2 349 1071
7 414 546 780 1255 1616 1759 1885
9 251 292 349 702 769 1100 1536 1704 1885
0
0
4 661 768 804 1071
0
0
0
2 265 1822
1 768
0
3 1071 1493 1538
0
0
0
1 1657
0
0
1 1540
0
0
0
1 291
0
0
0
1 106
0
0
6 433 489 633 1135 1204 1558
0
1 1793
2 183 452
0
1 193
3 560 989 1879
0
0
1 118
0
0
0
1 1793
0
1 1606
0
0
0
2 262 1536
5 295 314 403 487 1330
0
0
4 362 719 804 873
2 880 1691
6 614 880 883 1153 1427 1626
1 1331
2 985 1467
0
0
0
1 295
4 406 559 880 1573
0
0
8 406 697 872 1060 1246 1737 1797 1842
0
1 589
1 769
0
5 489 1536 1647 1688 1885
0
2 1484 1730
0
0
0
3 513 639 1849
0
0
1 951
0
0
0
0
1 1116
0
2 110 1704
0
3 946 1058 1661
0
0
0
1 110
1 110
1 110
0
0
1 110
0
0
0
0
0
0
0
0
0
0
2 526 763
2 946 971
0
1 596
0
0
2 489 513
1 430
2 769 946
2 1577 1727
0
0
1 687
2 532 535
1 111
1 111
2 111 782
1 718
0
1 111
1 1773
1 718
1 410
1 1773
0
0
2 220 1802
0
3 782 1098 1773
0
10 183 244 316 782 882 920 1251 1326 1513 1792
2 384 879
0
0
1 1802
0
0
2 1251 1792
2 410 718
0
0
1 1864
2 862 877
0
2 175 1102
5 337 409 437 1123 1715
0
2 1107 1599
1 113
0
0
1 362
0
0
0
0
0
0
0
1 1663
0
0
0
1 255
0
0
0
0
1 1857
3 147 379 1199
2 933 1857
2 168 741
0
3 741 1215 1857
0
0
0
3 211 512 1169
1 544
0
2 251 647
0
1 200
1 1617
3 787 1369 1886
1 1455
0
0
1 309
0
2 145 1060
1 425
0
1 145
0
3 145 1370 1388
0
0
0
0
1 117
0
0
0
0
0
1 117
1 117
1 117
0
1 1095
1 117
0
0
0
0
0
0
1 1508
0
0
0
0
0
0
0
3 1234 1247 1703
0
0
0
0
0
0
0
1 406
3 170 1357 1785
0
1 1742
0
0
0
0
0
0
0
0
0
1 1578
2 298 959
0
0
0
0
3 172 184 730
0
0
1 349
0
1 1507
0
0
0
0
0
7 277 299 673 1246 1287 1300 1725
1 1234
0
1 1672
0
0
0
0
1 1543
0
1 265
1 1524
0
1 1483
0
0
1 1672
0
0
0
0
6 377 1036 1220 1305 1642 1761
1 607
0
2 1108 1886
0
0
0
0
1 987
0
0
0
0
0
0
0
0
1 647
0
0
1 123
1 123
0
0
1 123
0
0
0
0
0
0
4 204 1316 1579 1617
3 994 1006 1356
0
2 460 1083
0
0
0
0
0
0
6 290 1126 1154 1319 1484 1848
0
0
0
0
1 1242
0
0
1 1050
0
0
0
1 1098
3 264 1199 1829
0
0
0
0
0
0
1 126
0
0
0
0
0
1 126
1 126
1 126
0
0
1 126
0
0
0
0
0
0
0
3 380 484 1227
0
0
0
0
0
1 850
0
0
0
0
2 1693 1872
0
0
0
0
0
0
0
0
1 1050
0
0
0
0
0
0
1 1545
1 1392
0
2 862 1862
0
1 837
0
0
3 291 1124 1496
0
0
3 837 1250 1260
3 189 837 1448
1 748
0
7 278 815 973 1060 1427 1496 1817
2 136 608
2 1417 1762
1 342
0
0
1 1738
2 1083 1701
0
1 1090
0
0
0
0
0
10 384 535 543 616 794 849 1251 1617 1792 1793
0
0
0
0
0
1 605
2 1107 1169
1 939
0
1 1030
0
3 404 1029 1862
1 794
0
1 1379
2 685 1535
2 685 1227
0
0
0
0
0
1 614
0
1 1471
8 673 970 1227 1319 1613 1626 1748 1758
4 560 1110 1738 1848
1 788
0
0
0
1 1405
1 1276
1 1295
1 256
0
0
0
0
0
0
0
0
1 136
1 136
0
4 639 1131 1247 1458
6 136 748 1123 1354 1673 1848
1 1751
0
0
0
1 299
0
1 1077
2 442 1136
3 423 1743 1825
2 1077 1496
0
1 1848
0
2 1168 1524
0
0
0
0
1 1272
2 1367 1738
0
2 1100 1538
0
2 1662 1849
0
0
0
1 1244
0
2 432 1319
1 1538
0
2 243 878
0
0
0
1 1773
3 880 1018 1529
2 1287 1369
0
0
0
0
5 256 291 677 910 1640
0
0
0
1 764
0
0
0
0
0
1 1056
2 142 1055
0
0
1 1331
0
0
4 142 764 1535 1748
1 142
1 142
0
0
1 142
0
0
0
0
0
0
0
3 234 405 1272
0
0
4 384 535 1272 1363
0
0
1 764
0
1 193
0
3 405 1202 1214
0
0
1 487
0
1 1023
0
2 175 995
0
2 377 1750
0
1 994
3 145 587 966
0
0
0
1 1301
0
0
0
0
0
0
2 623 1369
0
0
0
2 290 1746
2 425 623
1 690
0
0
0
1 868
2 1200 1842
0
2 1339 1467
0
0
0
1 787
1 379
0
0
0
0
0
4 519 685 949 1256
0
2 473 519
1 965
0
1 1598
6 799 820 923 1006 1040 1199
1 419
0
0
1 820
1 1576
0
0
1 362
0
3 203 519 999
1 1618
1 837
1 788
4 149 423 639 1446
4 149 618 1446 1852
2 149 1446
2 233 1077
0
5 149 639 646 812 1144
0
2 512 618
0
1 972
0
1 786
2 423 972
5 660 976 1214 1217 1232
2 768 972
0
2 405 453
1 1446
0
0
2 646 1104
0
1 1382
1 618
1 987
0
0
3 214 1083 1463
2 607 625
2 525 1626
2 560 1634
3 1068 1513 1835
0
1 715
0
4 1036 1295 1356 1662
1 963
0
0
9 671 719 804 820 1100 1215 1508 1536 1688
3 513 719 1071
1 1702
0
1 986
2 1455 1879
1 667
0
1 1276
0
0
5 769 799 1217 1356 1421
0
0
1 990
1 1716
1 1762
1 1716
1 1287
1 1864
1 1716
0
0
0
0
0
0
1 1627
1 1642
0
0
2 604 1555
3 604 1063 1640
0
1 961
0
0
0
0
0
2 799 1421
0
0
0
2 1406 1778
0
1 1681
0
0
0
1 745
0
0
1 1013
0
0
0
1 813
0
1 154
2 154 1346
1 154
0
0
1 154
1 327
0
0
1 409
1 1744
0
0
0
0
0
0
0
0
0
0
0
0
0
0
0
0
0
1 408
0
0
1 593
0
0
3 623 1326 1538
0
0
0
1 1041
0
0
1 1050
0
0
1 156
1 156
1 156
0
0
1 156
0
1 922
0
0
0
0
1 546
0
0
1 922
1 922
1 271
0
0
0
0
0
1 1050
0
1 299
0
0
0
0
8 645 883 1153 1246 1402 1535 1677 1842
1 1804
0
2 883 1718
0
1 697
0
0
0
0
1 461
0
0
0
0
1 1089
0
0
0
0
0
0
0
0
0
0
0
0
0
0
0
0
2 1332 1639
0
0
4 593 900 1055 1545
2 1120 1136
1 1825
2 647 1784
1 1098
0
1 1089
0
0
0
0
0
1 1247
0
0
1 1767
1 1272
0
0
4 484 871 1086 1589
0
1 1055
0
1 1524
0
0
0
0
0
1 799
2 900 1461
0
3 380 593 1042
0
0
0
1 901
0
1 1842
0
0
0
1 794
0
0
0
0
0
0
0
1 1199
0
4 295 406 945 1341
0
0
1 1007
0
0
0
0
2 1232 1246
0
1 1214
1 889
1 973
1 290
2 844 1685
0
1 234
2 367 1685
1 766
1 994
3 230 614 625
2 930 1170
0
0
0
1 399
0
0
0
0
0
0
0
0
0
0
0
0
0
4 245 409 790 1421
2 508 666
0
1 1274
0
0
1 1508
1 508
0
1 659
4 946 972 1463 1575
2 1101 1702
1 1808
1 646
0
0
0
0
0
0
0
0
0
1 1489
3 768 849 1232
0
0
0
0
1 1795
1 512
1 1224
0
1 170
1 170
1 170
0
1 820
1 170
0
0
0
0
0
2 1240 1594
0
0
1 893
0
1 508
0
0
1 541
0
0
0
0
0
0
1 1200
1 171
1 171
2 171 1844
1 1700
2 859 1762
4 171 349 364 1844
0
0
0
0
1 535
0
1 1844
0
0
0
0
0
0
0
0
0
0
0
0
0
0
0
1 1265
0
2 172 1579
3 172 1507 1886
1 172
0
0
2 172 649
0
0
0
0
2 1579 1624
0
1 1323
0
0
0
0
0
0
1 1229
0
0
0
0
1 901
0
4 645 1471 1551 1700
0
1 1459
0
1 1662
1 1605
2 346 910
0
3 1101 1411 1543
1 1077
0
0
1 1481
1 598
0
0
0
2 189 426
2 616 1358
0
0
0
1 175
0
0
0
0
0
0
0
0
0
0
0
0
1 1484
1 393
0
0
0
0
0
0
2 966 1826
4 541 966 1242 1507
0
0
0
0
0
0
0
0
0
0
0
2 1141 1702
0
0
0
0
2 866 1784
1 1507
1 1295
0
0
0
0
0
0
1 180
0
0
0
0
0
1 180
1 180
1 180
0
0
1 180
0
0
0
0
0
0
0
0
0
0
0
0
0
0
0
0
0
0
0
0
0
1 405
0
0
0
0
1 1555
0
0
1 1495
0
0
0
0
0
0
1 244
1 794
1 1357
0
0
0
0
0
1 182
0
0
0
0
0
1 182
1 182
1 182
0
0
1 182
0
1 183
1 805
4 666 1316 1506 1817
0
0
1 901
1 1360
0
0
2 484 1063
0
0
1 692
3 593 805 1540
1 369
1 666
0
0
0
0
0
0
0
0
0
0
0
0
1 764
0
0
0
0
1 862
0
3 616 1083 1463
0
0
0
1 1532
0
0
0
0
0
1 1483
2 1227 1730
0
0
0
2 1727 1784
1 645
0
0
0
1 742
1 482
0
2 660 1006
0
0
1 815
0
1 616
1 1489
0
0
1 1357
0
0
0
2 559 697
0
0
0
0
0
0
0
0
0
0
0
2 1358 1625
0
0
0
0
2 883 900
0
2 930 1478
0
0
2 493 719
0
3 337 604 1470
0
0
2 646 1421
0
0
0
0
0
0
0
1 1853
0
0
0
0
0
0
0
0
0
0
0
0
0
0
0
2 1150 1358
0
3 377 772 1862
1 1089
0
0
0
0
0
0
0
2 234 815
2 804 986
1 872
0
1 872
0
1 1051
0
0
0
1 685
0
0
6 930 1051 1056 1242 1265 1819
1 541
1 1513
0
0
1 1891
0
1 1214
1 1681
0
0
1 1489
1 1677
0
2 1535 1677
0
2 192 1677
0
0
2 1727 1795
0
0
3 192 1748 1758
1 192
3 192 1428 1677
0
0
1 192
0
0
2 815 1143
0
0
0
1 508
1 783
0
0
0
1 413
1 1758
2 447 774
0
0
0
1 949
0
1 1645
0
0
0
0
1 1737
1 965
0
1 1829
0
1 364
0
0
1 364
0
0
0
0
1 805
1 346
2 242 1705
0
0
0
0
0
0
2 951 1605
0
1 497
0
0
0
0
0
0
3 690 1295 1411
0
0
0
2 383 830
1 196
1 196
1 196
0
1 548
1 196
0
1 1382
1 1169
0
0
0
1 629
0
0
0
0
0
0
0
1 1201
0
0
0
0
1 741
0
0
0
0
0
0
0
2 517 1505
0
0
1 1136
0
0
0
0
0
0
2 1063 1260
0
0
0
0
0
0
0
3 582 1617 1827
0
0
1 200
1 200
0
0
1 200
0
0
0
0
0
0
0
1 1853
0
0
0
2 693 1201
0
0
0
0
0
0
0
0
0
0
1 298
0
0
0
0
0
0
0
2 1283 1758
1 203
2 203 559
1 203
0
0
1 203
1 1051
0
0
0
0
1 1534
0
0
2 1170 1543
0
0
0
0
0
1 447
0
0
0
0
1 1819
0
2 1682 1738
0
1 346
1 273
0
0
0
0
0
0
0
0
0
0
0
1 205
1 205
1 205
0
0
1 205
0
0
0
0
0
0
0
0
0
0
0
0
0
0
0
0
0
0
0
0
0
0
0
0
0
1 1507
0
0
0
0
0
0
1 1283
1 273
1 693
0
1 625
0
0
1 1143
0
0
0
0
1 1516
0
0
0
1 1283
0
0
0
0
0
0
1 234
2 986 1215
0
1 425
1 425
0
0
0
0
0
0
0
0
1 1301
2 425 623
0
1 1627
0
1 1060
1 1819
0
0
0
2 1369 1503
0
1 489
0
3 965 1545 1672
0
0
0
0
0
0
1 1515
2 1337 1349
0
0
0
0
0
0
0
0
0
0
0
0
0
0
0
0
2 910 1681
0
1 214
1 214
1 214
0
0
1 214
0
0
0
0
1 673
0
0
1 922
0
0
0
0
0
1 950
0
1 362
0
0
0
0
1 1255
0
0
0
0
0
0
0
0
0
0
0
0
0
0
0
0
0
2 607 1729
0
0
0
0
0
1 1089
0
0
0
0
0
0
0
0
0
0
1 220
0
2 849 1792
1 849
0
0
0
1 1825
0
0
0
0
0
0
1 1743
0
0
0
0
0
0
0
1 1201
0
0
0
1 1515
0
0
0
1 1141
0
1 1857
0
1 1513
1 690
0
4 1458 1516 1543 1876
0
0
0
0
0
0
0
0
0
0
0
0
0
0
1 224
0
0
0
0
0
1 224
1 224
1 224
0
0
1 224
0
0
1 1123
0
0
0
0
0
0
0
0
0
0
0
0
0
0
0
0
0
1 1349
0
0
0
0
0
0
1 1702
0
1 693
0
1 517
0
0
1 245
0
0
0
0
0
0
0
0
0
0
0
0
3 645 692 1795
0
0
0
0
0
0
0
0
0
0
0
0
0
0
0
0
0
0
0
0
2 1322 1579
2 666 1134
0
1 1534
1 1804
1 1237
0
0
1 230
1 230
1 230
0
0
1 230
0
0
1 1023
0
0
2 966 1073
0
0
0
0
0
0
0
0
0
0
0
0
0
0
0
0
0
0
0
0
0
0
0
0
0
0
0
0
1 1761
1 994
0
0
0
0
0
0
0
0
0
1 884
0
0
1 447
1 315
0
1 766
1 298
0
0
1 1685
1 1206
1 1750
0
0
0
0
0
0
0
0
0
0
0
0
0
0
2 1411 1853
0
0
2 237 377
4 260 298 1489 1758
2 260 447
0
0
0
2 237 1444
1 237
1 237
0
2 260 542
1 237
0
0
0
0
0
2 900 1428
0
0
0
0
0
0
0
0
0
0
0
0
0
0
1 1706
0
0
0
0
0
0
0
0
0
0
1 264
0
2 1167 1406
0
0
0
1 1301
0
1 862
0
0
1 1260
2 423 1650
1 409
0
0
0
0
0
0
1 361
0
0
0
2 242 1234
1 242
1 560
1 1682
1 242
0
0
0
0
1 1200
0
1 1428
0
0
1 1844
0
0
0
0
0
0
0
0
0
0
2 243 1862
0
0
0
0
0
0
0
3 337 432 1023
0
3 432 676 748
1 914
0
0
0
0
1 1605
0
0
0
1 878
0
0
0
0
1 1357
0
0
0
0
0
0
1 1357
0
0
0
0
1 245
1 245
0
0
1 245
0
0
0
0
0
0
0
0
0
0
0
1 1349
0
0
0
0
2 923 1603
0
0
0
0
0
0
0
0
0
1 524
0
0
1 656
1 985
0
0
1 985
1 477
0
0
0
0
0
0
0
0
0
0
0
0
0
0
0
0
0
0
0
0
0
0
0
0
0
0
1 1663
0
0
0
0
0
0
0
0
0
0
0
0
1 1807
0
0
0
0
0
0
1 442
0
1 1348
0
0
3 532 733 920
0
1 417
0
1 1743
1 1055
0
0
0
0
0
0
0
0
0
0
0
1 1567
0
0
0
1 872
0
0
0
2 692 901
0
1 676
1 443
0
2 256 1052
0
0
2 1206 1515
2 291 1265
0
0
0
0
0
0
0
0
1 749
0
0
0
1 615
0
0
0
0
0
1 625
1 559
0
0
0
1 945
0
1 945
0
0
0
0
0
1 1594
0
0
0
1 367
0
0
0
0
0
0
1 260
0
0
0
0
0
0
0
1 1444
2 909 1444
0
0
1 1444
0
1 1496
0
0
0
0
0
0
0
0
1 1624
2 782 1206
0
0
0
0
1 1688
0
2 315 986
0
0
0
0
0
0
0
0
0
0
0
0
0
0
1 1508
0
0
1 747
1 264
1 264
0
0
1 264
0
0
0
1 494
0
0
0
0
0
0
3 985 1693 1890
0
0
0
0
0
1 1804
0
0
1 538
0
0
0
0
1 871
0
0
0
0
0
0
0
0
0
0
0
0
0
0
0
0
0
0
0
0
1 367
1 541
0
0
0
0
0
1 1350
0
0
0
0
0
0
0
1 542
0
0
0
0
1 369
1 1835
0
0
0
0
1 742
1 337
0
1 1126
0
0
0
1 1232
0
0
0
0
0
0
1 271
1 271
1 271
0
0
1 271
0
0
0
0
0
0
0
0
0
0
1 1422
0
0
0
0
0
0
0
0
0
0
0
1 1215
0
3 660 923 957
0
0
0
0
1 273
0
1 298
0
0
0
0
0
1 1495
0
0
0
0
0
0
0
0
0
1 1750
0
0
0
0
0
0
0
0
0
0
1 274
0
1 1716
0
0
0
1 274
1 274
1 274
0
0
1 274
0
0
0
0
0
0
0
0
0
0
0
0
0
0
0
2 1007 1054
0
0
0
0
1 353
0
0
0
0
0
0
0
0
0
1 1484
0
0
1 276
0
0
0
0
0
1 276
1 276
1 276
0
0
1 276
0
0
0
0
0
0
0
0
0
0
0
0
0
0
0
0
0
0
0
0
0
1 1167
1 494
1 1700
0
0
0
0
0
0
1 1237
1 1382
0
3 762 871 1428
0
0
0
0
0
0
0
0
0
0
1 1458
0
0
0
0
0
0
1 690
0
1 367
2 542 1101
0
1 951
0
0
0
0
0
0
0
0
0
0
0
0
0
0
0
0
0
0
0
0
0
0
0
0
0
0
0
0
0
0
0
0
0
0
0
0
1 461
0
0
1 461
0
0
0
0
0
0
1 287
0
0
0
0
0
1 287
1 287
1 287
0
1 353
1 287
0
0
0
0
0
0
0
0
0
0
0
0
0
0
0
0
0
0
0
0
0
0
0
0
0
0
0
0
1 1624
0
0
0
0
1 290
0
0
0
0
0
0
0
1 519
0
1 1027
0
0
0
0
0
1 442
0
0
0
0
0
0
0
0
0
1 831
1 831
0
0
0
0
0
1 677
0
1 831
0
0
0
0
0
0
1 303
0
0
1 1663
0
0
0
0
0
0
0
0
0
0
0
0
0
0
0
2 783 945
0
1 1341
0
0
2 616 1251
0
0
0
0
0
0
0
0
0
0
0
0
0
0
0
0
0
0
1 599
0
1 1170
0
2 1341 1693
0
0
0
0
0
0
0
1 871
0
1 1341
0
0
0
0
0
0
0
0
0
0
0
2 1110 1143
0
1 883
0
0
0
0
0
2 618 949
0
4 526 951 982 1116
0
0
0
0
0
0
1 1863
0
0
0
0
0
0
0
0
0
1 825
0
2 825 1594
0
0
0
0
0
0
1 1688
1 315
0
0
0
0
0
0
0
0
1 303
1 303
0
0
1 303
0
0
0
0
0
0
0
0
0
0
0
0
0
1 1682
0
1 389
0
0
0
0
0
0
0
0
1 1349
0
0
0
1 517
0
0
0
0
0
0
0
0
0
0
0
0
0
2 599 1242
0
0
0
0
0
0
0
0
0
0
0
0
0
0
0
0
0
0
0
0
0
2 677 1853
0
0
0
0
0
0
0
2 885 1627
0
0
0
0
0
0
0
0
0
1 1545
0
2 497 599
0
0
0
0
0
0
0
0
0
0
0
0
0
0
0
1 1721
0
1 1701
1 1684
1 923
0
0
1 1422
1 315
0
0
0
0
0
0
0
0
0
0
0
0
0
0
0
0
0
0
0
0
0
0
0
0
0
0
0
0
0
0
0
0
0
0
0
0
0
0
0
0
0
0
0
0
0
1 319
0
0
0
0
1 1743
1 319
1 319
1 319
0
0
1 319
0
0
0
0
0
1 1594
0
0
0
0
0
0
0
0
1 1693
0
0
0
0
0
0
1 346
0
0
0
0
0
0
0
0
0
0
1 493
1 493
0
0
1 322
0
0
0
0
0
1 322
1 322
2 322 1463
1 1255
0
1 322
0
0
0
0
0
1 1200
0
0
1 871
1 749
0
0
1 874
0
0
1 949
0
0
0
0
0
0
0
0
0
0
0
0
0
0
0
0
0
0
0
0
0
0
0
0
0
0
0
0
0
1 334
1 334
1 334
0
1 874
0
0
0
0
0
2 930 1051
0
0
0
0
0
1 1624
0
0
0
1 460
0
0
1 1466
0
0
1 879
0
0
0
0
0
0
0
0
0
0
0
0
0
0
0
1 1563
0
0
0
0
1 334
0
0
0
0
0
0
1 874
0
0
0
0
0
0
0
0
0
0
0
0
0
0
0
0
0
0
0
0
0
1 692
0
0
0
1 1358
0
0
0
1 1360
0
2 1351 1578
0
0
0
1 357
0
0
0
0
0
0
0
0
0
0
0
0
0
0
0
0
0
0
0
0
0
0
0
1 644
0
0
0
0
0
0
0
0
0
0
1 338
0
0
0
0
0
1 338
1 338
1 338
0
0
2 338 957
0
0
0
0
0
0
0
0
0
0
0
0
0
0
0
0
0
0
0
0
0
1 1444
0
0
0
0
0
1 660
0
0
0
0
0
0
0
0
0
0
2 766 1534
0
0
0
0
0
0
0
0
1 957
0
0
0
2 343 910
3 1210 1563 1701
0
0
0
0
1 343
1 343
1 343
4 647 1210 1478 1701
0
2 343 1210
0
0
1 965
1 1116
0
2 1478 1563
0
0
0
0
1 493
0
0
0
1 884
0
0
0
0
0
0
0
0
0
0
0
0
0
0
0
0
0
0
0
0
0
0
0
0
0
0
0
0
0
0
0
0
1 1728
0
0
0
0
1 1172
0
0
4 494 1613 1700 1784
0
0
0
0
1 1110
0
1 1206
0
0
0
0
1 664
0
0
0
0
0
0
0
0
0
0
0
1 790
0
0
0
2 517 790
1 1555
0
0
0
0
0
0
0
0
0
0
2 629 1201
0
0
0
1 353
0
0
1 353
0
0
0
0
0
0
0
0
0
0
0
0
0
0
0
1 693
0
0
0
0
0
1 1883
1 1169
0
0
0
0
0
0
1 1465
0
0
0
0
0
0
1 959
1 1631
0
0
0
0
0
0
0
0
0
0
1 357
1 357
0
0
1 357
0
0
0
0
0
0
0
0
0
0
0
0
0
0
0
0
0
0
0
0
1 993
0
1 360
1 360
1 360
0
0
1 360
0
0
0
0
0
0
0
0
0
0
1 1116
0
0
0
0
0
0
0
0
0
0
0
0
0
1 384
0
0
0
0
0
0
0
0
0
0
0
0
1 1662
0
0
0
1 605
0
0
2 432 542
0
0
0
0
0
0
0
0
0
1 1013
0
0
0
0
0
0
1 1110
0
0
0
0
0
0
1 364
0
0
0
0
0
0
0
0
0
0
0
0
0
0
0
0
0
0
0
0
0
0
0
0
0
0
1 1458
0
0
0
1 1835
0
0
0
0
1 367
0
0
0
0
0
0
0
0
0
0
0
0
0
0
0
0
0
0
0
0
0
0
0
0
0
0
0
0
0
1 369
0
0
1 369
1 656
0
0
0
0
1 1344
0
0
0
0
0
0
0
0
0
0
0
0
0
0
0
1 497
0
1 413
0
0
0
0
0
0
0
0
0
1 1750
0
0
0
0
0
0
0
1 1685
0
1 1356
0
0
0
0
0
0
0
1 383
0
0
0
0
0
0
0
0
0
1 1021
0
0
0
0
1 656
0
0
0
0
0
0
0
0
0
0
0
0
0
1 1495
2 949 1804
0
0
1 1360
0
0
0
0
0
0
0
1 383
1 383
0
0
1 383
0
0
0
0
0
0
0
0
0
0
0
0
0
0
0
0
0
0
0
0
2 687 879
2 410 879
2 410 656
1 1802
1 879
0
0
0
2 535 1363
1 687
0
0
0
1 1274
1 1274
1 1237
0
0
1 1274
1 849
0
0
0
0
0
0
0
0
0
0
0
0
0
1 389
1 389
1 389
0
0
1 389
0
1 629
0
0
0
0
0
0
0
0
0
0
0
0
0
0
0
0
0
0
0
0
0
0
0
0
0
0
0
0
1 919
0
0
1 1728
0
0
0
0
0
0
1 393
1 393
1 393
1 1422
0
1 393
1 644
0
0
1 1301
0
1 644
0
0
0
0
0
0
0
0
0
0
0
0
0
0
0
1 1459
0
1 1613
0
3 1006 1202 1283
0
1 413
0
0
0
0
0
0
0
0
1 1751
0
0
0
0
0
0
0
0
0
0
0
0
0
1 993
1 1693
1 1829
3 993 1478 1578
0
0
2 747 1625
1 1625
2 923 1563
0
0
0
0
0
0
0
0
0
0
0
0
0
0
0
1 1104
0
0
0
0
0
0
0
0
0
0
0
1 1428
0
0
0
0
1 404
1 404
1 404
0
0
1 404
0
0
0
0
0
0
0
0
0
0
0
0
0
1 741
0
0
1 825
0
0
0
0
0
0
0
0
0
0
0
0
0
1 1492
1 959
0
0
0
0
0
0
0
0
0
0
0
0
1 1767
0
0
0
0
0
0
0
0
0
1 716
0
0
0
0
0
0
0
0
0
0
0
0
0
0
0
1 1260
0
1 1663
0
0
1 1624
0
0
0
0
0
0
1 410
0
1 1529
0
0
0
0
0
0
0
0
0
0
0
0
0
1 1363
0
1 1798
0
1 1529
2 959 1143
0
0
0
1 1013
0
0
0
2 526 1066
1 484
0
0
0
0
0
0
0
0
1 413
0
0
0
0
0
3 790 1255 1516
0
0
0
0
0
0
0
0
0
0
0
0
0
0
0
1 1319
0
2 1141 1516
0
0
0
1 1779
0
0
0
0
0
1 951
2 971 1116
1 1779
1 1779
1 415
0
0
0
0
1 1544
1 415
1 415
1 415
0
0
1 415
0
0
0
0
0
0
0
0
0
0
0
0
0
0
0
0
0
0
0
0
0
0
0
0
0
0
1 1835
0
0
0
0
1 417
1 417
1 417
0
0
1 417
0
0
0
1 727
0
1 727
0
0
0
0
0
0
0
0
0
0
0
0
0
0
1 1089
1 569
0
0
0
0
0
0
0
1 493
0
0
0
0
0
0
2 676 1054
0
2 526 971
0
0
1 1847
0
0
0
0
0
0
0
0
0
0
0
0
0
1 1205
1 1202
0
0
0
1 1515
0
1 1650
0
0
0
0
0
0
0
0
0
0
0
0
0
0
0
1 1210
0
0
0
0
0
0
0
0
0
0
0
0
0
0
0
0
0
0
0
0
0
0
2 1217 1554
0
0
0
0
0
0
0
0
0
1 1471
1 1234
0
0
1 676
0
0
1 612
0
0
0
0
0
0
0
0
0
0
1 569
0
0
0
0
0
0
0
1 742
0
1 1154
0
0
0
0
0
0
0
0
0
1 1054
0
0
0
0
0
0
0
0
0
0
0
0
0
0
0
0
0
0
0
0
0
0
0
0
0
0
0
0
0
0
0
0
0
0
0
0
0
0
1 1534
0
0
0
0
1 436
0
0
0
0
0
1 436
1 436
1 436
0
0
1 436
0
0
0
0
0
0
0
0
0
0
0
0
0
0
0
0
0
0
0
0
0
0
0
0
0
0
0
0
0
1 1819
0
0
0
0
0
0
0
1 971
0
0
0
0
0
1 1727
0
0
0
0
0
1 442
0
0
0
0
0
0
0
0
1 1718
0
0
0
0
0
0
0
0
0
0
0
1 443
1 443
0
0
1 443
0
0
0
2 805 856
0
0
0
0
0
0
0
0
0
0
0
0
0
0
0
0
0
1 1202
0
0
0
0
0
0
0
0
0
0
0
0
0
0
0
0
0
0
0
0
0
0
0
0
0
0
0
0
0
0
0
0
0
0
0
0
0
0
0
0
0
0
0
0
0
0
0
0
0
0
0
1 957
0
0
0
0
0
0
1 993
0
0
0
0
0
0
0
1 1505
0
0
0
0
0
0
1 1657
0
0
0
0
0
0
1 1718
0
0
0
0
0
0
1 569
0
0
0
0
0
0
0
0
0
0
0
0
0
0
0
0
0
0
0
0
0
0
0
0
0
0
0
0
0
0
0
1 461
0
0
0
0
0
0
0
0
2 494 1301
0
0
0
0
0
0
0
0
0
0
0
0
0
1 1625
1 468
1 1167
0
0
0
0
1 468
1 468
1 468
0
0
1 468
0
0
0
0
0
0
0
0
0
0
0
0
0
0
0
0
0
0
0
0
0
0
0
0
0
0
0
0
0
0
0
0
0
0
0
0
0
0
0
0
0
0
0
1 474
0
0
0
0
0
1 474
1 474
1 474
0
0
1 474
0
0
0
0
0
0
0
0
0
0
0
0
0
0
0
0
0
0
0
0
0
0
0
0
0
0
0
0
0
0
0
0
0
0
0
0
1 475
0
0
0
0
0
1 475
1 475
1 475
0
0
1 475
0
0
0
0
0
0
0
0
0
0
0
0
0
0
0
0
0
0
0
0
0
0
0
0
0
0
0
0
0
0
0
1 477
1 477
1 477
0
0
1 477
0
0
0
0
0
0
0
0
0
0
0
0
0
0
0
0
0
0
0
0
0
0
0
1 1154
0
0
0
0
0
0
0
0
0
0
0
0
0
0
0
0
0
0
1 1767
0
2 1091 1767
0
1 1613
0
0
0
0
0
0
0
0
0
0
0
0
0
0
0
0
0
1 1807
0
0
0
0
0
0
0
0
0
0
0
0
0
0
1 1495
0
0
0
0
0
0
0
0
0
0
0
0
0
0
0
0
0
0
0
0
0
0
0
0
0
0
0
0
0
0
0
0
0
0
0
0
0
0
0
0
0
0
0
0
0
0
0
0
0
0
0
4 687 825 1594 1726
0
0
0
0
0
0
0
0
0
0
0
0
0
0
0
0
0
0
0
1 884
0
1 884
0
0
0
0
0
0
0
0
0
0
1 1816
0
0
0
0
0
0
0
0
0
0
0
0
0
0
0
1 1219
0
0
0
0
0
0
0
0
1 1023
1 497
0
0
0
0
0
0
0
0
0
1 1411
0
0
0
0
0
0
0
0
0
0
1 1605
0
0
0
0
0
0
0
0
0
0
0
1 659
0
0
0
0
0
0
0
1 1154
0
0
0
0
0
0
0
1 1063
0
0
0
0
0
0
0
0
0
0
0
0
0
0
0
0
0
0
0
0
0
0
0
0
0
0
0
0
0
0
0
0
1 1891
0
0
0
0
0
0
0
0
0
0
0
0
0
0
0
0
1 1834
0
0
0
0
0
0
0
0
0
0
0
0
0
0
0
0
0
0
0
0
0
0
1 1065
0
0
0
1 516
0
0
0
0
0
1 516
1 516
1 516
0
0
1 516
0
0
0
0
0
0
0
0
0
0
0
0
0
0
0
0
0
0
0
0
0
0
0
0
0
0
0
0
1 1505
0
0
0
0
0
0
0
0
0
0
1 1505
0
0
0
0
0
0
0
0
0
0
0
0
0
0
0
0
0
0
0
0
0
0
0
0
0
0
0
0
0
0
0
1 1110
0
0
0
0
0
0
1 1640
0
0
0
0
0
0
0
0
0
0
1 1882
0
0
0
0
0
1 985
1 524
1 524
1 524
0
0
1 524
0
0
0
0
0
0
0
0
0
0
0
0
0
0
0
0
0
0
0
0
0
0
0
0
0
0
0
0
0
0
0
0
1 526
0
0
0
1 971
0
0
0
0
1 982
0
1 1532
0
1 596
0
0
2 982 1229
0
1 1044
0
0
0
0
0
0
0
0
0
0
0
0
0
0
0
0
0
0
0
0
0
0
0
1 1798
0
0
0
0
0
0
0
0
0
0
0
0
0
0
0
0
0
1 1237
0
0
0
0
0
0
0
0
0
0
0
0
0
0
0
0
0
0
0
0
0
0
0
1 538
1 538
1 538
0
0
1 538
0
0
0
0
0
0
0
0
0
0
0
0
0
0
0
0
0
0
0
0
0
0
0
0
0
0
0
0
0
0
0
0
0
0
0
0
0
0
0
0
0
0
0
0
0
0
0
0
0
0
0
0
0
0
0
0
0
0
0
0
0
0
0
0
0
0
0
1 783
0
0
1 856
0
0
0
1 596
0
0
0
0
0
0
0
0
0
0
0
1 701
0
0
0
0
0
0
0
0
0
0
0
0
0
0
0
0
0
1 659
0
0
0
0
0
0
0
1 1891
1 548
2 548 1891
1 548
0
0
2 548 1891
0
0
1 564
0
0
0
1 1882
0
0
0
0
0
0
0
0
0
0
0
0
0
0
0
0
0
0
0
0
0
0
0
0
0
0
0
0
0
0
0
0
0
0
0
0
0
0
1 1101
0
0
1 929
0
0
0
0
0
0
0
1 1835
0
0
0
0
0
0
1 727
1 1744
0
0
0
2 831 1061
0
0
0
0
0
1 1061
0
0
0
0
0
0
0
0
0
0
0
0
0
0
0
2 558 1779
0
1 1255
0
0
0
2 558 1141
1 558
1 558
0
0
1 558
0
0
0
0
0
0
0
0
0
0
0
0
0
0
0
0
0
0
0
0
0
2 559 1578
0
0
0
1 1863
0
0
0
0
1 1027
0
1 1027
0
0
0
0
0
0
0
0
0
0
0
0
0
0
0
0
0
0
0
0
0
0
1 1882
0
0
0
0
0
0
0
0
0
0
0
0
0
0
0
0
0
2 1406 1778
0
0
0
0
0
0
1 564
1 564
1 564
0
0
1 564
0
0
0
0
0
0
0
0
0
0
0
0
0
0
0
0
0
0
0
0
0
0
1 565
1 644
0
0
0
0
1 565
1 565
1 565
0
0
1 565
0
0
0
0
0
0
1 659
0
0
0
0
0
0
0
0
0
0
0
0
0
0
0
0
0
0
0
0
0
0
0
1 1322
0
0
0
1 569
0
0
0
0
0
0
0
0
0
0
0
0
0
0
0
0
0
0
1 574
0
0
0
0
0
1 574
1 574
2 574 1682
1 1705
0
1 574
0
0
1 1705
0
0
0
0
0
0
0
0
1 1351
0
0
0
0
0
0
0
0
0
0
0
0
0
0
0
0
0
0
0
0
0
0
0
0
0
0
0
0
0
0
0
0
0
0
0
0
0
0
0
0
0
0
0
0
1 1322
0
1 1351
1 701
0
0
0
0
0
0
0
0
0
0
0
0
0
0
0
0
0
0
0
0
0
0
0
0
0
0
0
0
0
0
0
0
0
0
0
1 1705
1 1073
1 1073
0
0
0
1 1073
0
0
0
0
0
0
0
0
0
0
0
0
0
0
0
0
0
0
0
0
0
0
0
0
0
0
0
0
0
0
0
0
0
0
1 1459
0
0
0
0
0
0
0
0
0
0
0
0
0
0
0
0
0
0
0
0
0
0
0
0
0
0
0
0
0
0
0
0
0
0
2 596 1054
0
0
1 596
0
0
0
0
0
0
1 1229
0
0
0
0
0
0
0
0
0
0
0
0
0
0
0
0
0
1 1613
0
0
0
0
0
0
0
0
0
0
0
1 599
0
1 1627
0
0
0
0
0
0
0
0
0
0
0
0
0
0
0
0
0
0
0
0
0
0
0
0
0
1 1701
0
0
1 1618
0
0
0
0
1 1618
0
0
0
0
0
0
0
0
0
0
0
0
0
0
0
0
0
0
0
0
0
0
0
0
0
0
0
0
0
0
0
0
0
0
0
0
1 1159
2 701 783
1 1774
0
0
0
0
0
1 1645
0
1 1341
2 1551 1681
2 783 945
1 1551
0
0
0
0
0
0
0
0
0
0
0
0
0
0
0
1 607
0
0
0
0
0
0
0
0
0
0
0
0
0
0
0
0
0
0
0
0
0
0
0
1 851
0
0
0
0
0
0
0
0
0
0
0
0
0
0
0
0
0
0
0
0
0
0
0
1 612
1 612
1 612
0
0
1 612
0
0
0
0
0
0
0
0
0
0
0
0
0
0
0
0
0
0
0
0
0
0
0
0
0
0
1 613
0
0
0
0
0
1 613
1 613
1 613
0
0
1 613
0
0
0
0
0
0
0
0
0
0
0
0
0
0
0
0
0
0
0
0
0
0
0
0
0
0
0
0
0
0
1 1744
0
1 615
2 615 677
1 615
0
0
1 615
0
0
0
0
0
0
1 749
0
0
0
0
0
0
0
0
0
0
0
0
0
0
0
0
0
0
0
0
0
0
0
0
0
0
0
0
0
0
0
0
0
0
0
0
0
1 1462
0
0
1 1663
0
0
0
0
0
0
1 1104
0
0
0
0
0
0
0
0
0
0
0
0
0
0
0
0
0
0
0
0
0
0
0
0
0
0
0
0
0
0
0
0
0
0
0
0
0
0
1 1847
0
0
0
0
0
0
0
0
0
0
0
0
0
0
0
0
1 629
0
0
0
0
1 1382
0
0
0
0
0
0
0
0
0
0
0
0
0
0
0
0
0
0
0
0
0
0
0
0
0
0
0
0
0
0
0
0
0
0
0
0
0
0
0
0
0
0
0
1 1104
0
0
0
0
0
0
0
0
0
0
0
0
0
0
0
0
0
0
0
0
0
0
0
0
0
0
0
0
0
0
1 1229
0
0
0
0
0
0
0
0
0
0
0
1 790
0
0
0
0
0
0
0
1 1795
0
0
0
0
0
0
0
0
0
0
0
0
0
0
0
0
0
0
0
0
0
0
1 1459
0
0
0
0
0
0
0
0
0
0
0
0
0
0
0
0
0
0
0
1 1529
0
0
1 899
0
0
0
0
0
0
0
0
0
0
0
0
0
0
0
0
0
0
0
0
0
0
0
0
0
0
0
0
0
0
0
0
0
0
0
0
0
0
0
0
0
0
0
0
0
0
1 1073
0
0
0
0
0
0
0
0
0
0
0
0
0
0
0
0
1 659
0
0
0
0
0
0
0
0
0
0
0
0
0
0
0
1 982
0
0
0
0
1 660
0
0
0
0
0
0
0
1 1582
0
0
0
0
0
0
0
0
0
0
1 1551
1 1013
0
0
0
0
0
0
0
0
0
0
0
2 1172 1718
0
0
0
0
0
0
0
0
0
1 664
1 664
1 664
0
0
1 664
0
0
0
0
0
0
0
0
0
0
0
0
0
0
0
0
0
0
0
0
0
1 1104
0
0
0
0
0
0
0
0
0
0
0
0
0
0
0
0
0
0
0
0
0
1 1100
0
0
0
0
0
0
0
0
0
0
0
0
0
0
0
0
0
0
0
0
0
0
0
0
0
0
0
0
0
0
0
0
0
0
0
0
0
0
1 677
0
0
0
0
0
0
0
0
0
0
0
0
0
1 1650
0
0
0
0
0
0
0
0
0
0
0
0
0
1 1532
1 678
1 1532
0
0
0
0
1 678
1 678
1 678
0
0
1 678
0
0
0
0
0
0
0
0
0
0
0
0
0
0
0
0
0
0
0
0
0
0
0
0
0
0
0
0
0
0
0
0
0
0
0
0
0
0
0
0
0
0
0
0
0
0
0
0
0
0
0
0
0
0
0
0
0
0
0
0
0
0
0
1 1807
0
0
0
0
1 687
0
0
0
0
0
0
0
0
0
0
0
0
0
0
1 1274
0
0
0
0
0
0
0
0
0
0
0
0
0
0
0
0
0
0
0
0
0
0
1 1847
0
0
0
0
0
0
0
0
0
0
0
0
0
0
0
0
0
0
0
0
0
0
0
0
0
0
0
0
0
0
0
0
0
0
0
0
0
0
0
0
0
0
0
0
0
0
0
0
0
0
0
0
0
0
0
0
0
0
0
0
0
0
0
0
0
1 1882
0
0
0
0
0
1 1705
0
0
0
0
0
0
1 701
0
0
0
0
0
0
0
1 1863
1 1681
0
0
0
0
0
0
0
0
0
0
0
0
0
0
0
0
0
0
0
1 742
0
0
0
0
0
0
0
1 1532
0
0
0
0
0
0
0
0
0
0
0
0
0
0
0
0
0
0
0
0
0
0
2 1322 1767
0
0
0
0
0
0
0
0
0
0
0
1 1382
0
0
0
0
0
0
0
0
0
0
0
0
0
0
0
1 856
0
0
0
0
0
0
0
0
0
0
0
1 851
0
0
1 851
0
0
1 1798
0
0
0
0
0
1 1202
0
0
0
0
0
0
0
0
0
0
0
0
0
0
0
0
0
1 1618
0
0
0
0
0
0
0
0
0
0
0
0
1 1645
0
0
0
0
0
0
0
0
0
0
0
0
0
0
0
0
0
0
0
0
0
0
0
0
0
0
0
0
0
0
0
0
0
0
1 727
0
0
0
0
0
0
1 1778
0
0
0
0
0
0
0
0
0
0
0
0
0
0
0
0
0
0
0
0
0
0
0
0
0
0
0
0
0
0
0
0
0
0
0
0
0
0
0
0
0
0
0
0
0
0
0
0
0
0
0
0
0
0
0
0
0
0
0
0
0
0
0
0
0
0
0
0
0
0
0
0
0
1 1052
0
0
0
0
0
0
0
0
0
0
0
0
0
0
0
0
0
0
0
0
0
0
0
0
0
0
0
0
0
0
0
0
0
0
0
0
0
0
0
0
0
0
1 744
0
0
0
0
0
1 744
1 744
1 744
0
0
1 744
0
0
0
0
0
0
0
0
0
0
0
0
0
0
0
0
0
0
0
0
0
0
1 1650
0
0
0
0
0
0
0
0
0
0
0
0
0
0
0
0
0
0
0
0
0
0
0
0
0
1 1052
0
0
0
0
0
0
0
0
0
0
0
0
0
0
0
0
0
0
0
2 1027 1351
0
0
0
0
0
0
0
0
0
0
0
1 1744
1 749
0
0
0
0
0
0
0
0
0
1 1744
0
0
0
0
0
0
0
0
0
0
0
0
0
1 752
0
0
0
0
0
1 752
1 752
1 752
0
0
1 752
0
0
0
0
0
0
0
0
0
0
0
0
0
0
0
0
0
0
0
0
0
0
0
0
0
0
0
0
0
0
0
0
0
0
0
0
0
0
0
0
0
0
0
0
0
0
0
0
0
0
0
0
0
0
0
0
0
0
0
0
0
0
0
0
0
0
0
0
0
1 761
0
0
0
0
0
1 761
1 761
1 761
0
0
1 761
0
0
0
0
0
1 1205
0
0
0
0
0
0
0
0
0
0
0
0
0
0
0
0
0
0
0
0
0
0
0
0
0
0
0
0
0
0
2 1458 1743
1 1582
0
0
0
0
0
0
1 1645
0
0
0
0
1 1669
0
0
0
0
1 1847
1 884
0
0
0
0
0
0
0
0
0
0
0
0
0
0
0
0
0
0
0
0
0
0
0
0
0
0
0
0
0
0
0
0
0
0
0
3 1159 1631 1774
0
0
0
0
0
0
0
0
0
0
0
0
0
0
0
0
0
0
0
0
0
0
0
0
0
0
0
0
0
1 774
1 774
1 774
0
0
1 774
0
0
0
0
0
0
0
0
0
0
0
0
0
0
0
0
0
0
0
0
0
0
0
0
0
0
0
0
1 1778
0
0
0
0
1 1462
1 1807
0
0
0
0
0
0
0
0
0
0
0
0
0
0
0
0
0
0
0
0
0
0
0
0
0
0
0
0
0
0
0
0
0
0
0
0
0
0
0
0
0
0
0
0
0
0
0
0
0
0
0
0
0
0
0
0
0
0
0
1 1061
0
0
1 785
1 785
1 785
0
0
0
0
0
0
0
0
0
0
0
0
0
0
0
0
0
0
0
0
2 868 1021
0
0
1 959
2 909 1834
0
0
0
0
0
0
0
0
0
0
0
0
0
0
0
0
0
0
0
0
0
0
0
0
0
0
0
0
0
0
0
0
0
0
0
0
0
1 1863
0
1 1134
0
0
0
0
0
1 1728
0
0
0
0
0
0
0
0
0
1 1582
0
0
0
1 1578
0
0
0
0
0
0
0
0
0
0
0
0
0
0
0
0
0
0
0
0
0
0
0
0
0
0
0
0
0
0
0
0
0
0
0
0
0
0
0
0
0
1 874
2 1106 1465
0
0
0
0
0
0
0
0
0
0
0
1 1465
0
0
0
1 812
1 812
1 812
0
0
1 812
0
0
0
0
0
0
0
0
0
0
0
1 1774
0
0
0
0
0
0
1 1834
0
0
0
0
0
0
0
0
0
0
0
0
0
0
0
0
0
1 1618
0
0
0
0
0
0
0
0
0
0
1 1551
0
0
0
0
0
0
0
0
0
0
0
0
0
0
0
0
0
0
0
0
0
0
0
0
0
0
0
0
0
0
0
0
0
0
0
0
0
0
0
0
0
0
0
0
0
0
0
0
0
0
0
0
0
0
0
0
0
1 1726
0
0
1 1726
0
1 1726
0
0
0
0
0
0
1 1726
0
0
1 909
0
1 1351
0
0
0
0
0
0
0
0
0
0
0
0
0
0
0
0
0
0
0
0
0
0
0
0
0
0
0
0
0
0
0
0
0
0
0
0
0
0
0
0
0
0
0
0
0
0
0
0
0
0
0
0
0
0
0
0
0
0
0
0
0
0
0
0
0
0
0
1 1154
0
0
0
0
0
0
0
0
0
0
0
0
0
0
0
0
0
0
0
0
0
0
0
0
0
0
0
1 1021
0
0
0
0
0
0
0
0
0
0
0
0
0
0
0
0
0
0
0
0
0
0
0
0
0
0
0
0
0
0
0
0
0
0
0
0
0
0
0
0
0
0
0
0
0
0
0
0
0
0
0
0
0
1 1021
1 851
0
0
1 1021
0
0
1 868
0
0
0
0
0
0
0
0
0
0
0
0
0
0
0
0
0
1 853
1 1462
0
0
0
0
1 853
1 853
1 853
0
0
1 853
0
0
0
0
0
0
0
0
0
0
0
0
0
0
0
0
0
0
0
0
0
0
0
0
0
0
0
0
0
0
0
0
0
0
1 856
0
0
0
0
0
0
0
0
0
0
0
0
0
0
0
0
0
0
0
0
0
0
0
0
0
0
0
0
0
0
0
0
0
0
0
0
0
0
0
0
0
0
0
0
0
0
0
0
0
0
0
0
1 1462
0
0
0
0
0
0
0
0
0
0
0
0
0
0
0
0
0
0
0
0
1 1066
0
0
0
0
0
0
0
0
0
0
0
0
0
0
0
0
0
0
0
1 1052
0
0
0
0
0
1 1265
0
0
0
0
0
0
0
0
1 868
0
0
1 868
0
0
0
0
0
0
0
0
0
0
0
0
0
0
0
0
0
0
0
0
0
0
0
0
0
0
0
0
0
0
0
0
0
0
0
0
0
0
0
0
0
0
0
0
0
0
0
0
0
0
0
0
0
0
0
0
0
0
0
0
0
0
0
0
0
0
0
0
0
0
0
0
0
0
0
0
0
0
0
0
0
0
0
0
0
0
0
0
0
0
0
0
0
0
0
0
0
1 1890
0
0
0
0
0
0
0
0
0
0
0
0
0
0
0
0
0
0
0
0
0
0
0
2 1159 1529
0
0
0
0
0
0
0
0
0
0
0
0
0
0
0
0
0
0
0
0
0
0
0
0
0
0
0
0
0
0
0
0
0
0
0
0
0
0
0
0
0
0
0
0
0
0
0
0
0
0
0
0
0
1 1466
0
0
0
0
0
0
0
1 1091
0
1 1465
0
0
0
0
0
0
0
0
0
1 1603
0
0
0
0
0
0
1 1478
1 1603
0
0
0
0
0
0
0
0
0
0
0
0
0
0
0
0
0
0
0
0
0
0
0
0
1 1013
0
0
0
0
0
1 899
1 899
1 899
0
0
1 899
0
0
0
0
0
0
0
0
0
0
0
0
0
0
0
0
0
0
0
0
0
0
0
0
0
0
0
0
0
0
0
0
0
0
0
0
0
0
0
0
0
0
0
0
0
0
0
0
0
0
0
0
0
0
0
0
0
0
0
0
0
0
0
0
0
0
0
0
0
0
0
2 909 1631
0
1 1631
2 909 1774
0
0
0
0
0
1 1631
0
0
0
0
0
0
0
0
0
0
0
0
0
0
0
0
0
0
0
0
0
0
0
0
0
0
0
0
0
0
0
0
0
0
0
0
0
0
1 912
0
0
0
0
0
1 912
1 912
1 912
0
0
1 912
0
0
0
0
0
0
0
0
0
0
0
0
0
0
0
0
0
0
0
0
0
0
0
0
0
0
0
0
0
0
0
0
0
0
0
0
0
0
0
0
0
0
0
0
0
0
0
1 1505
0
0
0
0
0
0
0
0
0
0
0
0
1 919
1 919
1 919
0
0
1 919
0
0
0
0
0
0
0
0
0
0
0
0
0
1 1170
0
0
0
0
0
0
0
0
0
0
0
0
0
0
0
0
0
0
0
0
0
0
0
0
0
0
0
0
0
0
0
0
0
0
0
0
0
0
0
0
0
0
0
0
0
0
0
0
0
0
0
0
0
0
0
0
0
0
0
0
0
0
0
0
0
0
0
0
0
0
0
0
0
0
0
0
0
0
0
0
0
0
0
0
0
0
0
0
0
0
0
0
0
0
0
0
0
0
0
0
0
0
0
0
0
0
0
0
0
0
0
0
1 1684
0
0
0
0
0
0
0
0
0
0
0
0
0
0
0
0
0
0
0
0
0
0
0
0
0
0
0
0
0
0
0
0
0
0
0
0
0
0
0
0
0
0
0
0
0
0
0
0
0
0
0
0
0
0
0
1 1459
0
0
0
1 1205
0
0
0
0
0
0
0
0
0
0
0
0
1 1684
0
1 1422
0
0
1 1091
0
0
1 1091
0
0
0
0
0
0
0
0
0
0
0
0
0
0
1 1159
0
0
0
0
0
0
0
0
0
0
0
0
0
0
0
0
0
0
0
0
0
0
0
0
0
0
0
0
0
0
0
0
0
0
0
0
0
0
0
0
0
0
0
0
0
0
0
0
0
0
0
0
0
0
0
0
0
0
0
0
0
0
0
0
0
0
0
0
0
0
1 1684
0
0
0
1 1219
0
0
0
0
0
0
0
0
0
0
0
0
0
0
0
0
0
0
0
0
0
1 1044
0
0
0
0
0
0
0
0
0
1 1603
0
0
0
0
0
0
0
0
0
0
0
0
0
0
0
0
0
0
0
0
2 1219 1587
0
0
0
0
0
0
0
1 1219
0
0
0
0
0
0
0
0
0
0
0
0
0
2 1205 1587
0
0
0
0
0
0
0
0
0
0
0
0
0
0
0
0
0
0
0
0
0
0
0
0
0
0
0
0
0
0
0
0
0
0
0
0
0
0
0
0
0
0
0
0
0
0
0
0
0
0
0
0
0
1 1172
1 1778
0
0
0
0
0
0
0
0
0
0
0
0
0
0
0
0
0
0
0
0
0
0
0
0
0
0
0
0
0
0
0
0
0
0
0
0
0
0
0
0
0
0
0
0
0
1 998
0
0
0
0
0
1 998
1 998
1 998
0
0
1 998
0
0
0
0
0
0
0
0
0
0
0
0
0
0
0
0
0
0
0
0
0
0
0
0
0
0
0
0
0
0
0
0
0
0
0
1 1054
0
0
0
0
0
0
0
0
0
0
0
0
0
0
0
0
0
0
0
0
0
0
0
0
0
0
0
0
0
0
0
0
0
0
0
0
0
0
0
0
0
0
0
0
0
0
0
0
0
0
0
0
0
0
0
0
0
0
0
0
0
0
0
0
1 1360
1 1582
0
0
0
0
0
0
0
0
0
0
0
0
0
0
0
0
0
0
0
0
0
0
0
0
0
0
0
0
0
0
0
0
0
0
0
0
0
0
0
0
0
0
0
0
0
0
0
0
0
0
0
0
0
0
0
0
0
0
0
0
0
0
0
0
0
0
0
0
0
0
0
0
0
0
0
0
0
0
1 1025
0
0
0
0
0
1 1025
1 1025
1 1025
0
0
1 1025
0
0
0
0
0
0
0
0
0
0
0
0
0
0
0
0
0
0
0
0
0
0
0
0
0
0
1 1027
0
0
0
0
0
0
0
1 1091
0
0
0
0
0
0
0
0
0
0
0
0
0
0
0
0
0
0
0
0
0
0
0
0
0
0
0
0
0
0
0
0
0
0
0
0
0
0
0
0
0
0
0
0
0
0
0
0
0
0
0
0
0
0
0
0
0
0
0
0
0
0
0
0
0
0
0
0
0
0
0
0
0
0
0
0
0
0
0
0
0
0
0
0
0
0
0
0
0
0
0
0
0
0
0
0
0
0
1 1834
0
0
0
0
0
0
0
0
0
0
0
0
0
0
0
0
0
1 1044
1 1044
0
0
1 1044
0
0
0
0
0
0
0
0
0
0
0
0
0
0
0
0
0
0
0
0
0
0
1 1883
0
0
0
0
0
0
0
0
0
0
0
0
0
0
0
0
0
0
0
0
0
0
0
0
0
0
0
0
0
0
0
0
0
0
0
0
0
0
0
0
0
0
0
0
0
0
0
0
1 1052
0
0
0
0
0
0
0
0
0
0
0
0
0
0
0
0
0
0
0
0
0
0
0
0
0
0
0
0
0
0
0
0
0
0
0
0
0
0
0
0
0
0
0
0
0
0
0
0
1 1363
0
0
0
0
0
0
0
0
0
0
0
0
0
0
0
0
0
0
0
0
0
0
0
0
0
0
0
0
0
0
0
0
0
0
0
0
0
0
0
0
0
0
0
0
1 1061
0
0
0
0
0
0
0
0
0
0
0
0
0
0
0
0
0
0
0
0
0
0
0
0
0
0
0
0
0
0
0
0
0
0
0
0
0
0
0
0
0
0
0
1 1065
1 1065
1 1065
0
0
2 1065 1650
0
0
0
0
0
0
0
0
0
0
0
0
0
0
0
0
0
0
0
0
1 1066
1 1066
1 1890
0
1 1066
0
0
0
0
0
0
0
0
0
0
0
0
0
0
0
0
0
0
0
0
0
0
0
0
0
0
0
0
0
0
0
0
0
0
0
0
0
0
0
0
0
0
0
0
0
0
0
0
0
0
0
0
0
0
0
0
0
0
0
0
0
0
0
0
0
0
0
0
0
0
0
0
0
0
0
0
0
0
0
0
0
0
0
0
0
0
0
0
0
0
0
0
0
0
0
0
0
0
0
0
0
0
0
0
0
0
0
0
0
0
0
0
0
0
0
0
0
0
0
0
0
0
0
0
0
0
0
0
0
0
0
0
0
0
0
0
0
0
0
0
0
0
0
0
0
0
0
0
0
0
0
0
0
0
0
0
0
0
0
1 1834
0
0
0
0
0
0
0
0
0
0
0
0
0
0
0
0
0
0
0
0
0
0
0
0
0
0
0
0
0
0
0
0
0
0
0
0
0
0
0
0
0
0
0
0
0
0
0
0
0
0
0
0
0
0
0
0
0
0
0
0
0
0
0
0
0
0
0
0
0
0
0
0
0
0
0
0
0
0
0
0
0
0
0
0
0
0
0
0
0
0
0
0
0
0
0
0
0
0
0
0
0
0
0
0
0
0
0
1 1465
0
0
0
0
0
0
0
0
0
0
0
1 1601
0
0
1 1106
1 1106
1 1106
0
1 1601
2 1106 1601
0
1 1601
0
0
0
0
0
0
0
0
0
0
0
0
0
1 1601
0
0
0
0
0
0
0
0
0
0
0
0
0
0
0
0
0
0
0
0
0
0
0
0
0
0
1 1113
0
0
0
0
0
1 1113
1 1113
1 1113
0
0
2 1113 1687
0
0
1 1645
0
0
0
0
0
0
0
0
0
0
0
0
0
0
0
0
0
0
0
0
0
0
0
0
0
0
0
0
0
0
0
0
0
0
0
0
0
0
0
0
0
0
0
0
0
0
0
0
0
0
0
0
0
2 1798 1883
0
0
0
1 1121
0
0
0
0
0
1 1121
1 1121
1 1121
0
0
2 1121 1806
0
0
0
0
0
0
0
0
0
0
0
0
0
0
0
0
0
0
0
0
0
0
0
0
0
0
0
0
0
0
0
0
0
0
0
0
0
0
0
0
0
0
0
0
0
0
0
0
0
0
0
0
0
0
0
0
0
0
0
0
0
0
0
0
0
0
0
0
0
0
0
0
0
0
0
0
0
0
0
0
0
0
0
0
0
0
0
0
0
0
0
0
0
0
0
0
0
0
0
0
0
0
0
0
0
0
0
0
0
0
0
0
0
0
0
0
0
0
0
0
0
0
0
0
0
0
0
0
0
0
0
0
0
0
0
0
0
0
0
0
0
0
0
0
0
0
0
0
0
0
0
0
0
0
0
0
0
0
0
0
0
0
0
0
0
0
0
0
0
0
0
0
0
0
0
0
0
0
0
0
0
0
0
0
0
1 1147
0
0
0
0
0
0
0
0
0
0
0
0
0
0
0
0
0
0
0
0
0
0
0
0
0
0
0
0
0
0
0
0
0
1 1554
0
0
1 1554
0
0
0
0
1 1554
0
0
0
0
0
0
0
0
0
0
0
0
0
0
0
1 1159
0
0
0
0
0
0
0
0
0
1 1684
0
0
0
0
0
0
0
0
0
0
0
0
0
0
0
0
0
0
0
0
0
0
0
0
0
0
0
0
0
0
0
0
0
0
0
0
0
0
0
0
0
0
0
0
0
0
0
0
0
0
0
0
0
0
0
0
0
0
0
0
0
0
0
0
0
0
0
0
0
0
0
0
0
0
0
0
0
0
0
0
0
0
0
1 1172
0
0
1 1172
0
0
0
0
0
0
0
0
0
0
0
0
0
0
0
0
0
0
0
0
0
0
0
0
0
0
0
0
0
0
0
0
0
0
0
0
0
0
0
0
0
0
0
0
0
0
0
0
0
0
0
0
0
0
0
0
0
0
0
0
0
0
0
0
0
0
0
0
0
0
0
0
0
0
1 1194
0
0
0
0
0
1 1194
1 1194
1 1194
0
0
1 1194
0
0
0
0
0
0
1 1890
0
0
0
0
0
0
0
0
0
0
0
0
0
0
0
0
0
0
0
0
0
0
0
0
0
0
0
0
0
0
0
0
0
0
0
0
0
0
0
0
0
0
0
0
0
0
0
0
0
0
0
0
0
0
0
0
0
0
0
0
0
0
0
0
0
0
0
0
0
0
0
0
0
0
0
0
0
0
0
0
0
0
0
1 1205
0
0
0
0
0
0
0
0
0
0
1 1587
0
0
0
0
0
0
0
0
0
0
0
0
0
0
0
0
0
0
0
0
0
0
0
0
0
0
0
0
0
0
0
0
0
0
0
0
0
0
0
0
0
0
0
0
0
0
0
0
0
0
0
0
0
0
0
0
0
0
0
0
0
0
0
0
0
0
0
0
0
0
0
0
0
0
0
0
0
0
1 1219
0
0
0
0
0
0
0
0
0
0
0
0
0
0
0
0
0
0
0
0
0
0
0
0
0
0
0
0
0
0
0
0
0
0
0
0
0
0
0
0
0
0
0
0
0
0
0
0
0
0
0
0
0
0
0
0
1 1229
1 1288
0
0
0
0
0
0
0
0
0
0
0
0
0
0
0
0
0
0
0
0
0
0
0
0
0
0
0
0
0
0
0
0
0
0
0
0
0
0
0
0
0
0
0
0
0
0
0
0
0
0
0
0
0
0
0
0
0
0
0
0
0
0
0
0
0
0
0
0
0
0
0
0
0
0
0
0
0
1 1240
1 1240
1 1240
0
0
1 1240
0
0
0
0
0
0
0
0
0
0
0
0
0
0
0
0
0
0
0
0
0
0
0
0
0
0
0
0
0
0
0
0
0
0
0
0
0
0
0
0
0
0
0
0
0
0
0
0
0
0
0
0
0
0
0
0
0
0
0
0
0
0
0
0
0
0
0
0
0
0
0
0
0
0
0
0
0
0
0
0
0
0
0
0
0
0
0
0
0
0
0
0
0
0
0
0
0
0
0
0
0
0
0
0
0
0
0
0
0
0
0
0
0
0
0
0
0
0
0
0
0
0
0
0
0
0
0
0
0
0
0
0
0
0
0
0
0
0
0
0
0
0
0
0
0
0
0
0
0
0
0
0
0
0
0
0
0
0
0
0
0
0
0
0
0
0
0
0
0
0
0
0
0
0
0
0
0
1 1669
0
1 1669
1 1669
0
0
0
0
1 1554
0
0
0
0
0
0
0
0
0
0
0
0
0
0
0
0
0
0
0
0
0
0
0
0
0
0
1 1466
0
0
0
0
0
0
0
0
0
0
0
0
0
0
0
0
0
0
0
0
0
0
0
0
0
0
0
0
0
0
0
0
0
0
0
0
0
0
0
0
0
0
0
0
0
0
0
0
0
0
0
0
1 1288
1 1288
1 1288
0
0
1 1288
0
0
0
0
0
0
0
0
0
0
0
0
0
0
0
0
0
0
0
0
0
0
0
0
0
0
0
0
0
0
0
0
0
0
0
0
0
0
0
0
0
0
0
0
0
0
0
0
0
0
0
0
0
0
0
0
0
0
0
0
0
0
0
0
0
0
0
0
0
0
0
0
0
0
0
0
0
0
0
0
0
0
0
0
0
0
0
0
0
0
0
0
0
0
0
0
0
0
0
0
0
0
0
0
0
0
0
0
0
0
0
0
0
0
0
0
0
0
0
0
0
0
0
0
0
0
0
0
0
1 1544
0
0
0
0
0
0
0
0
0
0
0
0
0
0
0
0
0
0
0
0
0
1 1322
0
0
0
0
0
0
0
0
0
0
0
0
0
0
0
0
0
0
0
0
0
0
0
0
0
0
0
0
0
0
0
0
0
0
0
0
0
0
0
0
0
0
0
0
0
0
0
0
0
0
0
0
0
0
0
0
0
0
0
0
0
0
0
0
0
0
0
0
0
0
0
0
0
0
2 1482 1883
0
0
0
0
0
0
0
0
0
0
0
0
0
0
0
1 1335
0
0
0
0
0
1 1335
1 1335
1 1335
0
0
1 1335
0
0
0
0
0
0
0
0
0
0
0
0
0
1 1482
0
0
0
0
0
0
0
0
0
0
0
0
0
0
0
0
0
0
0
0
0
0
0
0
0
0
0
0
0
0
0
0
0
0
0
0
0
0
0
0
0
0
0
0
0
0
0
0
0
0
0
0
0
0
0
0
0
0
0
0
0
0
0
0
0
0
0
0
0
0
0
0
0
0
0
0
0
0
0
0
0
0
0
0
0
0
0
0
0
0
0
0
0
0
0
0
0
0
0
0
0
0
0
0
0
0
0
0
0
0
0
0
0
0
0
0
0
0
0
0
0
0
0
0
0
0
1 1353
0
0
0
0
0
1 1353
1 1353
1 1353
0
0
1 1353
0
0
0
0
0
0
0
0
0
0
0
0
0
0
0
0
0
0
0
0
0
0
0
0
0
0
0
0
0
0
0
0
0
0
0
0
0
0
0
0
0
0
1 1355
0
0
0
0
0
1 1355
1 1355
1 1355
0
0
1 1355
0
0
0
0
0
0
0
0
0
0
0
0
0
0
0
0
0
0
0
0
0
0
0
0
0
0
0
0
0
0
0
0
0
0
0
0
0
0
0
0
0
1 1863
0
0
0
0
0
0
0
0
0
0
0
0
0
0
0
0
0
0
0
0
0
0
0
0
0
0
0
0
0
0
0
1 1721
0
0
0
0
0
0
0
0
0
0
0
0
0
0
1 1363
0
0
0
0
0
0
0
0
0
0
0
0
0
0
0
0
0
0
0
0
0
0
0
0
0
0
0
0
0
0
0
0
0
0
0
0
0
0
0
0
0
0
0
0
0
0
0
0
0
0
0
0
0
0
0
0
0
0
0
0
0
0
0
0
0
0
0
0
0
0
0
0
0
0
0
0
0
0
0
0
0
0
0
0
0
0
0
0
0
0
0
0
0
0
0
0
0
0
0
0
0
0
0
0
0
0
0
0
0
0
0
0
0
0
0
0
0
0
0
0
0
0
0
0
0
0
0
0
1 1625
0
0
0
1 1394
0
0
0
0
0
1 1394
1 1394
1 1394
0
0
0
0
0
0
0
0
0
0
0
0
0
0
0
0
0
0
0
0
0
0
0
0
0
0
0
0
0
0
0
0
0
0
0
0
0
0
0
0
0
0
0
0
0
0
0
0
0
0
0
0
0
0
0
0
0
0
0
0
0
0
0
0
0
0
0
0
0
0
0
0
0
0
0
0
0
0
0
0
1 1492
0
0
0
0
0
0
0
0
0
0
0
0
0
0
0
0
0
0
0
0
0
0
0
0
0
0
0
0
0
0
0
0
0
0
0
0
0
0
0
0
0
0
0
0
0
0
0
0
0
0
0
0
0
0
0
0
0
0
0
0
0
0
0
0
0
0
0
0
0
0
0
0
0
0
0
0
0
0
0
0
0
0
0
0
0
0
0
0
0
0
0
0
0
0
0
0
0
0
0
0
0
0
0
0
0
0
0
0
0
0
0
0
0
0
0
0
0
0
0
0
0
0
0
0
0
0
0
0
0
0
0
0
0
0
0
0
0
0
0
0
0
0
0
0
0
0
0
0
0
0
0
0
0
0
0
0
0
0
0
0
0
0
0
0
0
0
0
0
0
0
0
0
0
0
0
0
0
0
0
0
0
0
0
0
0
0
0
0
0
0
0
0
0
0
0
0
0
0
0
0
0
0
0
0
0
0
0
0
0
0
0
0
0
0
0
0
0
0
0
0
0
0
0
0
0
0
0
0
0
0
0
0
0
0
0
0
0
0
0
0
0
0
0
0
1 1582
0
0
0
0
0
0
0
0
0
0
0
0
0
0
0
0
0
0
0
0
0
1 1466
0
0
1 1466
0
0
0
0
0
0
0
0
0
0
0
0
0
0
0
0
0
0
0
0
0
0
0
0
0
0
0
0
0
0
0
0
0
0
0
0
0
0
0
0
0
0
0
0
0
0
0
0
0
0
0
0
0
0
0
0
0
0
0
0
0
0
0
0
0
0
0
0
0
0
0
0
0
0
0
0
0
0
0
0
0
0
0
0
0
0
0
0
0
0
0
0
0
0
0
0
0
0
0
0
0
0
0
0
1 1482
1 1482
0
0
1 1482
0
0
0
0
0
0
0
0
0
0
0
0
0
0
0
0
0
0
0
0
0
0
0
0
0
0
0
0
0
0
0
0
0
0
0
0
0
0
0
0
0
0
0
0
0
0
0
0
0
0
0
0
0
0
0
0
1 1550
0
0
1 1492
1 1492
0
0
1 1492
0
0
0
0
0
0
0
0
0
0
0
0
0
0
0
0
0
0
0
0
0
0
0
0
0
0
0
0
0
0
0
0
0
0
0
0
0
0
0
0
0
0
0
0
0
0
0
0
0
0
0
0
0
0
0
0
0
0
0
0
0
0
0
0
0
0
1 1587
0
0
1 1883
0
0
0
0
0
0
0
0
0
0
1 1503
1 1503
1 1503
0
0
1 1503
0
0
0
0
0
0
0
0
0
0
0
0
0
0
0
0
0
0
0
0
0
0
0
0
0
0
0
0
0
0
0
0
0
0
0
0
0
0
0
0
0
0
0
0
0
0
0
0
0
0
0
0
0
0
0
0
0
0
0
0
0
0
0
0
0
0
0
0
0
0
0
0
0
0
0
0
0
0
0
0
0
0
0
0
0
0
0
0
0
0
0
0
0
0
0
0
0
0
0
0
0
0
0
0
0
0
0
0
0
0
0
0
0
0
0
0
0
0
0
0
0
0
0
0
0
0
0
0
0
0
0
0
0
0
0
0
0
0
0
0
0
0
0
0
0
0
0
0
0
0
0
0
0
0
0
0
0
0
0
0
0
0
0
0
0
0
0
0
0
0
0
0
0
0
0
0
0
0
0
0
0
0
0
0
0
0
0
0
0
0
0
0
0
0
0
0
0
0
0
0
0
0
0
0
0
0
0
0
0
0
0
0
0
0
0
0
0
0
0
0
0
0
0
0
0
0
0
0
0
0
0
0
1 1544
1 1544
0
0
1 1544
0
0
0
0
0
0
0
0
0
0
0
0
0
0
0
0
0
0
0
0
0
0
0
0
0
0
0
0
0
0
0
0
1 1550
1 1550
1 1550
0
0
1 1550
0
0
0
0
0
0
0
0
0
0
0
0
0
0
0
0
0
0
0
0
0
0
0
0
0
0
0
0
0
0
0
0
1 1774
0
0
0
0
0
0
0
0
1 1552
0
0
0
0
0
1 1552
1 1552
1 1552
0
0
1 1552
0
0
0
0
0
0
0
0
0
0
0
0
0
0
0
0
0
0
0
0
0
0
0
0
0
0
0
0
0
0
0
0
0
0
0
0
0
0
0
0
0
0
0
0
0
0
0
0
0
0
0
0
0
0
0
0
0
0
0
0
0
0
0
0
0
0
0
0
0
0
0
0
0
0
0
0
0
0
0
0
0
0
0
0
0
0
0
0
0
0
0
0
0
0
0
0
0
0
0
0
0
0
0
0
0
0
0
0
0
0
0
0
0
0
0
0
0
0
0
0
0
0
0
0
0
0
0
0
0
0
0
0
1 1603
0
0
0
0
0
0
0
0
0
0
0
0
0
0
0
0
0
0
0
0
0
0
0
0
0
0
0
0
0
0
0
0
0
0
0
0
0
0
0
0
0
0
0
0
0
0
0
0
0
0
0
0
0
0
0
0
0
0
0
0
0
0
0
0
0
0
0
0
0
0
0
0
0
0
0
0
0
0
0
0
0
0
0
0
0
0
0
0
0
0
0
0
0
0
0
0
0
0
0
0
0
0
0
0
0
0
0
0
0
0
0
0
0
0
0
0
0
0
0
0
0
0
0
0
0
0
0
0
0
0
0
0
0
0
0
0
0
0
0
0
0
0
0
0
0
0
0
0
0
0
0
0
0
0
0
0
0
0
0
0
0
0
0
0
0
0
0
0
0
0
0
0
0
0
0
0
0
0
0
0
0
0
0
0
1 1721
0
0
0
0
0
0
0
0
0
0
0
0
0
0
0
0
0
0
0
0
0
0
0
0
0
0
0
0
0
0
0
0
0
0
0
0
0
0
0
0
0
0
0
0
0
0
0
0
0
0
0
0
0
0
0
0
0
0
0
0
0
0
0
0
0
0
0
0
0
0
0
0
0
0
0
0
0
0
0
0
0
0
0
0
0
0
0
0
0
0
0
0
0
0
0
0
0
0
0
0
0
0
0
0
0
0
0
0
0
0
0
0
0
0
0
0
0
0
0
1 1728
0
0
0
0
0
0
0
0
0
0
0
0
0
0
0
0
0
0
0
0
0
0
0
0
0
0
0
0
0
0
0
0
0
0
0
0
0
0
0
0
0
0
0
0
0
0
0
0
0
0
0
0
0
0
0
0
0
0
0
0
0
0
0
0
0
0
0
0
0
0
0
0
0
0
0
0
0
0
0
0
0
0
0
0
0
0
0
0
0
0
0
0
0
0
0
0
0
0
0
0
0
0
0
0
0
0
0
0
0
0
0
0
0
0
0
0
0
0
0
0
0
0
0
0
0
0
0
0
0
0
0
0
0
0
0
0
0
0
0
0
0
0
0
0
0
0
0
0
0
0
0
0
0
0
0
0
0
0
0
0
0
0
0
0
0
0
0
0
0
0
0
0
0
0
0
0
0
0
0
1 1668
0
0
0
0
0
1 1668
1 1668
1 1668
0
0
1 1668
0
0
0
0
0
0
0
0
0
0
0
0
0
0
0
0
0
0
0
0
0
1 1669
0
0
0
0
0
0
0
0
0
0
0
0
0
0
0
0
0
0
0
0
0
0
0
0
0
0
0
0
0
0
0
0
0
0
0
0
0
0
0
0
0
0
0
0
0
0
0
0
1 1674
0
0
0
0
0
1 1674
1 1674
1 1674
0
0
1 1674
0
0
0
0
0
0
0
0
0
0
0
0
0
0
0
0
0
0
0
0
0
0
0
0
0
0
0
0
0
0
0
0
0
0
0
0
0
1 1679
0
0
0
0
0
1 1679
1 1679
1 1679
0
0
1 1679
0
0
0
0
0
0
0
0
0
0
0
0
0
0
0
0
0
0
0
0
0
0
0
0
0
0
0
0
1 1706
0
0
0
0
0
0
0
0
0
0
0
0
0
0
0
0
0
0
0
0
0
0
0
0
0
0
0
0
0
0
0
0
0
0
0
0
0
0
0
0
0
0
0
0
0
0
0
0
0
1 1687
1 1687
1 1687
0
0
1 1687
0
0
0
0
0
0
0
0
0
0
0
0
0
0
0
0
0
0
0
0
0
0
0
0
0
0
0
0
0
0
0
0
0
0
0
0
0
0
0
0
0
0
0
1 1890
0
0
0
0
0
0
0
0
0
0
0
0
0
0
0
0
0
0
0
0
0
0
0
0
0
0
0
0
0
0
0
0
0
1 1699
0
0
0
0
0
1 1699
1 1699
1 1699
0
0
1 1699
0
0
0
0
0
0
0
0
0
0
0
0
0
0
0
0
0
0
0
0
0
0
0
0
0
0
0
0
0
0
0
0
0
0
0
0
0
0
0
0
0
0
0
0
0
0
0
0
0
0
0
0
0
0
0
0
0
0
0
0
0
0
0
0
0
0
0
0
0
0
0
0
0
0
0
0
0
0
0
0
0
0
1 1706
1 1706
0
0
1 1706
0
0
0
0
0
0
0
0
0
0
0
0
0
0
0
0
0
0
0
0
0
0
0
0
0
0
0
0
0
0
0
0
0
0
0
0
0
0
0
0
0
0
0
0
0
0
0
0
0
0
0
0
0
0
0
0
0
0
0
0
0
0
0
1 1721
0
0
1 1721
0
0
0
0
0
0
0
0
0
0
0
0
0
0
0
0
0
0
0
0
0
0
0
0
0
0
0
0
0
0
0
0
0
0
0
0
0
0
0
0
0
0
0
0
0
0
0
0
0
0
0
0
0
0
0
0
0
0
0
0
0
0
0
0
0
0
0
0
0
0
0
0
0
0
0
0
0
0
0
0
0
0
0
0
0
0
0
0
0
0
0
0
0
0
0
0
0
0
0
0
0
0
0
0
0
0
0
0
0
0
0
0
0
0
0
0
1 1847
0
0
0
0
0
0
1 1741
0
0
0
0
0
1 1741
1 1741
1 1741
0
0
1 1741
0
0
0
0
0
0
0
0
0
0
0
0
0
0
0
0
0
0
0
0
0
0
0
0
0
0
0
0
0
0
0
0
0
0
0
0
0
0
0
0
0
0
0
0
0
0
0
0
0
0
0
0
0
0
0
0
0
0
0
0
0
0
0
0
0
0
0
0
0
0
0
0
0
0
0
0
0
0
0
0
0
1 1749
0
0
0
0
0
1 1749
1 1749
1 1749
0
0
1 1749
0
0
0
0
0
0
0
0
0
0
0
0
0
0
0
0
0
0
0
0
0
0
0
0
0
0
0
0
0
0
0
0
0
0
0
0
0
0
0
0
0
0
0
0
0
0
0
0
0
0
0
0
0
0
0
0
0
0
0
0
0
0
0
0
0
0
0
0
0
0
0
0
0
0
0
0
0
0
0
0
0
0
0
0
0
0
0
0
0
0
0
0
0
0
0
0
0
0
0
0
0
0
0
0
0
0
0
0
0
0
0
0
0
0
0
0
0
0
0
0
0
0
0
0
0
0
0
0
0
0
0
0
0
0
0
0
0
0
0
0
0
0
0
0
0
0
0
0
0
0
0
0
0
0
0
0
0
0
0
0
0
0
0
0
0
0
0
0
0
0
0
0
0
0
0
0
0
0
0
0
0
0
0
0
0
0
0
0
0
0
0
0
0
0
0
0
0
0
0
0
0
0
0
0
0
0
0
0
1 1791
0
0
0
0
0
1 1791
1 1791
1 1791
0
0
1 1791
0
0
0
0
0
0
0
0
0
0
0
0
0
0
0
0
0
0
0
0
0
0
0
0
0
0
0
0
0
0
0
0
0
0
0
0
0
0
0
0
0
0
0
0
0
0
0
0
0
0
0
0
0
0
0
0
0
0
0
0
0
0
0
0
0
0
0
0
0
0
0
0
0
0
0
0
0
0
0
0
0
0
0
0
0
0
0
0
0
0
0
0
0
0
0
0
0
0
0
0
0
0
0
0
0
0
0
0
0
0
0
0
0
0
1 1806
1 1806
1 1806
0
0
1 1806
0
0
0
0
0
0
0
0
0
0
0
0
0
0
0
0
0
0
0
0
0
0
0
0
0
0
0
0
0
0
0
0
0
0
0
0
0
0
0
0
0
0
0
0
0
0
0
0
0
0
0
0
0
0
0
0
0
1 1816
1 1816
1 1816
0
0
1 1816
0
0
0
0
0
0
0
0
0
0
0
0
0
0
0
0
0
0
0
0
0
0
0
0
0
0
0
0
0
0
0
0
0
0
0
0
0
0
0
0
0
0
0
0
0
0
1 1825
0
0
0
0
0
0
0
0
0
0
0
0
0
0
0
0
0
0
0
0
0
0
0
0
0
0
0
0
0
0
0
0
0
0
0
0
0
0
0
0
0
0
0
0
0
0
0
0
0
0
0
0
0
0
0
0
0
0
0
0
0
0
0
0
0
0
0
0
0
0
0
0
0
0
0
0
0
0
0
0
0
0
0
0
0
0
0
0
0
0
0
0
0
0
0
0
0
0
0
0
0
0
0
0
0
0
0
0
0
0
0
0
0
0
0
0
0
0
0
0
0
0
0
0
0
0
0
0
0
0
0
0
0
0
0
0
0
0
0
0
0
0
0
0
0
0
0
0
0
0
0
0
0
0
0
0
0
0
0
0
0
0
0
0
0
0
0
0
0
0
0
0
0
0
0
0
0
0
0
0
0
0
0
0
0
0
0
0
0
0
0
0
0
0
0
0
0
0
0
0
0
0
0
0
0
0
0
0
0
0
0
0
0
0
0
0
0
0
0
0
0
0
0
0
0
0
0
0
0
0
0
0
0
0
0
0
0
0
0
0
0
0
0
0
0
0
0
0
0
0
0
0
0
0
0
0
0
0
0
0
0
0
0
0
0
0
0
0
0
0
0
0
0
0
0
0
0
0
0
0
0
0
0
0
0
0
0
0
0
0
0
0
0
0
0
0
0
0
0
0
0
0
0
0
0
0
0
0
0
0
0
0
0
0
0
0
0
0
0
0
1 1887
0
0
0
0
0
1 1887
1 1887
1 1887
0
0
1 1887
0
0
0
0
0
0
0
0
0
0
0
0
0
0
0
0
0
0
0
0
0
0
0
0
0
0
0
0
0
0
0
0
0
0
0
0
0
0
0
0
0
0
0
0
0
0
0
0
0
0
0
0
0
0
0
0
0
0
