5 63 69 70 71 74
5 113 119 120 121 124
5 156 162 163 164 167
5 201 207 208 209 212
5 250 256 257 258 261
5 296 302 303 304 307
5 329 335 336 337 340
5 378 384 385 386 389
5 417 423 424 425 428
5 343 454 455 456 459
5 485 491 492 493 496
5 343 517 518 519 522
5 561 567 568 569 572
5 596 602 603 604 607
5 641 647 648 649 652
5 492 673 674 675 678
5 702 708 709 710 713
5 745 751 752 753 756
5 455 529 537 654 675
5 810 816 817 818 821
5 844 850 851 852 855
5 310 683 684 703 876
5 308 343 344 346 453
5 920 926 927 928 931
5 908 957 958 959 962
5 991 997 998 999 1002
5 466 528 531 537 681
5 349 475 492 515 673
5 963 1054 1055 1056 1059
5 422 593 614 799 866
5 1105 1111 1112 1113 1116
5 424 842 950 1100 1139
0
5 796 1037 1038 1082 1172
5 1198 1204 1205 1206 1209
5 338 492 505 527 673
5 1251 1257 1258 1259 1262
5 1296 1302 1303 1304 1307
5 1334 1340 1341 1342 1345
5 371 532 683 953 1043
5 272 469 480 597 898
5 701 908 909 948 1110
5 460 781 783 786 1420
5 327 458 460 469 536
5 327 459 460 463 517
5 334 673 695 727 942
5 1097 1474 1475 1476 1479
5 505 712 727 748 960
5 950 1255 1265 1328 1349
5 1530 1536 1537 1538 1541
5 346 485 492 519 539
5 372 695 784 789 902
5 1601 1607 1608 1609 1612
5 1110 1635 1636 1637 1640
5 475 880 1025 1032 1171
5 674 883 899 1089 1449
5 593 1095 1105 1109 1201
5 1714 1720 1721 1722 1725
5 1235 1749 1750 1751 1754
5 228 952 1063 1088 1375
5 845 914 919 943 1110
5 1811 1817 1818 1819 1822
5 898 1843 1844 1845 1848
5 1005 1827 1869 1870 1873
5 302 322 323 324 360
5 1631 1933 1934 1935 1938
5 748 1095 1146 1367 1417
5 1330 1977 1978 1979 1982
5 292 304 314 322 334
5 986 1288 1493 1695 1782
5 2033 2039 2040 2041 2044
5 338 460 469 475 532
5 2074 2080 2081 2082 2085
5 953 1503 1506 1508 2107
5 2128 2134 2135 2136 2139
5 319 462 492 536 777
5 2170 2176 2177 2178 2181
5 2216 2222 2223 2224 2227
5 2251 2257 2258 2259 2262
5 2294 2300 2301 2302 2305
5 950 1239 1240 1265 1349
5 953 1663 1778 2339 2342
5 804 821 830 832 1187
5 326 459 460 470 529
5 1929 2385 2386 2387 2390
5 480 687 695 698 1026
5 2423 2429 2430 2431 2434
5 2011 2456 2457 2458 2461
5 675 1680 1994 2071 2483
5 434 849 850 1080 1098
5 315 460 480 492 536
5 505 1067 1455 1547 2531
5 1081 2252 2258 2414 2554
5 300 343 372 455 519
5 412 697 703 748 1066
5 532 850 854 1113 1375
5 675 821 973 1032 1113
5 973 1872 1880 1892 2429
5 383 868 950 954 1064
5 699 1035 1036 1110 1240
5 2159 2651 2652 2653 2656
5 2682 2688 2689 2690 2693
5 948 1344 1351 1360 1780
5 2634 2734 2735 2736 2739
5 1403 1973 2328 2331 2348
5 371 518 673 1894 2074
5 1090 2365 2444 2585 2792
0
5 928 1104 1207 1240 1341
5 729 1090 1240 1351 1403
5 2851 2857 2858 2859 2862
5 2237 2887 2888 2889 2892
5 262 724 896 985 990
5 1341 1903 1912 2047 2921
5 914 1103 1104 1125 1979
5 336 455 469 480 542
5 371 536 635 640 793
5 2973 2979 2980 2981 2984
5 1381 2552 2562 2585 2804
5 480 721 945 1035 1090
5 722 1230 1233 1240 1407
5 327 480 492 531 668
5 1237 2047 2328 2331 2364
5 1407 2619 3078 3079 3082
5 319 383 417 455 517
5 292 338 343 356 455
5 3119 3125 3126 3127 3130
5 319 458 460 492 525
5 334 492 517 522 538
5 460 695 781 906 1023
5 512 921 961 963 1066
5 304 322 323 327 343
5 300 708 748 904 1126
5 698 944 946 969 1171
5 418 616 1081 1088 1624
5 865 1066 1101 1113 1360
5 1495 3181 3239 3240 3243
5 966 1403 1405 1418 2036
5 308 327 343 449 469
5 310 424 450 460 668
5 312 343 380 455 492
5 312 343 372 492 531
5 3298 3304 3305 3306 3309
5 492 681 691 957 1032
5 300 327 334 338 449
5 1672 2963 2966 2968 3339
5 452 527 534 674 788
5 1085 1991 2355 2359 2942
5 706 943 944 946 1105
5 1869 3394 3395 3396 3399
5 349 532 598 729 1368
5 1351 1630 1694 1798 2327
5 673 1073 1441 1449 2087
5 286 304 310 326 461
5 2354 3492 3493 3494 3497
5 463 921 1025 1100 1772
5 2453 3536 3537 3538 3541
5 911 1165 1366 1369 1866
5 468 850 1240 1780 1970
5 1938 1975 2264 2383 2562
5 914 1272 1360 1512 1959
5 492 807 1170 1186 1503
5 520 960 1005 1035 1197
5 435 708 720 848 950
5 1034 1634 1857 2036 2427
5 2036 2434 2436 2438 2442
5 606 1210 1233 1367 1869
5 845 950 1101 1104 1360
5 1417 1979 2355 2604 2944
5 351 458 460 469 492
5 3008 3725 3726 3727 3730
5 1788 3752 3753 3754 3757
5 3026 3782 3783 3784 3787
5 505 1074 1076 1089 1375
5 417 921 952 1088 1100
5 1005 2504 2917 3334 3830
5 458 517 519 674 687
5 843 1004 1053 1405 1815
0
5 493 701 799 842 969
5 3878 3884 3885 3886 3889
5 1289 1704 1778 1782 2723
5 3934 3940 3941 3942 3945
5 1095 2686 2798 2903 3947
5 1121 1742 1778 1802 3026
5 850 1233 1391 1403 1501
5 419 532 593 677 727
5 837 1265 1531 1532 1849
5 711 976 983 989 1388
5 919 1999 2054 3177 3825
5 933 1240 1251 1267 1916
5 1179 2188 2194 2328 2601
5 4109 4115 4116 4117 4120
5 806 2139 2368 2800 3325
5 848 1094 1098 1503 1778
5 676 1025 1091 1176 1477
5 1360 4181 4182 4183 4186
5 314 327 336 343 450
5 510 1053 1063 1066 1664
5 232 600 960 1039 1063
5 1365 2955 4235 4236 4239
5 701 837 841 859 1090
5 455 595 640 695 880
5 3390 4271 4272 4273 4276
5 1234 1440 1704 1877 3089
5 2604 4313 4314 4315 4318
5 1052 1179 1401 1403 1407
5 957 1369 1845 1848 2191
5 492 973 1107 1510 2262
5 336 522 668 673 899
5 606 976 977 984 995
5 1513 2047 2154 2724 2950
5 343 517 528 536 540
5 338 403 455 460 538
5 3421 4428 4429 4430 4433
5 338 821 849 904 1265
5 327 372 388 450 460
5 325 455 460 462 529
5 300 312 314 326 459
5 492 681 700 708 1034
5 1631 2678 2696 2899 4489
5 944 1207 1333 1349 1977
5 295 338 462 469 673
5 430 593 603 608 842
5 4541 4547 4548 4549 4552
5 449 480 492 496 695
5 923 1267 1403 1794 2335
5 304 338 343 450 460
5 289 419 479 526 542
5 300 492 508 527 677
5 3673 4629 4630 4631 4634
5 449 526 535 537 680
5 674 807 959 1011 1175
5 1403 2136 2360 2604 3397
5 1536 3317 3669 4080 4374
5 455 529 542 673 681
5 304 417 433 492 683
5 4710 4716 4717 4718 4721
5 1780 2141 2143 2149 2159
5 296 327 343 346 460
5 1283 1289 1290 1293 1303
5 346 532 674 675 784
5 2727 4160 4777 4778 4781
5 1691 2167 2431 3276 4802
5 1543 2188 2598 2903 3926
5 3692 4587 4839 4840 4843
5 868 1005 1072 1470 2016
5 378 868 992 1000 1067
5 807 968 1035 1091 1136
5 532 896 953 960 1368
5 372 458 460 492 542
5 1799 2761 2764 2767 2953
5 397 942 950 959 1455
0
5 327 517 522 537 695
5 821 1844 1859 2199 2936
5 1900 2331 3230 3287 4960
5 527 989 990 992 1010
5 419 1123 1268 1288 1623
5 371 469 475 492 673
5 2371 4711 4712 4720 5007
5 520 698 703 748 1234
5 1334 2327 2328 2538 2814
5 901 1116 1122 1240 1360
5 3112 4753 5057 5058 5061
5 1406 2560 2574 2774 3047
5 701 957 970 973 1349
5 311 327 338 343 449
5 911 1391 1397 1403 1807
5 406 475 480 492 532
5 1070 1470 1495 1677 2511
5 3553 5147 5148 5149 5152
5 854 1160 1360 1402 1417
5 1342 2463 4301 4352 5182
5 5211 5217 5218 5219 5222
5 950 1343 1349 1351 1360
5 5256 5262 5263 5264 5267
5 849 1415 1495 1723 3037
5 1381 2161 2169 2571 3180
5 424 894 1039 1081 1600
5 923 1329 1341 1359 1801
5 517 699 700 729 889
5 518 698 921 1023 1105
5 703 1197 1265 1360 1406
5 481 1066 1074 1370 1704
5 323 380 455 458 478
5 480 868 871 969 1046
5 5371 5377 5378 5379 5382
5 828 937 942 943 1101
5 455 525 537 542 1028
5 1235 3099 3354 3666 5416
5 2082 2788 3173 3287 4964
5 927 1338 1352 1357 2767
5 492 1043 1240 1438 2337
5 294 371 418 469 519
5 1861 2718 2815 2826 3653
5 865 1240 1360 1403 1795
5 354 534 540 541 889
5 3021 4262 4687 4711 5184
5 1235 2463 3037 3248 3561
5 1349 1794 1903 1905 2328
5 521 898 1028 1033 1446
5 1117 1360 1363 1403 2327
5 2013 5458 5573 5574 5577
5 323 451 463 466 519
5 525 1050 1234 1367 1919
5 894 1100 1237 1391 2383
5 290 325 346 419 528
5 458 675 680 686 700
5 684 1432 1547 2010 2961
5 311 683 691 698 880
5 318 449 453 460 673
5 859 1197 1207 1230 1503
5 317 475 480 512 668
5 1035 2178 2431 2661 2815
5 2326 4684 5038 5564 5686
5 748 1794 1799 2328 2903
5 302 323 326 327 380
5 327 512 519 528 695
5 5732 5738 5739 5740 5743
5 426 842 850 894 1066
5 1351 1801 1864 1959 2331
5 5780 5786 5787 5788 5791
5 748 1394 1401 1503 2122
5 418 506 533 536 850
5 1095 1446 1605 1636 1858
5 492 695 899 1031 1383
5 2185 2566 2567 2573 3498
5 317 344 346 449 460
5 538 1025 1029 1036 1174
5 492 538 673 674 695
5 372 492 522 536 680
5 371 469 519 522 649
5 455 531 538 542 683
5 2411 5837 5838 5839 5884
5 960 1391 1736 1874 1975
5 1387 1696 1781 1826 2585
5 1874 2918 4042 4810 5134
5 5962 5968 5969 5970 5973
5 299 316 327 334 343
5 673 1081 1124 1190 1240
5 911 1177 1511 1537 1663
5 712 1770 1892 2250 3183
5 6025 6031 6032 6033 6036
5 1090 1409 1700 1949 2656
5 805 1172 1184 1197 1973
5 2518 3814 4159 4300 5765
5 952 1945 2124 2392 2580
5 480 609 847 889 1088
5 1779 2765 2767 3029 3757
5 957 1864 1865 1916 2641
0
5 323 673 680 690 904
5 1787 5243 5381 6136 6139
5 934 1330 1333 1340 1403
5 556 729 942 950 1033
5 314 346 450 459 517
5 2678 5927 6188 6189 6192
5 356 540 674 687 781
5 310 338 371 380 460
5 1864 6215 6216 6217 6220
5 898 2068 2205 2211 4773
5 1696 2818 2924 3388 4449
5 325 449 455 458 517
5 1843 3757 4150 4153 6289
5 327 406 453 458 673
5 729 1091 1176 1188 1369
5 3670 5000 5107 5321 6325
5 945 1265 1272 1351 1538
5 1786 3961 5127 6355 6358
5 540 1053 1095 1240 1704
5 232 593 597 703 973
5 320 399 450 455 475
5 327 517 522 525 675
5 923 1180 1397 1504 1798
5 908 973 1240 1265 1349
5 492 698 1026 1028 1367
5 1342 3058 3336 4071 4710
5 311 344 460 472 521
5 1979 2604 2634 2942 3368
5 1396 2028 2255 3138 3633
0
5 462 538 541 593 904
5 4180 6410 6451 6452 6455
5 2226 2904 3195 3320 6245
5 536 894 1038 1235 1752
5 298 325 338 371 519
5 327 458 460 492 536
5 323 492 517 519 528
5 5593 6509 6510 6511 6514
5 293 317 327 343 455
5 894 1929 1932 1943 2387
5 321 525 538 638 904
5 3844 6555 6556 6557 6560
5 296 320 321 323 354
5 859 995 1004 1081 1882
5 834 957 1095 1110 1340
5 319 354 372 380 460
5 738 1374 1409 1414 1727
5 1149 1849 1926 2554 3678
5 985 1005 1008 1010 1067
5 709 1113 1153 1786 1881
5 433 608 699 701 908
5 1082 1663 1664 1857 2815
5 3207 6652 6653 6654 6657
5 1872 3317 3327 3410 3911
5 1188 2827 2830 3007 3653
5 845 960 1080 1113 1375
5 492 906 2087 2626 3520
5 1290 2918 3501 3692 4766
5 2895 2911 6477 6478 6740
5 748 1929 1934 1942 2270
5 842 1142 1385 1389 1864
5 1050 4132 6382 6588 6779
5 1630 2297 2302 2308 2766
5 6817 6823 6824 6825 6828
5 435 865 891 992 1063
5 4932 6860 6861 6862 6865
5 952 1357 1360 1363 1522
5 1363 1718 1983 1988 3381
5 343 460 464 469 520
5 989 1018 1072 1404 1677
5 430 556 700 854 960
5 2011 3252 3394 3406 4765
5 506 855 1053 1109 1197
5 2964 3355 4377 4378 4388
5 1108 2328 2331 2463 3825
5 327 487 492 498 511
5 1351 1801 2128 2157 2634
5 977 1121 1137 1385 1727
5 984 2003 2052 2262 2880
5 901 2400 2409 2463 2609
5 1791 3273 4810 4812 6265
5 1092 2119 2519 2567 2795
5 227 505 527 703 960
5 460 635 673 674 906
5 7059 7065 7066 7067 7070
5 1753 2053 2161 2250 2918
5 720 894 908 946 1100
5 300 327 336 338 460
5 604 848 854 859 1121
5 327 469 480 492 537
5 1496 3251 4925 5432 7120
5 1392 4958 7141 7142 7145
5 527 1142 1230 1366 1461
5 426 683 848 960 1097
5 296 323 325 327 372
5 2617 4134 4291 4683 4712
5 300 325 326 327 452
5 995 1010 1018 1064 1881
5 526 684 697 698 889
5 492 1095 1097 1117 1237
5 1095 2178 2661 2718 2798
5 1265 2458 2478 2522 3410
5 296 469 517 522 2167
5 492 1234 1235 1237 1450
5 710 1039 1081 1109 1403
5 703 973 1231 1342 1403
5 480 748 894 921 1032
5 945 1328 1342 1349 1360
5 1892 2607 2612 3092 5857
5 942 3576 5361 5364 7287
5 492 674 675 680 897
5 327 695 777 781 894
5 516 950 1060 1074 1105
5 327 469 492 520 536
5 286 296 300 304 311
5 834 927 992 1025 1095
5 7311 7317 7318 7319 7322
5 315 372 455 517 675
5 294 343 346 372 537
5 312 470 473 519 683
5 481 675 680 681 784
5 1066 1488 1722 1968 3376
5 7366 7372 7373 7374 7377
5 7414 7420 7421 7422 7425
5 556 799 821 921 1171
5 4878 7457 7458 7459 7462
5 608 850 854 855 955
5 801 1136 1170 1330 1845
5 1039 1503 1600 1624 2507
5 460 668 675 680 894
5 1381 2512 2607 2619 4003
5 712 963 977 1025 1185
5 2262 3138 3620 3956 6770
5 455 525 537 673 781
5 935 1335 1349 1397 1794
5 1397 1903 2715 2815 3330
5 681 1177 1189 1191 1857
5 1874 2795 2835 2879 4399
5 969 1173 1175 1176 1184
5 834 1035 1037 1101 1187
5 537 691 698 887 1025
5 4040 5776 5777 6047 6895
5 2514 5065 5290 6092 7296
5 319 455 458 460 518
5 1039 1184 1189 1192 1661
5 2380 4169 5662 6380 7653
5 294 323 324 325 399
5 538 1232 1238 1240 1547
5 453 673 677 695 793
5 492 781 793 851 1025
5 327 462 469 525 673
5 282 480 485 487 712
5 1004 1204 1685 1698 1886
5 854 1363 1402 1403 1630
0
5 227 447 505 531 927
5 1727 3693 3699 3741 4127
5 402 491 492 512 674
5 1122 1991 2136 2454 2634
5 908 1193 1360 1403 1501
5 1249 2741 2950 3401 3722
5 1240 2250 2841 2879 3434
5 943 1252 1265 1349 1360
5 799 1180 1184 1191 1663
5 7779 7785 7786 7787 7790
5 904 4214 4584 5606 6120
5 458 906 1386 1440 2440
5 1392 3374 3376 3390 5424
5 1283 1525 1697 1698 1999
0
5 1094 1731 1795 1802 2722
5 599 989 1052 1074 1095
5 4870 7887 7888 7889 7892
5 2421 2438 2440 2441 3423
5 2873 5537 6769 6904 7925
5 709 1010 1064 1080 1503
5 812 940 973 1107 1286
5 423 677 850 1096 1380
5 360 706 709 712 842
5 298 349 372 455 532
5 1446 2232 2331 2886 4930
5 314 479 519 532 778
5 300 455 460 517 640
5 2886 3195 3320 3762 6484
5 702 1034 1036 1240 1865
5 282 310 322 325 480
5 5081 8009 8010 8011 8014
5 527 1066 1088 1089 1734
5 679 784 807 1026 1174
5 2745 3744 3852 4094 5108
5 2592 4720 5122 5322 6265
5 327 1121 1265 1397 3195
5 1542 2177 2195 2554 2951
5 799 1186 1188 1532 2598
5 729 2434 2435 2766 3548
5 511 1506 1960 1965 2594
5 4185 8128 8129 8130 8133
5 776 834 973 1107 1959
5 460 680 695 778 793
5 458 525 539 673 695
5 646 956 1035 1089 1114
5 492 784 788 899 1429
5 701 1035 1107 1122 1171
5 927 945 947 948 1265
5 992 1286 1504 1525 1877
5 460 698 894 898 1600
5 8224 8230 8231 8232 8235
5 2827 4018 4272 4984 8257
5 1623 2801 3222 3424 4779
5 300 354 372 383 528
5 527 703 712 952 1080
5 608 837 845 850 1089
5 8136 8316 8317 8318 8321
5 8344 8350 8351 8352 8355
5 320 460 479 517 697
5 1158 1729 2504 2515 2688
5 455 683 695 877 1089
5 2262 6887 6995 7255 8390
5 511 804 806 821 1107
0
5 1035 1348 1351 1355 1517
5 311 478 537 748 1442
5 8409 8415 8416 8417 8420
5 435 1081 1100 1154 1381
5 492 695 708 880 946
5 343 492 512 673 897
5 434 609 610 616 845
5 609 1101 1109 1122 1402
5 673 1240 1286 1334 1691
5 1230 2124 2401 2514 2522
5 1333 1827 2040 2431 4232
5 426 527 598 600 1085
5 699 973 1081 1233 1407
5 527 710 720 908 950
5 300 327 338 343 460
5 837 1716 2331 2575 3339
5 706 1404 1438 1450 1480
5 854 1417 1547 2040 2832
5 293 455 459 695 1049
5 942 1406 1417 1504 1805
5 295 318 319 323 343
5 1389 3523 3601 3633 3960
5 911 1403 1406 1417 1795
5 530 1038 1177 1237 1371
5 2876 7938 8089 8592 8595
5 684 1233 1381 1505 2112
5 955 1126 1366 1758 3821
5 2044 5501 5620 5662 8632
5 336 460 462 469 532
5 626 1495 1722 1736 2522
5 909 957 973 1197 1349
5 494 710 960 1047 1090
5 971 2506 3464 3465 4042
5 1194 2469 2478 3201 6262
5 950 1121 1134 1141 1696
5 957 3059 3422 4472 8734
5 1407 2536 2538 2542 3181
5 963 1867 1894 2091 2727
5 1146 1729 1886 1968 2515
5 354 461 480 517 778
5 6984 8782 8783 8784 8787
5 8814 8820 8821 8822 8825
5 957 1857 2820 3218 3673
5 4977 8858 8859 8860 8863
5 3195 3826 3982 4010 5482
5 527 992 1005 1052 1066
5 1213 3395 3401 3417 5535
5 319 455 458 460 492
5 915 1095 1177 1232 1360
5 469 781 963 1026 1661
5 960 1367 1391 1400 1926
5 2065 3350 3355 3526 4388
5 1171 1663 1857 1959 2601
5 1547 3422 3673 4355 4983
5 520 683 784 963 1442
5 343 460 524 526 542
5 847 973 1110 1122 1252
5 1524 4193 6132 6516 8974
5 701 950 957 973 1240
5 449 519 525 529 668
5 455 680 695 788 897
5 759 1186 1366 1788 2795
5 452 492 525 532 675
5 1070 1877 1883 1884 2539
5 317 327 338 343 460
5 338 700 701 712 847
5 845 989 992 1005 1066
5 1694 2841 3242 3394 3399
5 286 356 371 372 422
5 327 525 536 537 695
5 296 346 383 455 529
5 296 419 460 492 542
5 2444 5951 6561 6566 8345
5 1623 3566 3808 3998 4600
5 1869 3399 3414 3705 4045
5 1799 2953 3075 3604 6034
5 957 1794 1998 2168 2508
5 1090 2656 2657 2671 3787
5 372 1089 1105 1235 1909
5 988 1123 1342 1349 1363
5 323 349 371 452 460
0
5 311 323 326 327 449
5 452 781 793 894 1237
5 2211 4873 6359 6425 6478
5 673 903 1192 1450 2431
5 804 956 1035 1043 1403
5 3701 7686 8119 8362 9184
5 3407 4005 5177 6001 9205
5 1406 2328 2332 2448 2770
5 848 1230 1495 1504 1808
5 1329 1795 1799 1801 2332
5 6104 9247 9248 9249 9252
5 304 323 326 327 450
5 1877 3693 3949 3962 4622
5 1248 1363 1406 1801 3439
5 806 1172 1178 1183 1191
5 305 338 343 371 460
5 748 1623 1736 1743 1968
5 1385 2329 2331 2332 3433
5 911 983 1097 1113 1240
5 703 2620 3037 3221 4438
5 304 327 338 343 449
5 304 327 336 338 349
5 2454 4812 4957 6902 6981
5 3287 5449 5642 8859 9335
5 9364 9370 9371 9372 9375
5 853 1231 1367 1501 1970
5 1105 1454 1525 1695 2023
5 304 351 455 460 556
5 847 1239 1369 1416 1845
5 492 695 953 963 1592
5 538 1034 1038 1180 1857
5 1380 3211 3212 3374 4090
5 718 913 921 923 950
5 2885 6476 6485 7594 9444
5 469 593 608 701 729
5 1265 1349 1351 1357 1406
5 1749 3356 4176 4524 5319
5 475 505 530 534 1034
5 1956 3959 4600 4955 5913
5 2483 4251 4353 4582 6155
5 538 921 927 942 959
0
5 821 1663 1736 1865 2585
5 1188 2556 2830 3571 4018
5 295 338 343 346 460
5 761 1107 1109 1110 1207
5 608 1136 1170 1177 1664
5 2487 8101 8480 8706 9561
5 1403 2331 2332 2335 2767
5 842 1406 1504 1510 2609
5 423 703 710 850 976
5 324 460 462 469 525
5 491 531 542 675 729
5 323 435 505 520 538
5 859 1232 1235 1237 1536
5 990 1818 1869 1876 2012
5 701 1046 1063 1064 1095
5 494 799 957 969 1095
5 889 1122 1233 1349 1797
5 612 748 1146 1381 1726
5 716 1063 1082 1100 1704
5 716 1450 1453 1675 3427
5 992 1503 1782 2113 6712
5 323 519 532 539 898
5 1547 2211 2890 2894 2911
5 2326 2818 3433 3434 4040
5 703 1342 1363 1966 2617
5 1186 1779 2196 2364 2718
5 712 1074 1288 1357 1698
5 296 320 336 338 455
5 921 1695 1784 1891 2513
5 526 992 1018 1064 1999
5 317 338 343 346 460
5 2682 6869 6871 8197 9739
5 697 1233 1381 1677 1932
5 430 880 894 908 1089
5 1187 2143 2558 2682 3026
5 807 1186 1367 1401 1844
5 851 1397 1403 1404 1794
5 957 1964 1974 2164 4930
5 475 685 695 903 1450
5 505 865 960 976 1081
5 804 1095 1171 1177 1576
5 294 460 520 526 532
5 848 1039 1240 1349 1403
5 304 343 346 371 452
0
5 2431 2944 2946 4206 6671
5 2514 4002 5133 7003 9590
5 923 1330 1333 1338 1536
5 9863 9869 9870 9871 9874
5 1525 2027 2028 2455 3483
5 319 343 449 450 453
5 1366 2656 2657 5056 6617
5 1182 2618 3178 3243 4812
5 2086 4973 5801 8870 9956
5 519 695 708 953 1089
5 343 519 522 525 536
5 9980 9986 9987 9988 9991
5 841 1035 1095 1240 1663
5 439 972 1089 1391 1726
5 522 687 698 1026 1038
5 318 343 346 349 459
5 319 455 460 517 522
5 728 1367 1368 1461 1895
5 701 1081 1142 1170 1381
5 319 368 371 460 524
5 10061 10067 10068 10069 10072
5 960 1679 1778 1949 5301
5 1611 1937 1948 1959 2873
5 1641 3291 3304 3323 3975
5 418 548 593 612 710
5 1746 2617 3671 4686 6012
5 695 1095 1329 1401 1454
5 2345 2770 2775 3408 3716
5 1363 2767 2833 2881 3444
5 428 710 739 849 1053
5 449 492 527 536 708
5 950 1454 1784 2507 4071
5 935 1349 1360 1363 1988
5 4134 10194 10195 10196 10199
5 909 1240 1357 1370 1795
5 300 528 683 691 1466
5 1100 1772 1778 1781 2130
5 614 1137 1385 1409 1722
5 801 969 1035 1107 1171
5 1083 1646 1651 1769 2766
5 821 1171 1182 1369 1416
5 1954 2889 2901 2903 5031
5 4128 5477 8082 8706 8717
5 536 1035 1171 1176 1664
4 1402 10297 10298 10299
5 2028 2522 2604 2617 3405
5 1033 1845 2227 2957 3367
5 1415 2515 2521 3223 3393
5 435 955 968 1081 1369
5 3692 6116 6120 6785 9066
5 310 336 338 380 492
5 305 343 346 368 455
5 459 695 701 777 921
5 2414 3195 3208 3643 3927
5 977 1931 1935 1948 2562
5 447 846 848 850 955
5 327 482 525 532 697
5 371 526 527 530 695
5 2751 3380 3444 3473 3630
5 492 904 965 1043 1189
5 542 892 963 1025 1476
5 527 960 971 1039 1107
5 310 447 492 505 534
5 1799 2770 2818 3433 4081
5 1296 3948 3960 4158 7149
0
5 923 1403 1504 1536 2575
5 832 1101 1107 1109 1351
5 294 308 311 319 327
5 1117 1401 1600 1736 1973
5 327 460 480 522 538
5 3399 10443 10444 10445 10448
5 1513 1521 1522 1527 3490
5 338 492 525 675 784
5 1389 3180 4008 4080 4123
5 469 942 1023 1025 1240
5 343 469 475 478 536
5 308 343 449 450 519
5 498 695 698 708 957
5 2574 3380 3384 3433 3729
5 959 1385 1461 1698 2060
5 848 1495 1622 1932 1943
5 942 1351 1357 1360 1801
5 1194 1861 1977 1996 2366
5 1095 5554 5556 6674 7594
5 1342 1403 1406 1630 1898
5 492 821 973 1089 1188
5 1117 1409 1738 1786 1991
5 293 323 326 334 517
5 1177 1857 2633 2645 4180
5 2089 5442 5443 5451 8202
5 921 1177 1197 1338 2191
5 716 1066 1366 1370 1446
5 321 455 458 460 480
5 492 540 770 1026 1038
5 854 1404 1406 1455 1797
5 1903 3170 3176 3177 3392
5 371 491 530 531 1035
5 302 322 326 343 537
5 322 460 470 478 522
5 942 1363 1403 1504 1794
5 228 483 491 511 703
5 701 923 969 1261 1290
5 1232 1964 2164 2211 3667
5 451 478 538 673 784
5 527 1039 1100 1415 1504
5 529 746 748 770 1172
5 806 1173 1176 1177 1237
5 3195 3716 4491 4492 6495
5 1080 1791 1968 2585 3144
5 1535 8758 9661 9664 10722
5 691 977 1083 1089 1235
5 10746 10752 10753 10754 10757
5 806 1088 1170 1186 1663
5 1950 2648 2649 2650 2653
5 1435 7149 8085 9649 10792
5 675 698 708 793 1458
5 1277 1517 1518 1522 1546
5 1012 2016 2060 2429 3756
5 709 1081 1142 1237 1536
5 837 1122 1207 1230 1961
5 1305 2915 3168 3980 4761
5 2647 2653 2654 2655 2668
5 460 898 904 921 1368
5 814 1082 1107 1136 1181
5 1080 1919 2116 2517 3869
5 690 1374 1391 1455 2513
5 3360 10320 10728 10901 10904
5 531 850 950 1097 1391
5 1171 1184 1189 1192 1669
5 3620 5086 5301 5513 5800
5 2411 2830 4082 4084 4951
5 1250 1800 1801 2326 2818
5 1305 5804 5841 5891 10426
5 519 894 1039 1097 1746
5 419 520 527 539 673
5 1058 1288 1289 1295 2915
5 960 1817 2763 3276 4822
5 2904 5863 6476 6477 6480
5 1184 2819 2820 2827 3281
5 505 963 984 992 1375
5 894 1604 1618 1786 2903
5 2820 3566 3569 4035 5529
5 4680 6051 7614 7616 10128
5 1053 1746 1883 1926 5650
5 455 527 531 534 708
5 296 323 327 334 346
5 314 327 343 418 460
5 1082 1757 1808 1951 3664
5 1092 1391 1495 1757 2124
5 338 683 695 697 963
5 702 1237 1366 1406 1672
5 1414 1774 1781 1826 3739
5 493 695 962 963 1366
5 859 1493 1794 1850 2508
5 624 853 942 952 1124
5 928 1700 1701 1734 2355
5 859 1351 1403 1794 2354
5 9120 11139 11140 11141 11144
5 1849 3601 3631 4035 4727
5 2068 3637 3806 3952 4955
5 365 469 480 496 541
5 310 343 354 371 492
5 837 1136 1171 1186 1349
5 338 537 539 683 1023
5 623 1146 1150 1381 1721
5 593 1064 1089 1098 1943
5 371 601 603 624 727
5 5016 10324 10569 11216 11219
5 1064 3287 3814 4426 6025
5 537 788 793 1023 1443
5 11264 11270 11271 11272 11275
5 1053 1604 1605 1928 1943
5 695 2074 2091 2328 4813
5 527 911 955 1101 1123
5 673 698 942 957 1438
5 308 327 343 529 791
5 346 728 894 897 992
5 6545 11336 11337 11338 11341
5 1931 2585 2696 2903 4930
5 310 703 729 894 1415
5 2453 3543 3551 3552 4441
5 3380 4860 5177 5682 6619
5 498 1034 1037 1039 1082
5 988 1067 1070 1240 1876
5 518 807 1025 1026 1176
5 498 960 966 973 1090
0
2 1440 8182
5 2673 3674 4037 4093 5847
5 626 1623 1929 2262 2596
5 295 327 336 338 380
5 944 2359 2363 2364 2943
5 612 1172 1219 1222 1237
5 460 530 531 534 681
5 548 712 722 729 901
5 538 1033 1039 1174 1342
5 369 673 683 685 702
5 745 1237 1705 1850 3203
5 859 1235 1240 1342 1403
5 950 1240 1272 1391 1525
5 311 417 450 460 537
5 538 973 1107 1237 1691
5 570 950 976 984 1018
5 3653 4988 4990 5477 8717
5 1418 2853 2874 2881 3702
5 304 460 469 479 695
5 394 478 480 539 700
5 3374 4138 5535 5807 6440
5 842 1405 1407 2586 4447
5 2844 4167 5324 5537 6813
5 997 1801 1874 1876 1883
5 511 1028 1035 1136 1368
5 1171 1504 1663 1844 2348
5 908 950 969 973 1177
5 322 458 459 460 534
5 2604 5177 5973 6021 7219
5 343 492 518 522 673
5 3021 6176 6689 6761 10323
5 423 608 612 708 712
5 1942 2266 2387 2401 3467
5 845 932 937 1032 1101
5 848 1381 1504 1722 3430
5 323 458 460 462 532
5 1736 3377 4146 4401 6039
5 2337 3339 3851 3852 4640
5 473 673 675 680 698
5 324 394 460 512 640
5 360 538 663 673 679
5 1228 1928 1948 2522 3221
5 2874 6814 6904 7108 7929
5 1943 3403 3406 3408 3702
5 1064 1455 2262 3180 3665
5 950 1360 1363 1403 1794
5 323 397 493 500 894
5 866 1645 2065 2617 3407
5 703 1237 1397 1504 1805
5 536 1423 1427 1672 2447
5 527 1034 1036 1177 1663
5 295 314 319 322 327
5 319 354 455 492 674
5 1403 5537 7934 7941 9200
5 527 866 950 973 1405
5 612 1088 1089 1142 1391
5 2822 4874 4877 5072 7886
5 1903 3437 4081 4375 5038
5 1380 2047 2068 3066 3418
5 433 675 677 680 781
5 1107 1506 1507 1660 2801
5 1910 2079 2262 2590 3447
5 527 952 956 1366 1496
5 426 950 960 1053 1088
5 2553 6213 6611 6614 7226
5 1406 3090 3338 3672 4670
5 854 1508 1802 1879 3334
5 807 1171 1176 1186 1237
5 712 1005 1060 1194 1285
5 11815 11821 11822 11823 11826
5 556 1461 1956 1999 3390
5 305 695 1043 1374 1919
5 1104 1701 1997 1998 2344
5 729 1368 1376 1404 2062
5 512 905 963 1089 1366
5 952 1235 1374 1763 2131
5 296 700 703 706 989
5 2457 3090 3380 4005 6586
5 1954 2657 2671 3656 5238
5 520 684 691 695 897
5 327 691 709 1035 1286
5 334 904 950 991 1089
5 296 358 372 449 460
5 797 1029 1082 1136 1173
5 3486 6275 6765 9225 11133
5 305 343 353 372 459
5 934 1177 1254 1341 1663
5 1179 2195 2199 2227 2599
5 1409 2556 2559 2560 2755
5 476 1498 1535 1587 3281
5 360 430 465 475 498
0
5 6420 10320 10667 10721 10725
5 511 805 806 914 1864
5 2324 3332 4637 4810 7652
5 305 326 343 418 479
5 12007 12013 12014 12015 12018
5 525 680 681 685 770
5 5426 8266 8268 9943 12045
5 356 517 522 524 538
5 1244 2028 2150 2647 3207
5 848 1330 1397 1636 3205
5 480 674 676 687 980
5 423 691 697 716 1074
5 458 680 695 778 788
5 310 336 338 343 455
5 227 426 433 441 695
5 561 2036 2763 3058 3429
5 319 460 464 492 536
5 460 680 683 684 770
5 343 635 695 716 959
5 1095 1634 1781 2612 3380
5 450 781 785 963 3530
5 1942 2407 2521 2609 3633
5 458 695 898 1177 2020
5 7943 11661 12170 12171 12174
5 465 674 675 679 784
5 492 898 921 1025 1366
5 947 1664 1701 1845 1991
5 985 1349 1363 1403 1706
5 859 1113 1403 1455 1717
5 2424 3107 3158 3533 3559
5 2641 4086 4093 4277 5847
5 4960 9820 9923 10886 12246
5 673 960 1405 1510 1804
5 5238 6902 7015 8592 11862
5 1949 3298 3601 3622 4935
5 1000 2585 2755 3297 4093
5 806 1843 1845 1846 2191
5 1177 1916 1999 2047 2853
5 837 938 956 1109 1184
5 1759 2830 2963 3180 4392
5 2081 8202 8208 10294 12340
5 187 936 950 989 1046
5 2294 3465 3956 4224 7702
5 608 942 984 1039 1107
5 7775 12384 12385 12386 12389
5 6769 10866 12410 12411 12414
5 889 1230 1237 1381 1506
5 695 2375 2380 2506 3425
5 921 1100 1105 1330 2029
5 621 870 992 1064 1818
5 1794 2765 2770 2777 3434
5 801 825 832 834 942
5 4640 8517 8518 8522 9167
5 473 942 1034 1038 1502
5 458 539 540 677 1033
5 521 960 1081 1393 2117
5 2471 3250 3253 3397 3817
5 760 1167 1391 1392 1928
5 1035 1197 1265 1532 1844
5 323 540 695 785 894
5 683 891 1373 1600 1956
5 296 460 479 525 542
5 1892 3092 3187 3421 3982
5 684 1088 1089 1097 1400
5 343 519 525 529 538
5 1387 2515 2522 2562 3620
5 700 1090 1141 1349 1388
5 604 847 850 851 1100
5 3581 3607 4072 4478 6886
5 1122 2431 2463 2588 3189
5 7507 11088 11546 11549 12053
5 845 1107 1230 1397 1865
5 673 904 1028 1237 1449
5 380 492 517 520 538
5 1405 2604 2609 2612 2983
5 527 722 728 729 1080
5 595 950 973 984 992
5 1933 2653 2901 3111 3605
0
5 1403 2767 3265 3433 9296
5 2328 3703 3816 5322 8179
5 1004 1890 2014 2475 2917
5 593 984 987 988 992
5 3414 6635 8918 9023 9274
5 227 608 703 889 973
5 10427 12697 12698 12699 12702
5 1518 2332 2365 2920 3202
5 953 2418 2429 2524 3061
5 681 1170 1171 1184 1369
5 3222 5527 6097 6282 7862
5 294 505 527 529 1053
5 295 431 527 540 748
5 12745 12751 12752 12753 12756
5 336 456 459 461 473
5 728 1114 1403 1418 1835
5 2849 5537 6040 6231 6814
5 192 516 729 842 950
5 536 1114 1423 1466 2032
5 836 1110 1122 1220 1403
5 959 1491 1664 2164 3602
5 12817 12823 12824 12825 12828
5 950 1240 1263 1276 1404
5 1080 2511 2918 3243 4555
5 783 1400 1455 1720 3173
5 684 1763 1784 1883 2052
5 1113 1786 2454 3099 5136
5 914 1122 1170 1392 1440
5 422 859 898 1088 1391
5 431 854 1053 1381 1630
5 430 677 859 953 1039
5 862 1691 1728 2511 3242
5 950 1110 1122 1136 1363
5 956 1136 1230 1397 1788
5 854 2511 2567 4622 10364
5 1173 1508 1845 1857 2795
5 2036 2504 3251 3602 4217
5 314 343 346 380 469
5 522 1368 1438 1547 1919
5 901 1363 1403 1418 1998
5 336 492 534 536 673
5 2284 3864 4519 6803 8230
5 415 433 434 498 683
5 2261 4123 4358 5527 6761
5 1504 1872 2014 2473 3399
5 973 1845 1903 1913 2337
5 527 1066 1089 1100 1415
1 13014
5 455 663 673 695 1237
5 711 973 1101 1113 1235
5 1150 2522 2562 2565 4069
0
5 848 948 1032 1035 1177
5 1096 2331 2641 2820 3566
5 3099 7005 7486 7694 10639
5 327 475 480 492 538
5 516 963 1081 1089 1291
5 722 942 1101 1235 1360
5 727 1089 1113 1235 1503
5 8705 10164 11026 11564 13072
5 423 532 534 598 889
5 460 638 674 695 1000
5 626 748 754 894 1366
5 282 527 529 683 780
5 973 1692 1845 1864 1991
5 444 1089 1107 1374 1704
5 319 450 455 465 673
5 2489 2671 4755 5289 7312
5 1403 2516 2518 2522 3257
5 1512 2950 3202 4189 6162
5 1926 3674 4285 5503 11355
5 1100 1950 2124 2252 2573
5 6089 9237 11768 13166 13169
5 908 1089 1234 1381 1755
5 971 1444 1581 1588 2586
5 493 809 845 921 1025
5 519 685 695 781 1234
5 422 603 609 612 1039
5 911 1272 1329 1402 1852
5 338 452 455 460 680
5 455 695 781 793 921
5 327 458 460 517 522
5 319 517 518 519 674
5 441 712 849 894 1233
5 415 435 444 527 626
5 460 680 693 698 793
5 325 455 458 460 518
0
5 290 310 312 319 343
5 872 1193 1231 1403 1959
5 899 1571 2112 2250 2452
5 311 892 904 1919 1922
5 821 1176 1237 1369 2491
5 1624 2136 2266 2393 2563
5 13244 13250 13251 13252 13255
5 548 727 728 842 950
5 464 536 538 540 674
5 515 701 848 1046 1381
5 712 1039 1360 1403 1547
5 1212 2942 3112 3380 3651
5 1532 3361 3751 4786 5797
5 2752 4201 4251 4511 6132
5 3327 6586 6922 7167 9673
5 988 1006 1010 1018 1877
5 1151 1763 1929 2404 2795
5 6921 10078 11528 11714 13346
5 1622 4691 4963 5031 6099
5 327 478 479 520 668
5 612 889 1039 1081 1230
0
5 1761 6026 6034 6036 6944
5 371 709 746 850 960
5 418 695 703 710 953
5 492 540 959 1036 1184
5 2458 3327 3407 3663 4100
5 2250 2946 3433 4375 5175
5 704 909 927 1025 1351
5 1235 1835 3407 3444 6967
5 538 905 1034 1171 1180
5 7643 11639 11692 11700 13436
5 517 1435 1438 1450 3058
5 498 799 969 1039 1136
5 913 1113 1123 1240 1341
5 492 681 708 1023 1033
5 1634 2556 2559 2758 3723
5 909 1171 1177 1179 1504
5 527 1039 1097 1381 1961
5 1624 3138 3212 3221 3993
5 317 452 455 460 537
5 3801 7941 8602 9054 13493
5 845 1125 1255 1334 1663
5 936 1815 1939 2390 2512
5 1959 3407 3661 3716 5140
5 687 1026 1031 1038 1174
5 2712 2999 3038 4777 6978
5 312 346 455 458 492
5 491 970 973 1097 1388
5 2455 4626 5298 6491 7985
5 294 412 414 480 531
5 475 674 675 679 684
5 3736 13572 13573 13574 13577
5 426 520 534 710 1039
5 1235 3104 3852 4093 5620
5 506 720 911 921 973
5 1849 2588 2617 2691 3271
5 498 534 601 674 1082
5 1641 2830 3037 3566 3661
5 1622 2696 2999 3242 3613
5 450 673 674 675 695
5 495 921 957 973 1171
5 887 1738 1767 1771 3176
5 1933 2903 2910 3195 5482
5 727 1089 1230 1415 1624
5 528 973 1230 1366 1641
5 532 680 784 788 1675
5 2766 4454 5789 6785 8226
5 1142 2562 2587 2590 3374
5 460 675 680 698 1023
5 520 709 748 962 1088
5 527 850 854 859 1081
5 1784 3176 4224 4764 6728
5 294 343 347 349 460
5 748 1879 1928 1937 2068
5 938 1343 1349 1351 1363
0
5 2452 3780 4093 4964 10892
5 458 536 537 673 681
5 530 1072 1232 1424 1440
5 908 1416 1417 1495 1875
5 492 677 710 759 976
5 616 854 858 1141 1510
5 596 710 1081 1088 1381
5 2560 3262 3317 3320 3617
5 527 1039 1080 1081 1232
5 3695 6489 6490 6494 9459
5 675 788 903 1033 1450
5 1403 2055 2161 3228 3441
5 324 452 455 460 478
5 969 1172 1230 1366 1403
5 433 697 973 1039 1107
5 770 1446 1532 1627 2195
5 512 1368 1401 1461 1845
5 708 1385 1391 1415 1757
5 1874 4270 4351 4367 6586
5 495 701 759 960 1122
5 319 380 455 460 470
5 598 1142 1176 1230 1405
5 1476 2504 3037 3282 3451
5 13494 13843 13844 13845 13848
5 989 1216 1244 1289 1877
5 745 919 923 928 1240
5 327 460 492 517 673
5 1039 1493 1503 1511 2383
5 721 1496 1751 1762 2036
0
5 2524 3229 3429 3871 4176
5 380 635 673 695 1000
5 296 455 517 519 781
5 538 1033 1420 1443 1851
5 446 1081 1097 1100 1391
5 973 1657 1663 1991 3037
5 3343 4387 4759 6564 7296
5 431 703 942 960 1381
5 818 1170 1182 1186 1967
5 915 1340 1403 1504 1794
5 1037 1857 2065 2526 3058
5 369 1192 1234 1237 1571
5 469 680 683 691 788
5 460 950 1023 1033 2052
5 1240 1413 1417 1509 1961
5 1176 1381 1532 2065 2567
5 305 372 394 452 538
5 675 1025 1029 1034 1082
5 322 346 380 455 517
5 214 593 606 709 868
5 312 371 401 455 482
5 903 2064 2161 3089 3949
5 312 371 452 455 469
5 336 480 492 530 894
5 1141 3099 3221 3273 6801
5 380 465 469 475 534
5 296 464 475 520 593
5 4621 8386 8477 9621 14000
5 1697 2425 2585 2648 3794
5 491 716 799 1012 1461
5 305 320 327 336 380
5 504 2191 2413 2903 3526
5 300 460 469 480 527
5 593 703 1089 1146 1929
5 322 460 462 492 529
5 921 1845 1999 2507 2815
5 1153 1669 2117 2821 3301
5 1736 2596 2656 2671 3598
5 322 478 695 904 1043
5 338 455 458 460 480
5 14091 14097 14098 14099 14102
5 417 520 522 526 675
5 1177 2172 2372 2715 4409
5 963 1381 1472 1476 1768
5 1170 1680 1973 2507 3363
5 532 946 950 1025 1038
5 3653 5479 5505 5515 8715
5 612 1089 1145 1152 1654
5 487 859 866 960 1074
5 1163 1518 1983 1986 6364
5 371 492 512 530 695
5 914 2175 2364 2369 3493
5 519 1088 1090 1092 1389
5 691 1447 2066 2070 4927
5 2743 4409 4573 4855 5602
5 635 1511 2049 2331 5114
5 5923 8432 8479 9943 10571
5 527 1005 1063 1064 1085
5 14243 14249 14250 14251 14254
5 869 1698 1730 1875 3243
5 14297 14303 14304 14305 14308
5 1413 3090 3429 3444 6402
5 3008 3928 4014 4827 4834
5 1955 3826 4030 4069 5917
5 504 597 701 770 1109
5 1815 3953 5921 6443 11927
5 371 869 950 990 1052
5 434 842 849 1066 1098
5 3320 6484 6756 12295 14397
5 418 527 532 538 708
5 371 534 536 894 1036
5 343 460 469 480 522
5 1371 2463 2507 2718 3263
5 187 868 871 891 992
5 673 2957 3282 3350 4397
5 480 942 1232 1234 2968
5 299 323 325 326 349
5 850 1085 1158 1204 1942
5 482 687 698 770 957
5 438 952 1081 1086 1391
5 455 538 663 673 685
5 799 1097 1146 1189 1368
5 597 1096 1237 1403 2549
5 340 460 496 538 686
5 1368 2594 2632 2641 3210
5 343 522 525 536 640
5 726 1197 1240 1351 1403
5 3416 4188 5299 8979 9633
5 323 517 519 528 674
5 294 354 358 462 677
5 486 908 1066 1090 1175
5 526 1034 1038 1180 1581
5 1035 1330 1338 1341 1363
5 532 1391 1536 1766 2968
5 418 601 842 849 946
5 710 1231 1381 1391 1798
5 695 897 961 1383 1423
5 1010 1881 2511 2515 3166
5 598 1039 1081 1113 1634
4 14530 14536 14537 14538
5 482 807 894 963 1170
5 433 708 710 831 894
5 292 433 504 531 683
5 527 962 1039 1088 1391
5 950 1368 1506 1511 1976
5 444 1107 1194 1283 1291
0
5 921 1454 1691 1696 3566
5 1216 1417 1460 1504 1805
5 304 338 343 346 522
5 954 1988 1991 2604 3227
5 2648 2657 3477 4755 8309
5 480 538 698 700 908
5 469 539 685 699 709
5 475 695 702 719 898
5 527 908 943 973 1039
5 2380 3816 4176 4707 7663
5 315 343 346 452 469
5 433 623 703 709 1081
5 419 527 533 540 684
5 663 1048 1438 1455 1593
5 480 1023 1025 1028 1036
5 889 1753 1956 2262 3182
5 303 320 327 338 449
5 527 894 971 980 1235
5 748 1107 1397 1403 1959
5 2024 3444 3473 3692 4045
5 1773 5163 5685 6558 11543
5 390 473 519 525 906
5 326 522 529 537 693
5 541 1100 1381 1415 1600
5 319 460 461 462 528
5 1369 2640 2641 2820 3180
5 4117 4727 4788 5301 6647
5 480 626 842 850 1142
5 530 799 1034 1171 1177
5 739 1004 1107 1113 1404
5 938 1328 1349 1351 1363
5 217 1039 1109 1142 1386
5 1459 2430 2432 2434 2452
5 825 959 1168 1409 1542
5 344 519 520 526 695
5 323 455 459 478 519
5 608 908 923 943 973
5 326 904 1028 1033 1535
5 423 608 609 699 703
5 711 859 865 950 1113
5 1233 1406 1459 1460 2112
5 412 700 709 727 1053
5 4716 5015 5016 5019 5995
5 460 529 530 538 695
5 1074 3394 3395 3396 3411
0
5 1136 1702 1705 1905 3177
5 525 695 906 959 1370
5 294 319 327 338 349
5 459 517 525 537 674
5 418 453 522 532 683
0
5 957 1191 1392 1401 1858
5 1081 1866 2688 2958 3438
5 703 1235 1240 1369 1663
5 327 449 460 484 674
5 3242 4526 5312 6316 10109
5 3810 6582 8557 9097 11524
5 506 809 823 837 1095
5 1230 1880 1895 2485 3631
5 2650 8908 10233 10747 10845
5 2466 3421 3702 3982 5788
5 922 1109 1110 1122 1213
5 6169 10427 10439 11090 12682
5 5860 11080 13790 14886 14889
5 977 1763 2025 2822 3363
5 1240 1363 1403 1406 1504
5 346 537 542 673 691
5 969 1784 1845 2725 4042
5 1624 2590 3220 3808 6977
5 455 1033 1036 1420 2065
5 343 638 695 880 1043
0
5 527 1109 1155 1368 1510
5 322 452 455 458 526
5 527 1366 1381 1391 1501
5 4037 6034 6042 6614 11107
5 705 942 950 957 1349
5 909 1240 1338 1342 1360
5 1235 1883 2443 2515 3820
5 14075 14116 14994 14995 14998
5 992 2536 2542 3050 3992
5 1630 2837 3099 3843 5253
5 542 887 894 952 1547
5 450 487 492 675 898
5 438 950 1025 1089 1447
5 460 494 498 512 695
5 1942 3715 4011 4104 4711
5 349 456 463 480 505
5 683 950 992 1005 1063
5 6688 14619 15058 15059 15062
5 948 1513 1651 1988 2777
5 520 685 697 710 971
5 2668 3919 5190 6439 7542
5 1107 3173 3180 3253 5021
5 695 793 894 992 1600
5 1212 1524 1880 1964 2360
5 532 677 681 685 1038
5 859 1604 1611 2068 2211
5 315 449 455 460 695
5 1036 1672 1800 1846 2646
5 4397 15143 15144 15145 15148
5 300 315 317 318 326
5 4214 7234 7819 7830 11323
5 948 2322 2323 2324 3949
5 3031 3783 3852 3870 4344
5 1518 2991 3433 3698 5053
5 697 866 1063 1066 1155
5 292 426 447 455 527
0
5 859 1240 1781 1963 2596
5 1854 2903 3425 4095 4523
5 455 517 536 640 680
5 2727 4408 4515 4963 6926
5 2315 4363 4526 6785 6803
5 464 889 1029 1034 1180
5 593 1036 1100 1107 1237
5 459 640 781 957 1237
5 418 449 463 533 845
5 418 530 532 534 683
5 455 525 534 538 683
5 684 1107 1126 1374 1772
5 1949 2522 3048 3257 3624
5 460 526 529 540 683
5 703 1097 1385 1387 1399
5 532 982 1072 1234 1374
5 478 674 680 695 1033
5 3281 6742 6760 9117 11026
5 612 1230 1403 1495 1506
5 1101 1402 1403 1404 1991
5 3986 7936 9363 9365 9598
5 493 1043 1095 1342 2164
5 1826 4282 4624 6012 7054
5 1929 3211 3304 3566 4107
5 1407 2767 2814 2835 3433
5 511 919 921 942 973
5 942 2777 3265 3274 3526
5 968 1508 1511 1649 1973
5 1396 2100 2635 2784 3960
5 722 908 909 950 1117
5 428 703 709 712 973
5 2011 3045 3816 4285 4526
5 6822 13978 15381 15382 15385
5 1504 3165 3601 4401 5660
5 845 956 969 973 1122
5 532 886 887 894 1089
5 305 338 368 369 373
5 894 1956 2110 2160 2443
5 15055 15418 15419 15420 15423
5 3808 8716 8718 9224 10496
5 15465 15471 15472 15473 15476
5 310 460 479 527 635
5 6967 13048 13051 13056 13763
5 1039 2727 3464 3916 6121
5 318 455 458 460 540
5 308 346 453 455 469
5 710 1506 1973 2515 2795
5 849 1052 1063 1064 1088
5 1140 1942 1949 2256 2580
5 536 1032 1035 1082 1171
0
5 2515 5879 6026 6042 6619
5 944 1107 1110 1170 1518
5 455 476 482 487 531
5 683 1447 1496 1510 2161
5 1697 2648 2679 2755 4947
5 1122 1401 1954 1960 2585
5 770 1028 1039 1088 1389
5 458 542 593 640 880
5 1179 1661 1669 1844 2188
0
5 1438 2424 2552 2588 2827
5 223 527 703 709 896
5 1089 2455 2558 2604 3702
5 684 1604 1999 2047 3385
5 950 1801 1959 2331 2882
5 3020 5923 6614 8257 10384
5 1772 3089 3782 3792 4621
5 323 380 455 458 469
5 1114 1360 1630 1696 2297
5 9213 10110 10380 11928 14864
5 399 519 526 674 905
0
5 809 1844 1861 1959 2696
5 799 908 914 984 1095
5 1839 11692 11714 13357 15129
5 327 453 458 460 526
5 1211 1938 2068 2124 3620
5 435 697 748 848 1023
5 322 460 492 496 674
5 518 781 788 793 1032
5 455 526 534 640 698
5 3736 4996 5556 5749 7594
5 338 450 453 455 482
5 956 1824 1959 1962 2463
0
5 1091 1663 1726 2724 3379
5 1370 2328 2343 2344 2920
5 460 542 629 673 781
5 12694 12701 12702 12704 12718
5 295 527 609 703 950
5 4860 11100 11108 11671 15609
5 327 479 492 493 522
5 1373 3813 4167 4818 7674
5 1265 1926 1942 2504 2810
5 447 699 700 701 848
5 466 894 1029 1031 1096
5 204 228 231 418 613
5 1029 1472 1671 1921 2587
5 608 850 859 908 973
5 460 538 640 673 680
5 3221 6092 6584 7509 8620
5 598 894 976 980 1391
5 299 314 326 338 517
5 1349 1417 1630 1748 2766
5 2207 2956 3089 3195 4232
5 3391 8663 8668 9691 10485
5 290 300 304 346 412
5 540 1146 1180 1237 1391
5 423 677 697 700 712
5 371 952 992 1052 1095
5 308 394 460 462 539
5 3792 5030 5411 5853 6733
5 4030 6617 6618 7310 14526
5 1369 2619 2820 3221 3423
5 2061 3460 4390 5650 8634
5 487 534 702 708 1039
5 412 727 849 894 1405
5 541 889 1088 1089 1723
5 6177 10164 11216 11218 11225
5 294 314 316 319 324
5 908 969 1032 1035 1330
1 3424
5 344 783 793 894 1604
5 346 526 537 538 675
5 710 1113 1146 1237 1360
5 609 973 1080 1107 1412
5 1107 1786 1809 2118 3598
5 1600 2504 3287 3465 7869
5 527 999 1113 1366 2012
5 475 1434 2506 3058 3461
5 310 336 338 346 460
5 319 452 455 458 492
5 4140 8713 9704 10117 12759
5 492 673 958 973 1366
5 1231 1511 1630 2106 2835
5 799 1035 1171 1176 1197
5 500 674 894 909 1089
5 4765 6928 9349 9897 12389
5 296 319 322 323 449
5 334 424 452 455 492
5 433 700 894 923 1039
5 423 623 701 703 908
5 228 431 433 596 616
5 424 898 972 1028 1434
5 1042 1675 1731 2781 7241
5 697 1066 1142 1370 1704
5 1029 1381 1877 1959 2645
5 292 691 879 880 894
5 1417 2347 2365 2448 2853
5 2036 3267 3429 3812 6258
5 2932 4905 5461 6730 8911
5 834 1171 1188 1197 1504
5 418 540 673 683 849
5 700 1004 1010 1067 1357
5 460 688 711 727 859
5 16094 16100 16101 16102 16105
5 10122 13755 13757 13758 16127
5 524 877 897 902 1038
5 537 686 781 784 899
5 1423 2511 3040 3053 4401
5 1207 1932 1939 1943 3243
5 16176 16182 16183 16184 16187
5 748 1493 1962 1968 2567
5 453 695 783 789 904
5 3566 4105 4107 4109 4117
5 948 1351 1357 1360 1522
5 16225 16231 16232 16233 16236
5 1248 1351 1355 1360 1512
5 3479 4101 4426 8716 9570
5 2682 4298 4780 5591 8417
5 458 538 673 675 695
5 5681 11468 11541 11635 13082
5 1959 3667 3670 4690 6400
5 608 1095 1110 1237 2429
5 12756 16315 16316 16317 16320
5 1416 2835 3433 5036 5563
5 572 1113 1397 1418 1811
5 326 519 521 528 894
5 681 1184 1189 1237 2819
5 323 399 449 453 478
5 3149 5072 5505 5758 6612
5 691 1369 1380 1845 1975
5 894 1409 1501 1696 2122
5 845 1177 1342 1403 1780
5 360 492 537 673 698
5 310 505 532 880 942
5 16398 16404 16405 16406 16409
5 2522 3755 3808 5291 6092
5 3187 5680 6026 6034 8660
5 1717 3435 3703 3864 4580
5 850 2571 2679 2718 2999
5 1406 2250 2328 2767 2851
5 4160 8418 8423 8516 9554
5 4742 16265 16492 16493 16496
5 1039 1680 1763 2250 2594
0
5 311 353 455 459 517
5 308 343 404 449 492
5 806 1186 1217 1385 1532
5 847 1393 1403 1440 1663
5 372 538 668 673 695
5 296 430 484 490 520
5 976 1008 1074 1080 2918
5 2084 3448 3450 3453 5213
5 524 695 780 892 961
5 2250 3569 7129 7248 9237
5 950 1162 1204 2392 2564
5 416 532 534 536 950
5 5678 14382 15794 16560 16563
5 295 323 343 360 677
5 371 461 480 492 524
5 697 1370 1374 1381 1623
5 1039 1640 1660 1757 3037
5 7594 10554 10557 10559 10566
5 2621 2882 3997 4112 7114
5 1835 6084 6548 10370 15914
5 492 1028 1564 1921 4472
5 712 2250 2610 2837 3993
5 1081 2116 2118 2256 2580
5 492 677 950 973 1031
5 675 1170 1177 1191 1446
5 612 1235 1380 1391 2262
5 1102 1134 1240 1397 2404
5 480 697 748 770 1187
5 1532 2195 2368 2830 4145
5 1396 3186 3222 3263 4298
5 1455 2284 2286 2309 2612
5 1008 1404 1454 1504 1877
5 16687 16693 16694 16695 16698
5 848 1233 2005 2647 3010
5 3252 4503 4934 5737 10109
5 3502 8198 8856 9955 9966
5 801 1174 1175 1191 1788
5 1232 1759 1766 1767 3354
5 699 1032 1038 1039 1504
5 2106 2605 3221 3304 4115
5 16780 16786 16787 16788 16791
5 1493 3336 4692 5200 6392
5 1795 2472 2515 3244 6597
5 944 1513 1660 1769 2355
5 383 921 927 946 1370
5 526 799 801 850 1066
5 1026 1647 1664 1675 2633
5 1039 1503 1506 1511 2116
5 430 536 609 612 674
5 3221 4115 4133 4270 4711
5 973 1746 1752 1757 2766
5 324 476 479 485 541
5 889 1939 2410 3058 4669
5 1089 2526 3182 3449 3756
5 883 2164 2424 2427 2617
5 854 1088 1101 1194 2392
5 460 538 640 673 680
5 476 695 777 899 1050
5 3616 6702 7505 7507 9621
5 343 460 519 522 674
5 1081 1768 1961 1971 2124
5 295 316 324 343 595
5 482 683 710 714 973
5 913 1349 1351 1360 1769
5 1931 2893 2896 2901 3280
5 8707 10164 10460 11219 15456
5 1815 2478 2585 2647 2680
5 293 310 327 372 469
5 977 1237 1240 1340 1492
5 3477 8309 9746 10228 11769
5 2315 6807 6815 6816 8224
5 600 1089 1100 1112 1381
5 1240 1403 1794 1799 2328
5 314 517 519 528 683
5 677 973 1381 1502 1763
5 2594 3604 3869 3997 6092
5 746 1552 1691 1696 3008
5 419 526 528 539 778
5 915 969 1171 1330 1663
5 933 1349 1351 1355 1406
5 852 1966 2211 2328 2575
5 680 786 793 894 1419
5 17000 17006 17007 17008 17011
5 2211 2903 2910 3195 4491
5 1631 2522 2797 2808 3195
5 848 1504 1623 1869 2383
5 2392 3721 4112 4600 9074
5 748 963 971 1094 1503
5 952 1857 2588 2656 2830
5 2207 6758 7967 9667 12813
5 712 1233 1381 1391 1407
5 418 527 531 673 700
5 748 1136 1171 1209 1787
5 2003 2485 2899 2907 6479
5 834 940 945 969 1110
5 2585 3567 4625 5078 6440
5 491 1095 1170 1461 1779
5 12828 17126 17127 17128 17131
5 2651 4918 7527 9439 10234
5 1195 1518 1524 2458 3704
5 698 908 909 915 1035
5 434 848 887 894 1088
5 415 534 608 703 1177
5 882 1721 1763 1815 2161
5 480 1039 1043 1081 1405
5 843 988 989 992 1074
5 933 1389 1401 1403 2157
5 7627 17189 17190 17191 17194
5 1385 1400 2068 3180 3949
5 319 450 455 459 522
5 1767 4093 4296 4393 7100
5 435 542 593 683 703
5 320 452 455 458 522
5 957 1845 1863 1895 2774
5 517 683 698 788 1038
5 430 992 1081 1142 2580
5 1010 3252 3603 4496 17241
5 522 1034 1038 1461 3851
5 1968 2657 2661 2671 4232
5 768 1053 1097 1122 1803
5 1738 2585 3112 4148 6613
5 317 517 519 698 1066
5 427 697 748 849 1089
5 460 593 683 684 880
5 422 683 848 854 1081
5 7752 10324 10467 12152 12574
5 3425 5128 6320 6855 8190
5 295 311 325 326 460
5 346 492 520 522 673
5 683 904 960 1089 1375
5 492 674 675 676 698
5 681 1172 1176 1177 1189
5 948 1461 1630 1651 1895
5 1859 2830 3361 3566 3639
5 616 1089 1415 1624 2393
5 2116 3754 3757 3764 4791
5 720 1082 1095 1100 1136
5 911 1147 1525 1694 1815
5 6907 8957 9482 10127 16680
5 1879 3099 3222 3243 3255
5 1882 2429 2534 2841 3267
5 927 1095 1105 1330 1999
5 492 680 687 693 784
5 991 1801 1877 1903 3395
5 2506 4053 4247 4707 5642
5 728 1366 1367 1369 1510
5 479 897 1000 1067 1397
5 334 455 458 460 519
5 1347 2941 2943 2946 4521
5 455 675 897 899 1450
5 936 1368 1455 1482 1699
5 534 698 770 821 1043
5 387 512 525 526 676
5 1702 3168 3207 4071 4802
5 5544 8261 9569 10362 14350
5 695 2007 2052 2914 3452
5 534 1034 1035 1036 1171
5 536 973 1037 1082 1240
5 323 680 779 783 1421
5 492 1012 1050 1189 1857
5 285 529 532 593 851
5 695 1234 1237 1672 1798
5 700 854 859 909 950
5 1053 1960 1964 2357 3149
5 680 1034 1050 1096 1450
5 1058 1704 1818 1827 2024
5 972 1403 1415 1600 2592
5 1055 1883 1891 2507 4526
5 435 1230 1503 1504 1511
0
5 1146 2567 2580 2801 3438
5 299 338 371 372 480
5 308 510 511 548 950
5 2366 7880 8140 8291 9548
5 6161 12197 12813 14075 15132
5 603 1366 1381 1415 1506
5 1406 2722 2766 2767 2835
5 1453 2641 2957 3061 3783
5 17562 17568 17569 17570 17573
5 511 850 858 1066 1375
5 232 505 527 608 850
5 5072 11002 12412 13262 16364
5 4098 7735 8127 8129 8133
