7 5 22 33 34 36 41 59
1 75
5 83 100 111 112 114
7 121 138 149 150 152 157 175
10 197 214 225 226 228 233 251 269 270 275
10 282 299 310 311 313 318 336 354 355 360
7 368 385 396 397 399 404 422
10 443 460 471 472 474 479 497 515 516 521
7 535 552 563 564 566 571 589
7 598 615 626 627 629 634 652
7 662 679 690 691 693 698 716
2 739 756
9 763 780 791 792 794 799 817 835 836
7 844 861 872 873 875 880 898
9 910 927 938 939 941 946 964 982 983
6 991 1008 1019 1020 1022 1027
6 1034 1051 1062 1063 1065 1070
7 1091 1108 1119 1120 1122 1127 1145
6 1155 1172 1183 1184 1186 1191
0
7 1206 1223 1234 1235 1237 1242 1260
8 1277 1294 1305 1306 1308 1313 1331 1349
10 1351 1368 1379 1380 1382 1387 1405 1423 1424 1429
7 1441 1458 1469 1470 1472 1477 1495
10 1505 1522 1533 1534 1536 1541 1559 1577 1578 1583
7 1589 1606 1617 1618 1620 1625 1643
10 1653 1670 1681 1682 1684 1689 1707 1725 1726 1731
7 1743 1760 1771 1772 1774 1779 1797
6 1808 1825 1836 1837 1839 1844
7 1864 1881 1892 1893 1895 1900 1918
7 1941 1958 1969 1970 1972 1977 1995
7 1999 2016 2027 2028 2030 2035 2053
7 2074 2091 2102 2103 2105 2110 2128
6 1043 2156 2167 2168 2170 2175
7 2189 2206 2217 2218 2220 2225 2243
7 2251 2268 2279 2280 2282 2287 2305
7 2314 2331 2342 2343 2345 2350 2368
10 2382 2399 2410 2411 2413 2418 2436 2454 2455 2460
8 1822 2481 2492 2493 2495 2500 2518 2536
6 2540 2557 2568 2569 2571 2576
6 2592 2609 2620 2621 2623 2628
5 2639 2656 2667 2668 2670
7 2677 2694 2705 2706 2708 2713 2731
1 2751
7 2757 2774 2785 2786 2788 2793 2811
6 2820 2837 2848 2849 2851 2856
7 2876 2893 2904 2905 2907 2912 2930
7 2941 2958 2969 2970 2972 2977 2995
9 3007 3024 3035 3036 3038 3043 3061 3079 3080
10 2638 3098 3109 3110 3112 3117 3135 3153 3154 3159
1 3172
9 3186 3203 3214 3215 3217 3222 3240 3258 3259
2 3267 3284
7 3296 3313 3324 3325 3327 3332 3350
9 3369 3386 3397 3398 3400 3405 3423 3441 3442
7 1877 3460 3471 3472 3474 3479 3497
7 3510 3527 3538 3539 3541 3546 3564
7 3573 3590 3601 3602 3604 3609 3627
7 3634 3651 3662 3663 3665 3670 3688
10 3705 3722 3733 3734 3736 3741 3759 3777 3778 3783
7 3791 3808 3819 3820 3822 3827 3845
7 3861 3878 3889 3890 3892 3897 3915
7 3933 3950 3961 3962 3964 3969 3987
4 3995 4012 4023 4024
10 4029 4046 4057 4058 4060 4065 4083 4101 4102 4107
9 4109 4126 4137 4138 4140 4145 4163 4181 4182
9 3579 4199 4210 4211 4213 4218 4236 4254 4255
10 4257 4274 4285 4286 4288 4293 4311 4329 4330 4335
7 4343 4360 4371 4372 4374 4379 4397
7 4418 4435 4446 4447 4449 4454 4472
8 4440 4497 4508 4509 4511 4516 4534 4552
10 4556 4573 4584 4585 4587 4592 4610 4628 4629 4634
10 1401 4641 4652 4653 4655 4660 4678 4696 4697 4702
6 4383 4723 4734 4735 4737 4742
10 4753 4770 4781 4782 4784 4789 4807 4825 4826 4831
6 4834 4851 4862 4863 4865 4870
7 4875 4892 4903 4904 4906 4911 4929
6 4947 4972 4990 4991 4993 4999
9 5011 5028 5039 5040 5042 5047 5065 5083 5084
7 5088 5105 5116 5117 5119 5124 5142
9 5163 5180 5191 5192 5194 5199 5217 5235 5236
6 3372 5253 5264 5265 5267 5272
10 1633 5301 5312 5313 5315 5320 5338 5356 5357 5362
7 5365 5382 5393 5394 5396 5401 5419
7 5434 5451 5462 5463 5465 5470 5488
7 5507 5524 5535 5536 5538 5543 5561
10 1091 5572 5583 5584 5586 5591 5609 5627 5628 5633
9 3429 5648 5659 5660 5662 5667 5685 5703 5704
7 5708 5725 5736 5737 5739 5744 5762
9 5779 5796 5807 5808 5810 5815 5833 5851 5852
7 5855 5872 5883 5884 5886 5891 5909
10 3401 5926 5937 5938 5940 5945 5963 5981 5982 5987
6 5991 6008 6019 6020 6022 6027
9 6036 6053 6064 6065 6067 6072 6090 6108 6109
7 6115 6132 6143 6144 6146 6151 6169
7 4661 6197 6208 6209 6211 6216 6236
7 5992 6261 6272 6273 6275 6280 6298
10 3389 6329 6340 6341 6343 6348 6366 6384 6385 6390
7 2494 6411 6422 6423 6425 6430 6448
2 6470 6487
9 3023 6513 6524 6525 6527 6532 6550 6568 6569
2 6575 6592
2 6600 6617
9 6623 6640 6651 6652 6654 6659 6677 6695 6696
7 6700 6717 6728 6729 6731 6736 6754
7 6762 6779 6790 6791 6793 6798 6816
2 6823 6840
5 6851 6868 6879 6880 6882
9 6887 6904 6915 6916 6918 6923 6941 6959 6960
6 6966 6983 6994 6995 6997 7002
5 3111 7030 7041 7042 7044
9 5948 7061 7072 7073 7075 7080 7098 7116 7117
6 5242 7134 7145 7146 7148 7153
7 7162 7179 7190 7191 7193 7198 7216
10 2497 7229 7240 7241 7243 7248 7266 7284 7285 7290
6 7298 7315 7326 7327 7329 7334
9 1917 7347 7358 7359 7361 7366 7384 7402 7403
1 7411
7 4876 7439 7450 7451 7453 7458 7476
7 7490 7507 7518 7519 7521 7526 7544
7 7561 7578 7589 7590 7592 7597 7615
6 7635 7652 7663 7664 7666 7671
5 7688 7705 7716 7717 7719
10 4387 7727 7738 7739 7741 7746 7764 7782 7783 7788
10 6739 7809 7820 7821 7823 7828 7846 7864 7865 7870
7 4535 7895 7906 7907 7909 7914 7932
7 7943 7960 7971 7972 7974 7979 7997
7 5575 8021 8032 8033 8035 8040 8058
9 5248 8087 8098 8099 8101 8106 8124 8142 8143
7 4244 8158 8169 8170 8172 8177 8195
2 8210 8227
2 8239 8256
7 1883 8269 8280 8281 8283 8288 8306
1 8317
10 8327 8344 8355 8356 8358 8363 8381 8399 8400 8405
9 1707 8409 8420 8421 8423 8428 8446 8464 8465
1 8474
1 8490
1 8507
9 8522 8539 8550 8551 8553 8558 8576 8594 8595
7 1998 8605 8616 8617 8619 8624 8642
7 4799 8664 8675 8676 8678 8683 8701
10 5156 8724 8735 8736 8738 8743 8761 8779 8780 8785
10 2831 8800 8811 8812 8814 8819 8837 8855 8856 8861
7 8868 8885 8896 8897 8899 8904 8922
7 5712 8953 8964 8965 8967 8972 8990
6 9002 9019 9030 9031 9033 9038
10 1408 9057 9068 9069 9071 9076 9094 9112 9113 9118
6 6563 9138 9149 9150 9152 9157
6 9173 9190 9201 9202 9204 9209
7 7359 9231 9242 9243 9245 9250 9268
10 4128 9287 9298 9299 9301 9306 9324 9342 9343 9348
7 3665 9360 9371 9372 9374 9379 9397
6 9402 9419 9430 9431 9433 9438
7 4259 9464 9475 9476 9478 9483 9501
10 9517 9534 9545 9546 9548 9553 9571 9589 9590 9595
6 9522 9612 9623 9624 9626 9631
8 3468 9657 9668 9669 9671 9676 9694 9712
6 3579 9727 9738 9739 9741 9746
6 9760 9777 9788 9789 9791 9796
9 2829 9813 9824 9825 9827 9832 9850 9868 9869
2 9874 9891
1 9892
6 8303 9921 9932 9933 9935 9940
9 5745 9960 9971 9972 9974 9979 9997 10015 10016
10 8411 10037 10048 10049 10051 10056 10074 10092 10093 10098
10 7520 10115 10126 10127 10129 10134 10152 10170 10171 10176
10 8249 10194 10205 10206 10208 10213 10231 10249 10250 10255
10 10260 10277 10288 10289 10291 10296 10314 10332 10333 10338
7 6598 10353 10364 10365 10367 10372 10390
9 3201 10400 10411 10412 10414 10419 10437 10455 10456
10 6567 10474 10485 10486 10488 10493 10511 10529 10530 10535
7 5799 10555 10566 10567 10569 10574 10592
6 7260 10616 10627 10628 10630 10635
8 5745 10656 10667 10668 10670 10675 10693 10711
9 4521 10719 10730 10731 10733 10738 10756 10774 10775
6 10782 10799 10810 10811 10813 10818
7 4150 10834 10845 10846 10848 10853 10871
10 5745 10886 10897 10898 10900 10905 10923 10941 10942 10947
2 10956 10973
9 5712 10987 10998 10999 11001 11006 11024 11042 11043
9 2026 11056 11067 11068 11070 11075 11093 11111 11112
6 3817 11129 11140 11141 11143 11148
9 5087 11165 11176 11177 11179 11184 11202 11220 11221
9 2522 11229 11240 11241 11243 11248 11266 11284 11285
7 11291 11308 11319 11320 11322 11327 11345
7 100 11364 11375 11376 11378 11383 11401
5 11405 11422 11433 11434 11436
6 11439 11456 11467 11468 11470 11475
7 5182 11503 11514 11515 11517 11522 11540
9 4362 11563 11574 11575 11577 11582 11600 11618 11619
7 6839 11634 11645 11646 11648 11653 11671
9 5860 11692 11703 11704 11706 11711 11729 11747 11748
8 11495 11765 11776 11777 11779 11784 11802 11820
9 4236 11833 11844 11845 11847 11852 11870 11888 11889
10 1387 11894 11905 11906 11908 11913 11931 11949 11950 11955
7 11958 11975 11986 11987 11989 11994 12012
6 12021 12038 12049 12050 12052 12057
10 9234 12083 12094 12095 12097 12102 12120 12138 12139 12144
7 12145 12162 12173 12174 12176 12181 12199
8 12074 12174 12187 12190 12193 12216 12234 12252
9 3864 12258 12269 12270 12272 12277 12295 12313 12314
7 3389 12321 12332 12333 12335 12340 12358
6 12377 12394 12405 12406 12408 12413
7 4985 12431 12442 12443 12445 12450 12468
10 1381 8971 12489 12490 12492 12497 12515 12533 12534 12539
9 1382 7617 12360 12543 12545 12550 12568 12586 12587
5 12593 12610 12621 12622 12624
6 10036 12641 12652 12653 12655 12660
7 12676 12693 12704 12705 12707 12712 12730
7 11541 12750 12761 12762 12764 12769 12787
6 9830 12808 12819 12820 12822 12827
10 1382 8079 12587 12588 12788 12840 12858 12876 12877 12882
7 7961 12905 12916 12917 12919 12924 12942
10 7696 12964 12975 12976 12978 12983 13001 13019 13020 13025
7 11852 13042 13053 13054 13056 13061 13079
6 13093 13110 13121 13122 13124 13129
1 13143
7 10183 13170 13181 13182 13184 13189 13207
7 7170 13221 13232 13233 13235 13240 13258
9 8996 13272 13283 13284 13286 13291 13309 13327 13328
7 6732 13343 13354 13355 13357 13362 13380
8 3429 13389 13400 13401 13403 13408 13426 13444
9 3097 13450 13461 13462 13464 13469 13487 13505 13506
4 13513 13530 13541 13542
7 6587 13556 13567 13568 13570 13575 13593
3 13611 13628 13639
7 10768 13654 13665 13666 13668 13673 13691
9 5899 13706 13717 13718 13720 13725 13743 13761 13762
7 2204 13772 13783 13784 13786 13791 13809
7 1998 9827 13833 13834 13836 13841 13859
1 13872
7 2535 13885 13896 13897 13899 13904 13922
7 4387 13947 13958 13959 13961 13966 13984
6 13994 14011 14022 14023 14025 14030
7 4686 14041 14052 14053 14055 14060 14078
10 4764 14102 14113 14114 14116 14121 14139 14157 14158 14163
6 14165 14182 14193 14194 14196 14201
7 5705 14230 14241 14242 14244 14249 14267
7 3678 14286 14297 14298 14300 14305 14323
10 2003 14342 14353 14354 14356 14361 14379 14397 14398 14403
6 14409 14426 14437 14438 14440 14445
1 14463
9 5731 14488 14499 14500 14502 14507 14525 14543 14544
7 14551 14568 14579 14580 14582 14587 14605
2 14606 14623
7 14629 14646 14657 14658 14660 14665 14683
8 6493 14698 14709 14710 14712 14717 14735 14753
7 10879 14764 14775 14776 14778 14783 14801
4 14818 14835 14846 14847
1 14854
9 907 14870 14881 14882 14884 14889 14907 14925 14926
10 1357 14931 14942 14943 14945 14950 14968 14986 14987 14992
9 4329 15009 15020 15021 15023 15028 15046 15064 15065
7 3552 15081 15092 15093 15095 15100 15118
9 4520 15144 15155 15156 15158 15163 15181 15199 15200
1 15208
7 3093 15219 15230 15231 15233 15238 15256
7 7615 9918 15279 15280 15282 15287 15305
7 7464 15332 15343 15344 15346 15351 15369
2 12434 15397
9 2831 15402 15413 15414 15416 15421 15439 15457 15458
7 4798 15465 15476 15477 15479 15484 15502
7 7888 15518 15529 15530 15532 15537 15555
7 4721 15582 15593 15594 15596 15601 15619
6 2831 15640 15651 15652 15654 15659
6 15678 15695 15706 15707 15710 15715
4 15727 15744 15755 15756
7 8292 15772 15783 15784 15786 15791 15809
7 2494 15812 15823 15824 15826 15831 15849
7 8996 15876 15887 15888 15890 15895 15913
6 15915 15932 15943 15944 15946 15951
7 7432 15976 15987 15988 15990 15995 16013
7 7993 16033 16044 16045 16047 16052 16070
9 1931 16078 16089 16090 16092 16097 16115 16133 16134
6 12684 16147 16158 16159 16161 16166
10 8438 16185 16196 16197 16199 16204 16222 16240 16241 16246
6 16087 16270 16281 16282 16284 16289
5 16291 16308 16319 16320 16322
10 8729 16337 16348 16349 16351 16356 16374 16392 16393 16398
7 15219 16419 16430 16431 16433 16438 16456
6 9064 16481 16492 16493 16495 16500
10 3416 16523 16534 16535 16537 16542 16560 16578 16579 16584
10 881 16594 16605 16606 16608 16613 16631 16649 16650 16655
7 3792 16663 16674 16675 16677 16682 16700
7 10171 16726 16737 16738 16740 16745 16763
7 16771 16788 16799 16800 16802 16807 16825
6 16844 16861 16872 16873 16875 16880
7 16896 16913 16924 16925 16927 16932 16950
7 7947 16977 16988 16989 16991 16996 17014
7 17021 17038 17049 17050 17052 17057 17075
7 3194 17103 17114 17115 17117 17122 17140
7 17157 17174 17185 17186 17188 17193 17211
6 8201 17231 17242 17243 17245 17250
10 7389 17261 17272 17273 17275 17280 17298 17316 17317 17322
7 3265 15183 17333 17334 17336 17341 17359
7 3320 17376 17387 17388 17390 17395 17413
7 4524 17441 17452 17453 17455 17460 17478
7 11658 17500 17511 17512 17514 17519 17537
7 17554 17571 17582 17583 17585 17590 17608
10 13926 17628 17639 17640 17642 17647 17665 17683 17684 17689
6 17696 17713 17724 17725 17727 17732
10 2357 17740 17751 17752 17754 17759 17777 17795 17796 17801
9 5910 17813 17824 17825 17827 17832 17850 17868 17869
10 2205 15504 17875 17876 17878 17883 17901 17919 17920 17925
6 9560 17939 17950 17951 17953 17958
0
7 17967 17984 17995 17996 17998 18003 18021
7 4875 18033 18044 18045 18047 18052 18070
7 7520 18088 18099 18100 18102 18107 18125
9 8522 18143 18154 18155 18157 18162 18180 18198 18199
7 18205 18222 18233 18234 18236 18241 18259
7 2585 18273 18284 18285 18287 18292 18310
7 3295 18331 18342 18343 18345 18350 18368
7 18379 18396 18407 18408 18410 18415 18433
2 18439 18456
7 3379 18464 18475 18476 18478 18483 18501
6 1816 18516 18527 18528 18530 18535
7 3307 18560 18571 18572 18574 18579 18597
7 3083 18604 18615 18616 18618 18623 18641
6 12110 18672 18683 18684 18686 18691
6 2186 18717 18728 18729 18731 18736
6 18744 18761 18772 18773 18775 18780
7 3212 18800 18811 18812 18814 18819 18837
7 4911 18854 18865 18866 18868 18873 18891
7 4663 18907 18918 18919 18921 18926 18944
7 9148 18970 18981 18982 18984 18989 19007
6 9684 19034 19045 19046 19048 19053
9 2796 19072 19083 19084 19086 19091 19109 19127 19128
6 19134 19151 19162 19163 19165 19170
9 5869 19188 19199 19200 19202 19207 19225 19243 19244
6 14953 19261 19272 19273 19275 19280
1 19303
9 5164 8126 11760 11767 11774 11818 19331 19349 19350
7 19357 19374 19385 19386 19388 19393 19411
9 4458 19423 19434 19435 19437 19442 19460 19478 19479
6 11653 19498 19509 19510 19512 19517
7 4486 19527 19538 19539 19541 19546 19564
7 8036 19586 19597 19598 19600 19605 19623
7 3289 19635 19646 19647 19649 19654 19672
9 8145 19697 19708 19709 19711 19716 19734 19752 19753
10 17893 19773 19784 19785 19787 19792 19810 19828 19829 19834
7 41 19840 19851 19852 19854 19859 19877
6 11923 19898 19909 19910 19912 19917
7 3064 19934 19945 19946 19948 19953 19971
9 5948 19992 20003 20004 20006 20011 20029 20047 20048
7 5721 20060 20071 20072 20074 20079 20097
9 1903 10905 20114 20115 20117 20122 20140 20158 20159
9 4559 20163 20174 20175 20177 20182 20200 20218 20219
10 4187 14223 20130 20223 20225 20230 20248 20266 20267 20272
7 7722 20287 20298 20299 20301 20306 20324
10 20337 20354 20365 20366 20368 20373 20391 20409 20410 20415
6 11646 20427 20438 20439 20441 20446
7 15197 20473 20484 20485 20487 20492 20510
7 7884 20535 20546 20547 20549 20554 20572
10 9127 20591 20602 20603 20605 20610 20628 20646 20647 20652
7 6282 20668 20679 20680 20682 20687 20705
5 16149 20723 20734 20735 20737
7 10506 20752 20763 20764 20766 20771 20789
6 7167 20804 20815 20816 20818 20823
7 20840 20857 20868 20869 20871 20876 20894
7 3505 20907 20918 20919 20921 20926 20944
9 4965 20268 20970 20971 20973 20978 20996 21014 21015
9 2533 21021 21032 21033 21035 21040 21058 21076 21077
1 21082
10 21098 21115 21126 21127 21129 21134 21152 21170 21171 21176
6 8946 21197 21208 21209 21211 21216
1 21235
7 4852 21241 21252 21253 21255 21260 21278
7 4852 21303 21314 21315 21317 21322 21340
9 3717 21362 21373 21374 21376 21381 21399 21417 21418
6 4755 21434 21445 21446 21448 21453
7 8422 21481 21492 21493 21495 21500 21518
9 12194 21538 21549 21550 21552 21557 21575 21593 21594
7 7906 21595 21606 21607 21609 21614 21632
1 21643
7 17521 21669 21680 21681 21683 21688 21706
9 21714 21731 21742 21743 21745 21750 21768 21786 21787
7 10211 21803 21814 21815 21817 21822 21840
6 11701 21868 21879 21880 21882 21887
10 14530 21904 21915 21916 21918 21923 21941 21959 21960 21965
8 10010 21984 21995 21996 21998 22003 22021 22039
7 8153 22051 22062 22063 22065 22070 22088
7 2034 22104 22115 22116 22118 22123 22141
9 4866 22161 22172 22173 22175 22180 22198 22216 22217
7 10751 22234 22245 22246 22248 22253 22271
10 12354 22283 22294 22295 22297 22302 22320 22338 22339 22344
8 6462 22356 22367 22368 22370 22375 22393 22411
7 3126 22416 22427 22428 22430 22435 22453
7 6302 22475 22486 22487 22489 22494 22512
9 7761 22526 22537 22538 22540 22545 22563 22581 22582
7 1664 20009 22596 22597 22599 22604 22622
6 17408 22654 22665 22666 22668 22673
9 2282 22686 22697 22698 22700 22705 22723 22741 22742
6 15504 22755 22766 22767 22769 22774
9 22780 22797 22808 22809 22811 22816 22834 22852 22853
7 8426 22869 22880 22881 22883 22888 22906
6 22918 22935 22946 22947 22949 22954
7 22957 22974 22985 22986 22988 22993 23011
9 22988 23031 23042 23043 23045 23050 23068 23086 23087
7 12437 23103 23114 23115 23117 23122 23140
7 14059 23158 23169 23170 23172 23177 23195
6 18981 23221 23232 23233 23235 23240
7 10941 23262 23273 23274 23276 23281 23299
7 14367 23325 23336 23337 23339 23344 23362
7 14407 23380 23391 23392 23394 23399 23417
2 23428 23445
6 3941 23461 23472 23473 23475 23480
10 2527 23504 23515 23516 23518 23523 23541 23559 23560 23565
7 7609 23576 23587 23588 23590 23595 23613
9 2468 23637 23648 23649 23651 23656 23674 23692 23693
9 3500 17749 23702 23703 23705 23710 23728 23746 23747
7 3095 23754 23765 23766 23768 23773 23791
9 10036 23823 23834 23835 23837 23842 23860 23878 23879
9 4793 21635 23891 23892 23894 23899 23917 23935 23936
10 4195 15519 18215 19564 20256 23939 23957 23975 23976 23981
9 7888 23042 23998 23999 24001 24006 24024 24042 24043
6 24048 24065 24076 24077 24079 24084
7 6188 24106 24117 24118 24120 24125 24143
10 2723 21540 24154 24155 24157 24162 24180 24198 24199 24204
7 11925 24219 24230 24231 24233 24238 24256
6 17525 24273 24284 24285 24287 24292
5 24300 24317 24328 24329 24331
9 21279 24349 24360 24361 24363 24368 24386 24404 24405
9 5334 24417 24428 24429 24431 24436 24454 24472 24473
9 3150 18133 24484 24485 24487 24492 24510 24528 24529
7 10879 24543 24554 24555 24557 24562 24580
7 1670 17767 24599 24600 24602 24607 24625
10 1529 12569 23042 23104 23887 24643 24661 24679 24680 24685
7 7358 24700 24711 24712 24714 24719 24737
7 24741 24758 24769 24770 24772 24777 24795
7 9148 24820 24831 24832 24834 24839 24857
2 24863 24880
1 24895
9 5919 24906 24917 24918 24920 24925 24943 24961 24962
7 2521 19641 24972 24973 24975 24980 24998
7 4026 25016 25027 25028 25030 25035 25053
7 10831 25073 25084 25085 25087 25092 25110
7 7993 25128 25139 25140 25142 25147 25165
7 7734 25187 25198 25199 25201 25206 25224
7 3265 25244 25255 25256 25258 25263 25281
7 11572 25305 25316 25317 25319 25324 25342
7 25349 25366 25377 25378 25380 25385 25403
6 12684 25425 25436 25437 25439 25444
9 6923 25468 25479 25480 25482 25487 25505 25523 25524
10 3237 25526 25537 25538 25540 25545 25563 25581 25582 25587
7 20282 25604 25615 25616 25618 25623 25641
7 3478 25650 25661 25662 25664 25669 25687
9 10731 25710 25721 25722 25724 25729 25747 25765 25766
6 17880 25779 25790 25791 25793 25798
6 25812 25829 25840 25841 25843 25848
10 3884 25860 25871 25872 25874 25879 25897 25915 25916 25921
9 6073 25933 25944 25945 25947 25952 25970 25988 25989
7 25992 26009 26020 26021 26023 26028 26046
7 10335 26063 26074 26075 26077 26082 26100
2 5178 19336
7 11859 26139 26150 26151 26153 26158 26176
9 7518 26184 26195 26196 26198 26203 26221 26239 26240
6 9099 26258 26269 26270 26272 26277
6 17334 26296 26307 26308 26310 26315
3 24965 26341 26352
10 9148 26358 26369 26370 26372 26377 26395 26413 26414 26419
7 3389 18511 26435 26436 26438 26443 26461
7 14934 26483 26494 26495 26497 26502 26520
7 12538 26543 26554 26555 26557 26562 26580
7 10564 26604 26615 26616 26618 26623 26641
5 11653 26656 26667 26668 26670
9 2350 12194 26673 26674 26676 26681 26699 26717 26718
7 7353 26724 26735 26736 26738 26743 26761
7 17451 26774 26785 26786 26788 26793 26811
7 26814 26831 26842 26843 26845 26850 26868
1 12846
6 26894 26911 26922 26923 26925 26930
7 3690 26956 26967 26968 26970 26975 26993
1 27005
6 16298 27023 27034 27035 27037 27042
2 27058 27075
9 8021 24010 27091 27092 27094 27099 27117 27135 27136
6 27143 27160 27171 27172 27174 27179
7 10531 27208 27219 27220 27222 27227 27245
10 8062 27272 27283 27284 27286 27291 27309 27327 27328 27333
7 4793 27340 27351 27352 27354 27359 27377
1 27388
6 27404 27421 27432 27433 27435 27440
6 3379 27462 27473 27474 27476 27481
6 4646 27486 27497 27498 27500 27505
6 27522 27539 27550 27551 27553 27558
7 6587 27575 27586 27587 27589 27594 27612
6 27620 27637 27648 27649 27651 27656
2 27667 27684
7 8198 27696 27707 27708 27710 27715 27733
6 2829 27746 27757 27758 27760 27765
0
1 27773
6 27786 27803 27814 27815 27817 27822
0
7 27840 27857 27868 27869 27871 27876 27894
6 27899 27916 27927 27928 27930 27935
0
7 7559 27953 27964 27965 27967 27972 27990
7 2170 27998 28009 28010 28012 28017 28035
0
7 16210 28052 28063 28064 28066 28071 28089
6 28109 28126 28137 28138 28140 28145
2 28150 28167
6 28170 28187 28198 28199 28201 28206
1 28226
9 17426 28244 28255 28256 28258 28263 28281 28299 28300
1 28306
7 10206 28332 28343 28344 28346 28351 28369
7 8756 28384 28395 28396 28398 28403 28421
7 10472 28450 28461 28462 28464 28469 28487
4 20285 28513 28524 28525
6 1664 28530 28541 28542 28544 28549
0
6 7762 28578 28589 28590 28592 28597
1 28620
6 25314 28650 28661 28662 28664 28669
7 24121 28698 28709 28710 28712 28717 28735
7 14700 28746 28757 28758 28760 28765 28783
2 28802 28819
7 28830 28847 28858 28859 28861 28866 28884
1 28903
1 28919
10 15190 28938 28949 28950 28952 28957 28975 28993 28994 28999
9 29007 29024 29035 29036 29038 29043 29061 29079 29080
6 29089 29106 29117 29118 29120 29125
0
0
7 29136 29153 29164 29165 29167 29172 29190
6 16282 29220 29231 29232 29234 29239
6 29253 29270 29281 29282 29284 29289
7 2871 18944 29300 29301 29303 29308 29326
1 29342
0
1 29361
5 29364 29381 29392 29393 29395
7 29404 29421 29432 29433 29435 29440 29458
7 5911 29482 29493 29494 29496 29501 29519
7 20579 29541 29552 29553 29555 29560 29578
10 13439 29595 29606 29607 29609 29614 29632 29650 29651 29656
1 16799
7 29666 29683 29694 29695 29697 29702 29720
7 3102 25874 29730 29731 29733 29738 29756
1 29776
10 3478 29787 29798 29799 29801 29806 29824 29842 29843 29848
5 29852 29869 29880 29881 29883
9 13082 29894 29905 29906 29908 29913 29931 29949 29950
9 5651 29956 29967 29968 29970 29975 29993 30011 30012
7 6450 30027 30038 30039 30041 30046 30064
7 27515 30090 30101 30102 30104 30109 30127
6 13143 30148 30159 30160 30162 30167
7 12573 30184 30195 30196 30198 30203 30221
10 21592 30237 30248 30249 30251 30256 30274 30292 30293 30298
6 14295 30314 30325 30326 30328 30333
7 24112 30363 30374 30375 30377 30382 30400
6 30421 30438 30449 30450 30452 30457
7 30467 30484 30495 30496 30498 30503 30521
6 30529 30546 30557 30558 30560 30565
2 30583 30600
7 10970 30610 30621 30622 30624 30629 30647
10 4965 30670 30681 30682 30684 30689 30707 30725 30726 30731
10 2367 15190 16053 16788 17439 22106 30750 30768 30769 30774
5 30787 30804 30815 30816 30818
1 30820
1 30832
1 30847
6 30859 30876 30887 30888 30890 30895
6 14936 30907 30918 30919 30921 30926
1 30943
7 9164 30951 30962 30963 30965 30970 30988
8 26265 31020 31031 31032 31034 31039 31057 31075
7 9887 31082 31093 31094 31096 31101 31119
8 31123 31140 31151 31152 31154 31159 31177 31195
8 4194 31203 31214 31215 31217 31222 31240 31258
2 31262 31279
6 31285 31302 31313 31314 31316 31321
7 31337 31354 31365 31366 31368 31373 31391
6 31396 31413 31424 31425 31427 31432
6 27773 31452 31463 31464 31466 31471
7 2581 31489 31500 31501 31503 31508 31526
6 28453 31553 31564 31565 31567 31572
7 31576 31593 31604 31605 31607 31612 31630
7 16987 31649 31660 31661 31663 31668 31686
6 31697 31714 31725 31726 31728 31733
2 31737 31754
7 23068 31780 31791 31792 31794 31799 31817
6 28724 31840 31851 31852 31854 31859
9 11701 31873 31884 31885 31887 31892 31910 31928 31929
7 31934 31951 31962 31963 31965 31970 31988
7 24981 32008 32019 32020 32022 32027 32045
9 32054 32071 32082 32083 32085 32090 32108 32126 32127
6 32137 32154 32165 32166 32168 32173
7 5619 32189 32200 32201 32203 32208 32226
7 8768 32246 32257 32258 32260 32265 32283
6 32304 32321 32332 32333 32335 32340
7 25317 32361 32372 32373 32375 32380 32398
6 20043 32415 32426 32427 32429 32434
9 32451 32468 32479 32480 32482 32487 32505 32523 32524
10 8161 32528 32539 32540 32542 32547 32565 32583 32584 32589
6 6398 32599 32610 32611 32613 32618
6 32636 32653 32664 32665 32667 32672
3 32687 32704 32715
6 32721 32738 32749 32750 32752 32757
4 32761 32778 32789 32790
7 5119 32799 32810 32811 32813 32818 32836
0
6 32850 32867 32878 32879 32881 32886
0
5 32901 32918 32929 32930 32932
1 31837
8 9519 32950 32961 32962 32964 32969 32987 33005
7 33010 33027 33038 33039 33041 33046 33064
6 19720 33082 33093 33094 33096 33101
6 33121 33138 33149 33150 33152 33157
7 8465 33169 33180 33181 33183 33188 33206
7 33222 33239 33250 33251 33253 33258 33276
5 33285 33302 33313 33314 33316
0
7 33328 33345 33356 33357 33359 33364 33382
2 33391 33408
7 6577 33426 33437 33438 33440 33445 33463
7 8729 26447 33475 33476 33478 33483 33501
6 25422 33529 33540 33541 33543 33548
7 33562 33579 33590 33591 33593 33598 33616
2 30831 33646
10 12538 33664 33675 33676 33678 33683 33701 33719 33720 33725
7 12710 33739 33750 33751 33753 33758 33776
7 8190 33790 33801 33802 33804 33809 33827
6 33850 33867 33878 33879 33881 33886
0
7 33899 33916 33927 33928 33930 33935 33953
7 33959 33976 33987 33988 33990 33995 34013
5 34025 34042 34053 34054 34056
3 34063 34080 34091
7 9770 34103 34114 34115 34117 34122 34140
1 34149
7 3239 34159 34170 34171 34173 34178 34196
1 34202
9 4781 34208 34219 34220 34222 34227 34245 34263 34264
6 34268 34285 34296 34297 34299 34304
7 34312 34329 34340 34341 34343 34348 34366
6 13091 34382 34393 34394 34396 34401
7 34413 34430 34441 34442 34444 34449 34467
6 25803 34494 34505 34506 34508 34513
1 27006
9 25542 34541 34552 34553 34555 34560 34578 34596 34597
6 12273 34609 34620 34621 34623 34628
6 28113 34652 34663 34664 34666 34671
2 34682 34699
10 6158 34707 34718 34719 34721 34726 34744 34762 34763 34768
7 158 17876 34779 34780 34782 34787 34805
10 7748 34826 34837 34838 34840 34845 34863 34881 34882 34887
7 3830 34898 34909 34910 34912 34917 34935
4 34947 34964 34975 34976
2 34979 34996
8 7615 35009 35020 35021 35023 35028 35046 35064
0
6 13759 35078 35089 35090 35092 35097
7 10622 35118 35129 35130 35132 35137 35155
8 35173 35190 35201 35202 35204 35209 35227 35245
6 35247 35264 35275 35276 35278 35283
0
7 9713 35297 35308 35309 35311 35316 35334
6 35341 35358 35369 35370 35372 35377
2 14614 35390
7 35399 35416 35427 35428 35430 35435 35453
0
0
10 4793 29848 35479 35480 35482 35487 35505 35523 35524 35529
6 19016 35536 35547 35548 35550 35555
6 5341 35574 35585 35586 35588 35593
6 35609 35626 35637 35638 35640 35645
2 35655 35672
10 16521 35692 35703 35704 35706 35711 35729 35747 35748 35753
6 35761 35778 35789 35790 35792 35797
5 28004 35814 35825 35826 35828
7 35830 35847 35858 35859 35861 35866 35884
10 6167 35894 35905 35906 35908 35913 35931 35949 35950 35955
7 20561 35976 35987 35988 35990 35995 36013
10 36018 36035 36046 36047 36049 36054 36072 36090 36091 36096
1 36104
2 36108 36125
0
6 36140 36157 36168 36169 36171 36176
6 33963 36198 36209 36210 36212 36217
6 36240 36257 36268 36269 36271 36276
7 4875 36278 36289 36290 36292 36297 36315
10 7051 36335 36346 36347 36349 36354 36372 36390 36391 36396
10 5842 36369 36413 36414 36416 36421 36439 36457 36458 36463
6 17161 36477 36488 36489 36491 36496
7 30783 36521 36532 36533 36535 36540 36558
1 36571
7 10517 36587 36598 36599 36601 36606 36624
6 35699 36648 36659 36660 36662 36667
1 10838
6 5428 36703 36714 36715 36717 36722
0
7 13354 36736 36747 36748 36750 36755 36773
0
1 36783
7 34283 36802 36813 36814 36816 36821 36839
9 36844 36861 36872 36873 36875 36880 36898 36916 36917
7 4967 36919 36930 36931 36933 36938 36956
7 36961 36978 36989 36990 36992 36997 37015
5 37018 37035 37046 37047 37049
2 19659 37057
1 37069
0
0
7 11005 37087 37098 37099 37101 37106 37124
7 37133 37150 37161 37162 37164 37169 37187
6 37205 37222 37233 37234 37236 37241
0
6 37264 37281 37292 37293 37295 37300
7 17537 37329 37340 37341 37343 37348 37366
10 30374 37391 37402 37403 37405 37410 37428 37446 37447 37452
2 14614 37468
2 37477 37494
0
6 37496 37513 37524 37525 37527 37532
1 37550
6 37563 37580 37591 37592 37594 37599
6 37615 37632 37643 37644 37646 37651
7 19449 37673 37684 37685 37687 37692 37710
1 37723
7 7520 37733 37744 37745 37747 37752 37770
6 37783 37800 37811 37812 37814 37819
6 37836 37853 37864 37865 37867 37872
10 14556 37892 37903 37904 37906 37911 37929 37947 37948 37953
10 10206 37965 37976 37977 37979 37984 38002 38020 38021 38026
6 38035 38052 38063 38064 38066 38071
0
7 15428 38094 38105 38106 38108 38113 38131
7 27973 38162 38173 38174 38176 38181 38199
7 38217 38234 38245 38246 38248 38253 38271
0
1 38280
7 8429 38295 38306 38307 38309 38314 38332
7 24197 38362 38373 38374 38376 38381 38399
7 23335 38430 38441 38442 38444 38449 38467
7 38470 38487 38498 38499 38501 38506 38524
0
7 38547 38564 38575 38576 38578 38583 38601
6 38615 38632 38643 38644 38646 38651
1 38671
7 18746 38683 38694 38695 38697 38702 38720
7 2355 33646 38742 38743 38745 38750 38768
7 38788 38805 38816 38817 38819 38824 38842
7 38852 38869 38880 38881 38883 38888 38906
6 14637 38937 38948 38949 38951 38956
3 38965 38982 38993
7 38995 39012 39023 39024 39026 39031 39049
7 25171 39075 39086 39087 39089 39094 39112
10 7386 17320 39127 39128 39130 39135 39153 39171 39172 39177
1 39185
1 35467
0
7 9391 39215 39226 39227 39229 39234 39252
7 16175 39276 39287 39288 39290 39295 39313
6 39320 39337 39348 39349 39351 39356
6 35753 39383 39394 39395 39397 39402
10 10374 39421 39432 39433 39435 39440 39458 39476 39477 39482
1 14614
2 15459 39499
7 29356 39522 39533 39534 39536 39541 39559
7 21826 39579 39590 39591 39593 39598 39616
7 39629 39646 39657 39658 39660 39665 39683
7 37757 39704 39715 39716 39718 39723 39741
7 10506 39759 39770 39771 39773 39778 39796
7 7872 39812 39823 39824 39826 39831 39849
9 11646 38387 39862 39863 39865 39870 39888 39906 39907
6 39915 39932 39943 39944 39946 39951
6 14554 39973 39984 39985 39987 39993
2 39999 40016
7 6848 40026 40037 40038 40040 40045 40063
9 6226 24683 40086 40087 40089 40094 40112 40130 40131
1 34283
7 40147 40164 40175 40176 40178 40183 40201
7 25863 40219 40230 40231 40233 40238 40256
7 5883 40263 40274 40275 40277 40282 40300
7 22206 40327 40338 40339 40341 40346 40364
1 40371
1 40392
10 4039 20302 28763 40397 40399 40404 40422 40440 40441 40446
6 8860 40457 40468 40469 40471 40476
6 40492 40509 40520 40521 40523 40528
10 40545 40562 40573 40574 40576 40581 40599 40617 40618 40623
7 40629 40646 40657 40658 40660 40665 40683
0
6 40694 40711 40722 40723 40725 40730
0
7 9998 40762 40773 40774 40776 40781 40799
1 40809
11 13489 40824 40835 40836 40838 40843 40861 40879 40880 40885 40895
1 40897
2 40905 40922
6 40929 40946 40957 40958 40960 40965
4 40977 40994 41005 41006
1 41011
6 10188 41039 41050 41051 41053 41058
6 5139 41079 41090 41091 41093 41098
5 20536 41128 41139 41140 41142
1 41147
7 13246 41158 41169 41170 41172 41177 41195
2 34290 41208
6 41215 41232 41243 41244 41246 41251
9 1397 20785 41262 41263 41265 41270 41288 41306 41307
7 4852 41310 41321 41322 41324 41329 41347
7 7174 41364 41375 41376 41378 41383 41401
7 16940 41418 41429 41430 41432 41437 41455
7 5828 41473 41484 41485 41487 41492 41510
2 31302 41535
9 4394 39146 41555 41556 41558 41563 41581 41599 41600
10 7816 41606 41617 41618 41620 41625 41643 41661 41662 41667
7 17234 41678 41689 41690 41692 41697 41715
7 6825 23704 41719 41720 41722 41727 41745
1 41750
10 41767 41784 41795 41796 41798 41803 41821 41839 41840 41845
7 29356 41860 41871 41872 41874 41879 41897
10 2342 34292 41912 41913 41915 41920 41938 41956 41957 41962
7 28690 41979 41990 41991 41993 41998 42016
0
7 42034 42051 42062 42063 42065 42070 42088
10 22457 42116 42127 42128 42130 42135 42153 42171 42172 42177
7 5020 42188 42199 42200 42202 42207 42225
7 42237 42254 42265 42266 42268 42273 42291
0
10 3762 25863 42302 42303 42305 42310 42328 42346 42347 42352
7 2796 42356 42367 42368 42370 42375 42393
6 42401 42418 42429 42430 42432 42437
6 16016 42454 42465 42466 42468 42473
6 42488 42505 42516 42517 42519 42524
10 9391 42541 42552 42553 42555 42560 42578 42596 42597 42602
7 11243 42615 42626 42627 42629 42634 42652
7 39101 42671 42682 42683 42685 42690 42708
7 6369 42720 42731 42732 42734 42739 42757
0
7 42764 42781 42792 42793 42795 42800 42818
7 42837 42854 42865 42866 42868 42873 42891
2 41749 42914
0
6 41266 42939 42950 42951 42953 42958
7 42973 42990 43001 43002 43004 43009 43027
7 23939 43045 43056 43057 43059 43064 43082
9 3941 43095 43106 43107 43109 43114 43132 43150 43151
3 20228 43166 43177
7 26198 43192 43203 43204 43206 43211 43229
9 10064 43234 43245 43246 43248 43253 43271 43289 43290
4 32618 43310 43321 43322
7 11571 43331 43342 43343 43345 43350 43368
2 43382 43399
9 10941 43413 43424 43425 43427 43432 43450 43468 43469
5 43474 43491 43502 43503 43505
6 35847 43522 43533 43534 43536 43541
0
1 43563
0
7 5391 43576 43587 43588 43590 43595 43613
7 19839 43640 43651 43652 43654 43659 43677
1 43693
6 7990 43705 43716 43717 43719 43724
3 35596 43749 43760
7 105 34897 43770 43771 43773 43778 43796
7 43804 43821 43832 43833 43835 43840 43858
5 43871 43888 43899 43900 43902
0
7 43911 43928 43939 43940 43942 43947 43965
7 5245 23963 43985 43986 43988 43993 44011
7 18616 44040 44051 44052 44054 44059 44077
0
6 44095 44112 44123 44124 44126 44131
6 12061 44150 44161 44162 44164 44169
7 28738 44183 44194 44195 44197 44202 44220
8 12804 44233 44244 44245 44247 44252 44270 44288
2 44289 44306
6 23529 44324 44335 44336 44338 44343
1 14613
7 44353 44370 44381 44382 44384 44389 44407
7 38231 44434 44445 44446 44448 44453 44471
7 44483 44500 44511 44512 44514 44519 44537
0
6 28512 44558 44569 44570 44572 44577
5 27888 44609 44620 44621 44623
6 44631 44648 44659 44660 44662 44667
6 34034 44691 44702 44703 44705 44710
5 44724 44741 44752 44753 44755
7 7121 44765 44776 44777 44779 44784 44802
1 44811
1 44815
0
6 44825 44842 44853 44854 44856 44861
6 19122 44885 44896 44897 44899 44904
10 8860 44920 44931 44932 44934 44939 44957 44975 44976 44981
1 44987
10 3235 18049 45000 45001 45003 45008 45026 45044 45045 45050
6 20095 45065 45076 45077 45079 45084
5 45091 45108 45119 45120 45122
7 45132 45149 45160 45161 45163 45168 45186
7 9887 45196 45207 45208 45210 45215 45233
7 4956 45249 45260 45261 45263 45268 45286
2 18510 45306
7 45310 45327 45338 45339 45341 45346 45364
7 11849 45370 45381 45382 45384 45389 45407
7 36693 45436 45447 45448 45450 45455 45473
9 28487 45489 45500 45501 45503 45508 45526 45544 45545
9 7968 23330 45548 45549 45551 45556 45574 45592 45593
5 45599 45616 45627 45628 45630
9 8987 45635 45646 45647 45649 45654 45672 45690 45691
2 45697 45714
7 3504 45721 45732 45733 45735 45740 45758
1 44819
7 36595 45787 45798 45799 45801 45806 45824
7 45833 45850 45861 45862 45864 45869 45887
7 7869 45913 45924 45925 45927 45932 45950
2 45966 45983
7 5564 45994 46005 46006 46008 46013 46031
7 17633 46056 46067 46068 46070 46075 46093
7 3409 43594 46107 46108 46110 46115 46133
10 34818 46165 46176 46177 46179 46184 46202 46220 46221 46226
2 46235 46252
7 29641 46269 46280 46281 46283 46288 46306
7 46317 46334 46345 46346 46348 46353 46371
6 19404 46399 46410 46411 46413 46418
9 5494 46434 46445 46446 46448 46453 46471 46489 46490
7 43536 46511 46522 46523 46525 46530 46548
7 10036 46572 46583 46584 46586 46591 46609
6 28712 46624 46635 46636 46638 46643
7 5799 46651 46662 46663 46665 46670 46688
9 23054 46707 46718 46719 46721 46726 46744 46762 46763
9 5382 24846 46665 46764 46766 46771 46789 46807 46808
1 46817
6 28899 46838 46849 46850 46852 46857
6 46862 46879 46890 46891 46893 46898
9 7930 46905 46916 46917 46919 46924 46942 46960 46961
7 6577 46964 46975 46976 46978 46983 47001
6 7864 47019 47030 47031 47033 47038
9 21415 47066 47077 47078 47080 47085 47103 47121 47122
7 6188 47130 47141 47142 47144 47149 47167
0
9 39158 47187 47198 47199 47201 47206 47224 47242 47243
7 13024 47255 47266 47267 47269 47274 47292
0
7 47311 47328 47339 47340 47342 47347 47365
1 24089
10 7983 47398 47409 47410 47412 47417 47435 47453 47454 47459
6 17617 47475 47486 47487 47489 47494
7 47498 47515 47526 47527 47529 47534 47552
0
1 47558
1 47577
9 20588 47596 47607 47608 47610 47615 47633 47651 47652
6 1837 47661 47672 47673 47675 47680
0
5 47705 47722 47733 47734 47736
6 13553 47748 47759 47760 47762 47767
9 2530 15073 47785 47786 47788 47793 47811 47829 47830
6 38486 47848 47859 47860 47862 47867
7 12601 47876 47887 47888 47890 47895 47913
6 45110 47943 47954 47955 47957 47962
7 47980 47997 48008 48009 48011 48016 48034
6 2177 48048 48059 48060 48062 48067
2 43899 48097
10 3307 12576 48100 48101 48103 48108 48126 48144 48145 48150
7 42518 48175 48186 48187 48189 48194 48212
7 48230 48247 48258 48259 48261 48266 48284
7 41821 48302 48313 48314 48316 48321 48339
1 48352
9 16738 48364 48375 48376 48378 48383 48401 48419 48420
7 17160 48433 48444 48445 48447 48452 48470
1 48489
7 10059 48500 48511 48512 48514 48519 48537
9 48555 48572 48583 48584 48586 48591 48609 48627 48628
7 29137 48646 48657 48658 48660 48665 48683
7 25044 48705 48716 48717 48719 48724 48742
10 8748 48749 48760 48761 48763 48768 48786 48804 48805 48810
3 48813 48830 48841
7 5967 36412 48848 48849 48851 48856 48874
9 14891 48901 48912 48913 48915 48920 48938 48956 48957
6 48964 48981 48992 48993 48995 49000
7 5648 17411 49016 49017 49019 49024 49042
1 49064
7 8629 49086 49097 49098 49100 49105 49123
7 12835 49145 49156 49157 49159 49164 49182
9 5861 40164 49202 49203 49205 49210 49228 49246 49247
7 44386 49267 49278 49279 49281 49286 49304
7 42413 49335 49346 49347 49349 49354 49372
7 14403 49392 49403 49404 49406 49411 49429
7 49437 49454 49465 49466 49468 49473 49491
0
7 3759 49505 49516 49517 49519 49524 49542
5 12886 49562 49573 49574 49576
7 49580 49597 49608 49609 49611 49616 49634
4 49637 49654 49665 49666
1 49669
9 17802 49691 49702 49703 49705 49710 49728 49746 49747
6 6952 49760 49771 49772 49774 49779
1 49793
7 49808 49825 49836 49837 49839 49844 49862
2 49872 49889
10 3094 16202 49903 49904 49906 49911 49929 49947 49948 49953
7 2317 31539 49965 49966 49968 49973 49991
8 39019 50024 50035 50036 50038 50043 50061 50079
7 22598 50092 50103 50104 50106 50111 50129
1 50140
2 50153 50170
7 49451 50194 50205 50206 50208 50213 50231
2 50248 50265
2 50272 50289
7 18675 50303 50314 50315 50317 50322 50340
11 10135 50343 50354 50355 50357 50362 50380 50398 50399 50404 50414
6 7713 50299 50426 50427 50429 50434
1 50452
6 24568 50472 50483 50484 50486 50491
6 21091 50507 50518 50519 50521 50526
7 5699 50537 50548 50549 50551 50556 50574
7 39358 50606 50617 50618 50620 50625 50643
1 47169
6 24907 50677 50688 50689 50691 50696
7 50713 50730 50741 50742 50744 50749 50767
6 50776 50793 50804 50805 50807 50812
0
1 50820
0
7 37415 50839 50850 50851 50853 50858 50876
2 50892 50909
7 7443 50917 50928 50929 50931 50936 50954
2 50971 50988
7 18046 51003 51014 51015 51017 51022 51040
7 40135 51065 51076 51077 51079 51084 51102
10 3360 27365 51051 51107 51109 51114 51132 51150 51151 51156
0
6 51163 51180 51191 51192 51194 51199
9 29118 51215 51226 51227 51229 51234 51252 51270 51271
4 31825 51281 51292 51293
7 18036 51298 51309 51310 51312 51317 51335
2 7706 51351
7 15319 51364 51375 51376 51378 51383 51401
4 51407 51424 51435 51436
7 9236 51443 51454 51455 51457 51462 51480
10 51490 51507 51518 51519 51521 51526 51544 51562 51563 51568
5 51577 51594 51605 51606 51608
7 11337 51621 51632 51633 51635 51640 51658
6 47678 51679 51690 51691 51693 51698
0
7 37542 51728 51739 51740 51742 51747 51765
0
7 7276 42579 51788 51789 51791 51796 51814
9 10093 51830 51841 51842 51844 51849 51867 51885 51886
6 48529 51907 51918 51919 51921 51926
7 30213 51956 51967 51968 51970 51975 51993
1 52001
6 3725 52017 52028 52029 52031 52036
6 52038 52055 52066 52067 52069 52074
1 52093
6 22525 52111 52122 52123 52125 52130
5 14765 52151 52162 52163 52165
0
9 2513 12666 22126 27915 35072 48493 52186 52204 52205
7 9665 52218 52229 52230 52232 52237 52255
7 28686 51280 52264 52265 52267 52272 52290
8 10580 32585 52303 52304 52306 52311 52329 52347
6 10205 52356 52367 52368 52370 52375
1 30248
7 20633 52414 52425 52426 52428 52433 52451
7 29794 52474 52485 52486 52488 52493 52511
0
7 18546 52524 52535 52536 52538 52543 52561
1 52569
4 49832 52590 52601 52602
10 5133 22457 52606 52607 52609 52614 52632 52650 52651 52656
6 20231 52670 52681 52682 52684 52689
7 2828 39227 52715 52716 52718 52723 52741
7 52755 52772 52783 52784 52786 52791 52809
9 5274 42129 52831 52832 52834 52839 52857 52875 52876
7 21924 52891 52902 52903 52905 52910 52928
7 46428 52959 52970 52971 52973 52978 52996
10 3064 40456 53008 53009 53011 53016 53034 53052 53053 53058
5 53060 53077 53088 53089 53091
8 8530 15301 53097 53098 53100 53105 53123 53141
6 49339 53158 53169 53170 53172 53177
7 53182 53199 53210 53211 53213 53218 53236
1 53243
2 53261 53278
6 43669 53301 53312 53313 53315 53320
6 53327 53344 53355 53356 53358 53363
7 15566 53369 53380 53381 53383 53388 53406
6 16984 53434 53445 53446 53448 53453
7 5911 37947 53463 53464 53466 53471 53489
9 8860 53511 53522 53523 53525 53530 53548 53566 53567
1 53571
7 53583 53600 53611 53612 53614 53619 53637
6 35202 53656 53667 53668 53670 53675
4 48703 53700 53711 53712
1 53718
6 11647 53727 53738 53739 53741 53746
0
10 17154 53769 53780 53781 53783 53788 53806 53824 53825 53830
10 6420 36406 53840 53841 53843 53848 53866 53884 53885 53890
1 53899
6 45992 53928 53939 53940 53942 53947
7 14612 53963 53974 53975 53977 53982 54000
9 51876 54031 54042 54043 54045 54050 54068 54086 54087
4 54090 54107 54118 54119
0
7 14784 54126 54137 54138 54140 54145 54163
1 54183
7 42324 54213 54224 54225 54227 54232 54250
7 30528 36516 54260 54261 54263 54268 54286
7 20818 54313 54324 54325 54327 54332 54350
1 54364
9 10257 45499 54379 54380 54382 54387 54405 54423 54424
7 6553 42441 54432 54433 54435 54440 54458
7 54477 54494 54505 54506 54508 54513 54531
7 17451 54545 54556 54557 54559 54564 54582
6 54595 54612 54623 54624 54626 54631
6 24963 54655 54666 54667 54669 54674
7 16657 54699 54710 54711 54713 54718 54736
7 27009 54748 54759 54760 54762 54767 54785
10 48620 54815 54826 54827 54829 54834 54852 54870 54871 54876
1 49795
6 23138 54903 54914 54915 54917 54922
10 16199 54940 54951 54952 54954 54959 54977 54995 54996 55001
6 55008 55025 55036 55037 55039 55044
1 55060
10 3308 18720 46698 47158 55070 55075 55093 55111 55112 55117
7 55119 55136 55147 55148 55150 55155 55173
2 55183 55200
9 2702 12888 20204 21188 22330 53466 55228 55246 55247
7 55253 55270 55281 55282 55284 55289 55307
6 45660 55328 55339 55340 55342 55347
7 4236 40083 55355 55356 55358 55363 55381
0
2 55403 55420
7 7869 55430 55441 55442 55444 55449 55467
7 20725 55486 55497 55498 55500 55505 55523
6 2176 55539 55550 55551 55553 55558
6 19404 55576 55587 55588 55590 55595
7 8268 55617 55628 55629 55631 55636 55654
6 11860 55682 55693 55694 55696 55701
10 2054 9379 20297 26412 33661 55706 55724 55742 55743 55748
0
7 19827 55764 55775 55776 55778 55783 55801
6 14356 55824 55835 55836 55838 55843
2 32624 55876
0
7 30578 55896 55907 55908 55910 55915 55933
7 24693 55958 55969 55970 55972 55977 55995
1 32943
7 17375 56019 56030 56031 56033 56038 56056
7 24117 56079 56090 56091 56093 56098 56116
9 2533 29726 56127 56128 56130 56135 56153 56171 56172
7 13536 56179 56190 56191 56193 56198 56216
2 27003 56247
0
6 56255 56272 56283 56284 56286 56291
9 3135 25448 56301 56302 56304 56309 56327 56345 56346
7 18908 56355 56366 56367 56369 56374 56392
0
7 5645 8721 56415 56416 56418 56423 56441
1 13154
7 56468 56485 56496 56497 56499 56504 56522
7 56535 56552 56563 56564 56566 56571 56589
7 13343 56608 56619 56620 56622 56627 56645
5 19641 56669 56680 56681 56683
7 13293 56692 56703 56704 56706 56711 56729
9 16820 56750 56761 56762 56764 56769 56787 56805 56806
6 56811 56828 56839 56840 56842 56847
7 7713 46516 56860 56861 56863 56868 56886
7 7613 56896 56907 56908 56910 56915 56933
1 52093
2 34291 56957
1 56960
1 56966
6 56978 56995 57006 57007 57009 57014
7 10376 57035 57046 57047 57049 57054 57072
5 49715 57094 57105 57106 57108
5 28703 57120 57131 57132 57134
7 57144 57161 57172 57173 57175 57180 57198
1 57202
7 17139 57222 57233 57234 57236 57241 57259
10 5270 22525 56426 57273 57275 57280 57298 57316 57317 57322
6 34025 57330 57341 57342 57344 57349
10 10036 57358 57369 57370 57372 57377 57395 57413 57414 57419
6 25158 57437 57448 57449 57451 57456
6 57469 57486 57497 57498 57500 57505
6 22264 57522 57533 57534 57536 57541
9 8308 57564 57575 57576 57578 57583 57601 57619 57620
10 37442 57638 57649 57650 57652 57657 57675 57693 57694 57699
7 15326 57706 57717 57718 57720 57725 57743
7 56892 57767 57778 57779 57781 57786 57804
7 57810 57827 57838 57839 57841 57846 57864
6 9250 57877 57888 57889 57891 57896
6 53538 57928 57939 57940 57942 57947
6 46971 57973 57984 57985 57987 57992
10 8438 58012 58023 58024 58026 58031 58049 58067 58068 58073
7 58081 58098 58109 58110 58112 58117 58135
1 58138
10 8087 49341 58154 58155 58157 58162 58180 58198 58199 58204
10 35240 58220 58231 58232 58234 58239 58257 58275 58276 58281
9 37477 58292 58303 58304 58306 58311 58329 58347 58348
6 12060 58356 58367 58368 58370 58375
6 53384 58403 58414 58415 58417 58422
7 2803 18523 58438 58439 58441 58446 58464
4 18530 58494 58505 58506
9 3363 24693 58513 58514 58516 58521 58539 58557 58558
6 28495 58570 58581 58582 58584 58589
7 43541 58622 58633 58634 58636 58641 58659
0
10 3064 17753 58664 58665 58667 58672 58690 58708 58709 58714
6 58720 58737 58748 58749 58751 58756
2 58774 58791
9 4529 58807 58818 58819 58821 58826 58844 58862 58863
7 9338 58873 58884 58885 58887 58892 58910
7 8792 58923 58934 58935 58937 58942 58960
7 7038 23551 52737 58962 58964 58969 58987
2 59004 59021
2 22000 59038
1 31837
7 28320 59059 59070 59071 59073 59078 59096
2 59101 59118
1 53236
6 44563 59153 59164 59165 59167 59172
1 59178
10 30559 59191 59202 59203 59205 59210 59228 59246 59247 59252
7 31069 59260 59271 59272 59274 59279 59297
7 59307 59324 59335 59336 59338 59343 59361
8 9356 59379 59390 59391 59393 59398 59416 59434
8 6735 59441 59452 59453 59455 59460 59478 59496
10 59498 59515 59526 59527 59529 59534 59552 59570 59571 59576
7 59579 59596 59607 59608 59610 59615 59633
6 59641 59658 59669 59670 59672 59677
8 20827 59692 59703 59704 59706 59711 59729 59747
7 15123 59755 59766 59767 59769 59774 59792
10 12599 59815 59826 59827 59829 59834 59852 59870 59871 59876
2 59890 59907
4 59917 59934 59945 59946
9 59947 59964 59975 59976 59978 59983 60001 60019 60020
7 16171 60024 60035 60036 60038 60043 60061
0
6 60066 60083 60094 60095 60097 60102
6 52309 60135 60146 60147 60149 60154
2 52826 60175
7 50367 60197 60208 60209 60211 60216 60234
6 60248 60265 60276 60277 60279 60284
9 7958 60299 60310 60311 60313 60318 60336 60354 60355
0
9 3585 18679 34788 34791 39600 60361 60379 60397 60398
10 5587 27165 60408 60409 60411 60416 60434 60452 60453 60458
9 60468 60485 60496 60497 60499 60504 60522 60540 60541
0
7 7731 60546 60557 60558 60560 60565 60583
10 4661 49543 60595 60596 60598 60603 60621 60639 60640 60645
0
6 12731 60662 60673 60674 60676 60681
5 1582 60699 60710 60711 60713
1 34293
7 43163 60733 60744 60745 60747 60752 60770
10 14473 60776 60787 60788 60790 60795 60813 60831 60832 60837
1 60839
7 24040 60860 60871 60872 60874 60879 60897
7 13816 60906 60917 60918 60920 60925 60943
7 42639 60968 60979 60980 60982 60987 61005
10 7572 61021 61032 61033 61035 61040 61058 61076 61077 61082
7 25157 61094 61105 61106 61108 61113 61131
6 7747 61156 61167 61168 61170 61175
7 61190 61207 61218 61219 61221 61226 61244
0
7 22026 61274 61285 61286 61288 61293 61311
10 4325 30128 61323 61324 61326 61331 61349 61367 61368 61373
6 20519 61389 61400 61401 61403 61408
6 20827 61426 61437 61438 61440 61445
9 25364 61468 61479 61480 61482 61487 61505 61523 61524
9 9967 61529 61540 61541 61543 61548 61566 61584 61585
9 4258 19939 61590 61591 61593 61598 61616 61634 61635
7 48442 61651 61662 61663 61665 61670 61688
1 61696
1 34283
6 15841 61723 61734 61735 61737 61742
9 61756 61773 61784 61785 61787 61792 61810 61828 61829
7 21493 61845 61856 61857 61859 61864 61882
6 36119 61893 61904 61905 61907 61912
7 54436 61929 61940 61941 61943 61948 61966
0
9 16650 61986 61997 61998 62000 62005 62023 62041 62042
9 2708 27030 61161 62044 62046 62051 62069 62087 62088
1 62096
7 17263 62117 62128 62129 62131 62136 62154
7 29133 62172 62183 62184 62186 62191 62209
7 23427 62235 62246 62247 62249 62254 62272
7 14249 62281 62292 62293 62295 62300 62318
1 44811
7 5293 62323 62334 62335 62337 62342 62360
2 62376 62393
6 62396 62413 62424 62425 62427 62432
6 62448 62465 62476 62477 62479 62484
9 3261 25979 62503 62504 62506 62511 62529 62547 62548
6 12684 62556 62567 62568 62570 62575
0
7 35914 62601 62612 62613 62615 62620 62638
7 28384 62666 62677 62678 62680 62685 62703
2 15185 62719
7 16031 58368 62735 62736 62738 62743 62761
7 28763 62782 62793 62794 62796 62801 62819
2 16820 62834
6 7701 62842 62853 62854 62856 62861
4 62863 62880 62891 62892
1 62898
5 62919 62936 62947 62948 62950
10 6373 62952 62963 62964 62966 62971 62989 63007 63008 63013
6 33488 63031 63042 63043 63045 63050
7 50471 63064 63075 63076 63078 63083 63101
6 19634 63119 63130 63131 63133 63138
6 63156 63173 63184 63185 63187 63192
7 5799 49920 63215 63216 63218 63223 63241
0
1 63258
0
10 20944 63275 63286 63287 63289 63294 63312 63330 63331 63336
7 63341 63358 63369 63370 63372 63377 63395
1 62768
6 22226 63426 63437 63438 63440 63445
7 8828 63466 63477 63478 63480 63485 63503
7 27780 63534 63545 63546 63548 63553 63571
6 63579 63596 63607 63608 63610 63615
10 2727 8816 12601 12731 13958 20023 63635 63653 63654 63659
6 63669 63686 63697 63698 63700 63705
0
0
9 31822 63738 63749 63750 63752 63757 63775 63793 63794
7 58594 63813 63824 63825 63827 63832 63850
1 63868
7 10401 63882 63893 63894 63896 63901 63919
7 36145 63944 63955 63956 63958 63963 63981
8 38866 64007 64018 64019 64021 64026 64044 64062
0
5 3693 64068 64079 64080 64082
7 64090 64107 64118 64119 64121 64126 64144
7 64157 64174 64185 64186 64188 64193 64211
7 6739 30758 64230 64231 64233 64238 64256
6 11646 64271 64282 64283 64285 64290
5 64304 64321 64332 64333 64335
1 64341
0
7 19862 64358 64369 64370 64372 64377 64395
7 8653 64406 64417 64418 64420 64425 64443
5 52197 64475 64486 64487 64489
9 64494 64511 64522 64523 64525 64530 64548 64566 64567
6 2676 64576 64587 64588 64590 64595
7 37194 64612 64623 64624 64626 64631 64649
6 64667 64684 64695 64696 64698 64703
1 64709
2 64726 64743
7 17322 64759 64770 64771 64773 64778 64796
6 64817 64834 64845 64846 64848 64853
7 62255 64869 64880 64881 64883 64888 64906
7 4530 46902 64930 64931 64933 64938 64956
6 39857 64984 64995 64996 64998 65003
6 36082 65029 65040 65041 65043 65048
10 53791 65076 65087 65088 65090 65095 65113 65131 65132 65137
7 17512 33025 65146 65147 65149 65154 65172
7 65190 65207 65218 65219 65221 65226 65244
1 65254
7 19241 65266 65277 65278 65280 65285 65303
7 16558 58654 65314 65315 65317 65322 65340
10 4284 40259 65360 65361 65363 65368 65386 65404 65405 65410
10 4212 34771 65415 65416 65418 65423 65441 65459 65460 65465
7 9351 65473 65484 65485 65487 65492 65510
7 13699 65531 65542 65543 65545 65550 65568
5 33323 65596 65607 65608 65610
9 4301 29802 65619 65620 65622 65627 65645 65663 65664
6 13439 65674 65685 65686 65688 65693
9 12164 65717 65728 65729 65731 65736 65754 65772 65773
1 65780
7 8431 61892 65790 65791 65793 65798 65816
7 38876 65831 65842 65843 65845 65850 65868
2 65890 65907
6 65916 65933 65944 65945 65947 65952
6 65954 65971 65982 65983 65985 65990
7 65586 66021 66032 66033 66035 66040 66058
0
9 3429 31310 66067 66068 66070 66075 66093 66111 66112
7 20498 66126 66137 66138 66140 66145 66163
7 52498 66194 66205 66206 66208 66213 66231
7 66242 66259 66270 66271 66273 66278 66296
6 66312 66329 66340 66341 66343 66348
1 66355
1 50824
10 11552 58431 66376 66377 66379 66384 66402 66420 66421 66426
7 47286 66445 66456 66457 66459 66464 66482
2 66494 66511
7 6563 66523 66534 66535 66537 66542 66560
7 33681 66580 66591 66592 66594 66599 66617
10 10175 66631 66642 66643 66645 66650 66668 66686 66687 66692
9 43463 66712 66723 66724 66726 66731 66749 66767 66768
7 11195 66776 66787 66788 66790 66795 66813
0
7 29452 66835 66846 66847 66849 66854 66872
6 19587 66885 66896 66897 66899 66904
2 40316 66938
0
4 66943 66960 66971 66972
5 17157 66982 66993 66994 66996
10 28763 67009 67020 67021 67023 67028 67046 67064 67065 67070
7 10151 67073 67084 67085 67087 67092 67110
8 23908 67128 67139 67140 67142 67147 67165 67183
9 9830 65524 67193 67194 67196 67201 67219 67237 67238
7 67241 67258 67269 67270 67272 67277 67295
7 1512 30737 67315 67316 67318 67323 67341
0
9 4194 30140 67359 67360 67362 67367 67385 67403 67404
1 33323
6 47942 67429 67440 67441 67443 67448
7 36732 67472 67483 67484 67486 67491 67509
10 12382 57137 67519 67520 67522 67527 67545 67563 67564 67569
9 67574 67591 67602 67603 67605 67610 67628 67646 67647
6 32625 67660 67671 67672 67674 67679
2 67686 67703
9 5248 41377 67713 67714 67716 67721 67739 67757 67758
10 25552 67771 67782 67783 67785 67790 67808 67826 67827 67832
7 7326 57968 67844 67845 67847 67852 67870
9 67891 67908 67919 67920 67922 67927 67945 67963 67964
7 10063 67968 67979 67980 67982 67987 68005
4 68021 68038 68049 68050
6 14554 68063 68074 68075 68077 68082
7 14473 68100 68111 68112 68114 68119 68137
2 27776 68157
7 20532 68171 68182 68183 68185 68190 68208
6 58835 68228 68239 68240 68242 68247
9 33984 68269 68280 68281 68283 68288 68306 68324 68325
10 37941 68340 68351 68352 68354 68359 68377 68395 68396 68401
6 68411 68428 68439 68440 68442 68447
6 17918 68464 68475 68476 68478 68483
7 68493 68510 68521 68522 68524 68529 68547
7 68563 68580 68591 68592 68594 68599 68617
1 68636
6 68643 68660 68671 68672 68674 68679
9 1703 18677 68700 68701 68703 68708 68726 68744 68745
2 15987 68757
7 68767 68784 68795 68796 68798 68803 68821
10 1998 47176 68847 68848 68850 68855 68873 68891 68892 68897
6 68907 68924 68935 68936 68938 68943
9 3843 22703 40451 42315 47815 68962 68980 68998 68999
0
0
1 69006
1 69016
6 45869 69028 69039 69040 69042 69047
0
3 69062 69079 69090
0
9 3059 49944 69099 69100 69102 69107 69125 69143 69144
7 7525 69149 69160 69161 69163 69168 69186
5 59129 69205 69216 69217 69219
1 5
7 24 41 52 53 55 60 78
1 87
6 98 115 126 127 129 134
10 154 171 182 183 185 190 208 226 227 232
9 240 257 268 269 271 276 294 312 313
9 320 337 348 349 351 356 374 392 393
1 401
0
9 411 428 439 440 442 447 465 483 484
1 493
7 499 516 527 528 530 535 553
7 575 592 603 604 606 611 629
7 640 657 668 669 671 676 694
6 708 725 736 737 739 744
7 755 772 783 784 786 791 809
7 814 831 842 843 845 850 868
2 883 900
5 908 925 936 937 939
7 948 965 976 977 979 984 1002
6 1025 1042 1053 1054 1056 1061
7 1084 1101 1112 1113 1115 1120 1138
7 1151 1168 1179 1180 1182 1187 1205
6 1219 1236 1247 1248 1250 1255
7 1266 1283 1294 1295 1297 1302 1320
10 1337 1354 1365 1366 1368 1373 1391 1409 1410 1415
10 1424 1441 1452 1453 1455 1460 1478 1496 1497 1502
9 1511 1528 1539 1540 1542 1547 1565 1583 1584
6 1593 1610 1621 1622 1624 1629
9 1637 1654 1665 1666 1668 1673 1691 1709 1710
7 1718 1735 1746 1747 1749 1754 1772
1 1779
6 1788 1805 1816 1817 1819 1824
7 1846 1863 1874 1875 1877 1882 1900
7 1918 1935 1946 1947 1949 1954 1972
7 1982 1999 2010 2011 2013 2018 2036
9 2050 2067 2078 2079 2081 2086 2104 2122 2123
6 2130 2147 2158 2159 2161 2166
6 2185 2202 2213 2214 2216 2221
7 2244 2261 2272 2273 2275 2280 2298
7 2308 2325 2336 2337 2339 2344 2362
1 2377
10 2388 2405 2416 2417 2419 2424 2442 2460 2461 2466
6 2474 2491 2502 2503 2505 2510
6 2526 2543 2554 2555 2557 2562
2 2581 2598
0
1 2617
5 2628 2645 2656 2657 2659
7 2665 2682 2693 2694 2696 2701 2719
7 2730 2747 2758 2759 2761 2766 2784
6 2804 2821 2832 2833 2835 2840
6 2857 2874 2885 2886 2888 2893
6 2914 2931 2942 2943 2945 2950
7 2968 2985 2996 2997 2999 3004 3022
5 3042 3059 3070 3071 3073
2 3079 3096
1 3106
9 3127 3144 3155 3156 3158 3163 3181 3199 3200
2 3209 3226
8 3237 3254 3265 3266 3268 3273 3291 3309
7 3314 3331 3342 3343 3345 3350 3368
0
7 3394 3411 3422 3423 3425 3430 3448
7 3457 3474 3485 3486 3488 3493 3511
7 3523 3540 3551 3552 3554 3559 3577
7 3586 3603 3614 3615 3617 3622 3640
7 3650 3667 3678 3679 3681 3686 3704
10 3726 3743 3754 3755 3757 3762 3780 3798 3799 3804
7 3808 3825 3836 3837 3839 3844 3862
7 3880 3897 3908 3909 3911 3916 3934
6 2523 3961 3972 3973 3975 3980
5 3988 4005 4016 4017 4019
9 4025 4042 4053 4054 4056 4061 4079 4097 4098
9 4105 4122 4133 4134 4136 4141 4159 4177 4178
2 4185 4202
9 4213 4230 4241 4242 4244 4249 4267 4285 4286
10 4292 4309 4320 4321 4323 4328 4346 4364 4365 4370
7 4379 4396 4407 4408 4410 4415 4433
7 4450 4467 4478 4479 4481 4486 4504
10 4513 4530 4541 4542 4544 4549 4567 4585 4586 4591
1 4597
10 4603 4620 4631 4632 4634 4639 4657 4675 4676 4681
6 4693 4710 4721 4722 4724 4729
9 4744 4761 4772 4773 4775 4780 4798 4816 4817
6 4821 4838 4849 4850 4852 4857
7 4868 4885 4896 4897 4899 4904 4922
7 4934 4951 4962 4963 4965 4970 4988
7 5001 5018 5029 5030 5032 5037 5055
7 5072 5089 5100 5101 5103 5108 5126
10 5148 5165 5176 5177 5179 5184 5202 5220 5221 5226
6 5238 5255 5266 5267 5269 5274
9 5292 5309 5320 5321 5323 5328 5346 5364 5365
7 5375 5392 5403 5404 5406 5411 5429
7 5445 5462 5473 5474 5476 5481 5499
6 5521 5538 5549 5550 5552 5557
10 5575 5592 5603 5604 5606 5611 5629 5647 5648 5653
7 5659 5676 5687 5688 5690 5695 5713
8 5733 5750 5761 5762 5764 5769 5787 5805
7 5811 5828 5839 5840 5842 5847 5865
7 5882 5899 5910 5911 5913 5918 5936
7 5944 5961 5972 5973 5975 5980 5998
7 6008 6025 6036 6037 6039 6044 6062
7 6070 6087 6098 6099 6101 6106 6124
6 6145 6162 6173 6174 6176 6181
1 6191
7 6206 6223 6234 6235 6237 6242 6260
7 6280 6297 6308 6309 6311 6316 6334
7 6355 6372 6383 6384 6386 6391 6409
6 6429 6446 6457 6458 6460 6465
7 6485 6502 6513 6514 6516 6521 6539
5 5713 6559 6570 6571 6573
5 6581 6598 6609 6610 6612
7 6619 6636 6647 6648 6650 6655 6673
9 6687 6704 6715 6716 6718 6723 6741 6759 6760
7 6765 6782 6793 6794 6796 6801 6819
6 6823 6840 6851 6852 6854 6859
7 6868 6885 6896 6897 6899 6904 6922
6 6944 6961 6972 6973 6975 6980
6 7000 7017 7028 7029 7031 7036
7 7042 7059 7070 7071 7073 7078 7096
6 7111 7128 7139 7140 7142 7147
6 7161 7178 7189 7190 7192 7197
1 7218
9 7226 7243 7254 7255 7257 7262 7280 7298 7299
6 7306 7323 7334 7335 7337 7342
1 7361
6 7370 7387 7398 7399 7401 7406
5 7422 7439 7450 7451 7453
7 7459 7476 7487 7488 7490 7495 7513
7 7529 7546 7557 7558 7560 7565 7583
1 7605
6 7611 7628 7639 7640 7642 7647
6 7665 7682 7693 7694 7696 7701
0
7 7710 7727 7738 7739 7741 7746 7764
10 7780 7797 7808 7809 7811 7816 7834 7852 7853 7858
10 7864 7881 7892 7893 7895 7900 7918 7936 7937 7942
7 4514 7959 7970 7971 7973 7978 7996
7 8010 8027 8038 8039 8041 8046 8064
9 8078 8095 8106 8107 8109 8114 8132 8150 8151
7 8154 8171 8182 8183 8185 8190 8208
5 8215 8232 8243 8244 8246
6 8252 8269 8280 8281 8283 8288
7 8291 8308 8319 8320 8322 8327 8345
3 1819 8376 8387
2 8393 8410
9 8420 8437 8448 8449 8451 8456 8474 8492 8493
1 8500
9 8517 8534 8545 8546 8548 8553 8571 8589 8590
7 8594 8611 8622 8623 8625 8630 8648
7 8668 8685 8696 8697 8699 8704 8722
11 4201 8746 8757 8758 8760 8765 8783 8801 8802 8807 8817
7 8824 8841 8852 8853 8855 8860 8878
3 8899 8916 8927
1 8933
7 8950 8967 8978 8979 8981 8986 9004
7 9012 9029 9040 9041 9043 9048 9066
1 9069
1 9086
0
6 9101 9118 9129 9130 9132 9137
6 9158 9175 9186 9187 9189 9194
6 9210 9227 9238 9239 9241 9246
1 9263
9 9283 9300 9311 9312 9314 9319 9337 9355 9356
4 9363 9380 9391 9392
1 9397
1 9413
7 9420 9437 9448 9449 9451 9456 9474
6 9480 9497 9508 9509 9511 9516
9 9522 9539 9550 9551 9553 9558 9576 9594 9595
6 9598 9615 9626 9627 9629 9634
0
6 6409 9667 9678 9679 9681 9686
1 9696
6 9710 9727 9738 9739 9741 9746
6 9761 9778 9789 9790 9792 9797
0
7 9814 9831 9842 9843 9845 9850 9868
6 9163 9896 9907 9908 9910 9915
7 9932 9949 9960 9961 9963 9968 9986
9 9995 10012 10023 10024 10026 10031 10049 10067 10068
0
10 10078 10095 10106 10107 10109 10114 10132 10150 10151 10156
9 10166 10183 10194 10195 10197 10202 10220 10238 10239
10 10246 10263 10274 10275 10277 10282 10300 10318 10319 10324
7 10329 10346 10357 10358 10360 10365 10383
9 10394 10411 10422 10423 10425 10430 10448 10466 10467
10 10471 10488 10499 10500 10502 10507 10525 10543 10544 10549
1 10559
6 10564 10581 10592 10593 10595 10600
0
6 10617 10634 10645 10646 10648 10653
7 10674 10691 10702 10703 10705 10710 10728
6 10745 10762 10773 10774 10776 10781
7 9145 10810 10821 10822 10824 10829 10847
7 10853 10870 10881 10882 10884 10889 10907
3 10916 10933 10944
1 10949
2 10953 10970
1 10980
9 10992 11009 11020 11021 11028 11033 11051 11069 11070
7 11075 11092 11103 11104 11106 11111 11129
0
6 11143 11160 11171 11172 11174 11179
8 11197 11214 11225 11226 11228 11233 11251 11269
7 11275 11292 11303 11304 11306 11311 11329
0
6 11346 11363 11374 11375 11377 11382
1 11397
5 11412 11429 11440 11441 11443
7 11451 11468 11479 11480 11482 11487 11505
8 11511 11528 11539 11540 11542 11547 11565 11583
7 11587 11604 11615 11616 11618 11623 11641
7 11663 11680 11691 11692 11694 11699 11717
9 11730 11747 11758 11759 11761 11766 11784 11802 11803
4 11811 11828 11839 11840
10 11842 11859 11870 11871 11873 11878 11896 11914 11915 11920
5 11931 11948 11959 11960 11962
7 9822 11981 11992 11993 11995 12000 12018
4 12034 12051 12062 12063
7 12068 12085 12096 12097 12099 12104 12122
7 12135 12152 12163 12164 12166 12171 12189
1 12207
7 12221 12238 12249 12250 12252 12257 12275
0
7 12294 12311 12322 12323 12325 12330 12348
6 12369 12386 12397 12398 12400 12405
7 12415 12432 12443 12444 12446 12451 12469
9 12481 12498 12509 12510 12512 12517 12535 12553 12554
6 12559 12576 12587 12588 12590 12595
1 12608
5 12626 12643 12654 12655 12657
6 12663 12680 12691 12692 12694 12699
7 12709 12726 12737 12738 12740 12745 12763
7 11377 12785 12796 12797 12799 12804 12822
7 12841 12858 12869 12870 12872 12877 12895
9 12913 12930 12941 12942 12944 12949 12967 12985 12986
7 12995 13012 13023 13024 13026 13031 13049
1 11399
7 13075 13092 13103 13104 13106 13111 13129
7 13134 13151 13162 13163 13165 13170 13188
6 13197 13214 13225 13226 13228 13233
2 13251 13268
1 13275
1 13295
6 13304 13321 13332 13333 13335 13340
7 13355 13372 13383 13384 13386 13391 13409
7 13421 13438 13449 13450 13452 13457 13475
6 7904 13500 13511 13512 13514 13519
7 2612 13541 13552 13553 13555 13560 13578
7 10345 13596 13607 13608 13610 13615 13633
7 13644 13661 13672 13673 13675 13680 13698
1 13713
9 13731 13748 13759 13760 13762 13767 13785 13803 13804
7 13807 13824 13835 13836 13838 13843 13861
0
7 13875 13892 13903 13904 13906 13911 13929
7 9150 13954 13965 13966 13968 13973 13991
5 13999 14016 14027 14028 14030
7 14037 14054 14065 14066 14068 14073 14091
8 14105 14122 14133 14134 14136 14141 14159 14177
0
4 14184 14201 14212 14213
7 11752 14230 14241 14242 14244 14249 14267
7 14280 14297 14308 14309 14311 14316 14334
1 14344
9 14351 14368 14379 14380 14382 14387 14405 14423 14424
6 14429 14446 14457 14458 14460 14465
6 14470 14487 14498 14499 14501 14506
5 14515 14532 14543 14544 14546
0
1 14552
7 14561 14578 14589 14590 14592 14597 14615
7 7075 14647 14658 14659 14661 14666 14684
7 1536 14695 14706 14707 14709 14714 14732
7 14750 14767 14778 14779 14781 14786 14804
1 14818
1 14832
2 14844 14861
0
1 14874
9 14877 14894 14905 14906 14908 14913 14931 14949 14950
10 14956 14973 14984 14985 14987 14992 15010 15028 15029 15034
10 15040 15057 15068 15069 15071 15076 15094 15112 15113 15118
0
6 15126 15143 15154 15155 15157 15162
0
7 7236 15186 15197 15198 15200 15205 15223
7 15230 15247 15258 15259 15261 15266 15284
0
7 15298 15315 15326 15327 15329 15334 15352
6 2490 15376 15387 15388 15390 15395
7 7879 15407 15418 15419 15421 15426 15444
6 15452 15469 15480 15481 15483 15488
6 15503 15520 15531 15532 15534 15539
0
7 15558 15575 15586 15587 15589 15594 15612
6 9743 15636 15647 15648 15650 15655
7 15673 15690 15701 15702 15704 15709 15727
6 15731 15748 15759 15760 15762 15767
6 15774 15791 15802 15803 15805 15810
7 15828 15845 15856 15857 15859 15864 15882
6 15891 15908 15919 15920 15922 15927
7 15938 15955 15966 15967 15969 15974 15992
7 15999 16016 16027 16028 16030 16035 16053
0
7 9805 16079 16090 16091 16093 16098 16116
7 16130 16147 16158 16159 16161 16166 16184
7 16195 16212 16223 16224 16226 16231 16249
5 16270 16287 16298 16299 16301
6 16308 16325 16336 16337 16339 16344
8 16357 16374 16385 16386 16388 16393 16411 16429
7 15671 16446 16457 16458 16460 16465 16483
2 9273 16505
7 9145 16520 16531 16532 16534 16539 16557
6 16575 16592 16603 16604 16606 16611
1 16628
7 16636 16653 16664 16665 16667 16672 16690
7 16703 16720 16731 16732 16734 16739 16757
7 16762 16779 16790 16791 16793 16798 16816
7 10464 16845 16856 16857 16859 16864 16882
5 16884 16901 16912 16913 16915
6 16922 16939 16950 16951 16953 16958
7 15960 16979 16990 16991 16993 16998 17016
1 17022
0
7 17028 17045 17056 17057 17059 17064 17082
7 17104 17121 17132 17133 17135 17140 17158
7 17173 17190 17201 17202 17204 17209 17227
10 17246 17263 17274 17275 17277 17282 17300 17318 17319 17324
9 17329 17346 17357 17358 17360 17365 17383 17401 17402
7 14415 17421 17432 17433 17435 17440 17458
7 17475 17492 17503 17504 17506 17511 17529
7 17545 17562 17573 17574 17576 17581 17599
5 17610 17627 17638 17639 17641
7 12474 17660 17671 17672 17674 17679 17697
6 17713 17730 17741 17742 17744 17749
0
9 17762 17779 17790 17791 17793 17798 17816 17834 17835
9 17840 17857 17868 17869 17871 17876 17894 17912 17913
1 17921
6 17931 17948 17959 17960 17962 17967
7 16547 17987 17998 17999 18001 18006 18024
7 18031 18048 18059 18060 18062 18067 18085
7 5326 18099 18110 18111 18113 18118 18136
7 18144 18161 18172 18173 18175 18180 18198
7 13440 18225 18236 18237 18239 18244 18262
7 18276 18293 18304 18305 18307 18312 18330
7 3941 18358 18369 18370 18372 18377 18395
6 18403 18420 18431 18432 18434 18439
4 18451 18468 18479 18480
0
7 18486 18503 18514 18515 18517 18522 18540
0
1 8371
1 18551
7 3119 18557 18568 18569 18571 18576 18594
7 18603 18620 18631 18632 18634 18639 18657
0
6 18670 18687 18698 18699 18701 18706
6 18723 18740 18751 18752 18754 18759
1 18767
1 18782
7 14652 18806 18817 18818 18820 18825 18843
5 18848 18865 18876 18877 18879
7 11740 18896 18907 18908 18910 18915 18933
7 11776 18958 18969 18970 18972 18977 18995
1 19010
6 19021 19038 19049 19050 19052 19057
7 19072 19089 19100 19101 19103 19108 19126
6 5958 19149 19160 19161 19163 19168
7 19185 19202 19213 19214 19216 19221 19239
1 19256
6 13990 19273 19284 19285 19287 19292
7 19307 19324 19335 19336 19338 19343 19361
7 7236 19380 19391 19392 19394 19399 19417
7 19423 19440 19451 19452 19454 19459 19477
1 19488
0
6 6771 19508 19519 19520 19522 19527
0
7 19539 19556 19567 19568 19570 19575 19593
8 19599 19616 19627 19628 19630 19635 19653 19671
9 19675 19692 19703 19704 19706 19711 19729 19747 19748
2 19758 19775
1 19788
6 19805 19822 19833 19834 19836 19841
7 19847 19864 19875 19876 19878 19883 19901
7 19908 19925 19936 19937 19939 19944 19962
7 19968 19985 19996 19997 19999 20004 20022
0
7 20046 20063 20074 20075 20077 20082 20100
7 20116 20133 20144 20145 20147 20152 20170
7 7495 20188 20199 20200 20202 20207 20225
7 20235 20252 20263 20264 20266 20271 20289
7 20303 20320 20331 20332 20334 20339 20357
7 20375 20392 20403 20404 20406 20411 20429
7 12593 20451 20462 20463 20465 20470 20488
7 9153 20502 20513 20514 20516 20521 20539
7 18951 20558 20569 20570 20572 20577 20595
7 20612 20629 20640 20641 20643 20648 20666
2 20686 20703
6 20717 20734 20745 20746 20748 20753
0
6 20761 20778 20789 20790 20792 20797
7 20817 20834 20845 20846 20848 20853 20871
7 20877 20894 20905 20906 20908 20913 20931
1 20943
7 20953 20970 20981 20982 20984 20989 21007
7 21010 21027 21038 21039 21041 21046 21064
2 18962 21094
