10 14 33 35 40 42 44 48 54 55 59
0
3 92 111 113
11 130 149 151 156 158 160 164 170 171 175 191
12 206 225 227 232 234 236 240 246 247 251 267 270
13 291 310 312 317 319 321 325 331 332 336 352 355 362
10 377 396 398 403 405 407 411 417 418 422
14 452 471 473 478 480 482 486 492 493 497 513 516 523 528
10 544 563 565 570 572 574 578 584 585 589
10 607 626 628 633 635 637 641 647 648 652
11 671 690 692 697 699 701 705 711 712 716 732
1 748
12 772 791 793 798 800 802 806 812 813 817 833 836
10 853 872 874 879 881 883 887 893 894 898
12 919 938 940 945 947 949 953 959 960 964 980 983
5 1000 1019 1021 1026 1028
9 1043 1062 1064 1069 1071 1073 1077 1083 1084
10 1100 1119 1121 1126 1128 1130 1134 1140 1141 1145
7 1164 1183 1185 1190 1192 1194 1198
0
10 1215 1234 1236 1241 1243 1245 1249 1255 1256 1260
11 1286 1305 1307 1312 1314 1316 1320 1326 1327 1331 1347
13 1360 1379 1381 1386 1388 1390 1394 1400 1401 1405 1421 1424 1431
10 1450 1469 1471 1476 1478 1480 1484 1490 1491 1495
12 1514 1533 1535 1540 1542 1544 1548 1554 1555 1559 1575 1578
10 1598 1617 1619 1624 1626 1628 1632 1638 1639 1643
14 1662 1681 1683 1688 1690 1692 1696 1702 1703 1707 1723 1726 1733 1738
10 1752 1771 1773 1778 1780 1782 1786 1792 1793 1797
9 1817 1836 1838 1843 1845 1847 1851 1857 1858
11 1873 1892 1894 1899 1901 1903 1907 1913 1914 1918 1934
10 1950 1969 1971 1976 1978 1980 1984 1990 1991 1995
10 2008 2027 2029 2034 2036 2038 2042 2048 2049 2053
10 2083 2102 2104 2109 2111 2113 2117 2123 2124 2128
7 2148 2167 2169 2174 2176 2178 2182
10 2198 2217 2219 2224 2226 2228 2232 2238 2239 2243
10 2260 2279 2281 2286 2288 2290 2294 2300 2301 2305
10 2323 2342 2344 2349 2351 2353 2357 2363 2364 2368
13 2391 2410 2412 2417 2419 2421 2425 2431 2432 2436 2452 2455 2462
11 2473 2492 2494 2499 2501 2503 2507 2513 2514 2518 2534
7 2549 2568 2570 2575 2577 2579 2583
6 2601 2620 2622 2627 2629 2631
3 2648 2667 2669
10 2686 2705 2707 2712 2714 2716 2720 2726 2727 2731
0
10 2766 2785 2787 2792 2794 2796 2800 2806 2807 2811
9 2829 2848 2850 2855 2857 2859 2863 2869 2870
10 2885 2904 2906 2911 2913 2915 2919 2925 2926 2930
10 2950 2969 2971 2976 2978 2980 2984 2990 2991 2995
12 3016 3035 3037 3042 3044 3046 3050 3056 3057 3061 3077 3080
14 3090 3109 3111 3116 3118 3120 3124 3130 3131 3135 3151 3154 3161 3166
1 3181
12 3195 3214 3216 3221 3223 3225 3229 3235 3236 3240 3256 3259
1 3276
11 3305 3324 3326 3331 3333 3335 3339 3345 3346 3350 3366
12 3378 3397 3399 3404 3406 3408 3412 3418 3419 3423 3439 3442
10 3452 3471 3473 3478 3480 3482 3486 3492 3493 3497
10 3519 3538 3540 3545 3547 3549 3553 3559 3560 3564
10 3582 3601 3603 3608 3610 3612 3616 3622 3623 3627
10 3643 3662 3664 3669 3671 3673 3677 3683 3684 3688
13 3714 3733 3735 3740 3742 3744 3748 3754 3755 3759 3775 3778 3785
10 3800 3819 3821 3826 3828 3830 3834 3840 3841 3845
10 3870 3889 3891 3896 3898 3900 3904 3910 3911 3915
10 3942 3961 3963 3968 3970 3972 3976 3982 3983 3987
2 4004 4023
12 4038 4057 4059 4064 4066 4068 4072 4078 4079 4083 4099 4102
12 4118 4137 4139 4144 4146 4148 4152 4158 4159 4163 4179 4182
12 4191 4210 4212 4217 4219 4221 4225 4231 4232 4236 4252 4255
13 4266 4285 4287 4292 4294 4296 4300 4306 4307 4311 4327 4330 4337
11 4352 4371 4373 4378 4380 4382 4386 4392 4393 4397 4413
10 4427 4446 4448 4453 4455 4457 4461 4467 4468 4472
11 4489 4508 4510 4515 4517 4519 4523 4529 4530 4534 4550
13 4565 4584 4586 4591 4593 4595 4599 4605 4606 4610 4626 4629 4636
13 3083 4652 4654 4659 4661 4663 4667 4673 4674 4678 4694 4697 4704
7 4715 4734 4736 4741 4743 4745 4749
12 4762 4781 4783 4788 4790 4792 4796 4802 4803 4807 4823 4826
5 4843 4862 4864 4869 4871
10 4884 4903 4905 4910 4912 4914 4918 4924 4925 4929
7 4957 4990 4992 4998 5000 5002 5006
12 5020 5039 5041 5046 5048 5050 5054 5060 5061 5065 5081 5084
11 5097 5116 5118 5123 5125 5127 5131 5137 5138 5142 5158
12 5172 5191 5193 5198 5200 5202 5206 5212 5213 5217 5233 5236
9 5245 5264 5266 5271 5273 5275 5279 5285 5286
13 5293 5312 5314 5319 5321 5323 5327 5333 5334 5338 5354 5357 5364
10 5374 5393 5395 5400 5402 5404 5408 5414 5415 5419
11 5443 5462 5464 5469 5471 5473 5477 5483 5484 5488 5504
10 5516 5535 5537 5542 5544 5546 5550 5556 5557 5561
12 5564 5583 5585 5590 5592 5594 5598 5604 5605 5609 5625 5628
12 5640 5659 5661 5666 5668 5670 5674 5680 5681 5685 5701 5704
11 5717 5736 5738 5743 5745 5747 5751 5757 5758 5762 5778
12 5788 5807 5809 5814 5816 5818 5822 5828 5829 5833 5849 5852
10 5864 5883 5885 5890 5892 5894 5898 5904 5905 5909
12 5918 5937 5939 5944 5946 5948 5952 5958 5959 5963 5979 5982
6 6000 6019 6021 6026 6028 6030
12 6045 6064 6066 6071 6073 6075 6079 6085 6086 6090 6106 6109
10 6124 6143 6145 6150 6152 6154 6158 6164 6165 6169
10 6187 6208 6210 6215 6217 6220 6224 6230 6232 6236
11 6253 6272 6274 6279 6281 6283 6287 6293 6294 6298 6314
13 6321 6340 6342 6347 6349 6351 6355 6361 6362 6366 6382 6385 6392
11 6403 6422 6424 6429 6431 6433 6437 6443 6444 6448 6464
1 6479
12 6505 6524 6526 6531 6533 6535 6539 6545 6546 6550 6566 6569
1 6584
1 6609
12 6632 6651 6653 6658 6660 6662 6666 6672 6673 6677 6693 6696
10 6709 6728 6730 6735 6737 6739 6743 6749 6750 6754
10 6771 6790 6792 6797 6799 6801 6805 6811 6812 6816
1 6832
3 6860 6879 6881
12 6896 6915 6917 6922 6924 6926 6930 6936 6937 6941 6957 6960
7 6975 6994 6996 7001 7003 7005 7009
3 7022 7041 7043
12 7053 7072 7074 7079 7081 7083 7087 7093 7094 7098 7114 7117
7 7126 7145 7147 7152 7154 7156 7160
10 7171 7190 7192 7197 7199 7201 7205 7211 7212 7216
14 7221 7240 7242 7247 7249 7251 7255 7261 7262 7266 7282 7285 7292 7297
7 7307 7326 7328 7333 7335 7337 7341
12 5382 7358 7360 7365 7367 7369 7373 7379 7380 7384 7400 7403
1 7420
10 7431 7450 7452 7457 7459 7461 7465 7471 7472 7476
11 7499 7518 7520 7525 7527 7529 7533 7539 7540 7544 7560
11 7570 7589 7591 7596 7598 7600 7604 7610 7611 7615 7631
9 7644 7663 7665 7670 7672 7674 7678 7684 7685
3 7697 7716 7718
13 7112 7738 7740 7745 7747 7749 7753 7759 7760 7764 7780 7783 7790
14 7801 7820 7822 7827 7829 7831 7835 7841 7842 7846 7862 7865 7872 7877
10 7887 7906 7908 7913 7915 7917 7921 7927 7928 7932
10 7952 7971 7973 7978 7980 7982 7986 7992 7993 7997
10 8013 8032 8034 8039 8041 8043 8047 8053 8054 8058
12 8079 8098 8100 8105 8107 8109 8113 8119 8120 8124 8140 8143
10 8150 8169 8171 8176 8178 8180 8184 8190 8191 8195
1 8219
1 8248
10 7233 8280 8282 8287 8289 8291 8295 8301 8302 8306
0
13 8336 8355 8357 8362 8364 8366 8370 8376 8377 8381 8397 8400 8407
12 5728 8420 8422 8427 8429 8431 8435 8441 8442 8446 8462 8465
1 8483
1 8499
1 8516
12 8531 8550 8552 8557 8559 8561 8565 8571 8572 8576 8592 8595
10 8327 8616 8618 8623 8625 8627 8631 8637 8638 8642
10 8656 8675 8677 8682 8684 8686 8690 8696 8697 8701
14 7811 8735 8737 8742 8744 8746 8750 8756 8757 8761 8777 8780 8787 8792
13 7811 8811 8813 8818 8820 8822 8826 8832 8833 8837 8853 8856 8863
11 8877 8896 8898 8903 8905 8907 8911 8917 8918 8922 8938
10 8945 8964 8966 8971 8973 8975 8979 8985 8986 8990
8 9011 9030 9032 9037 9039 9041 9045 9051
13 7077 9068 9070 9075 9077 9079 9083 9089 9090 9094 9110 9113 9120
7 9130 9149 9151 9156 9158 9160 9164
6 9182 9201 9203 9208 9210 9212
10 9223 9242 9244 9249 9251 9253 9257 9263 9264 9268
12 9279 9298 9300 9305 9307 9309 9313 9319 9320 9324 9340 9343
10 9352 9371 9373 9378 9380 9382 9386 9392 9393 9397
9 9411 9430 9432 9437 9439 9441 9445 9451 9452
10 9456 9475 9477 9482 9484 9486 9490 9496 9497 9501
12 9526 9545 9547 9552 9554 9556 9560 9566 9567 9571 9587 9590
9 9604 9623 9625 9630 9632 9634 9638 9644 9645
11 9649 9668 9670 9675 9677 9679 9683 9689 9690 9694 9710
8 9719 9738 9740 9745 9747 9749 9753 9759
7 9769 9788 9790 9795 9797 9799 9803
12 8729 9824 9826 9831 9833 9835 9839 9845 9846 9850 9866 9869
1 9883
1 9901
6 9913 9932 9934 9939 9941 9943
12 9952 9971 9973 9978 9980 9982 9986 9992 9993 9997 10013 10016
13 10029 10048 10050 10055 10057 10059 10063 10069 10070 10074 10090 10093 10100
13 10107 10126 10128 10133 10135 10137 10141 10147 10148 10152 10168 10171 10178
13 10186 10205 10207 10212 10214 10216 10220 10226 10227 10231 10247 10250 10257
12 10269 10288 10290 10295 10297 10299 10303 10309 10310 10314 10330 10333
10 10345 10364 10366 10371 10373 10375 10379 10385 10386 10390
12 8576 10411 10413 10418 10420 10422 10426 10432 10433 10437 10453 10456
13 10466 10485 10487 10492 10494 10496 10500 10506 10507 10511 10527 10530 10537
10 10547 10566 10568 10573 10575 10577 10581 10587 10588 10592
7 10608 10627 10629 10634 10636 10638 10642
11 10648 10667 10669 10674 10676 10678 10682 10688 10689 10693 10709
12 9509 10730 10732 10737 10739 10741 10745 10751 10752 10756 10772 10775
5 10791 10810 10812 10817 10819
10 10826 10845 10847 10852 10854 10856 10860 10866 10867 10871
13 10878 10897 10899 10904 10906 10908 10912 10918 10919 10923 10939 10942 10949
1 10965
12 10979 10998 11000 11005 11007 11009 11013 11019 11020 11024 11040 11043
12 11048 11067 11069 11074 11076 11078 11082 11088 11089 11093 11109 11112
6 11121 11140 11142 11147 11149 11151
12 11157 11176 11178 11183 11185 11187 11191 11197 11198 11202 11218 11221
12 9718 11240 11242 11247 11249 11251 11255 11261 11262 11266 11282 11285
10 11300 11319 11321 11326 11328 11330 11334 11340 11341 11345
10 8671 11375 11377 11382 11384 11386 11390 11396 11397 11401
3 11414 11433 11435
9 11448 11467 11469 11474 11476 11478 11482 11488 11489
10 11495 11514 11516 11521 11523 11525 11529 11535 11536 11540
12 11555 11574 11576 11581 11583 11585 11589 11595 11596 11600 11616 11619
10 11626 11645 11647 11652 11654 11656 11660 11666 11667 11671
12 11684 11703 11705 11710 11712 11714 11718 11724 11725 11729 11745 11748
11 11757 11776 11778 11783 11785 11787 11791 11797 11798 11802 11818
12 11825 11844 11846 11851 11853 11855 11859 11865 11866 11870 11886 11889
13 8718 11905 11907 11912 11914 11916 11920 11926 11927 11931 11947 11950 11957
10 11967 11986 11988 11993 11995 11997 12001 12007 12008 12012
7 12030 12049 12051 12056 12058 12060 12064
12 12075 12094 12096 12101 12103 12105 12109 12115 12116 12120 12136 12139
10 12154 12173 12175 12180 12182 12184 12188 12194 12195 12199
11 12163 12187 12191 12215 12217 12219 12223 12229 12230 12234 12250
12 7786 12269 12271 12276 12278 12280 12284 12290 12291 12295 12311 12314
10 7692 12332 12334 12339 12341 12343 12347 12353 12354 12358
5 12386 12405 12407 12412 12414
10 12423 12442 12444 12449 12451 12453 12457 12463 12464 12468
13 4378 12489 12491 12496 12498 12500 12504 12510 12511 12515 12531 12534 12541
12 4682 12360 12544 12549 12551 12553 12557 12563 12564 12568 12584 12587
3 12602 12621 12623
9 12633 12652 12654 12659 12661 12663 12667 12673 12674
10 12685 12704 12706 12711 12713 12715 12719 12725 12726 12730
10 12742 12761 12763 12768 12770 12772 12776 12782 12783 12787
7 12800 12819 12821 12826 12828 12830 12834
14 4799 12587 12771 12839 12841 12843 12847 12853 12854 12858 12874 12877 12884 12889
10 12897 12916 12918 12923 12925 12927 12931 12937 12938 12942
12 12956 12975 12977 12982 12984 12986 12990 12996 12997 13001 13017 13020
10 13034 13053 13055 13060 13062 13064 13068 13074 13075 13079
7 13102 13121 13123 13128 13130 13132 13136
1 13152
10 13162 13181 13183 13188 13190 13192 13196 13202 13203 13207
10 13213 13232 13234 13239 13241 13243 13247 13253 13254 13258
12 13264 13283 13285 13290 13292 13294 13298 13304 13305 13309 13325 13328
10 13335 13354 13356 13361 13363 13365 13369 13375 13376 13380
11 8414 13400 13402 13407 13409 13411 13415 13421 13422 13426 13442
12 9555 13461 13463 13468 13470 13472 13476 13482 13483 13487 13503 13506
3 13522 13541 13543
10 13548 13567 13569 13574 13576 13578 13582 13588 13589 13593
2 13620 13639
10 13646 13665 13667 13672 13674 13676 13680 13686 13687 13691
12 10784 13717 13719 13724 13726 13728 13732 13738 13739 13743 13759 13762
10 6027 13783 13785 13790 13792 13794 13798 13804 13805 13809
10 5226 13833 13835 13840 13842 13844 13848 13854 13855 13859
0
10 13877 13896 13898 13903 13905 13907 13911 13917 13918 13922
10 13939 13958 13960 13965 13967 13969 13973 13979 13980 13984
5 14003 14022 14024 14029 14031
11 14033 14052 14054 14059 14061 14063 14067 14073 14074 14078 14094
12 14062 14113 14115 14120 14122 14124 14128 14134 14135 14139 14155 14158
9 14174 14193 14195 14200 14202 14204 14208 14214 14215
10 14222 14241 14243 14248 14250 14252 14256 14262 14263 14267
10 14278 14297 14299 14304 14306 14308 14312 14318 14319 14323
12 14334 14353 14355 14360 14362 14364 14368 14374 14375 14379 14395 14398
9 14418 14437 14439 14444 14446 14448 14452 14458 14459
1 14472
12 14480 14499 14501 14506 14508 14510 14514 14520 14521 14525 14541 14544
10 14560 14579 14581 14586 14588 14590 14594 14600 14601 14605
1 14615
10 14638 14657 14659 14664 14666 14668 14672 14678 14679 14683
11 14690 14709 14711 14716 14718 14720 14724 14730 14731 14735 14751
10 14756 14775 14777 14782 14784 14786 14790 14796 14797 14801
3 14827 14846 14848
1 14863
12 7246 14881 14883 14888 14890 14892 14896 14902 14903 14907 14923 14926
14 5087 14942 14944 14949 14951 14953 14957 14963 14964 14968 14984 14987 14994 14999
12 15001 15020 15022 15027 15029 15031 15035 15041 15042 15046 15062 15065
11 15073 15092 15094 15099 15101 15103 15107 15113 15114 15118 15134
12 15136 15155 15157 15162 15164 15166 15170 15176 15177 15181 15197 15200
0
10 14971 15230 15232 15237 15239 15241 15245 15251 15252 15256
10 8664 15279 15281 15286 15288 15290 15294 15300 15301 15305
10 15324 15343 15345 15350 15352 15354 15358 15364 15365 15369
1 15389
12 7623 15413 15415 15420 15422 15424 15428 15434 15435 15439 15455 15458
10 9937 15476 15478 15483 15485 15487 15491 15497 15498 15502
10 15510 15529 15531 15536 15538 15540 15544 15550 15551 15555
10 15574 15593 15595 15600 15602 15604 15608 15614 15615 15619
9 15632 15651 15653 15658 15660 15662 15666 15672 15673
7 15687 15706 15708 15714 15716 15718 15722
3 15736 15755 15757
10 15764 15783 15785 15790 15792 15794 15798 15804 15805 15809
10 6840 15823 15825 15830 15832 15834 15838 15844 15845 15849
10 15868 15887 15889 15894 15896 15898 15902 15908 15909 15913
7 15924 15943 15945 15950 15952 15954 15958
10 15968 15987 15989 15994 15996 15998 16002 16008 16009 16013
10 16025 16044 16046 16051 16053 16055 16059 16065 16066 16070
12 6332 16089 16091 16096 16098 16100 16104 16110 16111 16115 16131 16134
6 16139 16158 16160 16165 16167 16169
14 16177 16196 16198 16203 16205 16207 16211 16217 16218 16222 16238 16241 16248 16253
4 16262 16281 16283 16288
3 16300 16319 16321
13 16329 16348 16350 16355 16357 16359 16363 16369 16370 16374 16390 16393 16400
10 16411 16430 16432 16437 16439 16441 16445 16451 16452 16456
9 16473 16492 16494 16499 16501 16503 16507 16513 16514
13 11684 16534 16536 16541 16543 16545 16549 16555 16556 16560 16576 16579 16586
12 8816 16605 16607 16612 16614 16616 16620 16626 16627 16631 16647 16650
10 16266 16674 16676 16681 16683 16685 16689 16695 16696 16700
10 16718 16737 16739 16744 16746 16748 16752 16758 16759 16763
11 16780 16799 16801 16806 16808 16810 16814 16820 16821 16825 16841
9 16853 16872 16874 16879 16881 16883 16887 16893 16894
10 16905 16924 16926 16931 16933 16935 16939 16945 16946 16950
10 16969 16988 16990 16995 16997 16999 17003 17009 17010 17014
10 17030 17049 17051 17056 17058 17060 17064 17070 17071 17075
10 17095 17114 17116 17121 17123 17125 17129 17135 17136 17140
10 17166 17185 17187 17192 17194 17196 17200 17206 17207 17211
6 17223 17242 17244 17249 17251 17253
12 12569 17272 17274 17279 17281 17283 17287 17293 17294 17298 17314 17317
10 7525 17333 17335 17340 17342 17344 17348 17354 17355 17359
11 7125 17387 17389 17394 17396 17398 17402 17408 17409 17413 17429
10 17433 17452 17454 17459 17461 17463 17467 17473 17474 17478
10 17492 17511 17513 17518 17520 17522 17526 17532 17533 17537
10 17563 17582 17584 17589 17591 17593 17597 17603 17604 17608
13 17620 17639 17641 17646 17648 17650 17654 17660 17661 17665 17681 17684 17691
6 17705 17724 17726 17731 17733 17735
13 8282 17751 17753 17758 17760 17762 17766 17772 17773 17777 17793 17796 17803
12 17762 17824 17826 17831 17833 17835 17839 17845 17846 17850 17866 17869
13 6420 17875 17877 17882 17884 17886 17890 17896 17897 17901 17917 17920 17927
6 17931 17950 17952 17957 17959 17961
0
10 17976 17995 17997 18002 18004 18006 18010 18016 18017 18021
10 12343 18044 18046 18051 18053 18055 18059 18065 18066 18070
10 15953 18099 18101 18106 18108 18110 18114 18120 18121 18125
12 15315 18154 18156 18161 18163 18165 18169 18175 18176 18180 18196 18199
10 18214 18233 18235 18240 18242 18244 18248 18254 18255 18259
11 17262 18284 18286 18291 18293 18295 18299 18305 18306 18310 18326
10 15425 18342 18344 18349 18351 18353 18357 18363 18364 18368
10 18388 18407 18409 18414 18416 18418 18422 18428 18429 18433
1 18448
10 7427 18475 18477 18482 18484 18486 18490 18496 18497 18501
9 16679 18527 18529 18534 18536 18538 18542 18548 18549
10 18552 18571 18573 18578 18580 18582 18586 18592 18593 18597
11 12884 18615 18617 18622 18624 18626 18630 18636 18637 18641 18657
9 18664 18683 18685 18690 18692 18694 18698 18704 18705
6 18709 18728 18730 18735 18737 18739
7 18753 18772 18774 18779 18781 18783 18787
10 18792 18811 18813 18818 18820 18822 18826 18832 18833 18837
10 18846 18865 18867 18872 18874 18876 18880 18886 18887 18891
10 14940 18918 18920 18925 18927 18929 18933 18939 18940 18944
11 18962 18981 18983 18988 18990 18992 18996 19002 19003 19007 19023
9 19026 19045 19047 19052 19054 19056 19060 19066 19067
12 14929 19083 19085 19090 19092 19094 19098 19104 19105 19109 19125 19128
7 19143 19162 19164 19169 19171 19173 19177
12 19110 19199 19201 19206 19208 19210 19214 19220 19221 19225 19241 19244
9 19253 19272 19274 19279 19281 19283 19287 19293 19294
1 19312
12 5178 11760 11770 11817 11958 19316 19320 19326 19327 19331 19347 19350
10 19366 19385 19387 19392 19394 19396 19400 19406 19407 19411
12 19415 19434 19436 19441 19443 19445 19449 19455 19456 19460 19476 19479
5 19490 19509 19511 19516 19518
10 17436 19538 19540 19545 19547 19549 19553 19559 19560 19564
10 19578 19597 19599 19604 19606 19608 19612 19618 19619 19623
10 19627 19646 19648 19653 19655 19657 19661 19667 19668 19672
12 19689 19708 19710 19715 19717 19719 19723 19729 19730 19734 19750 19753
12 19765 19784 19786 19791 19793 19795 19799 19805 19806 19810 19826 19829
10 4212 19851 19853 19858 19860 19862 19866 19872 19873 19877
7 19890 19909 19911 19916 19918 19920 19924
10 19071 19945 19947 19952 19954 19956 19960 19966 19967 19971
12 18916 20003 20005 20010 20012 20014 20018 20024 20025 20029 20045 20048
10 20052 20071 20073 20078 20080 20082 20086 20092 20093 20097
12 5382 20114 20116 20121 20123 20125 20129 20135 20136 20140 20156 20159
12 10731 20174 20176 20181 20183 20185 20189 20195 20196 20200 20216 20219
13 10007 20130 20224 20229 20231 20233 20237 20243 20244 20248 20264 20267 20274
10 20279 20298 20300 20305 20307 20309 20313 20319 20320 20324
12 20346 20365 20367 20372 20374 20376 20380 20386 20387 20391 20407 20410
7 20419 20438 20440 20445 20447 20449 20453
10 20465 20484 20486 20491 20493 20495 20499 20505 20506 20510
10 20527 20546 20548 20553 20555 20557 20561 20567 20568 20572
13 20583 20602 20604 20609 20611 20613 20617 20623 20624 20628 20644 20647 20654
10 20660 20679 20681 20686 20688 20690 20694 20700 20701 20705
3 20715 20734 20736
10 20744 20763 20765 20770 20772 20774 20778 20784 20785 20789
9 20796 20815 20817 20822 20824 20826 20830 20836 20837
10 20849 20868 20870 20875 20877 20879 20883 20889 20890 20894
10 16131 20918 20920 20925 20927 20929 20933 20939 20940 20944
12 9291 20970 20972 20977 20979 20981 20985 20991 20992 20996 21012 21015
12 7390 21032 21034 21039 21041 21043 21047 21053 21054 21058 21074 21077
1 21091
13 21107 21126 21128 21133 21135 21137 21141 21147 21148 21152 21168 21171 21178
8 21189 21208 21210 21215 21217 21219 21223 21229
0
11 17348 21252 21254 21259 21261 21263 21267 21273 21274 21278 21294
11 20781 21314 21316 21321 21323 21325 21329 21335 21336 21340 21356
12 14760 21373 21375 21380 21382 21384 21388 21394 21395 21399 21415 21418
9 21426 21445 21447 21452 21454 21456 21460 21466 21467
10 21473 21492 21494 21499 21501 21503 21507 21513 21514 21518
12 21530 21549 21551 21556 21558 21560 21564 21570 21571 21575 21591 21594
10 13085 21606 21608 21613 21615 21617 21621 21627 21628 21632
1 21652
10 21661 21680 21682 21687 21689 21691 21695 21701 21702 21706
12 21723 21742 21744 21749 21751 21753 21757 21763 21764 21768 21784 21787
10 21795 21814 21816 21821 21823 21825 21829 21835 21836 21840
6 21860 21879 21881 21886 21888 21890
14 21896 21915 21917 21922 21924 21926 21930 21936 21937 21941 21957 21960 21967 21972
11 21976 21995 21997 22002 22004 22006 22010 22016 22017 22021 22037
10 22043 22062 22064 22069 22071 22073 22077 22083 22084 22088
10 7282 22115 22117 22122 22124 22126 22130 22136 22137 22141
12 19366 22172 22174 22179 22181 22183 22187 22193 22194 22198 22214 22217
10 22226 22245 22247 22252 22254 22256 22260 22266 22267 22271
13 22275 22294 22296 22301 22303 22305 22309 22315 22316 22320 22336 22339 22346
11 22348 22367 22369 22374 22376 22378 22382 22388 22389 22393 22409
10 10401 22427 22429 22434 22436 22438 22442 22448 22449 22453
10 22467 22486 22488 22493 22495 22497 22501 22507 22508 22512
12 22495 22537 22539 22544 22546 22548 22552 22558 22559 22563 22579 22582
11 10007 22596 22598 22603 22605 22607 22611 22617 22618 22622 22638
7 22646 22665 22667 22672 22674 22676 22680
12 12886 22697 22699 22704 22706 22708 22712 22718 22719 22723 22739 22742
6 22747 22766 22768 22773 22775 22777
12 22789 22808 22810 22815 22817 22819 22823 22829 22830 22834 22850 22853
10 22861 22880 22882 22887 22889 22891 22895 22901 22902 22906
5 22927 22946 22948 22953 22955
10 22966 22985 22987 22992 22994 22996 23000 23006 23007 23011
12 23023 23042 23044 23049 23051 23053 23057 23063 23064 23068 23084 23087
10 23095 23114 23116 23121 23123 23125 23129 23135 23136 23140
10 23150 23169 23171 23176 23178 23180 23184 23190 23191 23195
7 23213 23232 23234 23239 23241 23243 23247
10 23254 23273 23275 23280 23282 23284 23288 23294 23295 23299
10 23317 23336 23338 23343 23345 23347 23351 23357 23358 23362
10 23372 23391 23393 23398 23400 23402 23406 23412 23413 23417
1 23437
9 23453 23472 23474 23479 23481 23483 23487 23493 23494
12 18343 23515 23517 23522 23524 23526 23530 23536 23537 23541 23557 23560
10 23568 23587 23589 23594 23596 23598 23602 23608 23609 23613
12 23629 23648 23650 23655 23657 23659 23663 23669 23670 23674 23690 23693
12 12220 23702 23704 23709 23711 23713 23717 23723 23724 23728 23744 23747
11 9278 23765 23767 23772 23774 23776 23780 23786 23787 23791 23807
12 23815 23834 23836 23841 23843 23845 23849 23855 23856 23860 23876 23879
12 17268 23891 23893 23898 23900 23902 23906 23912 23913 23917 23933 23936
13 8060 18215 19616 23438 23940 23942 23946 23952 23953 23957 23973 23976 23983
12 17268 23998 24000 24005 24007 24009 24013 24019 24020 24024 24040 24043
7 24057 24076 24078 24083 24085 24087 24091
10 24098 24117 24119 24124 24126 24128 24132 24138 24139 24143
12 12587 24154 24156 24161 24163 24165 24169 24175 24176 24180 24196 24199
10 24211 24230 24232 24237 24239 24241 24245 24251 24252 24256
7 24265 24284 24286 24291 24293 24295 24299
3 24309 24328 24330
12 24341 24360 24362 24367 24369 24371 24375 24381 24382 24386 24402 24405
12 24409 24428 24430 24435 24437 24439 24443 24449 24450 24454 24470 24473
12 9362 24484 24486 24491 24493 24495 24499 24505 24506 24510 24526 24529
10 24535 24554 24556 24561 24563 24565 24569 24575 24576 24580
10 12573 24599 24601 24606 24608 24610 24614 24620 24621 24625
14 5899 23042 23254 24642 24644 24646 24650 24656 24657 24661 24677 24680 24687 24692
10 20834 24711 24713 24718 24720 24722 24726 24732 24733 24737
11 24750 24769 24771 24776 24778 24780 24784 24790 24791 24795 24811
10 24812 24831 24833 24838 24840 24842 24846 24852 24853 24857
1 24872
1 24904
12 16175 24917 24919 24924 24926 24928 24932 24938 24939 24943 24959 24962
10 14787 24972 24974 24979 24981 24983 24987 24993 24994 24998
10 22413 25027 25029 25034 25036 25038 25042 25048 25049 25053
10 25065 25084 25086 25091 25093 25095 25099 25105 25106 25110
10 25120 25139 25141 25146 25148 25150 25154 25160 25161 25165
10 25179 25198 25200 25205 25207 25209 25213 25219 25220 25224
11 19642 25255 25257 25262 25264 25266 25270 25276 25277 25281 25297
10 24239 25316 25318 25323 25325 25327 25331 25337 25338 25342
10 25358 25377 25379 25384 25386 25388 25392 25398 25399 25403
9 25417 25436 25438 25443 25445 25447 25451 25457 25458
12 23757 25479 25481 25486 25488 25490 25494 25500 25501 25505 25521 25524
12 10093 25537 25539 25544 25546 25548 25552 25558 25559 25563 25579 25582
10 25596 25615 25617 25622 25624 25626 25630 25636 25637 25641
10 20908 25661 25663 25668 25670 25672 25676 25682 25683 25687
12 25702 25721 25723 25728 25730 25732 25736 25742 25743 25747 25763 25766
7 25771 25790 25792 25797 25799 25801 25805
6 25821 25840 25842 25847 25849 25851
14 21259 25871 25873 25878 25880 25882 25886 25892 25893 25897 25913 25916 25923 25928
12 13185 25944 25946 25951 25953 25955 25959 25965 25966 25970 25986 25989
10 26001 26020 26022 26027 26029 26031 26035 26041 26042 26046
10 26055 26074 26076 26081 26083 26085 26089 26095 26096 26100
1 11497
10 26131 26150 26152 26157 26159 26161 26165 26171 26172 26176
12 18293 26195 26197 26202 26204 26206 26210 26216 26217 26221 26237 26240
6 26250 26269 26271 26276 26278 26280
7 26288 26307 26309 26314 26316 26318 26322
2 26333 26352
13 25941 26369 26371 26376 26378 26380 26384 26390 26391 26395 26411 26414 26421
10 8053 26435 26437 26442 26444 26446 26450 26456 26457 26461
10 26475 26494 26496 26501 26503 26505 26509 26515 26516 26520
10 26535 26554 26556 26561 26563 26565 26569 26575 26576 26580
10 26596 26615 26617 26622 26624 26626 26630 26636 26637 26641
3 26648 26667 26669
12 6557 26673 26675 26680 26682 26684 26688 26694 26695 26699 26715 26718
10 21338 26735 26737 26742 26744 26746 26750 26756 26757 26761
10 26766 26785 26787 26792 26794 26796 26800 26806 26807 26811
10 26823 26842 26844 26849 26851 26853 26857 26863 26864 26868
1 26884
9 26903 26922 26924 26929 26931 26933 26937 26943 26944
10 26948 26967 26969 26974 26976 26978 26982 26988 26989 26993
0
7 27015 27034 27036 27041 27043 27045 27049
1 27067
12 17292 27091 27093 27098 27100 27102 27106 27112 27113 27117 27133 27136
9 27152 27171 27173 27178 27180 27182 27186 27192 27193
10 27200 27219 27221 27226 27228 27230 27234 27240 27241 27245
12 27264 27283 27285 27290 27292 27294 27298 27304 27305 27309 27325 27328
10 23989 27351 27353 27358 27360 27362 27366 27372 27373 27377
1 27397
7 27413 27432 27434 27439 27441 27443 27447
6 27454 27473 27475 27480 27482 27484
7 12325 27497 27499 27504 27506 27508 27512
6 27531 27550 27552 27557 27559 27561
10 27567 27586 27588 27593 27595 27597 27601 27607 27608 27612
6 27629 27648 27650 27655 27657 27659
1 27676
10 20271 27707 27709 27714 27716 27718 27722 27728 27729 27733
5 23763 27757 27759 27764 27766
0
0
7 27795 27814 27816 27821 27823 27825 27829
0
10 27849 27868 27870 27875 27877 27879 27883 27889 27890 27894
7 27908 27927 27929 27934 27936 27938 27942
0
10 27291 27964 27966 27971 27973 27975 27979 27985 27986 27990
10 18521 28009 28011 28016 28018 28020 28024 28030 28031 28035
0
11 28044 28063 28065 28070 28072 28074 28078 28084 28085 28089 28105
5 28118 28137 28139 28144 28146
1 28159
9 28179 28198 28200 28205 28207 28209 28213 28219 28220
0
12 28236 28255 28257 28262 28264 28266 28270 28276 28277 28281 28297 28300
1 28315
10 28324 28343 28345 28350 28352 28354 28358 28364 28365 28369
11 21873 28395 28397 28402 28404 28406 28410 28416 28417 28421 28437
10 28442 28461 28463 28468 28470 28472 28476 28482 28483 28487
3 28505 28524 28526
9 23110 28541 28543 28548 28550 28552 28556 28562 28563
0
9 28570 28589 28591 28596 28598 28600 28604 28610 28611
1 28629
7 28642 28661 28663 28668 28670 28672 28676
10 28690 28709 28711 28716 28718 28720 28724 28730 28731 28735
10 27694 28757 28759 28764 28766 28768 28772 28778 28779 28783
1 28811
10 28839 28858 28860 28865 28867 28869 28873 28879 28880 28884
1 28912
0
13 28930 28949 28951 28956 28958 28960 28964 28970 28971 28975 28991 28994 29001
12 29016 29035 29037 29042 29044 29046 29050 29056 29057 29061 29077 29080
6 29098 29117 29119 29124 29126 29128
0
0
10 29145 29164 29166 29171 29173 29175 29179 29185 29186 29190
7 29212 29231 29233 29238 29240 29242 29246
6 29262 29281 29283 29288 29290 29292
10 12573 29300 29302 29307 29309 29311 29315 29321 29322 29326
1 29351
0
0
4 29373 29392 29394 29399
10 29413 29432 29434 29439 29441 29443 29447 29453 29454 29458
10 29474 29493 29495 29500 29502 29504 29508 29514 29515 29519
10 29533 29552 29554 29559 29561 29563 29567 29573 29574 29578
12 29587 29606 29608 29613 29615 29617 29621 29627 29628 29632 29648 29651
0
10 29675 29694 29696 29701 29703 29705 29709 29715 29716 29720
10 10622 29730 29732 29737 29739 29741 29745 29751 29752 29756
0
12 17919 29798 29800 29805 29807 29809 29813 29819 29820 29824 29840 29843
3 29861 29880 29882
12 29886 29905 29907 29912 29914 29916 29920 29926 29927 29931 29947 29950
12 13757 29967 29969 29974 29976 29978 29982 29988 29989 29993 30009 30012
10 30019 30038 30040 30045 30047 30049 30053 30059 30060 30064
10 30082 30101 30103 30108 30110 30112 30116 30122 30123 30127
6 30140 30159 30161 30166 30168 30170
10 30176 30195 30197 30202 30204 30206 30210 30216 30217 30221
13 30229 30248 30250 30255 30257 30259 30263 30269 30270 30274 30290 30293 30300
9 30306 30325 30327 30332 30334 30336 30340 30346 30347
11 30355 30374 30376 30381 30383 30385 30389 30395 30396 30400 30416
6 30430 30449 30451 30456 30458 30460
10 30476 30495 30497 30502 30504 30506 30510 30516 30517 30521
8 30538 30557 30559 30564 30566 30568 30572 30578
1 30592
10 30602 30621 30623 30628 30630 30632 30636 30642 30643 30647
13 30662 30681 30683 30688 30690 30692 30696 30702 30703 30707 30723 30726 30733
14 11552 16053 17408 20496 23889 30735 30739 30745 30746 30750 30766 30769 30776 30781
3 30796 30815 30817
0
1 30841
0
5 30868 30887 30889 30894 30896
7 30899 30918 30920 30925 30927 30929 30933
0
11 29243 30962 30964 30969 30971 30973 30977 30983 30984 30988 31004
11 31012 31031 31033 31038 31040 31042 31046 31052 31053 31057 31073
10 23985 31093 31095 31100 31102 31104 31108 31114 31115 31119
11 31132 31151 31153 31158 31160 31162 31166 31172 31173 31177 31193
11 30823 31214 31216 31221 31223 31225 31229 31235 31236 31240 31256
1 31271
7 31294 31313 31315 31320 31322 31324 31328
10 31346 31365 31367 31372 31374 31376 31380 31386 31387 31391
7 31405 31424 31426 31431 31433 31435 31439
9 31444 31463 31465 31470 31472 31474 31478 31484 31485
10 23882 31500 31502 31507 31509 31511 31515 31521 31522 31526
5 31545 31564 31566 31571 31573
10 31585 31604 31606 31611 31613 31615 31619 31625 31626 31630
10 31641 31660 31662 31667 31669 31671 31675 31681 31682 31686
4 31706 31725 31727 31732
1 31746
10 31772 31791 31793 31798 31800 31802 31806 31812 31813 31817
7 31832 31851 31853 31858 31860 31862 31866
12 28487 31884 31886 31891 31893 31895 31899 31905 31906 31910 31926 31929
10 31943 31962 31964 31969 31971 31973 31977 31983 31984 31988
10 32000 32019 32021 32026 32028 32030 32034 32040 32041 32045
12 32063 32082 32084 32089 32091 32093 32097 32103 32104 32108 32124 32127
7 32146 32165 32167 32172 32174 32176 32180
10 19673 32200 32202 32207 32209 32211 32215 32221 32222 32226
11 28255 32257 32259 32264 32266 32268 32272 32278 32279 32283 32299
6 32313 32332 32334 32339 32341 32343
10 32353 32372 32374 32379 32381 32383 32387 32393 32394 32398
9 32407 32426 32428 32433 32435 32437 32441 32447 32448
12 32460 32479 32481 32486 32488 32490 32494 32500 32501 32505 32521 32524
12 21629 32539 32541 32546 32548 32550 32554 32560 32561 32565 32581 32584
9 32591 32610 32612 32617 32619 32621 32625 32631 32632
7 32645 32664 32666 32671 32673 32675 32679
2 32696 32715
5 32730 32749 32751 32756 32758
2 32770 32789
10 32791 32810 32812 32817 32819 32821 32825 32831 32832 32836
0
7 32859 32878 32880 32885 32887 32889 32893
0
3 32910 32929 32931
1 32944
11 30182 32961 32963 32968 32970 32972 32976 32982 32983 32987 33003
10 33019 33038 33040 33045 33047 33049 33053 33059 33060 33064
9 33074 33093 33095 33100 33102 33104 33108 33114 33115
5 33130 33149 33151 33156 33158
10 33161 33180 33182 33187 33189 33191 33195 33201 33202 33206
10 33231 33250 33252 33257 33259 33261 33265 33271 33272 33276
3 33294 33313 33315
0
10 33337 33356 33358 33363 33365 33367 33371 33377 33378 33382
1 33400
10 20336 33437 33439 33444 33446 33448 33452 33458 33459 33463
10 18036 33475 33477 33482 33484 33486 33490 33496 33497 33501
8 33521 33540 33542 33547 33549 33551 33555 33561
10 33571 33590 33592 33597 33599 33601 33605 33611 33612 33616
1 33638
13 33656 33675 33677 33682 33684 33686 33690 33696 33697 33701 33717 33720 33727
10 33731 33750 33752 33757 33759 33761 33765 33771 33772 33776
11 27780 33801 33803 33808 33810 33812 33816 33822 33823 33827 33843
6 33859 33878 33880 33885 33887 33889
0
10 33908 33927 33929 33934 33936 33938 33942 33948 33949 33953
10 33968 33987 33989 33994 33996 33998 34002 34008 34009 34013
3 34034 34053 34055
2 34072 34091
10 34095 34114 34116 34121 34123 34125 34129 34135 34136 34140
0
10 34151 34170 34172 34177 34179 34181 34185 34191 34192 34196
0
12 20926 34219 34221 34226 34228 34230 34234 34240 34241 34245 34261 34264
6 34277 34296 34298 34303 34305 34307
10 34321 34340 34342 34347 34349 34351 34355 34361 34362 34366
7 34374 34393 34395 34400 34402 34404 34408
10 34422 34441 34443 34448 34450 34452 34456 34462 34463 34467
7 34486 34505 34507 34512 34514 34516 34520
0
12 34533 34552 34554 34559 34561 34563 34567 34573 34574 34578 34594 34597
9 34601 34620 34622 34627 34629 34631 34635 34641 34642
6 34644 34663 34665 34670 34672 34674
1 34691
13 23204 34718 34720 34725 34727 34729 34733 34739 34740 34744 34760 34763 34770
10 7886 34779 34781 34786 34788 34790 34794 34800 34801 34805
13 34818 34837 34839 34844 34846 34848 34852 34858 34859 34863 34879 34882 34889
10 17738 34909 34911 34916 34918 34920 34924 34930 34931 34935
2 34956 34975
1 34988
11 35001 35020 35022 35027 35029 35031 35035 35041 35042 35046 35062
0
7 35070 35089 35091 35096 35098 35100 35104
10 35110 35129 35131 35136 35138 35140 35144 35150 35151 35155
11 35182 35201 35203 35208 35210 35212 35216 35222 35223 35227 35243
6 35256 35275 35277 35282 35284 35286
0
10 35289 35308 35310 35315 35317 35319 35323 35329 35330 35334
6 35350 35369 35371 35376 35378 35380
1 35382
10 35408 35427 35429 35434 35436 35438 35442 35448 35449 35453
0
0
12 15825 35479 35481 35486 35488 35490 35494 35500 35501 35505 35521 35524
7 27225 35547 35549 35554 35556 35558 35562
7 35566 35585 35587 35592 35594 35596 35600
6 35618 35637 35639 35644 35646 35648
1 35664
13 35684 35703 35705 35710 35712 35714 35718 35724 35725 35729 35745 35748 35755
4 35770 35789 35791 35796
3 35806 35825 35827
10 35839 35858 35860 35865 35867 35869 35873 35879 35880 35884
13 35886 35905 35907 35912 35914 35916 35920 35926 35927 35931 35947 35950 35957
10 35968 35987 35989 35994 35996 35998 36002 36008 36009 36013
13 36027 36046 36048 36053 36055 36057 36061 36067 36068 36072 36088 36091 36098
0
1 36117
0
6 36149 36168 36170 36175 36177 36179
9 36190 36209 36211 36216 36218 36220 36224 36230 36231
4 36249 36268 36270 36275
10 20176 36289 36291 36296 36298 36300 36304 36310 36311 36315
13 19614 36346 36348 36353 36355 36357 36361 36367 36368 36372 36388 36391 36398
12 27052 36413 36415 36420 36422 36424 36428 36434 36435 36439 36455 36458
7 36469 36488 36490 36495 36497 36499 36503
10 36513 36532 36534 36539 36541 36543 36547 36553 36554 36558
0
10 36579 36598 36600 36605 36607 36609 36613 36619 36620 36624
7 36640 36659 36661 36666 36668 36670 36674
1 36682
7 36695 36714 36716 36721 36723 36725 36729
0
10 27454 36747 36749 36754 36756 36758 36762 36768 36769 36773
0
0
10 36794 36813 36815 36820 36822 36824 36828 36834 36835 36839
12 36853 36872 36874 36879 36881 36883 36887 36893 36894 36898 36914 36917
10 13480 36930 36932 36937 36939 36941 36945 36951 36952 36956
10 36970 36989 36991 36996 36998 37000 37004 37010 37011 37015
3 37027 37046 37048
1 34301
0
0
0
10 37079 37098 37100 37105 37107 37109 37113 37119 37120 37124
10 37142 37161 37163 37168 37170 37172 37176 37182 37183 37187
9 37214 37233 37235 37240 37242 37244 37248 37254 37255
0
9 37273 37292 37294 37299 37301 37303 37307 37313 37314
10 37321 37340 37342 37347 37349 37351 37355 37361 37362 37366
14 37383 37402 37404 37409 37411 37413 37417 37423 37424 37428 37444 37447 37454 37459
1 37460
1 37486
0
9 37505 37524 37526 37531 37533 37535 37539 37545 37546
1 37559
7 37572 37591 37593 37598 37600 37602 37606
6 37624 37643 37645 37650 37652 37654
10 37665 37684 37686 37691 37693 37695 37699 37705 37706 37710
0
10 21188 37744 37746 37751 37753 37755 37759 37765 37766 37770
8 37792 37811 37813 37818 37820 37822 37826 37832
8 37845 37864 37866 37871 37873 37875 37879 37885
13 34869 37903 37905 37910 37912 37914 37918 37924 37925 37929 37945 37948 37955
14 26424 37976 37978 37983 37985 37987 37991 37997 37998 38002 38018 38021 38028 38033
7 38044 38063 38065 38070 38072 38074 38078
0
11 38086 38105 38107 38112 38114 38116 38120 38126 38127 38131 38147
10 38154 38173 38175 38180 38182 38184 38188 38194 38195 38199
10 38226 38245 38247 38252 38254 38256 38260 38266 38267 38271
0
0
10 38287 38306 38308 38313 38315 38317 38321 38327 38328 38332
11 38354 38373 38375 38380 38382 38384 38388 38394 38395 38399 38415
10 38422 38441 38443 38448 38450 38452 38456 38462 38463 38467
10 38479 38498 38500 38505 38507 38509 38513 38519 38520 38524
0
10 38556 38575 38577 38582 38584 38586 38590 38596 38597 38601
9 38624 38643 38645 38650 38652 38654 38658 38664 38665
0
10 38675 38694 38696 38701 38703 38705 38709 38715 38716 38720
11 23371 38742 38744 38749 38751 38753 38757 38763 38764 38768 38784
10 38797 38816 38818 38823 38825 38827 38831 38837 38838 38842
11 38861 38880 38882 38887 38889 38891 38895 38901 38902 38906 38922
7 38929 38948 38950 38955 38957 38959 38963
2 38974 38993
10 39004 39023 39025 39030 39032 39034 39038 39044 39045 39049
10 39067 39086 39088 39093 39095 39097 39101 39107 39108 39112
13 11885 39127 39129 39134 39136 39138 39142 39148 39149 39153 39169 39172 39179
1 39194
0
0
11 39207 39226 39228 39233 39235 39237 39241 39247 39248 39252 39268
10 36277 39287 39289 39294 39296 39298 39302 39308 39309 39313
7 39329 39348 39350 39355 39357 39359 39363
9 39375 39394 39396 39401 39403 39405 39409 39415 39416
12 23732 39432 39434 39439 39441 39443 39447 39453 39454 39458 39474 39477
1 39483
1 39491
10 39514 39533 39535 39540 39542 39544 39548 39554 39555 39559
10 39571 39590 39592 39597 39599 39601 39605 39611 39612 39616
10 39638 39657 39659 39664 39666 39668 39672 39678 39679 39683
10 39696 39715 39717 39722 39724 39726 39730 39736 39737 39741
10 39751 39770 39772 39777 39779 39781 39785 39791 39792 39796
10 25065 39823 39825 39830 39832 39834 39838 39844 39845 39849
12 19563 39862 39864 39869 39871 39873 39877 39883 39884 39888 39904 39907
7 39924 39943 39945 39950 39952 39954 39958
5 39964 39984 39986 39991 39994
1 40008
10 38665 40037 40039 40044 40046 40048 40052 40058 40059 40063
12 14637 40086 40088 40093 40095 40097 40101 40107 40108 40112 40128 40131
1 40138
10 40156 40175 40177 40182 40184 40186 40190 40196 40197 40201
10 40211 40230 40232 40237 40239 40241 40245 40251 40252 40256
10 28573 40274 40276 40281 40283 40285 40289 40295 40296 40300
10 40319 40338 40340 40345 40347 40349 40353 40359 40360 40364
1 40380
0
12 11489 28763 40398 40403 40405 40407 40411 40417 40418 40422 40438 40441
9 40449 40468 40470 40475 40477 40479 40483 40489 40490
9 40501 40520 40522 40527 40529 40531 40535 40541 40542
13 40554 40573 40575 40580 40582 40584 40588 40594 40595 40599 40615 40618 40625
10 40638 40657 40659 40664 40666 40668 40672 40678 40679 40683
0
9 40703 40722 40724 40729 40731 40733 40737 40743 40744
0
10 40754 40773 40775 40780 40782 40784 40788 40794 40795 40799
0
14 40816 40835 40837 40842 40844 40846 40850 40856 40857 40861 40877 40880 40887 40892
0
1 40914
6 40938 40957 40959 40964 40966 40968
3 40986 41005 41007
1 41020
9 41031 41050 41052 41057 41059 41061 41065 41071 41072
8 33380 41090 41092 41097 41099 41101 41105 41111
3 41120 41139 41141
0
10 41094 41169 41171 41176 41178 41180 41184 41190 41191 41195
1 41200
6 41224 41243 41245 41250 41252 41254
12 8755 41262 41264 41269 41271 41273 41277 41283 41284 41288 41304 41307
10 16113 41321 41323 41328 41330 41332 41336 41342 41343 41347
10 18800 41375 41377 41382 41384 41386 41390 41396 41397 41401
10 41410 41429 41431 41436 41438 41440 41444 41450 41451 41455
10 41465 41484 41486 41491 41493 41495 41499 41505 41506 41510
1 41527
12 19641 41555 41557 41562 41564 41566 41570 41576 41577 41581 41597 41600
12 29746 41617 41619 41624 41626 41628 41632 41638 41639 41643 41659 41662
10 41670 41689 41691 41696 41698 41700 41704 41710 41711 41715
10 15813 41719 41721 41726 41728 41730 41734 41740 41741 41745
1 41759
12 41776 41795 41797 41802 41804 41806 41810 41816 41817 41821 41837 41840
10 41852 41871 41873 41878 41880 41882 41886 41892 41893 41897
14 20496 41912 41914 41919 41921 41923 41927 41933 41934 41938 41954 41957 41964 41969
10 41971 41990 41992 41997 41999 42001 42005 42011 42012 42016
0
10 42043 42062 42064 42069 42071 42073 42077 42083 42084 42088
13 42108 42127 42129 42134 42136 42138 42142 42148 42149 42153 42169 42172 42179
10 36407 42199 42201 42206 42208 42210 42214 42220 42221 42225
10 42246 42265 42267 42272 42274 42276 42280 42286 42287 42291
0
13 8996 42302 42304 42309 42311 42313 42317 42323 42324 42328 42344 42347 42354
10 18944 42367 42369 42374 42376 42378 42382 42388 42389 42393
6 42410 42429 42431 42436 42438 42440
7 42446 42465 42467 42472 42474 42476 42480
7 42497 42516 42518 42523 42525 42527 42531
13 42308 42552 42554 42559 42561 42563 42567 42573 42574 42578 42594 42597 42604
10 42607 42626 42628 42633 42635 42637 42641 42647 42648 42652
10 42663 42682 42684 42689 42691 42693 42697 42703 42704 42708
10 42712 42731 42733 42738 42740 42742 42746 42752 42753 42757
0
11 42773 42792 42794 42799 42801 42803 42807 42813 42814 42818 42834
10 42846 42865 42867 42872 42874 42876 42880 42886 42887 42891
1 42906
0
7 42931 42950 42952 42957 42959 42961 42965
10 42982 43001 43003 43008 43010 43012 43016 43022 43023 43027
10 43037 43056 43058 43063 43065 43067 43071 43077 43078 43082
12 15827 43106 43108 43113 43115 43117 43121 43127 43128 43132 43148 43151
2 43158 43177
10 43184 43203 43205 43210 43212 43214 43218 43224 43225 43229
12 23730 43245 43247 43252 43254 43256 43260 43266 43267 43271 43287 43290
3 43302 43321 43323
10 40748 43342 43344 43349 43351 43353 43357 43363 43364 43368
1 43391
12 32822 43424 43426 43431 43433 43435 43439 43445 43446 43450 43466 43469
3 43483 43502 43504
9 43514 43533 43535 43540 43542 43544 43548 43554 43555
0
0
0
10 22709 43587 43589 43594 43596 43598 43602 43608 43609 43613
10 43632 43651 43653 43658 43660 43662 43666 43672 43673 43677
1 43702
7 34291 43716 43718 43723 43725 43727 43731
2 43741 43760
10 9641 43770 43772 43777 43779 43781 43785 43791 43792 43796
10 43813 43832 43834 43839 43841 43843 43847 43853 43854 43858
3 43880 43899 43901
0
10 43920 43939 43941 43946 43948 43950 43954 43960 43961 43965
10 12866 43985 43987 43992 43994 43996 44000 44006 44007 44011
10 44032 44051 44053 44058 44060 44062 44066 44072 44073 44077
0
7 44104 44123 44125 44130 44132 44134 44138
6 44142 44161 44163 44168 44170 44172
10 42003 44194 44196 44201 44203 44205 44209 44215 44216 44220
11 44225 44244 44246 44251 44253 44255 44259 44265 44266 44270 44286
1 44298
6 44316 44335 44337 44342 44344 44346
1 35389
10 44362 44381 44383 44388 44390 44392 44396 44402 44403 44407
10 44426 44445 44447 44452 44454 44456 44460 44466 44467 44471
10 44492 44511 44513 44518 44520 44522 44526 44532 44533 44537
0
9 44550 44569 44571 44576 44578 44580 44584 44590 44591
4 44601 44620 44622 44627
9 44640 44659 44661 44666 44668 44670 44674 44680 44681
7 44683 44702 44704 44709 44711 44713 44717
3 44733 44752 44754
10 44757 44776 44778 44783 44785 44787 44791 44797 44798 44802
0
0
0
7 44834 44853 44855 44860 44862 44864 44868
7 44877 44896 44898 44903 44905 44907 44911
13 41601 44931 44933 44938 44940 44942 44946 44952 44953 44957 44973 44976 44983
1 44996
14 10028 45000 45002 45007 45009 45011 45015 45021 45022 45026 45042 45045 45052 45057
6 42021 45076 45078 45083 45085 45087
4 45100 45119 45121 45126
10 45141 45160 45162 45167 45169 45171 45175 45181 45182 45186
10 45188 45207 45209 45214 45216 45218 45222 45228 45229 45233
10 33669 45260 45262 45267 45269 45271 45275 45281 45282 45286
1 45298
10 45319 45338 45340 45345 45347 45349 45353 45359 45360 45364
10 25945 45381 45383 45388 45390 45392 45396 45402 45403 45407
10 45428 45447 45449 45454 45456 45458 45462 45468 45469 45473
12 45481 45500 45502 45507 45509 45511 45515 45521 45522 45526 45542 45545
12 18482 45548 45550 45555 45557 45559 45563 45569 45570 45574 45590 45593
3 45608 45627 45629
12 32118 45646 45648 45653 45655 45657 45661 45667 45668 45672 45688 45691
1 45706
10 15827 45732 45734 45739 45741 45743 45747 45753 45754 45758
0
10 45779 45798 45800 45805 45807 45809 45813 45819 45820 45824
10 45842 45861 45863 45868 45870 45872 45876 45882 45883 45887
10 45905 45924 45926 45931 45933 45935 45939 45945 45946 45950
1 45975
10 22664 46005 46007 46012 46014 46016 46020 46026 46027 46031
10 46048 46067 46069 46074 46076 46078 46082 46088 46089 46093
10 25933 46107 46109 46114 46116 46118 46122 46128 46129 46133
13 46157 46176 46178 46183 46185 46187 46191 46197 46198 46202 46218 46221 46228
1 46244
10 46261 46280 46282 46287 46289 46291 46295 46301 46302 46306
10 46326 46345 46347 46352 46354 46356 46360 46366 46367 46371
9 46391 46410 46412 46417 46419 46421 46425 46431 46432
12 21303 46445 46447 46452 46454 46456 46460 46466 46467 46471 46487 46490
10 46503 46522 46524 46529 46531 46533 46537 46543 46544 46548
10 46564 46583 46585 46590 46592 46594 46598 46604 46605 46609
6 46616 46635 46637 46642 46644 46646
10 18876 46662 46664 46669 46671 46673 46677 46683 46684 46688
12 46699 46718 46720 46725 46727 46729 46733 46739 46740 46744 46760 46763
12 15090 46665 46765 46770 46772 46774 46778 46784 46785 46789 46805 46808
1 46826
5 46830 46849 46851 46856 46858
5 46871 46890 46892 46897 46899
12 27328 46916 46918 46923 46925 46927 46931 46937 46938 46942 46958 46961
10 15642 46975 46977 46982 46984 46986 46990 46996 46997 47001
9 47011 47030 47032 47037 47039 47041 47045 47051 47052
12 47058 47077 47079 47084 47086 47088 47092 47098 47099 47103 47119 47122
10 35520 47141 47143 47148 47150 47152 47156 47162 47163 47167
0
12 47179 47198 47200 47205 47207 47209 47213 47219 47220 47224 47240 47243
10 43163 47266 47268 47273 47275 47277 47281 47287 47288 47292
0
11 47320 47339 47341 47346 47348 47350 47354 47360 47361 47365 47381
1 47386
13 47390 47409 47411 47416 47418 47420 47424 47430 47431 47435 47451 47454 47461
6 47467 47486 47488 47493 47495 47497
10 47507 47526 47528 47533 47535 47537 47541 47547 47548 47552
0
1 47567
0
12 47588 47607 47609 47614 47616 47618 47622 47628 47629 47633 47649 47652
9 39969 47672 47674 47679 47681 47683 47687 47693 47694
0
3 47714 47733 47735
7 47740 47759 47761 47766 47768 47770 47774
12 8053 47785 47787 47792 47794 47796 47800 47806 47807 47811 47827 47830
4 47840 47859 47861 47866
10 47868 47887 47889 47894 47896 47898 47902 47908 47909 47913
9 47935 47954 47956 47961 47963 47965 47969 47975 47976
10 47989 48008 48010 48015 48017 48019 48023 48029 48030 48034
8 48040 48059 48061 48066 48068 48070 48074 48080
1 48089
14 7231 48100 48102 48107 48109 48111 48115 48121 48122 48126 48142 48145 48152 48157
10 48167 48186 48188 48193 48195 48197 48201 48207 48208 48212
10 48239 48258 48260 48265 48267 48269 48273 48279 48280 48284
10 48294 48313 48315 48320 48322 48324 48328 48334 48335 48339
0
12 48356 48375 48377 48382 48384 48386 48390 48396 48397 48401 48417 48420
10 48425 48444 48446 48451 48453 48455 48459 48465 48466 48470
0
10 48492 48511 48513 48518 48520 48522 48526 48532 48533 48537
12 48564 48583 48585 48590 48592 48594 48598 48604 48605 48609 48625 48628
10 48638 48657 48659 48664 48666 48668 48672 48678 48679 48683
10 48697 48716 48718 48723 48725 48727 48731 48737 48738 48742
12 27030 48760 48762 48767 48769 48771 48775 48781 48782 48786 48802 48805
2 48822 48841
10 16584 48848 48850 48855 48857 48859 48863 48869 48870 48874
12 48893 48912 48914 48919 48921 48923 48927 48933 48934 48938 48954 48957
7 48973 48992 48994 48999 49001 49003 49007
11 7386 49016 49018 49023 49025 49027 49031 49037 49038 49042 49058
1 49073
10 45379 49097 49099 49104 49106 49108 49112 49118 49119 49123
10 49137 49156 49158 49163 49165 49167 49171 49177 49178 49182
12 10365 49202 49204 49209 49211 49213 49217 49223 49224 49228 49244 49247
10 49259 49278 49280 49285 49287 49289 49293 49299 49300 49304
10 49327 49346 49348 49353 49355 49357 49361 49367 49368 49372
10 47431 49403 49405 49410 49412 49414 49418 49424 49425 49429
10 49446 49465 49467 49472 49474 49476 49480 49486 49487 49491
0
10 17401 49516 49518 49523 49525 49527 49531 49537 49538 49542
3 49554 49573 49575
10 49589 49608 49610 49615 49617 49619 49623 49629 49630 49634
3 49646 49665 49667
1 49678
12 49683 49702 49704 49709 49711 49713 49717 49723 49724 49728 49744 49747
7 49752 49771 49773 49778 49780 49782 49786
1 49802
10 49817 49836 49838 49843 49845 49847 49851 49857 49858 49862
1 49881
13 9525 49903 49905 49910 49912 49914 49918 49924 49925 49929 49945 49948 49955
11 15392 49965 49967 49972 49974 49976 49980 49986 49987 49991 50007
11 50016 50035 50037 50042 50044 50046 50050 50056 50057 50061 50077
10 50084 50103 50105 50110 50112 50114 50118 50124 50125 50129
1 50149
1 50162
11 50186 50205 50207 50212 50214 50216 50220 50226 50227 50231 50247
1 50257
1 50281
10 43542 50314 50316 50321 50323 50325 50329 50335 50336 50340
14 32108 50354 50356 50361 50363 50365 50369 50375 50376 50380 50396 50399 50406 50411
8 28023 50426 50428 50433 50435 50437 50441 50447
1 50461
5 50464 50483 50485 50490 50492
5 50499 50518 50520 50525 50527
11 50529 50548 50550 50555 50557 50559 50563 50569 50570 50574 50590
10 50598 50617 50619 50624 50626 50628 50632 50638 50639 50643
0
9 50669 50688 50690 50695 50697 50699 50703 50709 50710
10 50722 50741 50743 50748 50750 50752 50756 50762 50763 50767
6 50785 50804 50806 50811 50813 50815
0
0
0
10 50831 50850 50852 50857 50859 50861 50865 50871 50872 50876
1 50901
10 40034 50928 50930 50935 50937 50939 50943 50949 50950 50954
1 50980
10 50995 51014 51016 51021 51023 51025 51029 51035 51036 51040
10 51057 51076 51078 51083 51085 51087 51091 51097 51098 51102
12 15070 51051 51108 51113 51115 51117 51121 51127 51128 51132 51148 51151
0
5 51172 51191 51193 51198 51200
12 51207 51226 51228 51233 51235 51237 51241 51247 51248 51252 51268 51271
3 45012 51292 51294
10 39426 51309 51311 51316 51318 51320 51324 51330 51331 51335
1 51343
10 25516 51375 51377 51382 51384 51386 51390 51396 51397 51401
2 51416 51435
10 49756 51454 51456 51461 51463 51465 51469 51475 51476 51480
14 51499 51518 51520 51525 51527 51529 51533 51539 51540 51544 51560 51563 51570 51575
3 51586 51605 51607
10 51613 51632 51634 51639 51641 51643 51647 51653 51654 51658
9 51671 51690 51692 51697 51699 51701 51705 51711 51712
0
10 51720 51739 51741 51746 51748 51750 51754 51760 51761 51765
0
10 22136 51788 51790 51795 51797 51799 51803 51809 51810 51814
12 30128 51841 51843 51848 51850 51852 51856 51862 51863 51867 51883 51886
9 51899 51918 51920 51925 51927 51929 51933 51939 51940
10 51948 51967 51969 51974 51976 51978 51982 51988 51989 51993
1 52010
5 21287 52028 52030 52035 52037
9 52047 52066 52068 52073 52075 52077 52081 52087 52088
0
7 52103 52122 52124 52129 52131 52133 52137
3 52143 52162 52164
0
12 6439 22126 28196 47672 52169 52171 52175 52181 52182 52186 52202 52205
10 52210 52229 52231 52236 52238 52240 52244 52250 52251 52255
10 34652 52264 52266 52271 52273 52275 52279 52285 52286 52290
11 17326 52303 52305 52310 52312 52314 52318 52324 52325 52329 52345
9 52348 52367 52369 52374 52376 52378 52382 52388 52389
1 52394
10 52406 52425 52427 52432 52434 52436 52440 52446 52447 52451
10 52466 52485 52487 52492 52494 52496 52500 52506 52507 52511
0
10 52516 52535 52537 52542 52544 52546 52550 52556 52557 52561
0
2 52582 52601
14 13937 52606 52608 52613 52615 52617 52621 52627 52628 52632 52648 52651 52658 52663
9 41856 52681 52683 52688 52690 52692 52696 52702 52703
10 14953 52715 52717 52722 52724 52726 52730 52736 52737 52741
10 52764 52783 52785 52790 52792 52794 52798 52804 52805 52809
12 15052 52831 52833 52838 52840 52842 52846 52852 52853 52857 52873 52876
10 52883 52902 52904 52909 52911 52913 52917 52923 52924 52928
10 52951 52970 52972 52977 52979 52981 52985 52991 52992 52996
12 11700 53008 53010 53015 53017 53019 53023 53029 53030 53034 53050 53053
3 53069 53088 53090
11 9811 53097 53099 53104 53106 53108 53112 53118 53119 53123 53139
6 53150 53169 53171 53176 53178 53180
10 53191 53210 53212 53217 53219 53221 53225 53231 53232 53236
1 53252
1 53270
6 53293 53312 53314 53319 53321 53323
6 53336 53355 53357 53362 53364 53366
10 36189 53380 53382 53387 53389 53391 53395 53401 53402 53406
5 53426 53445 53447 53452 53454
10 13907 53463 53465 53470 53472 53474 53478 53484 53485 53489
12 46962 53522 53524 53529 53531 53533 53537 53543 53544 53548 53564 53567
0
10 53592 53611 53613 53618 53620 53622 53626 53632 53633 53637
7 53648 53667 53669 53674 53676 53678 53682
2 53692 53711
0
9 28741 53738 53740 53745 53747 53749 53753 53759 53760
0
13 43163 53780 53782 53787 53789 53791 53795 53801 53802 53806 53822 53825 53832
13 15234 53840 53842 53847 53849 53851 53855 53861 53862 53866 53882 53885 53892
1 53908
7 53920 53939 53941 53946 53948 53950 53954
10 53955 53974 53976 53981 53983 53985 53989 53995 53996 54000
12 54023 54042 54044 54049 54051 54053 54057 54063 54064 54068 54084 54087
3 54099 54118 54120
0
11 46238 54137 54139 54144 54146 54148 54152 54158 54159 54163 54179
1 54192
10 54205 54224 54226 54231 54233 54235 54239 54245 54246 54250
10 34034 54260 54262 54267 54269 54271 54275 54281 54282 54286
10 54305 54324 54326 54331 54333 54335 54339 54345 54346 54350
0
12 23985 54379 54381 54386 54388 54390 54394 54400 54401 54405 54421 54424
11 16179 54432 54434 54439 54441 54443 54447 54453 54454 54458 54474
10 54486 54505 54507 54512 54514 54516 54520 54526 54527 54531
10 42926 54556 54558 54563 54565 54567 54571 54577 54578 54582
7 54604 54623 54625 54630 54632 54634 54638
8 54647 54666 54668 54673 54675 54677 54681 54687
10 54691 54710 54712 54717 54719 54721 54725 54731 54732 54736
10 54740 54759 54761 54766 54768 54770 54774 54780 54781 54785
13 54807 54826 54828 54833 54835 54837 54841 54847 54848 54852 54868 54871 54878
1 54889
7 54895 54914 54916 54921 54923 54925 54929
13 53791 54951 54953 54958 54960 54962 54966 54972 54973 54977 54993 54996 55003
8 55017 55036 55038 55043 55045 55047 55051 55057
1 55069
12 11439 46698 48118 55074 55076 55078 55082 55088 55089 55093 55109 55112
10 55128 55147 55149 55154 55156 55158 55162 55168 55169 55173
1 55192
12 8100 20204 21315 40468 55211 55213 55217 55223 55224 55228 55244 55247
10 55262 55281 55283 55288 55290 55292 55296 55302 55303 55307
5 55320 55339 55341 55346 55348
11 19595 55355 55357 55362 55364 55366 55370 55376 55377 55381 55397
0
1 55412
10 55422 55441 55443 55448 55450 55452 55456 55462 55463 55467
10 55478 55497 55499 55504 55506 55508 55512 55518 55519 55523
7 18535 55550 55552 55557 55559 55561 55565
9 55568 55587 55589 55594 55596 55598 55602 55608 55609
10 27262 55628 55630 55635 55637 55639 55643 55649 55650 55654
5 55674 55693 55695 55700 55702
13 4852 20297 28231 55705 55707 55709 55713 55719 55720 55724 55740 55743 55750
0
10 55756 55775 55777 55782 55784 55786 55790 55796 55797 55801
9 55816 55835 55837 55842 55844 55846 55850 55856 55857
1 55868
0
10 55888 55907 55909 55914 55916 55918 55922 55928 55929 55933
10 55950 55969 55971 55976 55978 55980 55984 55990 55991 55995
1 56006
10 56011 56030 56032 56037 56039 56041 56045 56051 56052 56056
10 56071 56090 56092 56097 56099 56101 56105 56111 56112 56116
12 7731 56127 56129 56134 56136 56138 56142 56148 56149 56153 56169 56172
10 41106 56190 56192 56197 56199 56201 56205 56211 56212 56216
1 56239
0
5 56264 56283 56285 56290 56292
12 22304 56301 56303 56308 56310 56312 56316 56322 56323 56327 56343 56346
10 39600 56366 56368 56373 56375 56377 56381 56387 56388 56392
0
10 5693 56415 56417 56422 56424 56426 56430 56436 56437 56441
1 56457
10 56477 56496 56498 56503 56505 56507 56511 56517 56518 56522
10 56544 56563 56565 56570 56572 56574 56578 56584 56585 56589
10 56600 56619 56621 56626 56628 56630 56634 56640 56641 56645
4 56661 56680 56682 56687
10 48124 56703 56705 56710 56712 56714 56718 56724 56725 56729
12 56742 56761 56763 56768 56770 56772 56776 56782 56783 56787 56803 56806
7 56820 56839 56841 56846 56848 56850 56854
10 28212 56860 56862 56867 56869 56871 56875 56881 56882 56886
10 53111 56907 56909 56914 56916 56918 56922 56928 56929 56933
1 56939
1 56949
0
0
9 56987 57006 57008 57013 57015 57017 57021 57027 57028
10 37772 57046 57048 57053 57055 57057 57061 57067 57068 57072
3 57086 57105 57107
4 57112 57131 57133 57138
10 57153 57172 57174 57179 57181 57183 57187 57193 57194 57198
1 57211
10 48775 57233 57235 57240 57242 57244 57248 57254 57255 57259
13 9164 56426 57274 57279 57281 57283 57287 57293 57294 57298 57314 57317 57324
7 54273 57341 57343 57348 57350 57352 57356
13 30093 57369 57371 57376 57378 57380 57384 57390 57391 57395 57411 57414 57421
7 57429 57448 57450 57455 57457 57459 57463
6 57478 57497 57499 57504 57506 57508
9 57514 57533 57535 57540 57542 57544 57548 57554 57555
12 57556 57575 57577 57582 57584 57586 57590 57596 57597 57601 57617 57620
12 57630 57649 57651 57656 57658 57660 57664 57670 57671 57675 57691 57694
10 45802 57717 57719 57724 57726 57728 57732 57738 57739 57743
10 57759 57778 57780 57785 57787 57789 57793 57799 57800 57804
10 57819 57838 57840 57845 57847 57849 57853 57859 57860 57864
9 57869 57888 57890 57895 57897 57899 57903 57909 57910
7 57920 57939 57941 57946 57948 57950 57954
7 57965 57984 57986 57991 57993 57995 57999
13 57522 58023 58025 58030 58032 58034 58038 58044 58045 58049 58065 58068 58075
10 58090 58109 58111 58116 58118 58120 58124 58130 58131 58135
0
13 23424 58154 58156 58161 58163 58165 58169 58175 58176 58180 58196 58199 58206
13 58212 58231 58233 58238 58240 58242 58246 58252 58253 58257 58273 58276 58283
12 57507 58303 58305 58310 58312 58314 58318 58324 58325 58329 58345 58348
7 53839 58367 58369 58374 58376 58378 58382
8 58395 58414 58416 58421 58423 58425 58429 58435
10 12610 58438 58440 58445 58447 58449 58453 58459 58460 58464
2 58486 58505
12 13439 58513 58515 58520 58522 58524 58528 58534 58535 58539 58555 58558
9 58562 58581 58583 58588 58590 58592 58596 58602 58603
10 58614 58633 58635 58640 58642 58644 58648 58654 58655 58659
0
13 9313 58664 58666 58671 58673 58675 58679 58685 58686 58690 58706 58709 58716
8 58729 58748 58750 58755 58757 58759 58763 58769
1 58783
12 40689 58818 58820 58825 58827 58829 58833 58839 58840 58844 58860 58863
10 58865 58884 58886 58891 58893 58895 58899 58905 58906 58910
10 58915 58934 58936 58941 58943 58945 58949 58955 58956 58960
10 16035 52737 58963 58968 58970 58972 58976 58982 58983 58987
1 59013
1 59030
0
10 59051 59070 59072 59077 59079 59081 59085 59091 59092 59096
1 59110
1 59131
6 59145 59164 59166 59171 59173 59175
0
12 59183 59202 59204 59209 59211 59213 59217 59223 59224 59228 59244 59247
10 52280 59271 59273 59278 59280 59282 59286 59292 59293 59297
10 59316 59335 59337 59342 59344 59346 59350 59356 59357 59361
11 59371 59390 59392 59397 59399 59401 59405 59411 59412 59416 59432
11 47918 59452 59454 59459 59461 59463 59467 59473 59474 59478 59494
13 59507 59526 59528 59533 59535 59537 59541 59547 59548 59552 59568 59571 59578
10 59588 59607 59609 59614 59616 59618 59622 59628 59629 59633
6 59650 59669 59671 59676 59678 59680
11 59684 59703 59705 59710 59712 59714 59718 59724 59725 59729 59745
11 43140 59766 59768 59773 59775 59777 59781 59787 59788 59792 59808
14 45698 59826 59828 59833 59835 59837 59841 59847 59848 59852 59868 59871 59878 59883
1 59899
2 59926 59945
12 59956 59975 59977 59982 59984 59986 59990 59996 59997 60001 60017 60020
10 43235 60035 60037 60042 60044 60046 60050 60056 60057 60061
0
9 60075 60094 60096 60101 60103 60105 60109 60115 60116
6 60127 60146 60148 60153 60155 60157
1 60167
10 60189 60208 60210 60215 60217 60219 60223 60229 60230 60234
8 60257 60276 60278 60283 60285 60287 60291 60297
12 37971 60310 60312 60317 60319 60321 60325 60331 60332 60336 60352 60355
0
12 13035 34788 38775 60360 60362 60364 60368 60374 60375 60379 60395 60398
13 16053 60408 60410 60415 60417 60419 60423 60429 60430 60434 60450 60453 60460
12 60477 60496 60498 60503 60505 60507 60511 60517 60518 60522 60538 60541
0
10 38653 60557 60559 60564 60566 60568 60572 60578 60579 60583
13 16753 60595 60597 60602 60604 60606 60610 60616 60617 60621 60637 60640 60647
0
7 60654 60673 60675 60680 60682 60684 60688
3 41945 60710 60712
0
10 60725 60744 60746 60751 60753 60755 60759 60765 60766 60770
12 40075 60787 60789 60794 60796 60798 60802 60808 60809 60813 60829 60832
0
10 60852 60871 60873 60878 60880 60882 60886 60892 60893 60897
10 41718 60917 60919 60924 60926 60928 60932 60938 60939 60943
10 60960 60979 60981 60986 60988 60990 60994 61000 61001 61005
12 61013 61032 61034 61039 61041 61043 61047 61053 61054 61058 61074 61077
11 61086 61105 61107 61112 61114 61116 61120 61126 61127 61131 61147
7 61148 61167 61169 61174 61176 61178 61182
10 61199 61218 61220 61225 61227 61229 61233 61239 61240 61244
0
10 61266 61285 61287 61292 61294 61296 61300 61306 61307 61311
13 15684 61323 61325 61330 61332 61334 61338 61344 61345 61349 61365 61368 61375
7 61381 61400 61402 61407 61409 61411 61415
7 61418 61437 61439 61444 61446 61448 61452
12 61460 61479 61481 61486 61488 61490 61494 61500 61501 61505 61521 61524
12 24117 61540 61542 61547 61549 61551 61555 61561 61562 61566 61582 61585
12 15498 61590 61592 61597 61599 61601 61605 61611 61612 61616 61632 61635
10 61643 61662 61664 61669 61671 61673 61677 61683 61684 61688
1 61705
1 41207
7 61715 61734 61736 61741 61743 61745 61749
12 61765 61784 61786 61791 61793 61795 61799 61805 61806 61810 61826 61829
10 61837 61856 61858 61863 61865 61867 61871 61877 61878 61882
6 50633 61904 61906 61911 61913 61915
10 61921 61940 61942 61947 61949 61951 61955 61961 61962 61966
0
12 61978 61997 61999 62004 62006 62008 62012 62018 62019 62023 62039 62042
12 12216 61161 62045 62050 62052 62054 62058 62064 62065 62069 62085 62088
1 62105
10 62109 62128 62130 62135 62137 62139 62143 62149 62150 62154
10 62164 62183 62185 62190 62192 62194 62198 62204 62205 62209
10 62227 62246 62248 62253 62255 62257 62261 62267 62268 62272
10 51858 62292 62294 62299 62301 62303 62307 62313 62314 62318
0
10 33108 62334 62336 62341 62343 62345 62349 62355 62356 62360
1 62385
7 62405 62424 62426 62431 62433 62435 62439
9 62457 62476 62478 62483 62485 62487 62491 62497 62498
12 13711 62503 62505 62510 62512 62514 62518 62524 62525 62529 62545 62548
7 55381 62567 62569 62574 62576 62578 62582
0
10 62593 62612 62614 62619 62621 62623 62627 62633 62634 62638
10 62658 62677 62679 62684 62686 62688 62692 62698 62699 62703
1 62711
10 26396 62735 62737 62742 62744 62746 62750 62756 62757 62761
10 62774 62793 62795 62800 62802 62804 62808 62814 62815 62819
1 37729
4 62779 62853 62855 62860
3 62872 62891 62893
1 62907
3 62928 62947 62949
13 24423 62963 62965 62970 62972 62974 62978 62984 62985 62989 63005 63008 63015
5 63023 63042 63044 63049 63051
10 63056 63075 63077 63082 63084 63086 63090 63096 63097 63101
9 63111 63130 63132 63137 63139 63141 63145 63151 63152
9 63165 63184 63186 63191 63193 63195 63199 63205 63206
10 30122 63215 63217 63222 63224 63226 63230 63236 63237 63241
0
1 63267
0
13 52127 63286 63288 63293 63295 63297 63301 63307 63308 63312 63328 63331 63338
10 63350 63369 63371 63376 63378 63380 63384 63390 63391 63395
1 63417
7 63418 63437 63439 63444 63446 63448 63452
11 63458 63477 63479 63484 63486 63488 63492 63498 63499 63503 63519
10 63526 63545 63547 63552 63554 63556 63560 63566 63567 63571
9 63588 63607 63609 63614 63616 63618 63622 63628 63629
13 4843 12601 13141 16120 20146 30662 46472 61155 63631 63635 63651 63654 63661
9 63678 63697 63699 63704 63706 63708 63712 63718 63719
0
0
12 63730 63749 63751 63756 63758 63760 63764 63770 63771 63775 63791 63794
11 63805 63824 63826 63831 63833 63835 63839 63845 63846 63850 63866
1 63877
10 39261 63893 63895 63900 63902 63904 63908 63914 63915 63919
10 63936 63955 63957 63962 63964 63966 63970 63976 63977 63981
11 63999 64018 64020 64025 64027 64029 64033 64039 64040 64044 64060
0
4 38861 64079 64081 64086
10 64099 64118 64120 64125 64127 64129 64133 64139 64140 64144
10 64166 64185 64187 64192 64194 64196 64200 64206 64207 64211
10 22071 64230 64232 64237 64239 64241 64245 64251 64252 64256
7 18981 64282 64284 64289 64291 64293 64297
3 64313 64332 64334
0
0
10 64350 64369 64371 64376 64378 64380 64384 64390 64391 64395
11 18137 64417 64419 64424 64426 64428 64432 64438 64439 64443 64459
3 64467 64486 64488
12 64503 64522 64524 64529 64531 64533 64537 64543 64544 64548 64564 64567
5 64568 64587 64589 64594 64596
10 64604 64623 64625 64630 64632 64634 64638 64644 64645 64649
5 64676 64695 64697 64702 64704
1 64718
1 64735
11 49831 64770 64772 64777 64779 64781 64785 64791 64792 64796 64812
4 64826 64845 64847 64852
10 64861 64880 64882 64887 64889 64891 64895 64901 64902 64906
10 19563 64930 64932 64937 64939 64941 64945 64951 64952 64956
7 64976 64995 64997 65002 65004 65006 65010
9 65021 65040 65042 65047 65049 65051 65055 65061 65062
14 65068 65087 65089 65094 65096 65098 65102 65108 65109 65113 65129 65132 65139 65144
11 28718 65146 65148 65153 65155 65157 65161 65167 65168 65172 65188
10 65199 65218 65220 65225 65227 65229 65233 65239 65240 65244
0
10 65258 65277 65279 65284 65286 65288 65292 65298 65299 65303
11 34043 65314 65316 65321 65323 65325 65329 65335 65336 65340 65356
12 14769 65360 65362 65367 65369 65371 65375 65381 65382 65386 65402 65405
12 20251 65415 65417 65422 65424 65426 65430 65436 65437 65441 65457 65460
10 62255 65484 65486 65491 65493 65495 65499 65505 65506 65510
10 65523 65542 65544 65549 65551 65553 65557 65563 65564 65568
4 65588 65607 65609 65614
12 9665 65619 65621 65626 65628 65630 65634 65640 65641 65645 65661 65664
7 65666 65685 65687 65692 65694 65696 65700
12 65709 65728 65730 65735 65737 65739 65743 65749 65750 65754 65770 65773
0
10 36774 65790 65792 65797 65799 65801 65805 65811 65812 65816
11 65823 65842 65844 65849 65851 65853 65857 65863 65864 65868 65884
1 65899
4 65925 65944 65946 65951
9 65963 65982 65984 65989 65991 65993 65997 66003 66004
10 66013 66032 66034 66039 66041 66043 66047 66053 66054 66058
0
12 22203 66067 66069 66074 66076 66078 66082 66088 66089 66093 66109 66112
10 66118 66137 66139 66144 66146 66148 66152 66158 66159 66163
10 66186 66205 66207 66212 66214 66216 66220 66226 66227 66231
10 66251 66270 66272 66277 66279 66281 66285 66291 66292 66296
6 66321 66340 66342 66347 66349 66351
0
1 66367
13 36510 66376 66378 66383 66385 66387 66391 66397 66398 66402 66418 66421 66428
10 66437 66456 66458 66463 66465 66467 66471 66477 66478 66482
1 66503
10 58693 66534 66536 66541 66543 66545 66549 66555 66556 66560
10 66572 66591 66593 66598 66600 66602 66606 66612 66613 66617
13 42591 66642 66644 66649 66651 66653 66657 66663 66664 66668 66684 66687 66694
12 66704 66723 66725 66730 66732 66734 66738 66744 66745 66749 66765 66768
10 52332 66787 66789 66794 66796 66798 66802 66808 66809 66813
0
10 66827 66846 66848 66853 66855 66857 66861 66867 66868 66872
9 45993 66896 66898 66903 66905 66907 66911 66917 66918
1 66930
0
2 66952 66971
3 66974 66993 66995
12 67001 67020 67022 67027 67029 67031 67035 67041 67042 67046 67062 67065
10 49541 67084 67086 67091 67093 67095 67099 67105 67106 67110
11 55388 67139 67141 67146 67148 67150 67154 67160 67161 67165 67181
12 19131 67193 67195 67200 67202 67204 67208 67214 67215 67219 67235 67238
11 67250 67269 67271 67276 67278 67280 67284 67290 67291 67295 67311
10 11582 67315 67317 67322 67324 67326 67330 67336 67337 67341
0
12 23079 67359 67361 67366 67368 67370 67374 67380 67381 67385 67401 67404
1 67411
7 67421 67440 67442 67447 67449 67451 67455
10 67464 67483 67485 67490 67492 67494 67498 67504 67505 67509
13 35706 67519 67521 67526 67528 67530 67534 67540 67541 67545 67561 67564 67571
12 67583 67602 67604 67609 67611 67613 67617 67623 67624 67628 67644 67647
5 67652 67671 67673 67678 67680
1 67695
12 16113 67713 67715 67720 67722 67724 67728 67734 67735 67739 67755 67758
13 67763 67782 67784 67789 67791 67793 67797 67803 67804 67808 67824 67827 67834
11 22517 67844 67846 67851 67853 67855 67859 67865 67866 67870 67886
12 67900 67919 67921 67926 67928 67930 67934 67940 67941 67945 67961 67964
10 43282 67979 67981 67986 67988 67990 67994 68000 68001 68005
3 68030 68049 68051
8 68055 68074 68076 68081 68083 68085 68089 68095
10 42673 68111 68113 68118 68120 68122 68126 68132 68133 68137
1 68149
10 68163 68182 68184 68189 68191 68193 68197 68203 68204 68208
7 68220 68239 68241 68246 68248 68250 68254
12 68261 68280 68282 68287 68289 68291 68295 68301 68302 68306 68322 68325
13 68332 68351 68353 68358 68360 68362 68366 68372 68373 68377 68393 68396 68403
7 68420 68439 68441 68446 68448 68450 68454
7 68456 68475 68477 68482 68484 68486 68490
10 68502 68521 68523 68528 68530 68532 68536 68542 68543 68547
11 68572 68591 68593 68598 68600 68602 68606 68612 68613 68617 68633
0
9 68652 68671 68673 68678 68680 68682 68686 68692 68693
12 7874 68700 68702 68707 68709 68711 68715 68721 68722 68726 68742 68745
1 68749
11 68776 68795 68797 68802 68804 68806 68810 68816 68817 68821 68837
13 8750 68847 68849 68854 68856 68858 68862 68868 68869 68873 68889 68892 68899
9 68916 68935 68937 68942 68944 68946 68950 68956 68957
12 16222 40451 43790 68961 68963 68965 68969 68975 68976 68980 68996 68999
0
0
0
0
7 69020 69039 69041 69046 69048 69050 69054
0
2 69071 69090
0
12 18351 69099 69101 69106 69108 69110 69114 69120 69121 69125 69141 69144
10 45564 69160 69162 69167 69169 69171 69175 69181 69182 69186
3 69197 69216 69218
1 14
10 33 52 54 59 61 63 67 73 74 78
0
9 107 126 128 133 135 137 141 147 148
13 163 182 184 189 191 193 197 203 204 208 224 227 234
12 249 268 270 275 277 279 283 289 290 294 310 313
12 329 348 350 355 357 359 363 369 370 374 390 393
0
0
12 420 439 441 446 448 450 454 460 461 465 481 484
0
11 508 527 529 534 536 538 542 548 549 553 569
10 584 603 605 610 612 614 618 624 625 629
10 649 668 670 675 677 679 683 689 690 694
6 717 736 738 743 745 747
10 764 783 785 790 792 794 798 804 805 809
10 823 842 844 849 851 853 857 863 864 868
1 892
4 917 936 938 943
11 957 976 978 983 985 987 991 997 998 1002 1018
9 1034 1053 1055 1060 1062 1064 1068 1074 1075
10 1093 1112 1114 1119 1121 1123 1127 1133 1134 1138
10 1160 1179 1181 1186 1188 1190 1194 1200 1201 1205
6 1228 1247 1249 1254 1256 1258
10 1275 1294 1296 1301 1303 1305 1309 1315 1316 1320
13 1346 1365 1367 1372 1374 1376 1380 1386 1387 1391 1407 1410 1417
13 1433 1452 1454 1459 1461 1463 1467 1473 1474 1478 1494 1497 1504
12 1520 1539 1541 1546 1548 1550 1554 1560 1561 1565 1581 1584
5 1602 1621 1623 1628 1630
12 1646 1665 1667 1672 1674 1676 1680 1686 1687 1691 1707 1710
10 1727 1746 1748 1753 1755 1757 1761 1767 1768 1772
0
9 1797 1816 1818 1823 1825 1827 1831 1837 1838
10 1855 1874 1876 1881 1883 1885 1889 1895 1896 1900
10 1927 1946 1948 1953 1955 1957 1961 1967 1968 1972
10 1991 2010 2012 2017 2019 2021 2025 2031 2032 2036
12 2059 2078 2080 2085 2087 2089 2093 2099 2100 2104 2120 2123
8 2139 2158 2160 2165 2167 2169 2173 2179
9 2194 2213 2215 2220 2222 2224 2228 2234 2235
10 2253 2272 2274 2279 2281 2283 2287 2293 2294 2298
10 2317 2336 2338 2343 2345 2347 2351 2357 2358 2362
0
13 2397 2416 2418 2423 2425 2427 2431 2437 2438 2442 2458 2461 2468
8 2483 2502 2504 2509 2511 2513 2517 2523
8 2535 2554 2556 2561 2563 2565 2569 2575
1 2590
0
0
3 2637 2656 2658
10 2674 2693 2695 2700 2702 2704 2708 2714 2715 2719
10 2739 2758 2760 2765 2767 2769 2773 2779 2780 2784
8 2813 2832 2834 2839 2841 2843 2847 2853
9 2866 2885 2887 2892 2894 2896 2900 2906 2907
7 2923 2942 2944 2949 2951 2953 2957
10 2977 2996 2998 3003 3005 3007 3011 3017 3018 3022
3 3051 3070 3072
1 3088
1 3115
12 3136 3155 3157 3162 3164 3166 3170 3176 3177 3181 3197 3200
1 3218
11 3246 3265 3267 3272 3274 3276 3280 3286 3287 3291 3307
11 3323 3342 3344 3349 3351 3353 3357 3363 3364 3368 3384
0
10 3403 3422 3424 3429 3431 3433 3437 3443 3444 3448
10 3466 3485 3487 3492 3494 3496 3500 3506 3507 3511
10 3532 3551 3553 3558 3560 3562 3566 3572 3573 3577
10 3595 3614 3616 3621 3623 3625 3629 3635 3636 3640
11 3659 3678 3680 3685 3687 3689 3693 3699 3700 3704 3720
12 3735 3754 3756 3761 3763 3765 3769 3775 3776 3780 3796 3799
10 3817 3836 3838 3843 3845 3847 3851 3857 3858 3862
10 3889 3908 3910 3915 3917 3919 3923 3929 3930 3934
5 3953 3972 3974 3979 3981
3 3997 4016 4018
12 4034 4053 4055 4060 4062 4064 4068 4074 4075 4079 4095 4098
12 4114 4133 4135 4140 4142 4144 4148 4154 4155 4159 4175 4178
1 4194
12 4222 4241 4243 4248 4250 4252 4256 4262 4263 4267 4283 4286
13 4301 4320 4322 4327 4329 4331 4335 4341 4342 4346 4362 4365 4372
10 4388 4407 4409 4414 4416 4418 4422 4428 4429 4433
10 4459 4478 4480 4485 4487 4489 4493 4499 4500 4504
13 4522 4541 4543 4548 4550 4552 4556 4562 4563 4567 4583 4586 4593
0
13 4612 4631 4633 4638 4640 4642 4646 4652 4653 4657 4673 4676 4683
7 4702 4721 4723 4728 4730 4732 4736
12 4753 4772 4774 4779 4781 4783 4787 4793 4794 4798 4814 4817
6 4830 4849 4851 4856 4858 4860
10 4877 4896 4898 4903 4905 4907 4911 4917 4918 4922
10 4943 4962 4964 4969 4971 4973 4977 4983 4984 4988
10 5010 5029 5031 5036 5038 5040 5044 5050 5051 5055
11 5081 5100 5102 5107 5109 5111 5115 5121 5122 5126 5142
13 5157 5176 5178 5183 5185 5187 5191 5197 5198 5202 5218 5221 5228
9 5247 5266 5268 5273 5275 5277 5281 5287 5288
12 5301 5320 5322 5327 5329 5331 5335 5341 5342 5346 5362 5365
10 5384 5403 5405 5410 5412 5414 5418 5424 5425 5429
11 5454 5473 5475 5480 5482 5484 5488 5494 5495 5499 5515
9 5530 5549 5551 5556 5558 5560 5564 5570 5571
12 5584 5603 5605 5610 5612 5614 5618 5624 5625 5629 5645 5648
10 5668 5687 5689 5694 5696 5698 5702 5708 5709 5713
11 5742 5761 5763 5768 5770 5772 5776 5782 5783 5787 5803
10 5820 5839 5841 5846 5848 5850 5854 5860 5861 5865
10 5891 5910 5912 5917 5919 5921 5925 5931 5932 5936
10 5953 5972 5974 5979 5981 5983 5987 5993 5994 5998
10 6017 6036 6038 6043 6045 6047 6051 6057 6058 6062
10 6079 6098 6100 6105 6107 6109 6113 6119 6120 6124
6 6154 6173 6175 6180 6182 6184
1 6200
10 6215 6234 6236 6241 6243 6245 6249 6255 6256 6260
11 6289 6308 6310 6315 6317 6319 6323 6329 6330 6334 6350
10 6364 6383 6385 6390 6392 6394 6398 6404 6405 6409
9 6438 6457 6459 6464 6466 6468 6472 6478 6479
10 6494 6513 6515 6520 6522 6524 6528 6534 6535 6539
3 6551 6570 6572
3 6590 6609 6611
10 6628 6647 6649 6654 6656 6658 6662 6668 6669 6673
12 6696 6715 6717 6722 6724 6726 6730 6736 6737 6741 6757 6760
10 6774 6793 6795 6800 6802 6804 6808 6814 6815 6819
7 6832 6851 6853 6858 6860 6862 6866
11 6877 6896 6898 6903 6905 6907 6911 6917 6918 6922 6938
9 6953 6972 6974 6979 6981 6983 6987 6993 6994
4 7009 7028 7030 7035
10 7051 7070 7072 7077 7079 7081 7085 7091 7092 7096
7 7120 7139 7141 7146 7148 7150 7154
9 7170 7189 7191 7196 7198 7200 7204 7210 7211
0
12 7235 7254 7256 7261 7263 7265 7269 7275 7276 7280 7296 7299
8 7315 7334 7336 7341 7343 7345 7349 7355
0
7 7379 7398 7400 7405 7407 7409 7413
3 7431 7450 7452
10 7468 7487 7489 7494 7496 7498 7502 7508 7509 7513
11 7538 7557 7559 7564 7566 7568 7572 7578 7579 7583 7599
0
7 7620 7639 7641 7646 7648 7650 7654
6 7674 7693 7695 7700 7702 7704
0
10 7719 7738 7740 7745 7747 7749 7753 7759 7760 7764
13 7789 7808 7810 7815 7817 7819 7823 7829 7830 7834 7850 7853 7860
12 7873 7892 7894 7899 7901 7903 7907 7913 7914 7918 7934 7937
10 7951 7970 7972 7977 7979 7981 7985 7991 7992 7996
10 8019 8038 8040 8045 8047 8049 8053 8059 8060 8064
12 8087 8106 8108 8113 8115 8117 8121 8127 8128 8132 8148 8151
10 8163 8182 8184 8189 8191 8193 8197 8203 8204 8208
3 8224 8243 8245
5 8261 8280 8282 8287 8289
11 8300 8319 8321 8326 8328 8330 8334 8340 8341 8345 8361
2 8368 8387
1 8402
12 8429 8448 8450 8455 8457 8459 8463 8469 8470 8474 8490 8493
1 8509
12 8526 8545 8547 8552 8554 8556 8560 8566 8567 8571 8587 8590
11 8603 8622 8624 8629 8631 8633 8637 8643 8644 8648 8664
10 8677 8696 8698 8703 8705 8707 8711 8717 8718 8722
14 8738 8757 8759 8764 8766 8768 8772 8778 8779 8783 8799 8802 8809 8814
11 8833 8852 8854 8859 8861 8863 8867 8873 8874 8878 8894
2 8908 8927
1 8942
10 8959 8978 8980 8985 8987 8989 8993 8999 9000 9004
10 9021 9040 9042 9047 9049 9051 9055 9061 9062 9066
1 9078
0
0
9 9110 9129 9131 9136 9138 9140 9144 9150 9151
8 9167 9186 9188 9193 9195 9197 9201 9207
9 9219 9238 9240 9245 9247 9249 9253 9259 9260
1 9272
12 9292 9311 9313 9318 9320 9322 9326 9332 9333 9337 9353 9356
2 9372 9391
1 9406
0
10 9429 9448 9450 9455 9457 9459 9463 9469 9470 9474
5 9489 9508 9510 9515 9517
12 9531 9550 9552 9557 9559 9561 9565 9571 9572 9576 9592 9595
9 9607 9626 9628 9633 9635 9637 9641 9647 9648
0
7 9659 9678 9680 9685 9687 9689 9693
0
8 9719 9738 9740 9745 9747 9749 9753 9759
7 9770 9789 9791 9796 9798 9800 9804
0
10 9823 9842 9844 9849 9851 9853 9857 9863 9864 9868
9 9888 9907 9909 9914 9916 9918 9922 9928 9929
10 9941 9960 9962 9967 9969 9971 9975 9981 9982 9986
12 10004 10023 10025 10030 10032 10034 10038 10044 10045 10049 10065 10068
0
14 10087 10106 10108 10113 10115 10117 10121 10127 10128 10132 10148 10151 10158 10163
12 10175 10194 10196 10201 10203 10205 10209 10215 10216 10220 10236 10239
12 10255 10274 10276 10281 10283 10285 10289 10295 10296 10300 10316 10319
10 10338 10357 10359 10364 10366 10368 10372 10378 10379 10383
12 10403 10422 10424 10429 10431 10433 10437 10443 10444 10448 10464 10467
13 10480 10499 10501 10506 10508 10510 10514 10520 10521 10525 10541 10544 10551
0
7 10573 10592 10594 10599 10601 10603 10607
0
9 10626 10645 10647 10652 10654 10656 10660 10666 10667
10 10683 10702 10704 10709 10711 10713 10717 10723 10724 10728
9 10754 10773 10775 10780 10782 10784 10788 10794 10795
10 10802 10821 10823 10828 10830 10832 10836 10842 10843 10847
10 10862 10881 10883 10888 10890 10892 10896 10902 10903 10907
2 10925 10944
0
1 10962
0
12 11001 11020 11027 11032 11034 11036 11040 11046 11047 11051 11067 11070
10 11084 11103 11105 11110 11112 11114 11118 11124 11125 11129
0
8 11152 11171 11173 11178 11180 11182 11186 11192
11 11206 11225 11227 11232 11234 11236 11240 11246 11247 11251 11267
10 11284 11303 11305 11310 11312 11314 11318 11324 11325 11329
0
7 11355 11374 11376 11381 11383 11385 11389
1 11406
3 11421 11440 11442
10 11460 11479 11481 11486 11488 11490 11494 11500 11501 11505
11 11520 11539 11541 11546 11548 11550 11554 11560 11561 11565 11581
11 11596 11615 11617 11622 11624 11626 11630 11636 11637 11641 11657
10 11672 11691 11693 11698 11700 11702 11706 11712 11713 11717
12 11739 11758 11760 11765 11767 11769 11773 11779 11780 11784 11800 11803
2 11820 11839
13 11851 11870 11872 11877 11879 11881 11885 11891 11892 11896 11912 11915 11922
3 11940 11959 11961
10 11973 11992 11994 11999 12001 12003 12007 12013 12014 12018
2 12043 12062
10 12077 12096 12098 12103 12105 12107 12111 12117 12118 12122
10 12144 12163 12165 12170 12172 12174 12178 12184 12185 12189
0
10 12230 12249 12251 12256 12258 12260 12264 12270 12271 12275
0
11 12303 12322 12324 12329 12331 12333 12337 12343 12344 12348 12364
6 12378 12397 12399 12404 12406 12408
10 12424 12443 12445 12450 12452 12454 12458 12464 12465 12469
12 12490 12509 12511 12516 12518 12520 12524 12530 12531 12535 12551 12554
7 12568 12587 12589 12594 12596 12598 12602
1 12617
4 12635 12654 12656 12661
6 12672 12691 12693 12698 12700 12702
10 12718 12737 12739 12744 12746 12748 12752 12758 12759 12763
10 12777 12796 12798 12803 12805 12807 12811 12817 12818 12822
10 12850 12869 12871 12876 12878 12880 12884 12890 12891 12895
12 12922 12941 12943 12948 12950 12952 12956 12962 12963 12967 12983 12986
10 13004 13023 13025 13030 13032 13034 13038 13044 13045 13049
1 13070
10 13084 13103 13105 13110 13112 13114 13118 13124 13125 13129
10 13143 13162 13164 13169 13171 13173 13177 13183 13184 13188
7 13206 13225 13227 13232 13234 13236 13240
1 13260
1 13284
0
8 13313 13332 13334 13339 13341 13343 13347 13353
10 13364 13383 13385 13390 13392 13394 13398 13404 13405 13409
10 13430 13449 13451 13456 13458 13460 13464 13470 13471 13475
8 13492 13511 13513 13518 13520 13522 13526 13532
10 13533 13552 13554 13559 13561 13563 13567 13573 13574 13578
10 13588 13607 13609 13614 13616 13618 13622 13628 13629 13633
10 13653 13672 13674 13679 13681 13683 13687 13693 13694 13698
1 13722
12 13740 13759 13761 13766 13768 13770 13774 13780 13781 13785 13801 13804
10 13816 13835 13837 13842 13844 13846 13850 13856 13857 13861
0
10 13884 13903 13905 13910 13912 13914 13918 13924 13925 13929
10 13946 13965 13967 13972 13974 13976 13980 13986 13987 13991
3 14008 14027 14029
10 14046 14065 14067 14072 14074 14076 14080 14086 14087 14091
11 14114 14133 14135 14140 14142 14144 14148 14154 14155 14159 14175
0
3 14193 14212 14214
10 14222 14241 14243 14248 14250 14252 14256 14262 14263 14267
10 14289 14308 14310 14315 14317 14319 14323 14329 14330 14334
0
12 14360 14379 14381 14386 14388 14390 14394 14400 14401 14405 14421 14424
5 14438 14457 14459 14464 14466
6 14479 14498 14500 14505 14507 14509
3 14524 14543 14545
0
0
10 14570 14589 14591 14596 14598 14600 14604 14610 14611 14615
10 14639 14658 14660 14665 14667 14669 14673 14679 14680 14684
10 14687 14706 14708 14713 14715 14717 14721 14727 14728 14732
10 14759 14778 14780 14785 14787 14789 14793 14799 14800 14804
1 14827
0
1 14853
0
0
12 14886 14905 14907 14912 14914 14916 14920 14926 14927 14931 14947 14950
12 14965 14984 14986 14991 14993 14995 14999 15005 15006 15010 15026 15029
12 15049 15068 15070 15075 15077 15079 15083 15089 15090 15094 15110 15113
0
7 15135 15154 15156 15161 15163 15165 15169
0
10 15178 15197 15199 15204 15206 15208 15212 15218 15219 15223
10 15239 15258 15260 15265 15267 15269 15273 15279 15280 15284
0
10 15307 15326 15328 15333 15335 15337 15341 15347 15348 15352
4 15368 15387 15389 15394
10 15399 15418 15420 15425 15427 15429 15433 15439 15440 15444
7 15461 15480 15482 15487 15489 15491 15495
7 15512 15531 15533 15538 15540 15542 15546
0
10 15567 15586 15588 15593 15595 15597 15601 15607 15608 15612
8 15628 15647 15649 15654 15656 15658 15662 15668
10 15682 15701 15703 15708 15710 15712 15716 15722 15723 15727
5 15740 15759 15761 15766 15768
9 15783 15802 15804 15809 15811 15813 15817 15823 15824
10 15837 15856 15858 15863 15865 15867 15871 15877 15878 15882
7 15900 15919 15921 15926 15928 15930 15934
10 15947 15966 15968 15973 15975 15977 15981 15987 15988 15992
10 16008 16027 16029 16034 16036 16038 16042 16048 16049 16053
0
10 16071 16090 16092 16097 16099 16101 16105 16111 16112 16116
10 16139 16158 16160 16165 16167 16169 16173 16179 16180 16184
11 16204 16223 16225 16230 16232 16234 16238 16244 16245 16249 16265
3 16279 16298 16300
7 16317 16336 16338 16343 16345 16347 16351
11 16366 16385 16387 16392 16394 16396 16400 16406 16407 16411 16427
10 16438 16457 16459 16464 16466 16468 16472 16478 16479 16483
1 16497
11 16512 16531 16533 16538 16540 16542 16546 16552 16553 16557 16573
7 16584 16603 16605 16610 16612 16614 16618
0
10 16645 16664 16666 16671 16673 16675 16679 16685 16686 16690
10 16712 16731 16733 16738 16740 16742 16746 16752 16753 16757
10 16771 16790 16792 16797 16799 16801 16805 16811 16812 16816
10 16837 16856 16858 16863 16865 16867 16871 16877 16878 16882
3 16893 16912 16914
6 16931 16950 16952 16957 16959 16961
10 16971 16990 16992 16997 16999 17001 17005 17011 17012 17016
0
0
11 17037 17056 17058 17063 17065 17067 17071 17077 17078 17082 17098
10 17113 17132 17134 17139 17141 17143 17147 17153 17154 17158
10 17182 17201 17203 17208 17210 17212 17216 17222 17223 17227
12 17255 17274 17276 17281 17283 17285 17289 17295 17296 17300 17316 17319
12 17338 17357 17359 17364 17366 17368 17372 17378 17379 17383 17399 17402
10 17413 17432 17434 17439 17441 17443 17447 17453 17454 17458
10 17484 17503 17505 17510 17512 17514 17518 17524 17525 17529
10 17554 17573 17575 17580 17582 17584 17588 17594 17595 17599
3 17619 17638 17640
10 17652 17671 17673 17678 17680 17682 17686 17692 17693 17697
6 17722 17741 17743 17748 17750 17752
0
12 17771 17790 17792 17797 17799 17801 17805 17811 17812 17816 17832 17835
12 17849 17868 17870 17875 17877 17879 17883 17889 17890 17894 17910 17913
0
6 17940 17959 17961 17966 17968 17970
10 17979 17998 18000 18005 18007 18009 18013 18019 18020 18024
10 18040 18059 18061 18066 18068 18070 18074 18080 18081 18085
10 16600 18110 18112 18117 18119 18121 18125 18131 18132 18136
10 18153 18172 18174 18179 18181 18183 18187 18193 18194 18198
10 18217 18236 18238 18243 18245 18247 18251 18257 18258 18262
10 18285 18304 18306 18311 18313 18315 18319 18325 18326 18330
10 18350 18369 18371 18376 18378 18380 18384 18390 18391 18395
7 18412 18431 18433 18438 18440 18442 18446
3 18460 18479 18481
0
10 18495 18514 18516 18521 18523 18525 18529 18535 18536 18540
0
0
0
10 8373 18568 18570 18575 18577 18579 18583 18589 18590 18594
10 18612 18631 18633 18638 18640 18642 18646 18652 18653 18657
0
7 18679 18698 18700 18705 18707 18709 18713
5 18732 18751 18753 18758 18760
1 18776
0
10 18798 18817 18819 18824 18826 18828 18832 18838 18839 18843
3 18857 18876 18878
10 18888 18907 18909 18914 18916 18918 18922 18928 18929 18933
10 18950 18969 18971 18976 18978 18980 18984 18990 18991 18995
0
7 19030 19049 19051 19056 19058 19060 19064
11 19081 19100 19102 19107 19109 19111 19115 19121 19122 19126 19142
9 17546 19160 19162 19167 19169 19171 19175 19181 19182
10 19194 19213 19215 19220 19222 19224 19228 19234 19235 19239
0
9 19265 19284 19286 19291 19293 19295 19299 19305 19306
10 19316 19335 19337 19342 19344 19346 19350 19356 19357 19361
10 19372 19391 19393 19398 19400 19402 19406 19412 19413 19417
10 19432 19451 19453 19458 19460 19462 19466 19472 19473 19477
0
0
7 19500 19519 19521 19526 19528 19530 19534
0
10 19548 19567 19569 19574 19576 19578 19582 19588 19589 19593
11 19608 19627 19629 19634 19636 19638 19642 19648 19649 19653 19669
12 19684 19703 19705 19710 19712 19714 19718 19724 19725 19729 19745 19748
1 19767
1 19797
4 19814 19833 19835 19840
10 19856 19875 19877 19882 19884 19886 19890 19896 19897 19901
10 19917 19936 19938 19943 19945 19947 19951 19957 19958 19962
10 19977 19996 19998 20003 20005 20007 20011 20017 20018 20022
0
10 20055 20074 20076 20081 20083 20085 20089 20095 20096 20100
10 20125 20144 20146 20151 20153 20155 20159 20165 20166 20170
10 20180 20199 20201 20206 20208 20210 20214 20220 20221 20225
10 20244 20263 20265 20270 20272 20274 20278 20284 20285 20289
11 20312 20331 20333 20338 20340 20342 20346 20352 20353 20357 20373
10 20384 20403 20405 20410 20412 20414 20418 20424 20425 20429
10 20443 20462 20464 20469 20471 20473 20477 20483 20484 20488
10 20494 20513 20515 20520 20522 20524 20528 20534 20535 20539
10 20550 20569 20571 20576 20578 20580 20584 20590 20591 20595
10 20621 20640 20642 20647 20649 20651 20655 20661 20662 20666
1 20695
4 20726 20745 20747 20752
0
9 20770 20789 20791 20796 20798 20800 20804 20810 20811
10 20826 20845 20847 20852 20854 20856 20860 20866 20867 20871
10 20886 20905 20907 20912 20914 20916 20920 20926 20927 20931
0
10 20962 20981 20983 20988 20990 20992 20996 21002 21003 21007
10 21019 21038 21040 21045 21047 21049 21053 21059 21060 21064
1 21086
