8,1,639,821,1536,1621,1712,1829,1850
32,2,81,190,211,334,1514
57,3,226,227,559,654,1223,1534,1761
147,4,494,498,543,619,668,684,720,757,790,796,882,900,931,982,1047,1072,1082,1085,1133,1300,1332,1344,1370,1412,1542,1559,1560,1569,1572,1589,1599,1603,1610,1645,1663,1741,1837
233,5,69
242,6,159,905
259,7,292
302,8,196,633
319,9,531,1093,1122,1583,1692
336,10,659
372,11,131,834,1229,1642
427,12,516
485,13,616,875,973,1533,1588,1671,1704
521,14,1424,1431
538,15,455
620,16,1313,1342
788,17,29,34,269,463,473,501,521,586,634,677,685,687,692,783,818,841,850,855,876,953,960,1000,1009,1010,1012,1044,1068,1131,1134,1137,1159,1183,1204,1208,1312,1391,1413,1459,1508,1640,1649,1701,1754,1755,1769,1775,1776,1785,1853
819,18,907,1470
913,19,476
934,20,54,669,746,954,963,1023,1095,1318,1388,1447,1815
970,21,608,812,845,1051,1196,1392
1016,22,827,1236,1512,1567,1627
1033,23,1310
1049,24,253,1632
1094,25,1772
1103,26,727,1021,1245,1562
1113,27,129,1372,1696
1149,28,329,977
1263,17,29,226,318,501,526,559,706,824,841,855,876,888,898,926,953,958,1000,1010,1037,1109,1131,1137,1162,1169,1378,1467,1474,1484,1521,1549,1631,1660,1754,1755,1759,1761,1769,1774
1296,30,539
1320,31,1225,1376
1328,32,243,321,1721
1352,33,1777
1423,17,34,501,559,634,677,678,685,692,742,783,841,850,876,886,953,960,962,1009,1010,1037,1131,1137,1159,1183,1208,1211,1244,1260,1301,1391,1413,1417,1467,1474,1484,1595,1640,1701,1769,1776,1810,1862
1455,35,93,230,466
1476,36,1379,1814
1505,37,499,1055,1171,1819
1557,38,64,331,635,740,799,840,1003,1040,1258,1523,1558,1572,1585,1856,1859
1701,39,840,1562,1704,1832
1751,40,482,748,851,904,1324,1383,1491,1557,1572,1750,1766,1838
1774,41,1306
1822,42,1280
1856,43,293,1443
1887,44,162,163,1154,1410,1623,1656
1933,45,305,328,330,518,553,561,591,688,906,910,914,943,1015,1077,1334,1348,1385,1405,1521,1556,1671,1677,1738,1767
1952,46,544,1071,1326,1439,1606,1653,1854
1987,47,1335,1470,1719
2022,48,1729
2032,49,1217,1220,1450,1510,1676
2055,50,536
2128,51,758
2151,52,328,623,688,1015,1290,1356,1481,1521
2232,53,502,1242,1299,1401,1449,1557,1722
2300,20,54,545,568,582,746,820,866,963,1023,1052,1095,1273,1328,1355,1388,1447,1477,1479,1515,1585,1612,1655,1815,1835
2315,55,272,551,751,1564
2330,56,437,996,1539
2367,57,1572,1750
2393,58,535,792,847,1067,1111,1614,1628,1681,1700,1746
2437,59,474,589,1199,1337,1452,1648,1693
2462,60,1053
2487,61,372,601,654,864,883,923,1687,1799
2498,62,492
2549,63,1158,1675
2570,38,64,907,1307,1335,1550
2586,65,1747
2611,66,641,702,707,778,806,823,862,1030,1167,1172,1257,1278,1305,1329,1380,1498,1526,1619,1770
2636,67,1242,1557
2701,68,906,1360,1854
2716,5,69
2748,70,1315
2831,71,127,191,256,313,321,421,438,498,652,772,873,1246,1357,1750
2879,72,825,1803
2911,73,492,1360,1513,1653
2934,74,285,635,924,1726,1789,1859
2952,75,1537
2961,76,249
2989,77,811
3032,78,1796
3083,79,546
3122,80,599,606,1396
3203,2,81,194,197,232,1514
3220,82,1525
3233,83,877,979,1141
3257,84,413,697,859,919,1375,1641,1669
3279,85,1136,1713
3337,86,615,659,665,1064,1144,1330,1539,1821
3396,87,1572,1841
3421,88,1160
3454,89,808,984,1065,1073,1319,1493,1543,1591,1643
3513,90,1553
3539,91,170,596,779,985,1114,1857
3568,92,390,644,1060,1285,1768
3646,35,93,230,249,388,480,615,694,805,899,1262,1304,1602,1662,1724
3728,94,801,925,959,1049,1323,1575,1846
3743,95,497,1739,1844
3789,96,690,875,973,991,1143,1253,1351
3817,97,199
3836,98,503,906
3914,99,1184,1702
3943,100,477,700,983,1168,1460,1594
3957,101,149,1464
4031,102,226,257,513,642,654,657,662,893,916,923,936,1010,1142,1145,1223,1314,1658
4089,103,438,931,1088,1335,1650,1652
4109,104,768,1135
4135,105,472,621,709,1118,1317,1322,1861
4154,106,129,699,986,1260,1369,1640
4188,107,1286
4237,108,500,565,714,743,1818
4324,109,331,428,1135,1348,1720
4363,110,782,914
4488,111,1253,1351,1576,1617
4549,112,793,924
4681,113,282,1461,1725,1807
4717,114,420,653
4742,115,829,1266,1705
4762,116,740,1558,1632,1710
4795,117,371
4828,118,303,865
4911,119,124,317,593,640,763,791,807,809,831,938,987,1007,1027,1059,1113,1120,1153,1203,1304,1362,1423,1455,1516,1538,1566,1570,1644,1827
4977,120,704
5024,121,187,226,227,419,513,654,657,883,923,936,956,1223,1314,1437,1833
5046,122,519,588,649,822,874,897,1035,1061,1178,1226,1361,1500,1563,1607,1629,1689,1778
5075,123,1010,1442,1755
5108,119,124,632,1050,1059,1259,1304,1551,1867
5186,125,877,979,1160,1235
5251,126,470,731,1636
5266,71,127,1250,1750
5323,128,438,652,741,748,1096,1147
5424,27,106,129,231,561,986,1039,1632,1702,1713,1764
5478,130,771,1115,1156,1559
5584,11,131,508,592,834,1331
5606,132,444
5648,133,171
5802,134,534,1454,1633,1654,1781,1782
5817,135,705,914
5863,136,181,223,554
5937,137,138,139,376,737,861,1013,1352,1402,1824
5947,137,138,139,376,737,861,1013,1121,1352,1402,1824
5959,137,138,139,376,737,861,998,1013,1121,1352,1402,1824
6020,140,569,1255,1339
6047,141,1056,1790
6067,142,259,1346
6092,143,1056,1790
6111,144,1374
6120,145,811,939
6141,146,1048
6157,147,636
6186,148,179,730,1106
6195,101,149,1464
6263,150,527,564,1028,1308,1753,1760
6403,151,254,715,1193
6452,152,1210
6510,153,1855
6548,154,1139,1250,1479
6585,155,213,549,585,711,1108,1384,1659
6652,156,640,825,1523
6663,157,893,1191,1280,1420
6677,158,504,948,1296
6704,6,159,1494,1582
6796,160,636,677,692,880,1474,1755
6862,161,809,1059,1823
6888,44,162,163,1154,1410,1623,1656
6897,44,162,163,1154,1410,1623,1656
6919,164,711
6934,165,948,1081,1157,1296,1639
6995,166,877,1411,1720
7050,167,360,1110
7066,168,219,322,1684,1792
7081,169,1438
7105,91,170,985,1857
7122,133,171,229,1503
7175,172,206,1175,1404
7212,173,640
7268,174,1836
7275,175,848
7290,176,793
7328,177,510,703,927,1494
7379,178,696,1146,1284,1313,1363,1457,1584,1718
7396,148,179,730,1106
7461,180,532,745,780,846,1311,1646,1666,1683
7506,136,181,223,554
7558,182,679,969
7706,183,1475
7740,184,712
7779,185,310,458,834,1667
7843,186,656
7865,121,187,257,654,1068,1223,1314
7924,188,1177,1237
7948,189,1368
7978,2,190,194,333,456
8016,71,191,529,626,842,891,1240,1316,1444,1463,1750
8039,192,1250,1298,1335,1719
8068,193,283,675,689,1598
8095,81,190,194,197,232,333,334,1514,1611
8216,195,264,614,873,1307,1354,1390,1806,1858
8232,8,196,633,906
8291,81,194,197,1514,1611
8315,198,493,607,693,950,1517
8336,97,199,1371
8351,200,201,660
8373,200,201,1279
8386,202,1200
8408,203,1368
8445,204,761,857,1017,1282,1478,1679,1733
8452,205,278,1670
8484,172,206,510,673
8554,207,1196
8567,208,1175
8612,209,506,636,699,989,1494
8622,210,1163,1494,1764,1849
8670,2,211,470,884,1079,1180,1307,1354,1558,1578
8680,212,832,991,1576
8691,155,213,585,1108,1384,1659
8716,214,1249,1638,1750
8743,215,344,942,1288,1483,1496,1524,1574,1596,1706,1762,1801
8775,216,243,256,403,471,629,650,652,732,836,1571,1624,1750,1756
8794,217,643,738,1345,1630
8883,218,1161,1302
8905,168,219,1726,1792
8953,220,330,1074,1110,1304,1480,1587,1816
8974,221,495,961,993,1136,1215,1394,1519
8997,222,961,993,1074,1136,1164,1215,1334
9016,136,181,223,554
9054,224,1001,1075,1366,1368,1430,1456,1707,1795,1855
9106,225,369,807,955,972,974,1281,1304,1347,1419,1540,1668
9145,3,29,102,121,226,227,257,537,601,654,657,841,883,956,1009,1195,1377,1658,1687,1833
9152,3,121,226,227,654,1223
9167,228,1192,1280,1779
9198,171,229
9307,35,93,230
9402,129,231,622,980,1425
9411,81,194,232,333,456
9440,233,1758
9469,234,595,661,1315,1544,1667
9486,235,1585
9528,236,708,838,867,1032,1045,1743
9548,237,1090,1441,1682,1749
9566,238,239,724,844
9578,238,239,724,844
9600,240,555,1100,1116,1166,1851
9660,241,438
9689,242,296,321,375,481,755,1248,1289
9766,32,216,243,481,563,879,946,1838
9796,244,625,753,1320,1745
9845,245,676,683,719,794,1024,1041,1091,1186,1201,1511,1601,1672,1757
9909,246,523,666,718,764,856,878,1097,1486,1487,1600,1615,1811,1813
9917,247,1177,1306,1697
9928,248,645,1337,1577
9985,76,93,249,453,507,530,645,784,885,892,1022,1177,1337,1350,1446,1661,1688,1697,1773,1825
10054,250,1306,1419,1551
10125,251,509,572,909,1011
10178,252,574
10192,24,253
10235,151,254,715,1193
10253,255,429,520,652,1399,1652,1841
10289,71,216,256,563,748,1185,1230,1572,1750,1791
10313,102,187,226,257,537,654,662,1223,1658
10327,258,1233
10376,142,259
10425,260,603,721,843,1038,1190,1276,1393,1485,1509,1625,1690
10486,261,544
10510,262,981
10523,263,1268,1479
10567,195,264
10587,265,789,1626
10620,266,759,1333,1573,1866
10634,267,858
10654,268,674,680
10680,17,269,318,678,774,926,1010,1109,1169,1204,1205,1635,1649,1755,1769,1776
10691,270,412,533,623,763,817,1552,1562
10725,271,1227
10740,55,272,511,751,1564
10808,273,1788
10831,274,907,1453
10885,275,1188,1206,1275
10949,276,390,518,590,688,742,787,802,902,947,1040,1124,1285,1311,1474,1481,1647,1667,1809
10990,277,484,670,870,1066,1482
11001,205,278
11042,279,380,430,997,1040,1204,1469,1580,1685,1713,1856
11081,280,1104
11109,281,428,561,826,1094,1237,1348,1494,1529,1720,1767
11144,113,282,1725,1807
11166,193,283,675,689,1306,1598,1616
11260,284,1071
11274,74,285,1243,1306,1337
11295,286,868,953,1010,1044,1211,1471,1674,1754
11367,287,542,1224,1436,1586
11402,288,788,967
11428,289,560,589,747,1433
11475,290,1750
11535,291,1804
11568,7,292
11604,43,293
11636,294,1062,1112
11690,295,298,475,483,496,631,646,682,726,735,889,890,912,940,1018,1069,1173,1222,1247,1292,1472,1581,1613,1734,1736,1808,1842
11699,242,296,354,628
11713,297,595
11721,295,298
11729,299,1489
11765,300,1523
11779,301,907,1148,1269,1667
11797,302,1572
11829,118,303,445,538,551,826,854,1127,1197,1293,1359
11844,304,1523,1803
11853,45,305
11896,306,309,648,1744
11932,307,528,990,1105,1341,1445,1752
11962,308,840,1034,1789
11996,306,309,330,591,623,688,694,763,785,872,939,970,1036,1126,1130,1239,1264,1315,1458
12003,185,310
12025,311,1608
12034,312,563
12074,71,313,609,1155,1231,1254,1451,1794
12098,314,1129
12125,315,1783,1793
12155,316,734,1197,1657,1826
12205,119,317,377,490,620,640,776,791,809,869,896,938,974,987,1059,1113,1153,1203,1281,1362,1423,1516,1538,1566,1644,1798,1823
12299,29,269,318,501,559,638,687,706,841,953,1010,1014,1037,1068,1109,1117,1131,1134,1137,1169,1183,1204,1473,1484,1507,1521,1522,1649,1660,1761,1774
12353,319,576,613,1306,1579,1761
12366,320,663,733,971,1699,1727,1834
12417,32,71,242,321,482,652,860,1002,1248,1340,1389,1406,1545,1572,1750,1820
12476,168,322,598,941,1418,1539,1804
12506,323,930,1368,1492,1787
12529,324,466,776,809,869,955,1113,1153,1200,1203,1281,1516,1525
12587,325,556,636,880,929,1694,1735
12623,326,329,553,1204,1546,1624,1710
12667,327,1702
12690,45,52,328,522,752,1015,1405,1738
12708,28,326,329,977,1385
12751,45,220,309,330,550,910,1006,1063,1239,1304,1587,1816
12804,38,109,331,612,911,924,978,1702,1771
12829,332,442
12837,190,194,232,333,456
12847,2,194,334,1514
12874,335,624,1273,1434,1475,1742
12885,336,1152
12925,337,562,817,837,901,937,1103,1348,1532,1729,1747,1822,1840
12976,338,1115,1750
12994,339,451,547,671,1072,1572
13001,340
13062,341,908,1123
13084,342,922,1466
13102,343,573,639,821,1256,1536,1621,1665,1695,1712,1829,1850
13129,215,344,1288,1483,1496,1524,1574,1596,1706,1762,1801
13161,345,1051
13191,346,1831
13214,347,770,1836
13222,348,349
13229,348,349
13251,350,482,652,1252,1547,1557,1599
13293,351,486,768,1702,1802,1859
13320,352,488,604,887,903,1267,1528,1740,1786
13356,353,1115,1571,1675
13366,296,354,429,651,741,750,1367,1559,1572
13434,355,1703
13469,356,525,1297,1804
13629,357,962
13642,358,1010
13676,359,817,930,939,1555
13691,167,360,905,1273
13713,361,648,727,1128,1373,1432,1433
13724,362,435,1123
13783,363,428,826,1529,1720
13791,364,1152
13804,365,1079
13843,366,834
13913,367,373,581,652,672,814,836,907,986,1070,1096,1187,1265,1386,1400,1428,1568,1637,1670,1763,1791
13924,368,956,1191
13936,225,369,709
13973,370,914,986,1535,1678
13994,117,371,1099,1235,1831
14030,61,372,1238,1325,1687
14048,367,373,736,782,918
14067,374,1545
14077,242,375,1358
14138,137,138,139,376,737,861,998,1013,1121,1352,1402,1824
14206,317,377,620,728,809,915,1113,1203,1538,1570,1798
14215,378
14288,379,567,716,767,775,951,968,1058,1125,1150,1241,1249,1309,1343,1847
14323,279,380,1523,1580
14349,381,541,941,1297
14386,382,383,489,505,597,655,686,895,921,994,1002,1202,1218,1303,1321,1415,1530,1709,1728,1737,1751,1806,1812
14426,382,383,482,597,873,1072,1144,1470,1806
14486,384,458,777,800,1072,1271,1572,1711,1806
14497,385,1715,1717
14579,386,602,1442,1795
14601,387,1501
14631,93,388,793,1691,1698
14653,389,1048,1366
14666,92,276,390,902,1285
14677,391,445,627,976,1182,1270,1731
14735,392,617,1151,1518
14759,393,478,479,491,498,1274,1572
14876,394,1213
14889,395,674
14944,396,1033
14966,397,698,795,1194,1228,1365,1414,1462,1597,1680,1797
14974,398,1541,1671,1677
14998,399,849,1552
15012,400,780,1554
15049,401,516,839,1122,1187,1843
15067,402,438,966,1335,1470,1550
15092,216,403
15116,404,515,540,575,701,1087,1119,1138,1198,1287,1723,1860
15180,405,1409
15211,406,766,771,999,1072,1708
15232,407,438,835,873,934,1354,1364,1491,1505,1634,1750,1806,1858
15260,408,520,651,671,750,816,957,1054,1147,1165,1216,1572,1599,1652
15298,409,1075,1707
15307,410,1465
15318,411,1664
15408,270,412,533,556,587,613,744,763,781,785,817,849,885,918,920,939,970,1016,1239,1264,1395,1441,1458,1476,1481,1492,1495,1497,1552,1554,1555,1562,1605,1744,1805
15464,84,413
15494,414,1499
15526,415,907,1453
15554,416,570,575,580,605,932,933,1005,1084,1294,1398,1852
15565,417,498,771,1572
15583,418,637,658,710,828,949,1209,1397,1502,1864
15624,121,419
15728,114,420,509,653,739
15766,71,421,732,1272
15773,422,717,1025,1490
15784,423,1504
15800,424,1481
15807,425,1822
15863,426
15905,427,552,1008,1207,1468,1622,1828,1830
15991,109,281,363,428,445,510,553,561,612,664,760,826,952,975,1029,1043,1237,1348,1385,1421,1499,1529,1546,1651,1720
16016,255,354,429,703,986,1252,1416,1470,1523,1572,1750
16042,279,430,487,524,997,1580,1670
16080,431,584
16090,432,449,732,754
16153,433,652,986,1386,1432
16162,434,504,1269
16181,362,435,571,760,1720
16193,436,1714
16205,56,437,830,1720
16394,71,103,128,241,402,407,438,471,489,491,578,594,610,651,652,671,722,723,729,732,741,748,750,798,803,835,851,860,863,865,873,884,907,917,927,931,934,957,988,1088,1096,1102,1115,1132,1147,1165,1216,1230,1234,1250,1263,1271,1274,1324,1335,1340,1354,1364,1367,1470,1491,1505,1542,1550,1559,1572,1585,1634,1667,1708,1715,1730,1732,1750,1780,1791,1806,1863
16419,439,754
16450,440,839
16495,441,1675
16512,332,442
16524,443,948,1296
16553,132,444,548,948,1081,1157,1296,1639
16602,303,391,428,445,627,939,972,976,1130,1182,1270,1720,1731
16626,446,763
16643,447,1369
16679,448,1273
16727,432,449,578,652,748,860,1248,1261,1491,1545,1559,1572,1730,1750,1858
16834,450,558,647,695,699,705,913,944,1020,1042,1107,1232,1277,1295,1435,1440,1506,1527,1716
16867,339,451,1572,1750
16915,452,512,756,762,769,815,894,1086,1089,1382,1488,1592,1673
16935,249,453,992,1001,1075,1366,1430,1456,1707
16953,454,487,1076
16972,15,455
16998,190,232,333,456,1251
17021,457
17102,185,384,458,722,1088,1291,1298,1335,1470,1550,1650,1652
17130,459,577,813,1374
17187,460,566,611,945,1149,1219,1427,1609
17200,461
17210,462,1250
17308,17,463,501,559,687,742,783,818,841,855,953,962,1009,1010,1012,1044,1131,1134,1137,1159,1169,1183,1301,1312,1336,1417,1473,1474,1508,1649,1754,1755,1761,1769,1775,1853
17340,464,613,928,1686
17397,465,1381,1732,1867
17430,35,324,466,620,809,810,869,938,972,1007,1113,1189,1203,1281,1304,1602,1732,1867
17462,467,517,804,871,995,1083
17531,468,1158,1406,1791
17555,469,881,1078,1499
17633,126,211,470,578,652,748,754,851,884,1307,1324,1390,1545,1838
17659,216,438,471,652,754,907,946,988,1156,1307,1354,1572,1766
17684,105,472,621,709,1118,1317,1322,1861
17711,17,473,501,559,850,886,953,1010,1159,1260,1334,1467,1754,1755,1769
17807,59,474,589,747,1199,1452,1688,1693
17829,295,475,646,1842
17855,19,476,824,1094,1334,1474
17884,100,477,700,983,1168,1460,1594
18115,393,478,479,520,917,1096,1216,1542,1572,1750
18144,393,478,479,1572
18349,93,480,1063,1304,1327,1480,1724,1816
18481,242,243,481,755,777,1132,1139,1571
18588,40,321,350,383,482,520,557,651,750,931,935,1031,1072,1144,1147,1274,1340,1542,1547,1557,1780,1791
18666,295,483,496,631,682,726,735,889,890,912,940,1018,1069,1222,1247,1292,1472,1581,1613,1734,1808
18720,277,484,670,870,1066,1482
18745,485,832,875,991,1143,1253,1590,1845
18785,351,486,922,1359
18893,430,454,487,803,1076,1364,1523,1580
18924,352,488,604,887,903,1267,1528,1740,1786
19009,382,438,489,597,1002,1175,1387,1582,1758
19071,317,490,620,869,896,938,1203,1566
19222,393,438,491,652,671,750,860,1542,1572
19320,62,73,492
19334,198,493,607,693,950,1517
19354,4,494,900,1300,1569,1663,1741,1837
19433,221,495,661,961,1338,1515
19500,295,483,496,631,726,735,889,890,912,1018,1222,1292,1472,1581,1613,1734,1808
19560,95,497,1739,1844
19622,4,71,393,417,498,652,750,1088,1147
19634,37,499,1055,1171,1819
19688,108,500,565,714,743,1818
19812,17,29,34,318,463,473,501,521,559,677,685,687,692,742,783,818,824,841,850,855,888,898,926,953,960,962,1009,1010,1012,1014,1037,1044,1068,1109,1117,1131,1134,1137,1159,1169,1183,1204,1205,1208,1244,1260,1301,1312,1378,1391,1467,1471,1473,1474,1484,1507,1521,1549,1595,1640,1649,1660,1754,1755,1759,1761,1769,1775,1776,1785,1810,1853,1862
20104,53,502,1242,1299,1401,1449,1722
20181,98,503
20214,158,434,504,1585
20235,382,505,655,686,921,994,1415,1530,1709,1728
20269,209,506,744,1021,1356,1702,1802,1849
20410,249,507,784,892,1022,1446,1773
20462,131,508,592,834,1331
20533,251,420,509,572,679,739,909,969,1011
20614,177,206,428,510,664,690,952,1019,1187,1421,1651,1713
20719,272,511,826,1832
20889,452,512,756,762,769,770,815,1089,1382,1592,1673
20949,102,121,513,537,642,657,883,916,936,1142,1145,1195,1223,1377,1437,1833
21050,514,1093,1122
21073,404,515,540,701,1119,1198,1287,1723,1860
21127,12,401,516,1667,1715,1717
21148,467,517,804,871,995,1083
21307,45,276,518,562,659,817,997,1019,1064,1604
21343,122,519,588,649,822,874,897,1035,1061,1178,1226,1361,1500,1563,1607,1629,1689,1778
21503,255,408,478,482,520,777,846,931,957,1054,1072,1147,1165,1383,1599,1652,1675,1750
21566,17,501,521,559,634,687,692,783,876,886,953,1010,1012,1037,1109,1131,1169,1208,1244,1301,1474,1521,1649,1755,1761,1769,1862
21619,328,522,752,858,1015,1405,1677,1738
21634,246,523,666,718,764,856,878,1097,1486,1487,1600,1811,1813
21682,430,524,548,1039,1250,1580,1800,1856
21733,356,525,541,598,1104,1297,1804
21779,29,526,824,953,1162,1631,1674
21862,150,527,564,1028,1308,1753,1760
21994,307,528,990,1105,1341,1445,1752
22005,191,529,626,842,891,1240,1316,1444,1463
22054,249,530,645,885,1026,1337,1350,1688,1825
22091,9,531,725,1520,1667,1692,1748,1796
22163,180,532,688,736,824,939,1021,1074,1373,1535,1555
22225,270,412,533,763,817,929,1640
22245,134,534,1454,1633,1654,1781,1782
22445,58,535,792,847,1067,1111,1165,1614,1628,1681,1700
22507,50,536,670,853,870,1393
22526,226,257,513,537,657,883,936,956,1145,1195,1377,1833
22546,303,538,760,854,1293,1359
22563,30,539
22617,404,515,540,701,1119,1138,1198,1287,1723,1860
22681,381,525,541,598,1418,1804
22688,287,542,1436
22728,4,543,1412,1542,1569
22743,46,261,544,765,1326
22791,54,545,568,582,820,866,1052,1328,1355,1655,1835
22919,79,546,765
23026,339,547,1072,1249,1750,1820
23100,444,524,548,948,1081,1296,1639
23135,155,549,852,1108,1384,1403
23199,330,550,576,1006,1063,1662
23351,55,303,551,553,751,1306,1376
23367,427,552,1008,1207,1468,1622,1828,1830
23486,45,326,428,551,553,760,996,1135,1348,1385,1421,1671
23523,136,181,223,554
23595,240,555,630,723,1057,1100,1116,1166,1176,1585,1851
23650,325,412,556,587,690,824,1735
23687,482,557,907,935,1031,1389
23723,450,558,695,705,913,1020,1107,1277,1527,1716
23849,3,29,34,318,463,473,501,521,559,586,634,692,786,824,850,864,876,886,953,1009,1010,1012,1037,1044,1109,1131,1134,1137,1159,1169,1208,1413,1467,1474,1521,1534,1549,1595,1649,1658,1754,1755,1761,1769,1776,1862
23948,289,560,853,939,1036,1239,1395,1840
23992,45,129,281,428,561,839,1040,1187,1197,1279,1348,1385,1825
24009,337,518,562,1239,1395,1729
24096,243,256,312,563,1031
24208,150,527,564,1028,1308,1753,1760
24227,108,500,565,714,743,1818
24242,460,566,611,945,1149,1219,1427,1609
24266,379,567,716,951,968,1309
24346,54,545,568,582,820,866,1052,1328,1355,1477,1655,1835
24404,140,569,622,1092,1255,1407
24510,416,570,575,580,605,933,1005,1294,1398,1852
24571,435,571,652,752,986,1148,1230,1279,1324,1503,1572,1750
24608,251,509,572,770,909,969,1011,1591
24770,343,573,639,821,1256,1536,1621,1665,1695,1850
24802,252,574,965
24924,404,416,570,575,580,932,933,1005,1084,1398,1711,1852
25074,319,550,576,911,989,1139
25116,459,577,813
25253,438,449,470,578,594,722,748,1272,1559,1572,1750,1791
25319,579
25395,416,570,575,580,605,932,1005,1294,1398,1852
25488,367,581,600,748,860,907,1252,1406,1428,1470
25515,54,545,568,582,820,866,1052,1328,1355,1477,1655
25702,583,654
25723,431,584
25738,155,213,585,711,1659
25795,17,559,586,677,685,687,783,841,850,886,1009,1010,1169,1208,1260,1378,1635,1701,1754,1755,1769,1774,1810,1862
25810,412,556,587,744,763,930,939,1264,1458
25835,122,519,588,649,822,874,897,1035,1061,1226,1361,1500,1563,1607,1629,1689,1778
25936,59,289,474,589,747,978,1199,1693
26018,276,590,1124,1481,1647,1809
26036,45,309,591,648,939,1239
26183,131,508,592,834,1175,1331
26200,119,593,791,807,809,831,974,987,1007,1203,1281,1525,1644,1827
26261,438,578,594,748,771,860,1272,1274,1542,1572,1750,1838,1858
26305,234,297,595,1098
26333,91,596,779,985,1114,1857
26497,382,383,489,597,1002,1758,1789
26550,322,525,541,598,1104,1297,1804
26579,80,599,606,760,1396,1476,1667,1839
26623,581,600,652,917,1406
26642,61,226,601,883,1195,1687,1799
26654,386,602,763,922,1046
26679,260,603,843,1038,1276,1485,1509,1625,1690
26747,352,488,604,887,903,1267,1528,1786
26787,416,570,580,605,933,1005,1084,1294,1852
26876,80,599,606,1396,1720
26937,198,493,607,693,950,1517
26954,21,608,812,845,1051,1196
26974,313,609,1155,1231,1254,1451,1794
27006,438,610,723,729,1132,1234,1585
27025,460,566,611,945,1149,1219,1427,1609
27065,331,428,612,975,1546
27143,319,412,464,613,699,782,978,1225,1239,1466,1481,1497,1521,1640,1686
27166,195,614,1470,1489,1585,1806
27181,86,93,615,1064,1290
27229,13,616,833,973,1214,1533,1588,1617
27275,392,617,1151,1176,1518
27380,618,727,787,802
27421,4,619,684,982,1047,1133,1344,1370,1603
27443,317,377,466,490,620,728,776,809,810,869,896,915,938,987,1203,1538,1798
27466,105,472,621,709,1118,1317,1322,1861
27541,231,569,622,1092,1238,1280,1339,1407,1740,1779
27624,52,270,309,623,665,763,785,817,881,918,939,1036,1239,1443,1458,1499,1531,1593,1744
27640,335,624,667,1050,1273,1434,1742
27697,244,625,753,1320,1745
27706,191,529,626,1240,1316,1444,1463
27748,391,445,627,972,976,1059,1130,1182,1270,1731,1767
27832,296,628,813,1140,1572
27910,216,629,652,748,772,1158,1357,1358,1545,1559,1838,1858
27926,555,630,1424,1585
27994,295,483,496,631,682,726,889,1247,1292,1472,1734,1736
28049,124,632,938,955,972,1007,1200,1304,1327,1548,1612,1867
28061,8,196,633
28115,17,34,521,559,634,841,876,1009,1010,1037,1068,1137,1183,1301,1378,1508,1754,1755,1862
28153,38,74,635,650,1003,1227,1521,1561,1620,1859
28206,147,160,209,325,636,880
28219,418,637,658,710,828,949,1209,1397,1502,1864
28336,318,638,742,841,1010,1012,1131,1137,1755
28371,1,343,573,639,821,1536,1665,1850
28459,119,156,173,317,640,763,776,809,1259,1304,1404,1455,1525,1551,1552,1612,1668
28526,66,641,702,707,778,806,823,862,1030,1167,1172,1257,1278,1305,1329,1380,1498,1526,1619,1770
28539,102,513,642,916,936,1142,1195,1223
28550,217,643,738,1345,1630
28564,92,644,1060,1285,1768
28594,248,249,530,645,885,1026,1177,1243,1350,1648,1661,1688,1697
28623,295,475,646,1842
28674,450,647,695,705,1107,1232,1277,1295,1527
28803,306,361,591,648,727,918,1036,1554,1555,1587
28843,122,519,588,649,822,874,897,1061,1178,1226,1361,1500,1563,1607,1629,1689,1778
28870,216,635,650,652,671,741,865,1088,1523,1542,1574,1582,1789,1859
29167,354,408,438,482,651,652,671,1248,1470,1545,1721,1750,1841
29415,71,128,216,255,321,350,367,433,438,449,470,471,491,498,571,600,629,650,651,652,671,723,732,741,748,750,754,772,777,803,836,851,860,873,879,935,986,1002,1062,1139,1144,1158,1246,1250,1324,1340,1367,1386,1389,1406,1416,1426,1491,1542,1559,1572,1624,1632,1708,1732,1750,1791,1863
29427,114,420,653,739
29455,3,61,102,121,187,226,227,257,583,654,841,864,893,923,1223,1658,1769
29480,382,505,655,686,921,994,1415,1709,1812
29509,186,656,1127,1758
29555,102,121,226,513,537,657,936,1145,1223,1238,1369,1377,1521,1833
29627,418,637,658,710,828,949,1209,1397,1502,1864
29658,10,86,518,659,1480
29712,200,660,911,1139,1269,1547,1558,1750
29888,234,495,661,1338
29921,102,257,662,864,893,1223,1280,1407,1658
29949,320,663,733,971,1699,1727,1834
30018,428,510,664,744,952,1225,1304
30040,86,623,665,1064,1466,1821
30064,246,523,666,718,764,856,878,1097,1487,1600,1615,1811,1813
30103,624,667,800,1250,1273,1503,1765
30118,4,668,720,757,790,882,1332,1560,1589,1645
30201,20,669,746,954,963,1023,1095,1318,1447,1815
30221,277,484,536,670,870,1066,1482
30261,339,408,438,491,650,651,652,671,879,907,1144,1349,1367,1572,1780,1841
30378,367,672,814,907,1428,1670
30443,206,673,740,978,980,993
30511,268,395,674,1535
30548,193,283,675,1004,1598,1616
30574,245,676,683,794,1024,1041,1091,1201,1511,1601,1672,1757
30669,17,34,160,501,586,677,685,687,692,783,850,876,886,953,960,1000,1009,1010,1131,1134,1162,1169,1260,1474,1701,1755,1761,1769,1776,1785,1810,1862
30712,34,269,678,850,886,953,1010,1044,1211,1413,1471,1640,1674,1755,1769,1783,1793,1862
30815,182,509,679,739,1011
30848,268,680,788
30962,681,687,1180,1561,1764
31020,295,483,631,682,726,735,889,890,912,1018,1069,1222,1247,1292,1472,1581,1613,1808
31039,245,676,683,719,1091,1186,1201,1601,1672,1757
31053,4,619,684,982,1047,1133,1344,1370,1603
31272,17,34,501,586,677,685,687,692,841,886,1009,1012,1131,1208,1260,1312,1674,1754,1755,1775,1810
31429,382,505,655,686,921,994,1415,1530,1709,1728,1812
31503,17,318,463,501,521,586,677,681,685,687,692,783,818,841,855,888,926,1009,1010,1014,1037,1109,1131,1134,1169,1183,1391,1413,1473,1484,1508,1649,1701,1754,1755,1769,1775,1776,1853,1862
31602,45,52,276,309,532,688,699,872,906,914,1036,1535,1640
31749,193,283,689,1598,1616
31809,96,510,556,690,763
31942,691,748,814,1503,1692
31994,17,34,160,501,521,559,677,685,687,692,783,818,841,850,876,886,953,1000,1009,1010,1012,1131,1169,1208,1260,1301,1413,1474,1649,1701,1755,1769,1785,1853
32016,198,493,607,693,950,1517
32033,93,309,694,811,885,1036,1063,1064,1304
32059,450,558,647,695,705,913,944,1020,1107,1232,1277,1295,1435,1440,1527,1716
32088,178,696,1146,1284,1313,1363,1584
32180,84,697,859,919,1375,1641,1669
32213,397,698,795,1228,1365,1414,1462,1680,1797
32282,106,209,450,613,688,699,763,817,875,876,886,906,914,953,1010,1094,1197,1208,1253,1351,1356,1494,1529,1532,1556,1595,1729,1754,1755,1764,1822
32375,100,477,700,1168,1460,1594
32387,404,515,540,701,1087,1119,1138,1198,1287,1860
32415,66,641,702,707,778,806,823,862,1030,1167,1172,1257,1278,1305,1329,1380,1498,1526,1619,1770
32438,177,429,703,723,1715
32518,120,704,1065
32542,135,450,558,647,695,705,913,1020,1107,1232,1277,1435,1440,1527,1716
32598,29,318,706,841,1010,1068,1312,1755
32617,66,641,702,707,778,806,823,862,1030,1167,1172,1257,1278,1305,1329,1380,1498,1526,1619,1770
32666,236,708
32715,105,369,472,621,709,1118,1317,1322,1861
32724,418,637,658,710,828,949,1209,1397,1502,1864
32738,155,164,585,711,852,1108,1384,1659
32839,184,712,1729
32889,713,852,1578
32910,108,500,565,714,1818
32981,151,254,715,1193
33045,379,567,716,767,775,951,968,1058,1125,1150,1241,1309,1343
33106,422,717,1025,1101,1490
33121,246,523,666,718,764,856,878,1097,1486,1487,1600,1615,1811,1813
33139,245,683,719,1041,1091,1201,1601,1672
33163,4,668,720,757,790,796,882,1332,1560,1589,1645
33225,260,721,843,1038,1190,1276,1509,1625,1690
33256,438,458,578,722,851,1088,1271,1505,1634,1650,1715
33328,438,555,610,652,703,723,799,800,863,873,927,934,1100,1132,1144,1179,1234,1298,1364,1424,1523,1585,1683
33422,238,239,724,844
33457,531,725,1094,1197,1748
33625,295,483,496,631,682,726,735,889,890,912,940,1018,1069,1222,1247,1292,1472,1581,1613,1808
33703,26,361,618,648,727,1126,1330,1458,1714
33746,377,620,728,869,1798
33804,438,610,729,863,1057,1234,1364,1634
33925,148,179,730,1106
34001,126,731,1636
34047,216,421,432,438,652,732,803,1274,1307,1572,1708,1766,1858
34183,320,663,733,971,1699,1727,1834
34267,316,734,927,1667
34396,295,483,496,682,726,735,889,890,912,940,1018,1069,1222,1292,1472,1581,1613,1808
34537,373,532,736,782,824,914
34600,137,138,139,376,737,861,1352,1402
34652,217,643,738,1345,1630
34764,420,509,653,679,739,1011,1250
34807,38,116,673,740,1221,1784,1805
34860,128,354,438,650,652,741,907,1147,1271,1349,1572
35010,34,276,463,501,638,742,783,824,841,953,1010,1026,1040,1134,1204,1208,1365,1534,1701,1774,1805,1862
35030,108,500,565,743,1818
35089,412,506,587,664,744,763,782,824,911,918,930,939,1021,1074,1126,1290,1315,1356,1458,1481,1555,1597,1666,1674,1729,1826
35223,180,745,1212,1279
35259,20,54,669,746,954,963,1023,1095,1318,1388,1447,1815
35289,289,474,589,747,1577,1693
35374,40,128,256,438,449,470,578,581,594,629,652,691,748,771,851,931,957,1072,1115,1230,1248,1261,1324,1340,1357,1390,1491,1542,1545,1559,1766,1780
35404,749,1192
35440,354,408,438,482,491,498,652,750,999,1088,1102,1147,1383,1572,1652,1791,1863
35480,55,272,551,751,854,1376,1564
35518,328,522,571,752,1015,1374,1677,1738
35541,244,625,753,928,1320
35646,432,439,470,471,652,754,907,1307,1324,1335,1354,1390,1470,1719,1766,1858
35745,242,481,755,1428,1470,1571
35848,452,512,756,769,815,894,1086,1382,1425,1488,1673,1817
35908,4,668,720,757,790,796,882,1332,1560,1589,1645
35921,51,758
35995,266,759,1333,1573,1866
36075,428,435,538,553,599,760,826,1019,1499,1626
36132,204,761,1017,1478,1733
36200,452,512,762,769,815,1086,1089,1382,1673
36332,119,270,309,412,446,533,587,602,623,640,690,699,744,763,781,817,849,885,918,929,939,1016,1021,1046,1103,1130,1239,1264,1315,1356,1458,1552,1554,1562,1605,1644,1744,1749,1767
36493,246,523,666,718,764,856,878,1097,1487,1600,1615,1811,1813
36549,544,546,765,1268,1800,1854
36597,406,766,771,1542,1708
36616,379,716,767,775,951,968,1058,1125,1150,1241,1309,1343
36667,104,351,768,789,993,1754,1859
36735,452,512,756,762,769,815,1089,1382,1592,1673
36746,347,512,572,770,1089,1315,1382,1544
36829,130,406,417,594,748,766,771,907,946,988,1072,1088,1096,1115,1274,1289,1542,1708,1766,1838
36844,71,629,652,772,1750
36873,773,1180,1215,1258,1448,1465,1763
36971,269,774,953,1010,1131,1137,1474
37115,379,716,767,775,951,968,1058,1125,1241,1309,1343,1847
37186,317,324,620,640,776,809,869,938,1113,1200,1203,1516,1525,1538
37213,384,481,520,652,777,1252,1559
37243,66,641,702,707,778,806,823,862,1030,1167,1172,1257,1278,1305,1329,1498,1526,1619,1770
37475,91,596,779,985,1114,1857
37550,180,400,780,846,1094,1657,1666
37567,412,763,781,817,901,918,920,939,1605
37786,110,373,613,736,744,782,799,824,868,1034,1117,1290,1306,1356,1368,1379,1400,1492,1640,1686,1758,1764,1802
37851,17,34,463,501,521,586,677,687,692,742,783,824,841,953,1009,1010,1012,1131,1134,1169,1183,1208,1301,1417,1474,1484,1649,1755,1769
37874,249,507,784,892,1022,1446,1773
37950,309,412,623,785,817,939,1239,1587,1744
38220,559,786,850,1010,1260,1264,1769
38271,276,618,787,1666
38415,288,680,788,967
38525,265,768,789,865,1632,1859
38536,4,668,720,757,790,796,882,1332,1560,1589,1645
38579,119,317,593,791,807,809,831,987,1113,1203,1362,1562,1566,1823,1825,1827
38668,58,535,792,847,1067,1111,1165,1681,1700,1746
38719,112,176,388,793,924,1311,1691,1698
38767,245,676,794,1041,1091,1186,1511,1601,1672,1757
38790,397,698,795,1194,1228,1365,1414,1462,1680,1797
38853,4,720,757,790,796,882,1332,1560,1589,1645
38883,797,1537,1843
38943,438,798,873,1271,1505
38984,38,723,782,799,824,836,986,1110,1386,1620,1640,1666,1763,1789
39053,384,667,723,800,1132,1234,1250
39077,94,801,925,959,1049,1323,1575,1846
39091,276,618,802,805
39164,438,487,652,732,803,873,934,1234,1426,1585,1708
39299,467,517,804,871,995,1083
39319,93,802,805,1063,1175,1262,1304,1327,1404,1662,1724
39359,66,641,702,707,778,806,823,862,1030,1167,1172,1257,1278,1305,1329,1380,1498,1526,1619,1770
39375,119,225,593,791,807,831,955,974,987,1007,1203,1281,1525,1827
39415,89,808,984,1065,1073,1319,1493,1543
39593,119,161,317,324,377,466,593,620,640,776,791,809,810,869,915,955,987,1027,1059,1113,1203,1423,1516,1523,1538,1570,1798,1823
39642,466,620,809,810,869,1007,1203,1281,1304,1404,1525,1538,1612,1798,1867
39674,77,145,694,811,1026,1036,1064
39694,21,608,812,845,1051,1196,1392
39755,459,577,628,813
39813,367,672,691,814,1269,1503,1572,1667,1670,1692
39840,452,512,756,762,769,815,894,1086,1089,1382,1425,1488,1592,1673,1817
39895,408,816,1088,1261,1730,1750
39968,270,337,359,412,518,533,623,699,763,781,785,817,901,918,937,939,943,970,1016,1103,1239,1264,1395,1458,1532,1583,1605,1617,1729,1744,1767,1803
40001,17,463,501,687,692,818,841,855,962,1131,1474,1508,1649,1755,1776
40070,819,967
40146,54,545,568,582,820,866,1052,1328,1477,1655,1835
40306,1,343,573,639,821,1256,1536,1621,1665,1695,1712,1829,1850
40324,122,519,588,649,822,874,897,1035,1061,1178,1226,1361,1500,1563,1607,1629,1689,1778
40387,66,641,702,707,778,806,823,862,1030,1167,1172,1257,1278,1305,1329,1498,1526,1619,1770
40523,29,476,501,526,532,556,559,736,742,744,782,783,799,824,953,1010,1162,1163,1211,1312,1521,1549,1597,1674,1683,1735,1754,1755,1865
40562,72,156,825,1523,1803
40599,281,303,363,428,511,760,826,1564
40625,22,827,1236,1512,1567,1627
40647,418,637,658,710,828,949,1209,1397,1502,1864
40683,115,829,1266,1705
40836,437,830,1094,1529,1546
40878,119,593,791,807,831,987,1007,1120,1362,1423,1562,1644,1827
40917,212,485,832,875,991,1253,1351,1576,1590
40958,616,833,973,1214,1533,1617
41072,11,131,185,366,508,592,834,1050,1229,1331,1642
41150,407,438,835,934,1179,1250,1364,1390,1399,1572,1634,1750,1806
41183,216,367,652,799,836,986
41201,337,837,901,1279,1348,1605,1747
41291,236,838,867,1032,1045,1743
41330,401,440,561,839,1040,1197
41379,38,39,308,840,1562
41461,17,29,34,226,318,463,501,586,634,638,654,685,687,692,706,742,783,818,841,855,876,883,886,888,926,953,962,1009,1010,1012,1014,1037,1068,1109,1117,1131,1137,1169,1183,1204,1208,1312,1473,1508,1522,1649,1687,1755,1769,1776,1853,1862
41470,191,529,842,1316,1444,1463
41505,260,603,721,843,1038,1190,1276,1393,1485,1509,1625,1690
41568,238,239,724,844
41610,21,608,812,845,1051,1196,1392
41685,180,520,780,846,1063,1126,1298,1383,1646,1666,1861
41759,58,535,792,847,1067,1111,1165,1614,1681,1700,1746
41788,175,848
41801,399,412,763,849,1552,1644
41911,17,34,473,501,559,586,677,678,692,786,850,876,886,906,928,953,1009,1010,1012,1037,1109,1131,1159,1169,1183,1208,1244,1260,1378,1413,1474,1508,1595,1635,1649,1701,1754,1755,1759,1761,1769,1776,1777,1805,1862
42074,40,438,470,652,722,748,851,1088,1324,1354,1470,1491,1542,1559,1572,1750
42186,549,711,713,852,1108,1384,1403
42250,536,560,853,1239,1840
42450,303,538,751,854,1359,1376
42525,17,29,463,501,687,818,841,855,1009,1010,1014,1068,1131,1137,1183,1208,1260,1413,1473,1484,1508,1649,1701,1761,1769,1853
42630,246,523,666,718,764,856,878,1097,1487,1600,1811,1813
42649,204,857,1282
42679,267,522,858,1015,1405,1738
42725,84,697,859,919,1375,1641,1669
42841,321,438,449,491,581,594,652,860,1324,1354,1838
42872,137,138,139,376,737,861,998,1013,1121,1352,1402,1824
42950,66,641,702,707,778,806,823,862,1030,1167,1172,1257,1278,1305,1329,1380,1498,1526,1619,1770
43046,438,723,729,863,1179,1234,1364,1634
43070,61,559,654,662,864,893,923,1010,1280,1310,1507,1521,1522,1658,1755,1769,1779
43164,118,438,650,789,865,1358,1561
43204,54,545,568,582,820,866,1052,1328,1355,1477,1655,1835
43301,236,838,867,1032,1045,1743
43335,286,782,868,953,1306,1442,1674,1795
43502,317,324,466,490,620,728,776,809,810,869,896,915,938,955,1007,1059,1113,1120,1203,1281,1538,1566,1602,1732,1798,1823,1867
43554,277,484,536,670,870,1066
43570,467,517,804,871,995,1083
43678,309,688,872,906,1862
43978,71,195,383,407,438,652,723,798,803,873,907,1079,1132,1175,1234,1252,1364,1470,1505,1542,1550,1572,1580,1585,1667,1708,1715,1750,1806
44010,122,519,588,649,822,874,897,1035,1061,1178,1226,1361,1500,1607,1689,1778
44046,13,96,485,699,832,875,991,1143,1253,1351,1533,1588,1671
44166,17,29,34,521,559,634,677,692,699,841,850,876,886,898,953,1010,1037,1044,1131,1159,1169,1244,1260,1413,1467,1474,1549,1595,1674,1754,1755,1769,1776
44278,83,125,166,877,979,1160,1235
44303,246,523,666,718,764,856,878,1486,1487,1600,1615,1811,1813
44334,243,652,671,879,1216,1572,1841
44368,160,325,636,880,1694
44382,469,623,881
44414,4,668,720,757,790,796,882,1332,1560,1589,1645
44451,61,121,226,513,537,601,841,883,936,1145,1195,1377,1437,1687,1799,1833
44460,211,438,470,884,999,1088,1354,1750
44568,249,412,530,645,694,763,885,939,978,1036,1050,1264,1306,1337,1350,1587,1640,1688,1697,1825,1859
44712,34,473,521,559,586,677,678,685,692,699,841,850,876,886,906,928,953,960,1009,1010,1037,1044,1159,1208,1244,1312,1413,1467,1474,1521,1522,1549,1595,1649,1658,1701,1754,1755,1759,1769,1853
44758,352,488,604,887,1267,1528,1740,1786
44871,29,501,687,841,888,1010,1012,1037,1068,1109,1137,1169,1183,1204,1260,1336,1674,1755,1761,1769
44917,295,483,496,631,682,726,735,889,890,912,940,1018,1069,1173,1222,1247,1292,1472,1581,1613,1734,1736,1808
44978,295,483,496,682,726,735,889,890,912,940,1018,1069,1222,1247,1292,1472,1581,1613,1734,1808
44987,191,529,891,1240,1316,1444,1463
45095,249,507,784,892,1022,1773
45129,102,157,654,662,864,893,1280,1658,1779
45151,452,756,815,894,1086,1382,1488,1592,1673
45196,382,895,1202,1218,1303,1321,1737,1751
45212,317,490,620,869,896,938,1203,1538
45232,122,519,588,649,822,874,897,1035,1061,1178,1226,1361,1500,1563,1607,1629,1689,1778
45276,29,501,876,898,960,1010,1037,1134,1169,1391,1507,1649,1754,1775
45299,93,899,1262,1304,1480,1587,1816
45368,4,494,900,1300,1569,1610,1663,1741,1837
45428,337,781,817,837,901,1103,1583,1605,1617,1744,1747,1767
45497,276,390,902,1311,1481,1647,1809
45524,352,488,604,903,1740,1786
45573,40,904,1383,1557
45650,6,360,905
45748,45,68,98,196,688,699,850,872,886,906,943,953,989,996,997,1010,1037,1159,1245,1521,1595,1671,1704,1754,1795,1845,1862
45897,18,64,274,301,367,415,438,471,557,581,671,672,741,754,771,873,907,986,988,999,1088,1096,1102,1250,1265,1335,1349,1409,1453,1470,1542,1559,1667,1675,1708,1719,1730
45945,341,908
45974,251,509,572,909,969,1011,1591
46052,45,330,910,1245,1433,1555
46220,331,576,660,744,911,1863
46279,295,483,496,682,726,735,889,890,912,940,1018,1069,1222,1247,1292,1472,1581,1613,1734,1736,1808
46319,450,558,695,705,913,1020,1042,1107,1232,1277,1295,1440,1527,1716
46409,45,110,135,370,688,699,736,914,1448,1494,1535,1556,1671
46549,377,620,809,869,915,1381,1538,1798,1867
46674,102,513,642,916,936,1142,1195,1833
46715,438,478,600,917,1634,1806
46766,373,412,623,648,744,763,781,817,918,930,939,1036,1239,1264,1492,1531,1555
46798,84,697,859,919,1375,1641,1669
46888,412,781,920,1442,1497,1554,1576,1767
46901,382,505,655,686,921,1415,1530,1812
46970,342,486,602,922,1544,1671,1704
47053,61,102,121,654,864,923,1658,1769
47150,74,112,331,793,924,964,1009,1180,1227,1306,1310,1353,1558,1580,1620,1624,1698,1784,1789,1859
47238,94,801,925,959,1049,1323,1575,1846
47252,29,269,501,687,841,926,1009,1068,1109,1169,1755,1761
47354,177,438,723,734,927,1019,1489
47462,464,753,850,886,928,1010,1208,1521,1534,1754
47559,325,533,763,929,1264,1640
47630,323,359,587,744,918,930,939,1126,1315,1458,1481,1554,1729,1744
47658,4,103,438,482,520,748,931,957,999,1054,1072,1088,1185,1383,1599,1780
47696,416,575,580,932,1084,1294,1852
47778,416,570,575,605,933,1005,1084,1294,1398,1852
47810,407,438,723,803,835,934,1132,1234,1364,1585,1634
47923,482,557,652,935,1144,1750
47951,102,121,513,537,642,657,883,916,936,1142,1145,1195,1223,1377,1437,1833
47996,337,817,937,1373,1532,1729,1822
48054,119,317,466,490,620,632,776,869,896,938,955,972,1007,1189,1200,1203,1304,1327,1602,1724,1732,1867
48330,145,309,359,412,445,532,560,587,591,623,744,763,781,785,817,885,918,930,939,1016,1021,1036,1103,1126,1239,1373,1395,1458,1481,1492,1499,1531,1552,1554,1555,1562,1593,1729,1744,1787,1826,1840
48357,295,483,726,735,889,890,912,940,1018,1247,1292,1472,1581,1613,1734,1808
48396,322,381,941,1297,1443
48429,215,942,1288,1574,1706,1762
48457,45,817,906,943,973,1077,1562,1704
48472,450,695,944,1107,1232,1277,1295,1435,1440,1506
48485,460,566,611,945,1149,1219,1427,1609
48520,243,471,771,946,1349,1559
48552,276,947,1481,1647
48586,158,165,443,444,548,948,1157,1296,1639
48597,418,637,658,710,828,949,1209,1397,1502,1864
48618,198,493,607,693,950,1517
48697,379,567,716,767,775,951,968,1058,1150,1241,1309,1343,1847
48810,428,510,664,952,1101,1304,1651
49031,17,29,34,286,318,463,473,501,521,526,559,677,678,692,699,742,774,783,824,841,850,868,876,886,906,953,960,1009,1010,1012,1044,1046,1109,1131,1137,1159,1162,1208,1260,1311,1413,1459,1467,1471,1492,1521,1541,1597,1635,1649,1701,1702,1754,1755,1759,1769,1771,1776,1810,1853,1862
49058,20,669,746,954,1095,1318,1447,1815
49104,225,324,632,807,809,869,938,955,1027,1063,1281,1347,1540,1602,1732,1798
49159,121,226,368,537,956,1833
49238,408,438,520,748,931,957,1054,1088,1127,1248,1274,1491,1542,1559,1599,1806
49268,29,958,1009,1010,1012,1134,1169,1204,1459
49300,94,801,925,959,1049,1323,1575,1846
49329,17,34,501,677,886,898,953,960,1010,1012,1037,1131,1169,1208,1507,1649,1701,1755,1775,1793
49363,221,222,495,961,993,1164,1394
49394,34,357,463,501,818,841,962,1009,1010,1014,1348
49408,20,54,669,746,963,1095,1447,1815
49482,924,964,1558,1624
49591,574,965
49683,402,966,1246
49764,288,788,819,967
49792,379,567,716,767,775,951,968,1150,1241,1309,1343
49816,182,509,572,909,969,1591
49839,309,412,817,970,1036,1239,1395,1744
49850,320,663,733,971,1699,1727,1834
49896,225,445,466,627,632,938,972,1059,1304,1516,1668,1724,1732,1867
49978,13,96,616,833,943,973,1214,1533,1588,1704,1755,1767
50012,225,317,593,807,974,987,1203,1570,1668
50064,428,612,975,1237,1529,1605,1744
50195,391,445,627,976,1182,1731
50255,28,329,977,1174
50323,331,589,613,673,885,978
50387,83,125,877,979,1235
50415,231,673,980,1011
50438,262,981
50538,4,619,684,982,1047,1133,1344,1370,1603
50556,100,477,983,1064,1168,1460
50603,89,808,984,1065,1073,1543
50628,91,170,596,779,985,1114,1857
50698,106,129,367,370,429,433,571,652,799,836,907,986,1203,1386,1494,1535,1538,1758,1777,1791
50732,119,317,593,620,791,807,809,831,974,987,1007,1120,1203,1281,1423,1538,1644,1827
50763,438,471,771,907,988,1102,1156,1274,1470,1542,1559,1572,1750,1780
50838,209,576,906,989,1077,1197
50854,307,528,990,1105,1341,1445,1752
50917,96,212,485,832,875,991,1143,1253,1351,1590
50941,453,992,1001,1075,1366,1430,1456,1707
51017,221,222,673,768,961,993,1074,1077,1136,1164,1394,1519,1531,1556,1704,1764,1802
51114,382,505,655,686,994,1415,1530,1709,1728,1812
51149,467,517,804,871,995,1083
51188,56,553,906,996,1617
51283,279,430,518,906,997,1039,1040,1093,1469,1580,1685
51351,139,376,861,998,1121,1352,1402,1824
51367,406,750,884,907,931,999,1088,1147,1252,1335,1559,1719,1780
51379,17,29,677,692,1000,1010,1044,1211,1755
51444,224,453,992,1001,1075,1366,1430,1456
51488,321,382,489,597,652,1002,1340
51543,38,635,1003,1139,1306,1503
51579,675,1004,1598,1616
51631,416,570,575,580,605,933,1005,1084,1294,1398,1852
51722,330,550,1006,1304,1587,1816,1840
51757,119,466,593,632,807,810,831,869,938,987,1007,1203,1455,1516,1525,1644,1732,1827
51780,427,552,1008
51985,17,34,226,463,501,559,586,634,677,685,687,692,783,841,850,855,886,924,926,953,958,962,1009,1010,1012,1068,1117,1131,1134,1137,1169,1183,1260,1312,1391,1473,1631,1658,1755,1759,1774,1802,1810,1862
52177,17,29,34,102,123,269,286,318,358,463,473,501,521,559,586,634,638,677,678,687,692,699,706,742,774,783,786,824,841,850,855,864,876,886,888,898,906,928,953,958,960,962,1000,1009,1010,1012,1014,1037,1044,1068,1109,1131,1134,1137,1159,1169,1183,1208,1244,1260,1301,1312,1378,1391,1413,1417,1459,1467,1471,1474,1484,1507,1508,1521,1549,1595,1631,1635,1649,1674,1701,1754,1755,1759,1761,1769,1775,1776,1785,1853,1862
52303,251,509,572,679,739,909,980,1011,1591
52355,17,463,501,521,559,638,685,692,783,841,850,888,953,958,960,1009,1010,1012,1037,1131,1134,1137,1169,1208,1211,1301,1312,1417,1467,1473,1474,1649,1660,1754,1755,1759,1769,1775,1776,1862
52394,137,138,139,376,861,1013,1352,1402,1824
52474,318,501,687,841,855,962,1010,1014,1068,1131,1137,1169,1183,1484,1508,1755,1862
52515,45,52,328,522,752,858,1015,1374,1405,1677,1738
52565,412,763,817,939,1016,1442,1492,1554,1744,1787
52621,204,761,1017,1478,1733
52717,295,483,496,682,726,735,889,890,912,940,1018,1069,1173,1222,1247,1292,1472,1581,1613,1734,1808
52751,510,518,760,927,1019,1618
52828,450,558,695,705,913,1020,1107,1435,1527,1716
52867,26,506,532,744,763,939,1021,1315,1492,1554,1648,1787
52876,249,507,784,892,1022,1446,1773
53002,20,54,669,746,1023,1095,1318,1388,1447,1815
53016,245,676,1024,1091,1186,1201,1601,1757
53033,422,717,1025,1101,1490
53104,530,645,742,811,1026,1177,1250,1330,1350,1626,1640,1661,1805,1825
53118,119,809,955,1027,1203,1525,1570
53147,150,527,564,1028,1308,1753,1760
53161,428,1029,1197,1720
53194,66,641,702,707,778,806,823,862,1030,1167,1172,1257,1278,1305,1329,1380,1498,1526,1619,1770
53225,482,557,563,1031,1542,1572,1750
53234,236,838,867,1032,1045,1743
53312,396,1033
53346,308,782,1034,1306,1353
53410,122,519,588,822,874,897,1035,1061,1178,1226,1361,1500,1607,1629,1689,1778
53464,309,560,623,648,688,694,811,885,918,939,970,1036,1128,1239,1433
53624,29,34,318,501,521,559,634,687,841,850,876,886,888,898,906,960,1010,1012,1037,1068,1131,1134,1137,1159,1169,1208,1301,1336,1413,1649,1754,1755,1759,1769,1775,1853,1862
53668,260,603,721,843,1038,1190,1393,1485,1509,1690
53725,129,524,997,1039,1040,1469,1626,1685,1713
53806,38,276,279,561,742,839,997,1039,1040,1469,1523,1626,1632,1685,1713
53844,245,676,719,794,1041,1091,1186,1201,1511,1601,1672,1757
53870,450,913,1042,1232,1295,1440,1527,1716
53949,428,1043,1264,1306,1356,1421,1529
54005,17,286,463,501,559,678,876,886,953,1000,1010,1044,1131,1471,1521,1658,1674,1701,1755,1769,1862
54022,236,838,867,1032,1045,1743
54153,602,763,953,1046,1381,1471,1492,1674,1702
54173,4,619,684,982,1047,1133,1344,1370,1603
54208,146,389,1048,1152
54255,94,801,925,959,1049,1323,1846
54307,124,624,834,885,1050,1101,1250,1434,1544,1845
54333,21,345,608,812,845,1051,1196,1392
54425,54,545,568,582,820,866,1052,1328,1477,1655
54441,60,1053
54461,408,520,931,957,1054,1072,1147,1165,1216,1383,1599,1721,1780,1791
54473,37,499,1055,1171,1819
54505,141,143,1056,1790
54582,555,729,1057,1116
54604,379,716,767,775,951,1058,1125,1241,1309,1343
54691,119,124,161,317,627,809,869,972,1059,1203,1423,1455,1516,1551,1579,1823
54772,92,644,1060,1285,1768
54847,122,519,588,649,822,874,897,1035,1061,1178,1226,1361,1500,1563,1607,1629,1689,1778
54916,294,652,1062,1112,1750
54968,330,480,550,694,805,846,955,1063,1262,1304,1587,1816
55034,86,518,615,665,694,811,983,1064,1495,1531
55147,89,704,808,984,1065,1073,1319,1493,1543,1643
55267,277,484,670,870,1066
55301,58,535,792,847,1067,1111,1165,1614,1628,1681,1700,1746
55395,17,187,318,501,634,706,841,855,888,926,1009,1010,1014,1037,1068,1109,1117,1131,1134,1137,1169,1473,1484,1649,1660,1701,1761,1862
55466,295,483,682,726,735,889,890,912,1018,1069,1173,1222,1247,1292,1472,1581,1613,1734,1808
55512,367,1070,1637
55773,46,284,1071,1439,1606,1653,1854
55826,4,339,383,384,406,482,520,547,748,771,931,1054,1072,1261,1298,1383,1542,1750
55843,89,808,984,1065,1073,1319,1493,1543,1643
55976,220,222,532,744,993,1074,1239,1290,1481
55995,224,409,453,992,1001,1075,1366,1430,1456,1707
56055,454,487,1076,1523
56067,45,943,989,993,1077,1394
56089,469,1078
56171,211,365,873,1079
56373,1080,1170,1191,1420
56419,165,444,548,1081,1157,1296
56555,4,1082,1412,1610
56637,467,517,804,871,995,1083
56684,416,575,605,932,933,1005,1084,1294,1398,1852
56742,4,1085,1412,1569,1610
56760,452,756,762,815,894,1086,1382,1425,1488
56796,404,701,1087,1119,1138,1198,1287,1723,1860
56885,103,438,458,498,650,722,750,771,816,851,884,907,931,957,999,1088,1096,1147,1289,1298,1349,1383,1399,1470,1542,1559,1582,1599,1708,1719,1780,1791
56997,452,512,762,769,770,815,1089,1382,1592,1673
57030,237,1090,1441,1682,1749
57059,245,676,683,719,794,1024,1041,1091,1201,1511,1601,1672
57122,569,622,1092,1238,1407,1779
57151,9,514,997,1093,1122,1523
57284,281,476,699,725,780,830,1094,1175,1197,1529,1657,1692
57359,20,54,669,746,954,963,1023,1095,1318,1388,1447,1815
57443,128,367,438,478,771,907,1088,1096,1261,1367,1708
57505,246,523,666,718,764,856,1097,1487,1600,1811,1813
57681,595,1098,1326,1664
57722,371,1099,1141,1831
57848,240,555,723,1100,1116,1166,1585
57943,717,952,1025,1050,1101,1197,1298,1490,1565,1604,1651
57956,438,750,907,988,1102,1248,1572,1582,1708
57999,337,763,817,901,939,1103,1385,1744,1840
58088,280,525,598,1104,1297,1804
58150,307,528,990,1105,1341,1752
58181,148,179,730,1106
58300,450,558,647,695,705,913,944,1020,1107,1232,1277,1435,1440,1506,1527,1716
58346,155,213,549,711,852,1108,1403,1659
58464,29,269,318,501,521,559,687,841,850,888,926,953,1010,1068,1109,1131,1134,1137,1169,1183,1459,1754,1755,1761,1769
58519,167,220,799,1110,1175,1387
58602,58,535,792,847,1067,1111,1165,1614,1628,1681,1700
58699,294,1062,1112
58758,119,317,324,377,466,776,791,809,869,1113,1153,1203,1566,1570
58771,91,596,779,985,1114,1857
58871,130,338,353,438,748,771,1115,1571,1721,1820
58882,240,555,1057,1100,1116,1166,1851
58898,318,501,782,841,1009,1068,1117,1169,1244,1484,1755
58923,105,472,621,709,1118,1317,1322,1861
58935,404,515,540,701,1087,1119,1138,1287,1723,1860
59005,119,831,869,987,1120,1203,1362,1465,1525,1827
59180,138,139,376,861,998,1121,1352,1824
59208,9,401,514,1093,1122,1187
59264,341,362,1123,1130
59557,276,590,1124,1481,1647,1809
59577,379,716,767,775,1058,1125,1309,1343
59596,309,727,744,846,930,939,1126,1128,1197,1239,1315,1458,1710,1816
59756,303,656,957,1127,1515,1525
59799,361,1036,1126,1128,1304,1433,1587
59871,314,1129
59890,309,445,627,763,1123,1130,1583,1854
59979,17,29,34,318,463,501,521,559,638,677,685,687,692,774,783,818,841,850,855,876,953,960,1009,1010,1012,1014,1037,1044,1068,1109,1131,1134,1159,1169,1183,1204,1208,1301,1378,1413,1473,1474,1484,1521,1549,1649,1660,1754,1755,1759,1761,1769,1774,1775,1776,1853,1862
60064,438,481,610,723,800,873,934,1132,1179,1234,1364,1505,1523,1572,1585,1634,1650,1750,1806,1858
60219,4,619,684,982,1047,1133,1344,1370,1603
60349,17,318,463,501,559,677,687,742,783,898,958,1009,1010,1012,1037,1068,1109,1131,1134,1137,1159,1169,1183,1204,1260,1312,1378,1391,1459,1474,1549,1649,1755,1761,1769,1775,1853,1862
60395,104,109,553,1135,1678
60465,85,221,222,993,1136,1164,1215,1310,1631
60597,17,29,34,318,463,501,559,634,638,774,841,855,888,953,1009,1010,1012,1014,1037,1068,1109,1134,1137,1169,1183,1204,1301,1336,1473,1508,1522,1549,1649,1658,1769,1862
60610,404,540,701,1087,1119,1138,1287,1723
60654,154,481,576,652,660,1003,1139,1148,1175,1503,1572
60690,628,1140,1777
60725,83,1099,1141
60735,102,513,642,916,936,1142,1223,1377,1658
60756,96,485,875,991,1143,1253
60840,86,383,482,652,671,723,935,1144,1738
61034,102,513,537,657,883,936,1145,1195,1377,1437,1833
61108,178,696,1146,1284,1313,1363,1457,1584,1718
61193,128,408,438,482,498,520,741,750,999,1054,1088,1147,1165,1383,1721,1750
61268,301,571,1139,1148,1386,1574,1858
61308,460,566,611,945,1149,1219,1427,1609
61392,379,716,767,951,968,1150,1241,1309,1343,1847
61434,392,617,1151,1518
61522,336,364,1048,1152,1579,1840
61572,119,317,324,1113,1153,1455,1516,1525,1551,1566
61581,44,162,163,1154,1410,1623,1656
61588,313,609,1155,1231,1254,1451,1794
61607,130,471,988,1156,1307,1335,1572
61637,165,444,948,1081,1157,1296
61713,63,468,629,652,1158,1750
61823,17,34,463,473,501,559,850,876,886,906,953,1010,1037,1131,1134,1159,1260,1413,1467,1474,1541,1595,1658,1754,1769,1853,1862
61876,88,125,877,1160
61910,218,1161,1302
61937,29,526,677,824,953,1162
61992,210,824,1163,1761,1789,1848,1849,1865
62070,222,961,993,1136,1164,1215,1394,1519
62149,408,438,520,535,792,847,1054,1067,1111,1147,1165,1250,1383,1470,1614,1628,1681,1700,1746,1780
62195,240,555,1100,1116,1166,1851
62254,66,641,702,707,778,806,823,862,1030,1167,1172,1257,1278,1305,1498,1526,1619,1770
62278,100,477,700,983,1168,1460,1594
62346,29,269,318,463,501,521,559,586,677,687,692,783,841,850,876,888,898,926,958,960,1009,1010,1012,1014,1037,1068,1109,1117,1131,1134,1137,1169,1183,1204,1205,1244,1260,1301,1336,1378,1391,1413,1474,1484,1521,1522,1649,1658,1754,1755,1761,1769,1775,1862
62356,1080,1170,1191,1420
62398,37,499,1055,1171,1819
62461,66,641,702,707,778,806,823,862,1030,1167,1172,1257,1278,1305,1329,1498,1526,1619,1770
62543,295,889,1018,1069,1173,1247,1292,1581
62591,977,1174,1843
62713,172,208,489,592,805,873,1094,1110,1139,1175,1221,1234,1330,1523,1565,1788
62825,555,617,1176
62938,188,247,249,645,1026,1177,1243,1337,1452,1661
62997,122,519,649,822,874,897,1035,1061,1178,1226,1361,1500,1563,1607,1629,1689,1778
63050,723,835,863,1132,1179,1234,1364,1424,1634,1683
63207,211,681,773,924,1180
63236,1181,1233,1481,1744
63248,391,445,627,976,1182,1731
63285,17,34,318,463,501,634,687,783,841,850,855,888,1009,1010,1014,1109,1131,1134,1137,1169,1183,1312,1473,1649,1755,1761,1775
63394,99,1184,1702,1771
63458,256,931,1185,1249,1429,1756
63519,245,683,794,1024,1041,1186,1201,1511,1601,1672,1757
63556,367,401,510,561,1122,1187
63581,275,1188,1206
63633,466,938,1189,1203,1304,1516,1732
63680,260,721,843,1038,1190,1276,1393,1485,1509,1625,1690
63696,157,368,1080,1170,1191,1420
63762,228,749,1192,1280,1407,1779
63774,151,254,715,1193
63821,397,795,1194,1228,1365,1414,1462,1680,1797
63896,226,513,537,601,642,883,916,936,1145,1195,1377,1799,1833
63930,21,207,608,812,845,1051,1196,1348,1710
64027,303,316,561,699,725,839,989,1029,1094,1101,1126,1197,1245,1298,1315,1494,1583,1657,1692,1832,1859
64040,404,515,540,701,1087,1198,1287,1860
64050,59,474,589,1199,1452,1648,1693
64120,202,324,632,776,938,1200,1203,1381,1516,1548,1732,1867
64239,245,676,683,719,1024,1041,1091,1186,1201,1601,1672,1757
64250,382,895,1202,1218,1321,1737,1751
64395,119,317,324,377,466,490,593,620,776,791,807,809,810,869,896,938,974,986,987,1007,1027,1059,1113,1120,1189,1200,1203,1281,1304,1362,1516,1525,1538,1570,1602,1644,1732,1798,1827
64432,17,269,279,318,326,501,742,841,888,958,1131,1134,1137,1169,1204,1522,1523,1553,1761,1769
64467,269,501,1169,1205,1754,1755,1862
64476,275,1188,1206,1275
64486,427,552,1207,1468,1622,1828,1830
64555,17,34,501,521,559,586,685,692,699,742,783,841,850,855,886,928,953,960,1010,1012,1037,1131,1208,1260,1301,1312,1378,1413,1417,1474,1649,1658,1755,1759,1769,1775,1853
64579,418,637,658,710,828,949,1209,1397,1502,1864
64607,152,1210
64649,34,286,678,824,1000,1012,1211,1467,1521,1754,1755,1769
64687,745,1212
64705,394,1213
64738,616,833,973,1214,1617
64801,221,222,773,1136,1164,1215,1519,1859
64826,408,438,478,879,1054,1216,1708
64859,49,1217,1220,1450,1510,1676
64867,382,895,1202,1218,1303,1321,1737,1751
65038,460,566,611,945,1149,1219,1427,1609
65077,49,1217,1220,1450,1510,1676
65160,740,1175,1221,1576,1632
65191,295,483,496,682,726,735,889,890,912,1018,1069,1222,1247,1292,1472,1581,1613,1734,1736,1808
65215,3,102,121,187,227,257,513,642,654,657,662,936,1142,1223,1658
65306,287,1224
65423,31,613,664,1225
65446,122,519,588,649,822,874,897,1035,1061,1178,1226,1361,1500,1563,1607,1629,1689,1778
65563,271,635,924,1227,1250,1764,1859
65612,397,698,795,1194,1228,1365,1414,1462,1680,1797,1865
65754,11,834,1229,1642
65775,256,438,571,748,1230,1298,1426,1572,1750,1791
65800,313,609,1155,1231,1254,1451,1794
65900,450,647,695,705,913,944,1042,1107,1232,1277,1295,1435,1440,1506,1527,1716
65928,258,1181,1233
66011,438,610,723,729,800,803,863,873,934,1132,1175,1179,1234,1263,1364,1424,1523,1572,1634,1650,1750,1791,1806
66034,125,371,877,979,1235
66073,22,827,1236,1512,1567,1627
66163,188,281,428,975,1237,1348,1529,1720
66198,372,622,657,1092,1238
66388,309,330,412,560,562,591,613,623,763,785,817,853,918,939,970,1036,1074,1126,1239,1395,1458,1495,1499,1555,1593,1744,1840
66428,191,529,626,891,1240,1316,1463
66509,379,716,767,775,951,968,1058,1150,1241,1343,1847
66662,53,67,502,1242,1299,1401,1557,1722
66681,285,645,1177,1243,1337,1661
66713,34,501,521,850,876,886,1010,1117,1169,1244,1301,1467,1474,1754,1755
66759,26,906,910,1197,1245,1494,1521,1556,1802
66824,71,652,966,1246,1248,1428,1750,1756,1858
66844,295,483,631,682,726,889,890,912,940,1018,1069,1173,1222,1247,1292,1472,1581,1613,1734,1808
67063,242,321,449,651,748,957,1102,1246,1248,1324,1357,1491,1545,1572,1838
67148,214,379,547,1185,1249,1756,1838
67528,127,154,192,438,462,524,652,667,739,800,835,907,1026,1050,1165,1227,1250,1291,1330,1335,1515,1523,1557,1574,1805,1841,1843
67549,456,1251
67640,350,429,581,777,873,999,1252,1358,1572,1599
67744,96,111,485,699,832,875,991,1143,1253,1351,1576,1671
67762,313,609,1155,1231,1254,1451,1794
67794,140,569,1255,1346
67926,343,573,821,1256,1536,1621,1665,1712,1850
67984,66,641,702,707,778,806,823,862,1030,1167,1172,1257,1278,1305,1329,1498,1526,1619,1770
68017,38,773,1258,1523,1859
68086,124,640,1259,1381,1548,1867
68174,34,106,473,501,586,677,685,692,786,850,855,876,888,953,1009,1010,1134,1159,1169,1208,1260,1378,1474,1701,1755,1769,1776
68228,449,748,816,1072,1096,1261,1542,1547,1572,1750
68288,93,805,899,1063,1262,1304,1602,1724,1816
68308,438,1234,1263,1715,1717
68360,309,412,587,763,786,817,885,918,929,1043,1264,1441,1497,1554,1555,1744
68439,367,907,1265,1307,1470,1559
68476,115,829,1266
68536,352,488,604,887,1267,1528,1740,1786
68581,263,765,1268,1612,1791
68693,301,434,660,814,1269
68737,391,445,627,1270,1731
68918,384,438,722,741,798,1271,1298,1470,1572,1650
68932,421,578,594,1272
69062,54,335,360,448,624,667,1273,1434,1475,1789
69167,393,438,482,594,732,771,957,988,1274,1354,1358,1390,1542,1572,1730,1766
69249,275,1206,1275
69355,260,603,721,843,1190,1276,1393,1485,1509
69405,450,558,647,695,705,913,944,1107,1232,1277,1295,1435,1440,1527,1716
69459,66,641,702,707,778,806,823,862,1030,1167,1172,1257,1278,1305,1329,1380,1498,1526,1619,1770
69550,201,561,571,745,837,1279,1523,1735
69602,42,157,228,622,662,864,893,1192,1280,1407,1420,1658,1779
69717,225,317,324,466,593,807,810,869,955,987,1203,1281,1347,1419,1516,1525,1540,1570,1668,1827
69725,204,857,1282
69755,1283,1677
69777,178,696,1146,1284,1313,1363,1457,1584,1718
69797,92,276,390,644,1060,1285
69836,107,1286
69892,404,515,540,701,1087,1119,1138,1198,1287,1723,1860
69950,215,344,942,1288,1524,1574,1762
70006,242,771,1088,1289,1399,1675,1708,1750
70048,52,615,744,782,1074,1290,1356,1458,1481,1499,1534
70094,458,1250,1291,1572
70182,295,483,496,631,682,726,735,889,890,912,940,1018,1069,1173,1222,1247,1292,1472,1581,1613,1734,1808
70202,303,538,1293,1359,1750
70218,416,570,580,605,932,933,1005,1084,1294,1398,1852
70255,450,647,695,913,944,1042,1232,1277,1295,1435,1440,1506,1527
70307,158,165,443,444,548,948,1081,1157,1296,1639,1839
70497,356,381,525,598,941,1104,1297,1418,1804
70613,192,458,723,846,1072,1088,1101,1197,1230,1271,1298,1383,1657
70647,53,502,1242,1299,1401,1449,1557,1722
70781,4,494,900,1300,1569,1610,1663,1741,1837
70831,34,463,501,521,634,692,783,1010,1012,1037,1131,1137,1169,1208,1244,1301,1649,1755,1769,1862
70838,218,1161,1302
70894,382,895,1218,1303,1321,1737,1751
70991,93,119,124,220,225,330,466,480,632,640,664,694,805,810,899,938,952,972,1006,1063,1128,1189,1203,1262,1304,1327,1404,1480,1548,1562,1587,1602,1612,1662,1724,1732,1816,1840,1867
71011,66,641,702,707,778,806,823,862,1030,1167,1172,1257,1278,1305,1329,1380,1498,1526,1619,1770
71214,41,247,250,283,285,319,551,782,868,885,924,1003,1034,1043,1306,1466,1579,1640,1697,1832
71312,64,195,211,470,471,732,754,1156,1265,1307,1335,1354,1390,1470,1491,1708
71322,150,527,564,1028,1308,1753,1760
71371,379,567,716,767,775,951,968,1058,1125,1150,1309
71493,23,864,924,1136,1310,1519,1535,1632,1777
71598,180,276,793,902,953,1311,1683,1848
71664,17,463,501,685,706,824,841,886,1009,1010,1012,1134,1183,1208,1312,1378,1508,1649,1755
71735,16,178,696,1146,1284,1313,1363,1457,1584,1718
71775,102,121,187,1314,1833
71822,70,234,309,744,763,770,930,1021,1126,1197,1315,1481,1544,1554,1583,1605,1606,1617,1836
71831,191,529,626,842,891,1240,1316,1444,1463
71907,105,472,621,709,1118,1317,1322,1861
72005,20,669,746,954,1023,1095,1318,1388,1447,1815
72099,89,808,1065,1073,1319,1493,1543,1643
72179,244,625,753,1320,1521,1745,1865
72207,382,895,1202,1218,1303,1321,1737,1751
72255,105,472,621,709,1118,1317,1322,1861
72405,94,801,925,959,1049,1323,1575,1846
72465,40,438,470,571,652,748,754,851,860,1248,1324,1354,1470,1491,1766,1838,1858
72481,372,1325,1740
72551,46,544,1098,1326
72563,480,632,805,938,1304,1327,1602
72574,54,545,568,582,820,866,1052,1328,1355,1477,1655
72631,66,641,702,707,778,806,823,862,1030,1172,1257,1278,1305,1329,1498,1526,1619,1770
72646,86,727,1026,1175,1250,1330,1350,1805
72718,131,508,592,834,1331
72740,4,668,720,757,790,796,882,1332,1560,1589,1645
72798,266,759,1333,1466,1561,1573,1866
72924,45,222,473,476,1334
73128,47,64,103,192,402,438,458,754,907,999,1156,1250,1307,1335,1367,1550,1650,1719,1805,1858
73144,463,888,1037,1137,1169,1336,1761
73226,59,248,249,285,530,885,1177,1243,1337,1350,1661,1688,1761
73253,495,661,1338
73317,140,622,1339,1740
73360,321,438,482,652,748,1002,1340,1358,1383,1750
73473,307,528,990,1105,1341,1445,1752
73515,16,1342
73539,379,716,767,775,951,968,1058,1125,1150,1241,1343,1847
73561,4,619,684,982,1047,1133,1344,1370,1603
73580,217,643,738,1345,1630
73623,142,1255,1346
73653,225,955,1281,1347,1419,1540,1570,1668
73688,45,109,281,337,428,553,561,837,962,1196,1237,1348,1822
73727,671,741,907,946,1088,1349,1367,1559,1572,1730
73797,249,530,645,885,1026,1330,1337,1350,1648,1688,1697,1825
73870,96,111,699,832,875,991,1253,1351,1576,1671
73941,137,138,139,376,737,861,998,1013,1121,1352,1402,1824
73962,924,1034,1353
74019,195,211,407,438,471,754,851,860,884,1274,1307,1324,1354,1390,1470,1491,1634,1750,1766,1858
74053,54,545,568,582,866,1328,1355,1655,1835
74110,52,506,699,744,763,782,1043,1290,1356,1379,1458,1494,1640,1814
74225,71,629,748,1248,1357,1491,1572,1750
74254,375,629,865,1252,1274,1340,1358,1703,1838
74271,303,486,538,854,1293,1359,1503
74322,68,73,1360,1854
74379,122,519,588,649,822,874,897,1035,1061,1178,1226,1361,1500,1563,1607,1629,1689,1778
74391,119,317,791,831,1120,1203,1362,1516,1525,1644,1827
74444,178,696,1146,1284,1313,1363,1457,1584,1718
74577,407,438,487,723,729,835,863,873,934,1132,1179,1234,1364,1491,1585,1634,1806,1858
74708,397,698,742,795,1194,1228,1365,1414,1597,1680,1797
74793,224,389,453,992,1001,1075,1366,1456,1707,1855
74843,354,438,652,671,1096,1335,1349,1367,1491,1572,1730,1756
74967,189,203,224,323,782,1368,1555
75015,106,447,657,1369
75061,4,619,684,982,1047,1133,1344,1370,1603
75110,199,1371
75182,27,1372,1696
75204,361,532,937,939,1373,1495,1555
75232,144,459,752,1015,1374
75265,84,697,859,919,1375,1641,1669
75324,31,551,751,854,1376,1564
75391,226,513,537,657,883,936,1142,1145,1195,1377,1833
75445,29,501,586,634,850,1010,1131,1134,1169,1208,1260,1312,1378,1649,1701,1755,1769,1774,1810,1862
75490,36,782,1356,1379,1814
75507,66,641,702,707,806,862,1030,1278,1305,1380,1498,1619,1770
75540,465,915,1046,1200,1259,1381,1867
75561,452,512,756,762,769,770,815,894,1086,1089,1382,1425,1673
75626,40,520,750,846,904,931,1054,1072,1088,1147,1165,1298,1340,1383,1572,1582,1599,1820
75749,155,213,549,711,852,1384,1403,1659
75803,45,329,428,553,561,1103,1385
75927,367,433,652,799,986,1148,1386,1542,1863
75986,489,1110,1387,1558,1624
75998,20,54,746,1023,1095,1318,1388,1447,1815
76447,321,557,652,1389,1542,1559
76529,195,470,748,754,835,1274,1307,1354,1390,1572,1750,1806
76566,17,34,501,687,898,1009,1010,1134,1169,1391,1474,1521,1649,1754,1755,1769,1775
76601,21,812,845,1051,1392,1499
76680,260,536,843,1038,1190,1276,1393,1509,1800
76734,221,961,993,1077,1164,1394,1519
76837,412,560,562,817,939,970,1239,1395,1840
76885,80,599,606,1396
76912,418,637,658,710,828,949,1209,1397,1502,1864
76931,416,570,575,580,933,1005,1084,1294,1398,1852
76972,255,835,1088,1289,1399,1675,1756
77046,367,782,1400,1763,1764
77066,53,502,1242,1299,1401,1449,1722
77133,137,138,139,376,737,861,998,1013,1352,1402,1824
77180,549,852,1108,1384,1403
77247,172,640,805,810,1304,1404,1867
77302,45,328,522,858,1015,1405,1738
77413,321,468,581,600,652,1406
77527,569,622,662,1092,1192,1280,1407,1779
77563,1408,1858
77620,405,907,1409
77671,44,162,163,1154,1410,1623,1656
77754,166,1411
78003,4,543,1082,1085,1412,1569,1610,1663,1837
78108,17,34,559,678,687,692,850,855,876,886,953,1010,1037,1131,1159,1169,1208,1413,1467,1474,1534,1649,1701,1754,1755,1769,1776,1853
78201,397,698,795,1194,1228,1365,1414,1462,1680,1797
78214,382,505,655,686,921,994,1415,1530,1709,1728,1812
78238,429,652,1416
78257,34,463,783,1010,1012,1208,1417,1521,1522,1649,1769
78303,322,541,1297,1418
78341,225,250,1281,1347,1419,1516,1540,1551,1732,1827
78389,157,1080,1170,1191,1280,1420
78404,428,510,553,1043,1421,1802,1822
78535,1422,1535
78549,119,317,809,831,987,1059,1423,1516,1562,1644
78592,14,630,723,1179,1234,1424
78607,231,756,815,1086,1382,1425,1488
78674,652,803,1230,1426,1559,1572,1708
78703,460,566,611,945,1149,1219,1427,1609
78721,367,581,672,755,1246,1428,1670,1750,1756,1838
78755,1185,1429,1675
78854,224,453,992,1001,1075,1430,1456,1707
79054,14,1431
79113,361,433,1432
79164,289,361,910,1036,1128,1433
79205,335,624,1050,1273,1434,1475,1742
79237,450,695,705,944,1020,1107,1232,1277,1295,1435,1440,1506,1527
79280,287,542,1436
79357,121,513,883,936,1145,1437,1833
79397,169,1438
79486,46,1071,1439,1606,1653,1854
79511,450,695,705,913,944,1042,1107,1232,1277,1295,1435,1440,1506,1527
79593,237,412,1090,1264,1441,1682,1749
79684,123,386,868,920,1016,1442,1554,1795
79706,43,623,941,1443
79744,191,529,626,842,891,1316,1444,1463
79770,307,528,990,1341,1445,1752
79789,249,507,784,1022,1446,1773
79828,20,54,669,746,954,963,1023,1095,1318,1388,1447,1815
79882,773,914,1448,1632,1754,1755
79911,53,502,1299,1401,1449,1722
79959,49,1217,1220,1450,1510,1676
79967,313,609,1155,1231,1254,1451,1794
80036,59,474,1177,1199,1452,1693
80083,274,415,907,1453,1675
80270,134,534,1454,1633,1654,1781,1782
80282,119,640,1007,1059,1153,1455,1516,1525,1551
80298,224,453,992,1001,1075,1366,1430,1456,1707,1855
80334,178,1146,1284,1313,1363,1457,1584,1718
80359,309,412,587,623,727,744,763,817,930,939,1126,1239,1290,1356,1458,1481
80417,17,953,958,1010,1109,1134,1459,1755
80443,100,477,700,983,1168,1460
80474,113,1461
80488,397,698,795,1194,1228,1414,1462,1680,1797
80502,191,529,626,842,891,1240,1316,1444,1463
80559,101,149,1464
80599,410,773,1120,1465
80683,342,613,665,1306,1333,1466,1777,1865
80743,29,34,473,501,559,876,886,953,1010,1012,1159,1211,1244,1413,1467,1595,1658,1674,1754,1755,1769
80773,427,552,1207,1468,1622
80837,279,997,1039,1040,1469,1580,1685,1713,1764
80924,18,47,383,402,429,438,458,581,614,651,754,755,851,873,907,988,1088,1165,1265,1271,1307,1324,1354,1470,1550,1708,1719,1766,1806
80959,286,501,678,953,1010,1044,1046,1471,1674
80991,295,483,496,631,682,726,735,889,890,912,940,1018,1069,1222,1247,1292,1472,1581,1613,1734,1808
81102,318,463,501,687,841,855,1009,1012,1068,1131,1137,1183,1473,1508,1649,1755,1761
81173,29,34,160,276,463,476,501,521,559,677,692,774,783,818,850,876,886,1010,1012,1131,1134,1159,1169,1208,1244,1260,1391,1413,1474,1507,1508,1521,1534,1549,1649,1755,1761,1769,1785,1793,1862
81195,183,335,1273,1434,1475
81344,412,599,1476,1499,1561,1713
81392,54,568,582,820,866,1052,1328,1477,1655,1835
81416,204,761,1017,1478,1733
81484,54,154,263,1479,1539
81511,220,480,659,899,1304,1480,1816
81597,52,276,412,424,590,613,744,902,930,939,947,1074,1124,1181,1290,1315,1458,1481,1555,1562,1647,1809
81706,277,484,670,1482,1839
82006,215,344,1483,1496,1524,1574,1762
82073,29,34,318,501,687,783,855,1010,1014,1068,1117,1131,1169,1484,1649,1686
82093,260,603,843,1038,1190,1276,1485,1690
82141,246,523,718,878,1486,1487,1811,1813
82284,246,523,666,718,764,856,878,1097,1486,1487,1600,1615,1811,1813
82359,452,756,815,894,1086,1425,1488,1817
82395,299,614,927,1489
82425,422,717,1025,1101,1490
82630,40,407,438,449,652,748,851,957,1248,1307,1324,1354,1357,1364,1367,1491,1542,1572,1750,1766,1806,1838
82662,323,412,782,918,939,953,1016,1021,1046,1492,1555,1787
82770,89,808,1065,1073,1319,1493,1543,1643
82887,159,177,209,210,281,699,914,986,1197,1245,1356,1494,1515,1535,1556,1771,1859
82897,412,1064,1239,1373,1495,1587,1605
82979,215,344,1483,1496,1524,1574,1762
83001,412,613,920,1264,1497,1787
83039,66,641,702,707,778,806,823,862,1030,1167,1172,1257,1278,1305,1329,1380,1498,1619,1770
83070,414,428,469,623,760,939,1239,1290,1392,1476,1499
83181,122,519,588,649,822,874,897,1035,1061,1178,1226,1361,1500,1563,1607,1629,1689,1778
83228,387,1501,1539
83318,418,637,658,710,828,949,1209,1397,1502,1864
83355,171,571,667,691,814,1003,1139,1359,1503
83375,423,1504
83388,407,438,722,798,873,1132,1505,1634,1750
83408,450,944,1107,1232,1295,1435,1440,1506
83447,318,501,864,898,960,1010,1474,1507,1658,1769
83503,17,463,634,687,818,841,850,855,1010,1014,1137,1312,1473,1474,1508,1755
83527,260,603,721,843,1038,1190,1276,1393,1509,1625,1690
83619,49,1217,1220,1450,1510,1676
83640,245,676,794,1041,1091,1186,1511,1672,1757
83675,22,827,1236,1512,1567,1627
83690,73,1513
83734,2,81,194,197,334,1514,1611
83844,54,495,1127,1250,1494,1515,1666
83903,119,317,324,776,809,972,1007,1059,1153,1189,1200,1203,1281,1362,1419,1423,1455,1516,1525,1538,1551,1579,1644,1823,1827
83954,198,493,607,693,950,1517
84023,392,617,1151,1518
84115,221,993,1164,1215,1310,1394,1519,1805
84124,531,1520,1748,1796
84229,29,45,52,318,501,521,559,613,635,657,824,864,886,906,928,953,1010,1044,1131,1169,1211,1245,1320,1391,1417,1474,1521,1541,1658,1674,1754,1755,1769,1853,1862,1865
84239,318,841,864,886,1137,1169,1204,1417,1522,1658,1755
84365,38,156,300,304,380,429,487,650,723,809,825,1040,1076,1093,1132,1175,1204,1234,1250,1258,1279,1523,1572,1580,1648,1692,1713,1763,1856
84382,215,344,1288,1483,1496,1524,1574,1706
84469,82,324,593,640,776,807,810,1007,1027,1120,1127,1153,1203,1281,1362,1455,1516,1525,1644,1827,1867
84521,66,641,702,707,778,806,823,862,1030,1167,1172,1257,1278,1305,1329,1526,1619,1770
84552,450,558,647,695,705,913,1020,1042,1107,1232,1277,1295,1435,1440,1527,1716
84568,352,488,604,887,1267,1528,1740,1786
84603,281,363,428,699,830,975,1043,1094,1237,1529,1859
84620,382,505,686,921,994,1415,1530,1709,1728,1812
84791,623,918,939,993,1064,1531,1764
84917,337,699,817,937,1532,1729,1822
84972,13,616,833,875,973,1533,1588,1671
85166,3,559,742,928,1290,1413,1474,1534,1764,1769
85268,370,532,674,688,914,986,1310,1422,1494,1535,1859
85279,1,343,573,639,821,1256,1536,1621,1665,1695,1829,1850
85364,75,797,1537,1726
85410,119,317,377,620,776,809,810,869,896,915,986,987,1203,1516,1538,1644,1798,1823
85506,56,86,322,1479,1501,1539,1556,1558,1754,1859
85556,225,955,1281,1347,1419,1540
85592,398,953,1159,1521,1541,1595,1674,1702
85755,4,438,478,482,491,543,594,650,652,748,766,771,851,873,907,957,988,1031,1072,1088,1261,1274,1386,1389,1491,1542,1572,1708,1730,1820
85813,89,808,984,1065,1073,1319,1493,1543
85943,234,770,922,1050,1315,1544
86012,321,374,449,470,629,651,748,1248,1545,1559,1750,1791
86086,326,428,612,830,1546
86141,350,482,660,1261,1547
86217,632,1200,1259,1304,1548,1612
86268,29,501,559,824,876,886,1010,1131,1134,1137,1474,1549,1553,1658,1660,1674,1754,1755,1761,1769
86320,64,402,438,458,873,1335,1470,1550,1719
86388,124,250,640,1059,1153,1419,1455,1516,1551
86468,270,399,412,640,763,849,939,1552,1644
86672,90,1204,1549,1553
86730,400,412,648,763,920,930,939,1016,1021,1264,1315,1442,1554,1795
86875,359,412,532,648,744,910,918,939,1239,1264,1368,1373,1481,1492,1555,1562,1587,1767,1826
86928,45,699,914,993,1245,1494,1539,1556,1845
87192,40,53,67,350,482,904,1242,1250,1299,1557
87302,38,116,211,660,924,964,1387,1539,1558,1578,1624,1750,1789,1859
87453,4,130,354,438,449,578,629,652,748,777,851,907,946,957,988,999,1088,1265,1349,1389,1426,1545,1559,1675,1708
87499,4,668,720,757,790,796,882,1332,1560,1589,1645
87615,635,681,865,1333,1476,1561
87652,26,39,270,412,763,791,831,840,939,943,1304,1423,1481,1555,1562,1702,1704
87693,122,519,588,649,822,897,1061,1178,1226,1361,1500,1563,1607,1629,1689,1778
87760,55,272,751,826,1376,1564
87841,1101,1175,1565,1604
87897,119,317,490,791,869,1113,1153,1566,1644
87923,22,827,1236,1512,1567,1627
87974,367,1568,1637
88108,4,494,543,900,1085,1300,1412,1569,1610,1663,1741,1837
88153,119,377,809,974,1027,1113,1203,1281,1347,1570,1668,1827
88241,216,353,481,755,1115,1571,1750,1858
88649,4,38,40,57,87,256,302,321,339,354,384,393,408,417,429,438,449,451,471,478,479,491,571,578,594,628,652,671,732,741,750,814,835,851,873,879,988,1031,1102,1132,1139,1156,1230,1234,1248,1252,1261,1271,1274,1291,1349,1357,1367,1383,1390,1426,1491,1523,1542,1572,1585,1708,1711,1730,1750,1791,1841,1858
88658,266,759,1333,1573,1866
88706,215,344,650,942,1148,1250,1288,1483,1496,1524,1574,1596,1706,1762,1801
88716,94,801,925,959,1323,1575,1846
88800,111,212,832,920,1221,1253,1351,1576,1590
88842,248,747,1577
88927,211,713,1558,1578
88964,319,1059,1152,1306,1516,1579
89083,279,380,430,487,524,873,924,997,1469,1523,1580,1685,1856
89182,295,483,496,682,726,735,889,890,912,940,1018,1069,1173,1222,1247,1292,1472,1581,1613,1734,1736,1808
89201,159,489,650,1088,1102,1383,1582,1719
89224,9,817,901,1130,1197,1315,1583
89295,178,696,1146,1284,1313,1363,1457,1584,1718
89391,38,54,235,438,504,555,610,614,630,723,803,873,934,1100,1132,1364,1572,1585,1667,1851
89412,287,1586
89454,220,330,648,785,885,899,1006,1063,1128,1304,1495,1555,1587,1724
89549,13,616,875,973,1533,1588,1617
89560,4,668,720,757,790,796,882,1332,1560,1589,1645
89615,485,832,991,1576,1590
89712,89,572,909,969,1011,1591,1618,1720
89838,452,512,769,815,894,1089,1592,1673,1817
89869,623,939,1239,1593,1714
89921,100,477,700,1168,1594
89990,34,501,559,699,850,876,886,906,1010,1159,1467,1541,1595,1674,1754,1755,1769,1775
90070,215,344,1574,1596,1762,1801
90113,397,744,824,953,1365,1597,1640,1865
90145,193,283,675,689,1004,1598,1616
90178,4,350,408,520,931,957,1054,1088,1252,1383,1599,1652
90290,246,523,666,718,764,856,878,1097,1487,1600,1615,1811,1813
90404,245,676,683,719,794,1024,1041,1091,1186,1201,1601,1672,1757
90433,93,466,869,938,955,1203,1262,1304,1327,1602,1724,1732,1867
90442,4,619,684,982,1047,1133,1344,1370,1603
90582,518,1101,1565,1604
90629,412,763,781,817,837,901,975,1315,1495,1605,1606,1744,1747
90877,46,1071,1315,1439,1605,1606,1653,1854
90925,122,519,588,649,822,874,897,1035,1061,1178,1226,1361,1500,1563,1607,1629,1689,1778
91038,311,1608
91110,460,566,611,945,1149,1219,1427,1609
91138,4,900,1082,1085,1300,1412,1569,1610,1741,1837
91172,194,197,1514,1611
91262,54,632,640,810,1268,1304,1548,1612
91381,295,483,496,682,726,735,889,890,912,940,1018,1069,1222,1247,1292,1472,1581,1613,1734,1808
91446,58,535,847,1067,1111,1165,1614,1628,1681,1746
91458,246,666,718,764,878,1487,1600,1615,1813
91479,283,675,689,1004,1598,1616
91516,111,616,817,833,901,996,1214,1315,1588,1617,1767
91618,1019,1591,1618,1643
91638,66,641,702,707,778,806,823,862,1030,1167,1172,1257,1278,1305,1329,1380,1498,1526,1619,1770
91730,635,799,924,1620,1844
91764,1,343,573,821,1256,1536,1621,1665,1695,1712,1829,1850
91868,427,552,1207,1468,1622,1828,1830
91905,44,162,163,1154,1410,1623,1656
91998,216,326,652,924,964,1387,1558,1624,1765
92017,260,603,721,843,1190,1509,1625,1690
92177,265,760,1026,1039,1040,1626,1789
92302,22,827,1236,1512,1567,1627
92318,58,535,1067,1111,1165,1614,1628,1681,1700,1746
92341,122,519,588,649,822,897,1035,1061,1178,1226,1361,1500,1563,1607,1629,1689,1778
92383,217,643,738,1345,1630
92419,29,526,1009,1010,1136,1631,1754
92465,24,116,129,652,789,1040,1221,1310,1448,1632,1859
92476,134,534,1454,1633,1654,1781,1782
92564,407,438,722,729,835,863,917,934,1132,1179,1234,1354,1364,1505,1634,1858
92616,269,586,850,953,1010,1635,1783,1862
92631,126,731,1636
92690,367,1070,1568,1637
92871,214,1638
92890,165,444,548,948,1296,1639
92968,17,34,106,501,533,613,678,688,782,799,885,929,1026,1306,1356,1597,1640
93000,84,697,859,919,1375,1641,1669
93030,11,834,1229,1642
93070,89,1065,1073,1319,1493,1618,1643
93114,119,317,593,763,831,849,987,1007,1203,1362,1423,1516,1525,1538,1552,1566,1644,1827
93282,4,668,720,757,790,796,882,1332,1560,1589,1645
93408,180,846,1646
93437,276,590,902,947,1124,1481,1647,1809
93463,59,645,1021,1199,1350,1523,1648,1688
93594,17,269,318,463,501,521,559,687,692,783,818,841,850,855,886,898,953,960,1010,1012,1037,1068,1131,1134,1137,1169,1183,1208,1301,1312,1378,1391,1413,1417,1473,1474,1484,1649,1660,1754,1755,1759,1769,1775,1776
93708,103,458,722,1132,1234,1271,1335,1650,1652
93793,428,510,952,1101,1651
93867,103,255,408,458,520,750,1599,1650,1652
93902,46,73,1071,1439,1606,1653
93917,134,534,1454,1633,1654,1781,1782
94012,54,545,568,582,820,866,1052,1328,1355,1477,1655,1835
94028,44,162,163,1154,1410,1623,1656
94054,316,780,1094,1197,1298,1657
94089,102,226,257,559,654,662,864,886,893,923,1009,1044,1137,1142,1159,1169,1208,1223,1280,1467,1507,1521,1522,1549,1658,1754,1755,1761,1769
94211,155,213,585,711,1108,1384,1659
94282,29,318,501,1012,1068,1131,1549,1649,1660
94482,249,645,1026,1177,1243,1337,1661
94632,93,550,805,1304,1662
94771,4,494,900,1300,1412,1569,1663,1741,1837
94871,411,1098,1664
94895,343,573,639,821,1256,1536,1621,1665,1695,1712,1829,1850
94964,180,744,780,787,799,846,1515,1666,1758
95023,185,234,276,301,438,516,531,599,734,814,873,907,1585,1667,1692,1748,1796
95033,225,640,972,974,1281,1347,1570,1668
95066,84,697,859,919,1375,1641,1669
95115,205,367,430,672,814,1428,1670
95152,13,45,398,553,875,906,914,922,1253,1351,1533,1671,1704,1822
95213,245,676,683,719,794,1041,1091,1186,1201,1511,1601,1672,1757
95237,452,512,756,762,769,815,894,1089,1382,1592,1673,1817
95278,286,526,678,685,744,824,868,876,888,1010,1044,1046,1467,1471,1521,1541,1549,1595,1674,1754,1755,1769
95487,63,353,441,520,907,1289,1399,1429,1453,1559,1675,1756
95587,49,1217,1220,1450,1510,1676
95606,45,398,522,752,1015,1283,1677
95671,370,1135,1678,1822
95685,204,1679
95705,397,698,795,1194,1228,1365,1414,1462,1680,1797
95874,58,535,792,847,1067,1111,1165,1614,1628,1681,1700,1746
95919,237,1090,1441,1682,1749
95944,180,723,824,1179,1311,1683
96012,168,1684,1792
96132,279,997,1039,1040,1469,1580,1685
96154,464,613,782,1484,1686
96249,61,226,372,601,841,883,1687,1799
96288,249,474,530,645,885,1337,1350,1648,1688,1697,1825
96313,122,519,588,649,822,874,897,1035,1061,1178,1226,1361,1500,1563,1607,1629,1689,1778
96426,260,603,721,843,1038,1190,1485,1509,1625,1690
96551,388,793,1691,1698
96577,9,531,691,814,1094,1197,1523,1667,1692,1748,1796
96588,59,474,589,747,1199,1452,1693
96606,325,880,1694
96666,343,573,821,1536,1621,1665,1695,1712,1829,1850
96703,27,1372,1696
96766,247,249,645,885,1306,1350,1688,1697
96816,388,793,924,1691,1698
96883,320,663,733,971,1699,1727,1834
96895,58,535,792,847,1067,1111,1165,1628,1681,1700
96951,17,34,586,677,687,692,742,850,855,886,953,960,1010,1044,1068,1260,1378,1413,1701,1754,1755,1769,1810
96991,99,129,327,331,351,506,953,1046,1184,1541,1562,1702,1771
97216,355,1358,1703
97386,13,39,906,922,943,973,993,1562,1671,1704,1767,1795
97403,115,829,1705
97458,215,344,942,1524,1574,1706
97497,224,409,453,992,1075,1366,1430,1456,1707
97582,406,438,652,732,766,771,803,873,907,1088,1096,1102,1216,1289,1307,1426,1470,1542,1559,1572,1708,1730,1780,1806
97600,382,505,655,686,994,1415,1530,1709,1812
97661,116,326,1126,1196,1710
97691,384,575,1572,1711
97723,1,343,821,1256,1621,1665,1695,1712,1829,1850
97770,85,129,279,510,1039,1040,1469,1476,1523,1713
97786,436,727,1593,1714
97841,385,438,516,703,722,873,1263,1715,1717
97867,450,558,695,705,913,1020,1042,1107,1232,1277,1527,1716
97951,385,516,1263,1715,1717
97975,178,1146,1284,1313,1363,1457,1584,1718
98013,47,192,754,907,999,1088,1335,1470,1550,1582,1719
98048,109,166,281,363,428,435,437,445,606,1029,1237,1591,1720
98097,32,651,1054,1115,1147,1721,1750
98127,53,502,1242,1299,1401,1449,1722
98179,404,515,540,1087,1119,1138,1287,1723
98206,93,480,805,938,972,1262,1304,1587,1602,1724,1816
98331,113,282,1725,1807
98444,74,219,1537,1726
98483,320,663,733,971,1699,1727,1834
98495,382,505,686,994,1415,1530,1728,1812
98636,48,337,562,699,712,744,817,930,937,939,1532,1729,1822,1826
98720,438,449,816,907,1274,1349,1367,1542,1572,1708,1730,1780
98784,391,445,627,976,1182,1270,1731
98870,438,465,466,652,869,938,955,972,1007,1189,1200,1203,1304,1419,1602,1732,1798
98932,204,761,1017,1478,1733
98963,295,483,496,631,889,890,912,940,1018,1069,1222,1247,1292,1472,1581,1613,1734,1808
98998,325,556,824,1279,1735
99026,295,631,889,912,1222,1581,1736
99046,382,895,1202,1218,1303,1321,1737,1751
99093,45,328,522,752,858,1015,1144,1405,1738
99132,95,497,1739,1844
99207,352,488,622,887,903,1267,1325,1339,1528,1740,1786
99246,4,494,900,1300,1569,1610,1663,1741,1837
99345,335,624,1434,1742
99354,236,838,867,1032,1045,1743
99379,306,412,623,763,785,817,901,930,939,970,975,1016,1103,1181,1239,1264,1605,1744
99392,244,625,1320,1745
99481,58,792,847,1067,1165,1614,1628,1681,1746
99512,65,337,837,901,1605,1747
99536,531,725,1520,1667,1692,1748,1796
99654,237,763,1090,1441,1682,1749
100111,40,57,71,127,191,214,216,256,290,321,338,407,429,438,449,451,478,520,547,571,578,594,651,652,660,772,816,835,851,873,884,935,988,1031,1062,1072,1132,1147,1158,1230,1234,1246,1261,1289,1293,1340,1354,1357,1390,1428,1491,1505,1545,1558,1571,1572,1721,1750,1766,1820,1838
100149,382,895,1202,1218,1303,1321,1737,1751
100232,307,528,990,1105,1341,1445,1752
100456,150,527,564,1028,1308,1753,1760
100668,17,29,286,463,473,501,559,586,634,685,687,699,768,824,850,876,886,898,906,928,953,1010,1012,1037,1109,1131,1159,1169,1205,1211,1244,1391,1413,1448,1467,1521,1539,1549,1595,1631,1649,1658,1674,1701,1754,1755,1759,1769,1802,1822,1853,1862
100884,17,29,123,160,269,463,473,501,521,559,586,634,638,677,678,685,687,692,699,706,783,818,824,841,850,864,876,886,888,926,953,960,973,1000,1009,1010,1012,1014,1037,1044,1109,1117,1131,1134,1169,1183,1205,1208,1211,1244,1260,1301,1312,1378,1391,1413,1448,1459,1467,1473,1474,1508,1521,1522,1549,1595,1649,1658,1674,1701,1754,1755,1759,1761,1769,1775,1776,1785,1802,1862
100957,216,1185,1246,1249,1367,1399,1428,1675,1756
100981,245,676,683,794,1024,1041,1186,1201,1511,1601,1672,1757
101038,233,489,597,656,782,986,1666,1758
101063,29,501,850,886,953,1009,1010,1012,1037,1131,1208,1649,1754,1755,1759,1769
101084,150,527,564,1028,1308,1753,1760
101198,3,29,318,319,463,501,521,559,677,850,855,888,926,1010,1068,1109,1131,1134,1163,1169,1183,1204,1336,1337,1473,1474,1549,1658,1755,1761,1769,1862
101331,215,344,942,1288,1483,1496,1574,1596,1762
101421,367,773,799,1400,1523,1763
101470,129,210,681,699,782,993,1227,1400,1469,1531,1534,1764,1789,1849
101624,667,1624,1765
101721,40,471,732,748,754,771,1274,1324,1354,1470,1491,1750,1766,1806,1858
101787,45,281,627,763,817,901,920,973,1555,1617,1704,1767
101819,92,644,1060,1768
101946,17,29,34,269,463,473,501,521,559,586,654,677,678,687,692,783,786,841,850,855,864,876,886,888,923,953,1010,1012,1037,1044,1109,1131,1134,1137,1159,1169,1204,1208,1211,1260,1301,1378,1391,1413,1417,1467,1474,1507,1521,1534,1549,1595,1649,1658,1674,1701,1754,1755,1759,1761,1769,1776,1785,1853,1862
102014,66,641,702,707,778,806,823,862,1030,1167,1172,1257,1278,1305,1329,1380,1498,1526,1619,1770
102120,331,953,1184,1494,1702,1771
102129,25,1772
102146,249,507,784,892,1022,1446,1773
102185,29,318,586,742,1009,1131,1378,1774,1810,1862
102218,17,463,501,685,687,898,960,1010,1012,1037,1131,1134,1169,1183,1208,1391,1595,1649,1755,1775
102248,17,34,269,501,559,677,687,818,841,850,876,953,1010,1012,1131,1260,1413,1649,1755,1769,1776,1853
102362,33,850,986,1140,1310,1466,1777
102379,122,519,588,649,822,874,897,1035,1061,1178,1226,1361,1500,1563,1607,1629,1689,1778
102420,228,622,864,893,1092,1192,1280,1407,1779
102444,438,482,671,748,931,988,999,1054,1088,1165,1708,1730,1780
102562,134,534,1454,1633,1654,1781,1782
102589,134,534,1454,1633,1654,1781,1782
102661,315,678,1635,1783,1793
102722,740,924,1784
102824,17,501,677,692,1010,1474,1755,1769,1785
102867,352,488,604,887,903,1267,1528,1740,1786
102909,323,939,1016,1021,1492,1497,1787
102929,273,1175,1788
102977,74,308,597,650,799,924,1163,1273,1558,1626,1764,1789
103005,141,143,1056,1790
103185,256,367,438,468,482,578,652,750,986,1054,1088,1230,1234,1268,1545,1572,1791
103201,168,219,1684,1792
103225,315,678,960,1474,1783,1793
103256,313,609,1155,1231,1254,1451,1794
103307,224,386,868,906,1442,1554,1704,1795,1862
103371,78,531,1520,1667,1692,1748,1796
103398,397,698,795,1194,1228,1365,1414,1462,1680,1797
103491,317,377,620,728,809,810,869,915,955,1203,1538,1732,1798
103522,61,601,883,1195,1687,1799,1833
103593,524,765,1393,1800
103644,215,344,1574,1596,1801
103809,351,506,782,993,1009,1245,1421,1754,1755,1802
103866,72,304,817,825,1803
103884,291,322,356,525,541,598,1104,1297,1804
103913,412,740,742,850,1026,1250,1330,1335,1519,1805
104003,195,382,383,384,407,438,614,835,873,917,957,1132,1234,1364,1390,1470,1491,1708,1766,1806,1858
104064,113,282,1725,1807
104140,295,483,496,682,726,735,889,890,912,940,1018,1069,1222,1247,1292,1472,1581,1613,1734,1808
104231,276,590,902,1124,1481,1647,1809
104274,34,501,586,677,685,953,1009,1378,1701,1774,1810
104291,246,523,666,718,764,856,878,1097,1486,1487,1600,1811,1813
104316,382,655,686,921,994,1415,1530,1709,1728,1812
104354,246,523,666,718,764,856,878,1097,1486,1487,1600,1615,1811,1813
104398,36,1356,1379,1814
104426,20,54,669,746,954,963,1023,1095,1318,1388,1447,1815
104605,220,330,480,899,1006,1063,1126,1262,1304,1480,1724,1816
104706,756,815,1488,1592,1673,1817
104743,108,500,565,714,743,1818
104768,37,499,1055,1171,1819
104800,321,547,1115,1383,1542,1750,1820
104830,86,665,1821
104856,337,425,699,937,1348,1421,1532,1671,1678,1729,1754,1822
104968,161,317,791,809,869,1059,1516,1538,1823
104999,137,138,139,376,861,998,1013,1121,1352,1402,1824
105096,249,530,561,791,885,1026,1350,1688,1825
105242,316,744,939,1555,1729,1826
105373,119,593,791,807,831,987,1007,1120,1203,1281,1362,1419,1516,1525,1570,1644,1827
105425,427,552,1207,1622,1828,1830
105468,1,343,821,1536,1621,1665,1695,1712,1829,1850
105581,427,552,1207,1622,1828,1830
105638,346,371,1099,1831
105661,39,511,1197,1306,1832,1865
105714,121,226,513,537,657,883,916,936,956,1145,1195,1314,1377,1437,1799,1833
105751,320,663,733,971,1699,1727,1834
105759,54,545,568,820,866,1355,1477,1655,1835
105789,174,347,1315,1836
105832,4,494,900,1300,1412,1569,1610,1663,1741,1837
105986,40,243,470,594,629,771,860,1248,1249,1324,1358,1428,1491,1750,1838
106060,599,1296,1482,1839
106104,337,560,853,939,1006,1103,1152,1239,1304,1395,1840
106147,87,255,651,671,879,1250,1572,1841
106201,295,475,646,1842
106272,401,797,1174,1250,1843
106378,95,497,1620,1739,1844
106491,485,906,1050,1556,1845
106507,94,801,925,959,1049,1323,1575,1846
106536,379,775,951,1150,1241,1343,1847
106572,1163,1311,1848
106631,210,506,1163,1764,1849
106690,1,343,573,639,821,1256,1536,1621,1665,1695,1712,1829,1850
106739,240,555,1116,1166,1585,1851
106781,416,570,575,580,605,932,933,1005,1084,1294,1398,1852
106833,17,463,501,687,692,841,855,886,953,1010,1037,1131,1134,1159,1208,1413,1521,1754,1769,1776,1853
106931,46,68,765,1071,1130,1360,1439,1606,1854
106971,153,224,1366,1456,1855
107005,38,279,524,1523,1580,1856
107072,91,170,596,779,985,1114,1857
107171,195,407,449,594,629,732,754,1132,1148,1246,1324,1335,1354,1364,1408,1571,1572,1634,1766,1806,1858
107361,38,74,351,635,650,768,789,885,924,1197,1215,1227,1258,1494,1529,1535,1539,1558,1632,1859
107385,404,515,540,701,1087,1119,1198,1287,1860
107521,105,472,621,709,846,1118,1317,1322,1861
107636,34,501,521,559,586,634,677,678,687,742,841,850,872,906,953,1009,1010,1012,1014,1037,1044,1068,1131,1134,1137,1159,1169,1205,1301,1378,1474,1521,1635,1754,1755,1761,1769,1774,1795,1862
107686,438,652,750,911,1386,1863
107755,418,637,658,710,828,949,1209,1397,1502,1864
107862,824,1163,1228,1320,1466,1521,1597,1832,1865
107984,266,759,1333,1573,1866
108035,124,465,466,632,810,869,915,938,972,1200,1259,1304,1381,1404,1525,1602,1867
