7 5 22 37 42 50 62 66
1 75
3 83 100 115
8 121 138 153 158 166 178 182 190
10 197 214 229 234 242 254 258 266 270 276
10 282 299 314 319 327 339 343 351 355 361
8 368 385 400 405 413 425 429 437
10 443 460 475 480 488 500 504 512 516 522
6 535 552 567 572 580 592
6 598 615 630 635 643 655
8 662 679 694 699 707 719 723 731
2 739 756
9 763 780 795 800 808 820 824 832 836
7 844 861 876 881 889 901 905
9 910 927 942 947 955 967 971 979 983
4 991 1008 1023 1028
5 1034 1051 1066 1071 1079
6 1091 1108 1123 1128 1136 1148
4 1155 1172 1187 1192
0
7 1206 1223 1238 1243 1251 1263 1267
8 1277 1294 1309 1314 1322 1334 1338 1346
10 1351 1368 1383 1388 1396 1408 1412 1420 1424 1430
6 1441 1458 1473 1478 1486 1498
9 1505 1522 1537 1542 1550 1562 1566 1574 1578
7 1589 1606 1621 1626 1634 1646 1650
10 1653 1670 1685 1690 1698 1710 1714 1722 1726 1732
7 1743 1760 1775 1780 1788 1800 1804
5 1808 1825 1840 1845 1853
8 1864 1881 1896 1901 1909 1921 1925 1933
5 1941 1958 1973 1978 1986
8 1999 2016 2031 2036 2044 2056 2060 2068
7 2074 2091 2106 2111 2119 2131 2135
5 1043 2156 2171 2176 2184
5 2189 2206 2221 2226 2234
6 2251 2268 2283 2288 2296 2308
7 2314 2331 2346 2351 2359 2371 2375
10 2382 2399 2414 2419 2427 2439 2443 2451 2455 2461
8 1822 2481 2496 2501 2509 2521 2525 2533
5 2540 2557 2572 2577 2585
4 2592 2609 2624 2629
3 2639 2656 2671
7 2677 2694 2709 2714 2722 2734 2738
1 2751
7 2757 2774 2789 2794 2802 2814 2818
5 2820 2837 2852 2857 2865
6 2876 2893 2908 2913 2921 2933
7 2941 2958 2973 2978 2986 2998 3002
9 3007 3024 3039 3044 3052 3064 3068 3076 3080
10 2638 3098 3113 3118 3126 3138 3142 3150 3154 3160
1 3172
9 3186 3203 3218 3223 3231 3243 3247 3255 3259
2 3267 3284
8 3296 3313 3328 3333 3341 3353 3357 3365
9 3369 3386 3401 3406 3414 3426 3430 3438 3442
7 1877 3460 3475 3480 3488 3500 3504
6 3510 3527 3542 3547 3555 3567
6 3573 3590 3605 3610 3618 3630
8 3634 3651 3666 3671 3679 3691 3695 3703
10 3705 3722 3737 3742 3750 3762 3766 3774 3778 3784
7 3791 3808 3823 3828 3836 3848 3852
7 3861 3878 3893 3898 3906 3918 3922
6 3933 3950 3965 3970 3978 3990
2 3995 4012
10 4029 4046 4061 4066 4074 4086 4090 4098 4102 4108
9 4109 4126 4141 4146 4154 4166 4170 4178 4182
9 3579 4199 4214 4219 4227 4239 4243 4251 4255
10 4257 4274 4289 4294 4302 4314 4318 4326 4330 4336
8 4343 4360 4375 4380 4388 4400 4404 4412
7 4418 4435 4450 4455 4463 4475 4479
8 4440 4497 4512 4517 4525 4537 4541 4549
10 4556 4573 4588 4593 4601 4613 4617 4625 4629 4635
10 1401 4641 4656 4661 4669 4681 4685 4693 4697 4703
5 4383 4723 4738 4743 4751
10 4753 4770 4785 4790 4798 4810 4814 4822 4826 4832
4 4834 4851 4866 4871
7 4875 4892 4907 4912 4920 4932 4936
4 4947 4972 4995 5000
9 5011 5028 5043 5048 5056 5068 5072 5080 5084
8 5088 5105 5120 5125 5133 5145 5149 5157
9 5163 5180 5195 5200 5208 5220 5224 5232 5236
5 3372 5253 5268 5273 5281
10 1633 5301 5316 5321 5329 5341 5345 5353 5357 5363
7 5365 5382 5397 5402 5410 5422 5426
8 5434 5451 5466 5471 5479 5491 5495 5503
5 5507 5524 5539 5544 5552
10 1091 5572 5587 5592 5600 5612 5616 5624 5628 5634
9 3429 5648 5663 5668 5676 5688 5692 5700 5704
8 5708 5725 5740 5745 5753 5765 5769 5777
9 5779 5796 5811 5816 5824 5836 5840 5848 5852
6 5855 5872 5887 5892 5900 5912
9 3401 5926 5941 5946 5954 5966 5970 5978 5982
4 5991 6008 6023 6028
9 6036 6053 6068 6073 6081 6093 6097 6105 6109
7 6115 6132 6147 6152 6160 6172 6176
7 4661 6197 6212 6217 6226 6239 6243
8 5992 6261 6276 6281 6289 6301 6305 6313
10 3389 6329 6344 6349 6357 6369 6373 6381 6385 6391
8 2494 6411 6426 6431 6439 6451 6455 6463
2 6470 6487
9 3023 6513 6528 6533 6541 6553 6557 6565 6569
2 6575 6592
2 6600 6617
9 6623 6640 6655 6660 6668 6680 6684 6692 6696
6 6700 6717 6732 6737 6745 6757
6 6762 6779 6794 6799 6807 6819
2 6823 6840
3 6851 6868 6883
9 6887 6904 6919 6924 6932 6944 6948 6956 6960
5 6966 6983 6998 7003 7011
3 3111 7030 7045
9 5948 7061 7076 7081 7089 7101 7105 7113 7117
4 5242 7134 7149 7154
6 7162 7179 7194 7199 7207 7219
10 2497 7229 7244 7249 7257 7269 7273 7281 7285 7291
4 7298 7315 7330 7335
9 1917 7347 7362 7367 7375 7387 7391 7399 7403
1 7411
7 4876 7439 7454 7459 7467 7479 7483
8 7490 7507 7522 7527 7535 7547 7551 7559
8 7561 7578 7593 7598 7606 7618 7622 7630
5 7635 7652 7667 7672 7680
3 7688 7705 7720
10 4387 7727 7742 7747 7755 7767 7771 7779 7783 7789
10 6739 7809 7824 7829 7837 7849 7853 7861 7865 7871
7 4535 7895 7910 7915 7923 7935 7939
7 7943 7960 7975 7980 7988 8000 8004
7 5575 8021 8036 8041 8049 8061 8065
9 5248 8087 8102 8107 8115 8127 8131 8139 8143
7 4244 8158 8173 8178 8186 8198 8202
2 8210 8227
2 8239 8256
6 1883 8269 8284 8289 8297 8309
1 8317
10 8327 8344 8359 8364 8372 8384 8388 8396 8400 8406
9 1707 8409 8424 8429 8437 8449 8453 8461 8465
1 8474
1 8490
1 8507
9 8522 8539 8554 8559 8567 8579 8583 8591 8595
7 1998 8605 8620 8625 8633 8645 8649
8 4799 8664 8679 8684 8692 8704 8708 8716
10 5156 8724 8739 8744 8752 8764 8768 8776 8780 8786
10 2831 8800 8815 8820 8828 8840 8844 8852 8856 8862
8 8868 8885 8900 8905 8913 8925 8929 8937
6 5712 8953 8968 8973 8981 8993
5 9002 9019 9034 9039 9047
10 1408 9057 9072 9077 9085 9097 9101 9109 9113 9119
5 6563 9138 9153 9158 9166
4 9173 9190 9205 9210
6 7359 9231 9246 9251 9259 9271
10 4128 9287 9302 9307 9315 9327 9331 9339 9343 9349
5 3665 9360 9375 9380 9388
5 9402 9419 9434 9439 9447
8 4259 9464 9479 9484 9492 9504 9508 9516
9 9517 9534 9549 9554 9562 9574 9578 9586 9590
5 9522 9612 9627 9632 9640
8 3468 9657 9672 9677 9685 9697 9701 9709
5 3579 9727 9742 9747 9755
5 9760 9777 9792 9797 9805
9 2829 9813 9828 9833 9841 9853 9857 9865 9869
2 9874 9891
1 9892
4 8303 9921 9936 9941
9 5745 9960 9975 9980 9988 10000 10004 10012 10016
10 8411 10037 10052 10057 10065 10077 10081 10089 10093 10099
10 7520 10115 10130 10135 10143 10155 10159 10167 10171 10177
10 8249 10194 10209 10214 10222 10234 10238 10246 10250 10256
9 10260 10277 10292 10297 10305 10317 10321 10329 10333
7 6598 10353 10368 10373 10381 10393 10397
9 3201 10400 10415 10420 10428 10440 10444 10452 10456
10 6567 10474 10489 10494 10502 10514 10518 10526 10530 10536
7 5799 10555 10570 10575 10583 10595 10599
5 7260 10616 10631 10636 10644
8 5745 10656 10671 10676 10684 10696 10700 10708
9 4521 10719 10734 10739 10747 10759 10763 10771 10775
4 10782 10799 10814 10819
6 4150 10834 10849 10854 10862 10874
10 5745 10886 10901 10906 10914 10926 10930 10938 10942 10948
2 10956 10973
9 5712 10987 11002 11007 11015 11027 11031 11039 11043
9 2026 11056 11071 11076 11084 11096 11100 11108 11112
4 3817 11129 11144 11149
9 5087 11165 11180 11185 11193 11205 11209 11217 11221
9 2522 11229 11244 11249 11257 11269 11273 11281 11285
7 11291 11308 11323 11328 11336 11348 11352
5 100 11364 11379 11384 11392
2 11405 11422
5 11439 11456 11471 11476 11484
7 5182 11503 11518 11523 11531 11543 11547
9 4362 11563 11578 11583 11591 11603 11607 11615 11619
7 6839 11634 11649 11654 11662 11674 11678
9 5860 11692 11707 11712 11720 11732 11736 11744 11748
8 11495 11765 11780 11785 11793 11805 11809 11817
9 4236 11833 11848 11853 11861 11873 11877 11885 11889
10 1387 11894 11909 11914 11922 11934 11938 11946 11950 11956
7 11958 11975 11990 11995 12003 12015 12019
5 12021 12038 12053 12058 12066
9 9234 12083 12098 12103 12111 12123 12127 12135 12139
7 12145 12162 12177 12182 12190 12202 12206
8 12074 12174 12194 12217 12225 12237 12241 12249
9 3864 12258 12273 12278 12286 12298 12302 12310 12314
8 3389 12321 12336 12341 12349 12361 12365 12373
4 12377 12394 12409 12414
8 4985 12431 12446 12451 12459 12471 12475 12483
10 1381 8971 12493 12498 12506 12518 12522 12530 12534 12540
9 1382 7617 12546 12551 12559 12571 12575 12583 12587
3 12593 12610 12625
5 10036 12641 12656 12661 12669
7 12676 12693 12708 12713 12721 12733 12737
6 11541 12750 12765 12770 12778 12790
4 9830 12808 12823 12828
10 1382 8079 12836 12841 12849 12861 12865 12873 12877 12883
7 7961 12905 12920 12925 12933 12945 12949
9 7696 12964 12979 12984 12992 13004 13008 13016 13020
7 11852 13042 13057 13062 13070 13082 13086
5 13093 13110 13125 13130 13138
1 13143
5 10183 13170 13185 13190 13198
5 7170 13221 13236 13241 13249
9 8996 13272 13287 13292 13300 13312 13316 13324 13328
7 6732 13343 13358 13363 13371 13383 13387
8 3429 13389 13404 13409 13417 13429 13433 13441
9 3097 13450 13465 13470 13478 13490 13494 13502 13506
2 13513 13530
7 6587 13556 13571 13576 13584 13596 13600
2 13611 13628
7 10768 13654 13669 13674 13682 13694 13698
9 5899 13706 13721 13726 13734 13746 13750 13758 13762
8 2204 13772 13787 13792 13800 13812 13816 13824
7 1998 9827 13837 13842 13850 13862 13866
1 13872
8 2535 13885 13900 13905 13913 13925 13929 13937
7 4387 13947 13962 13967 13975 13987 13991
4 13994 14011 14026 14031
8 4686 14041 14056 14061 14069 14081 14085 14093
10 4764 14102 14117 14122 14130 14142 14146 14154 14158 14164
5 14165 14182 14197 14202 14210
7 5705 14230 14245 14250 14258 14270 14274
7 3678 14286 14301 14306 14314 14326 14330
10 2003 14342 14357 14362 14370 14382 14386 14394 14398 14404
5 14409 14426 14441 14446 14454
1 14463
9 5731 14488 14503 14508 14516 14528 14532 14540 14544
5 14551 14568 14583 14588 14596
2 14606 14623
5 14629 14646 14661 14666 14674
8 6493 14698 14713 14718 14726 14738 14742 14750
7 10879 14764 14779 14784 14792 14804 14808
2 14818 14835
1 14854
9 907 14870 14885 14890 14898 14910 14914 14922 14926
10 1357 14931 14946 14951 14959 14971 14975 14983 14987 14993
9 4329 15009 15024 15029 15037 15049 15053 15061 15065
8 3552 15081 15096 15101 15109 15121 15125 15133
9 4520 15144 15159 15164 15172 15184 15188 15196 15200
1 15208
8 3093 15219 15234 15239 15247 15259 15263 15271
7 7615 9918 15283 15288 15296 15308 15312
7 7464 15332 15347 15352 15360 15372 15376
2 12434 15397
9 2831 15402 15417 15422 15430 15442 15446 15454 15458
5 4798 15465 15480 15485 15493
7 7888 15518 15533 15538 15546 15558 15562
7 4721 15582 15597 15602 15610 15622 15626
5 2831 15640 15655 15660 15668
4 15678 15695 15711 15716
2 15727 15744
5 8292 15772 15787 15792 15800
7 2494 15812 15827 15832 15840 15852 15856
5 8996 15876 15891 15896 15904
5 15915 15932 15947 15952 15960
6 7432 15976 15991 15996 16004 16016
6 7993 16033 16048 16053 16061 16073
9 1931 16078 16093 16098 16106 16118 16122 16130 16134
4 12684 16147 16162 16167
10 8438 16185 16200 16205 16213 16225 16229 16237 16241 16247
3 16087 16270 16285
3 16291 16308 16323
10 8729 16337 16352 16357 16365 16377 16381 16389 16393 16399
7 15219 16419 16434 16439 16447 16459 16463
5 9064 16481 16496 16501 16509
10 3416 16523 16538 16543 16551 16563 16567 16575 16579 16585
9 881 16594 16609 16614 16622 16634 16638 16646 16650
7 3792 16663 16678 16683 16691 16703 16707
6 10171 16726 16741 16746 16754 16766
8 16771 16788 16803 16808 16816 16828 16832 16840
5 16844 16861 16876 16881 16889
7 16896 16913 16928 16933 16941 16953 16957
6 7947 16977 16992 16997 17005 17017
8 17021 17038 17053 17058 17066 17078 17082 17090
8 3194 17103 17118 17123 17131 17143 17147 17155
6 17157 17174 17189 17194 17202 17214
4 8201 17231 17246 17251
9 7389 17261 17276 17281 17289 17301 17305 17313 17317
8 3265 15183 17337 17342 17350 17362 17366 17374
8 3320 17376 17391 17396 17404 17416 17420 17428
7 4524 17441 17456 17461 17469 17481 17485
7 11658 17500 17515 17520 17528 17540 17544
6 17554 17571 17586 17591 17599 17611
10 13926 17628 17643 17648 17656 17668 17672 17680 17684 17690
4 17696 17713 17728 17733
10 2357 17740 17755 17760 17768 17780 17784 17792 17796 17802
9 5910 17813 17828 17833 17841 17853 17857 17865 17869
10 2205 15504 17879 17884 17892 17904 17908 17916 17920 17926
4 9560 17939 17954 17959
0
6 17967 17984 17999 18004 18012 18024
7 4875 18033 18048 18053 18061 18073 18077
7 7520 18088 18103 18108 18116 18128 18132
9 8522 18143 18158 18163 18171 18183 18187 18195 18199
6 18205 18222 18237 18242 18250 18262
8 2585 18273 18288 18293 18301 18313 18317 18325
7 3295 18331 18346 18351 18359 18371 18375
5 18379 18396 18411 18416 18424
2 18439 18456
7 3379 18464 18479 18484 18492 18504 18508
5 1816 18516 18531 18536 18544
5 3307 18560 18575 18580 18588
8 3083 18604 18619 18624 18632 18644 18648 18656
5 12110 18672 18687 18692 18700
4 2186 18717 18732 18737
5 18744 18761 18776 18781 18789
7 3212 18800 18815 18820 18828 18840 18844
7 4911 18854 18869 18874 18882 18894 18898
8 4663 18907 18922 18927 18935 18947 18951 18959
8 9148 18970 18985 18990 18998 19010 19014 19022
5 9684 19034 19049 19054 19062
9 2796 19072 19087 19092 19100 19112 19116 19124 19128
5 19134 19151 19166 19171 19179
9 5869 19188 19203 19208 19216 19228 19232 19240 19244
5 14953 19261 19276 19281 19289
1 19303
9 5164 8126 11794 11958 19322 19334 19338 19346 19350
5 19357 19374 19389 19394 19402
9 4458 19423 19438 19443 19451 19463 19467 19475 19479
4 11653 19498 19513 19518
7 4486 19527 19542 19547 19555 19567 19571
6 8036 19586 19601 19606 19614 19626
7 3289 19635 19650 19655 19663 19675 19679
9 8145 19697 19712 19717 19725 19737 19741 19749 19753
10 17893 19773 19788 19793 19801 19813 19817 19825 19829 19835
6 41 19840 19855 19860 19868 19880
5 11923 19898 19913 19918 19926
7 3064 19934 19949 19954 19962 19974 19978
9 5948 19992 20007 20012 20020 20032 20036 20044 20048
7 5721 20060 20075 20080 20088 20100 20104
9 1903 10905 20118 20123 20131 20143 20147 20155 20159
9 4559 20163 20178 20183 20191 20203 20207 20215 20219
10 4187 14223 20226 20231 20239 20251 20255 20263 20267 20273
7 7722 20287 20302 20307 20315 20327 20331
9 20337 20354 20369 20374 20382 20394 20398 20406 20410
5 11646 20427 20442 20447 20455
7 15197 20473 20488 20493 20501 20513 20517
7 7884 20535 20550 20555 20563 20575 20579
10 9127 20591 20606 20611 20619 20631 20635 20643 20647 20653
5 6282 20668 20683 20688 20696
3 16149 20723 20738
6 10506 20752 20767 20772 20780 20792
5 7167 20804 20819 20824 20832
6 20840 20857 20872 20877 20885 20897
8 3505 20907 20922 20927 20935 20947 20951 20959
9 4965 20268 20974 20979 20987 20999 21003 21011 21015
9 2533 21021 21036 21041 21049 21061 21065 21073 21077
1 21082
10 21098 21115 21130 21135 21143 21155 21159 21167 21171 21177
5 8946 21197 21212 21217 21225
1 21235
8 4852 21241 21256 21261 21269 21281 21285 21293
8 4852 21303 21318 21323 21331 21343 21347 21355
9 3717 21362 21377 21382 21390 21402 21406 21414 21418
5 4755 21434 21449 21454 21462
7 8422 21481 21496 21501 21509 21521 21525
9 12194 21538 21553 21558 21566 21578 21582 21590 21594
7 7906 21595 21610 21615 21623 21635 21639
1 21643
6 17521 21669 21684 21689 21697 21709
9 21714 21731 21746 21751 21759 21771 21775 21783 21787
7 10211 21803 21818 21823 21831 21843 21847
4 11701 21868 21883 21888
10 14530 21904 21919 21924 21932 21944 21948 21956 21960 21966
8 10010 21984 21999 22004 22012 22024 22028 22036
7 8153 22051 22066 22071 22079 22091 22095
8 2034 22104 22119 22124 22132 22144 22148 22156
9 4866 22161 22176 22181 22189 22201 22205 22213 22217
5 10751 22234 22249 22254 22262
10 12354 22283 22298 22303 22311 22323 22327 22335 22339 22345
8 6462 22356 22371 22376 22384 22396 22400 22408
7 3126 22416 22431 22436 22444 22456 22460
6 6302 22475 22490 22495 22503 22515
9 7761 22526 22541 22546 22554 22566 22570 22578 22582
8 1664 20009 22600 22605 22613 22625 22629 22637
4 17408 22654 22669 22674
9 2282 22686 22701 22706 22714 22726 22730 22738 22742
4 15504 22755 22770 22775
9 22780 22797 22812 22817 22825 22837 22841 22849 22853
7 8426 22869 22884 22889 22897 22909 22913
4 22918 22935 22950 22955
6 22957 22974 22989 22994 23002 23014
9 22988 23031 23046 23051 23059 23071 23075 23083 23087
6 12437 23103 23118 23123 23131 23143
7 14059 23158 23173 23178 23186 23198 23202
5 18981 23221 23236 23241 23249
7 10941 23262 23277 23282 23290 23302 23306
6 14367 23325 23340 23345 23353 23365
7 14407 23380 23395 23400 23408 23420 23424
2 23428 23445
5 3941 23461 23476 23481 23489
10 2527 23504 23519 23524 23532 23544 23548 23556 23560 23566
7 7609 23576 23591 23596 23604 23616 23620
9 2468 23637 23652 23657 23665 23677 23681 23689 23693
9 3500 17749 23706 23711 23719 23731 23735 23743 23747
8 3095 23754 23769 23774 23782 23794 23798 23806
9 10036 23823 23838 23843 23851 23863 23867 23875 23879
9 4793 21635 23895 23900 23908 23920 23924 23932 23936
10 4195 15519 21602 23940 23948 23960 23964 23972 23976 23982
9 7888 23042 24002 24007 24015 24027 24031 24039 24043
4 24048 24065 24080 24085
5 6188 24106 24121 24126 24134
10 2723 21540 24158 24163 24171 24183 24187 24195 24199 24205
5 11925 24219 24234 24239 24247
4 17525 24273 24288 24293
3 24300 24317 24332
9 21279 24349 24364 24369 24377 24389 24393 24401 24405
9 5334 24417 24432 24437 24445 24457 24461 24469 24473
9 3150 18133 24488 24493 24501 24513 24517 24525 24529
7 10879 24543 24558 24563 24571 24583 24587
7 1670 17767 24603 24608 24616 24628 24632
10 1529 12569 23907 24644 24652 24664 24668 24676 24680 24686
6 7358 24700 24715 24720 24728 24740
8 24741 24758 24773 24778 24786 24798 24802 24810
5 9148 24820 24835 24840 24848
2 24863 24880
1 24895
9 5919 24906 24921 24926 24934 24946 24950 24958 24962
7 2521 19641 24976 24981 24989 25001 25005
7 4026 25016 25031 25036 25044 25056 25060
7 10831 25073 25088 25093 25101 25113 25117
7 7993 25128 25143 25148 25156 25168 25172
8 7734 25187 25202 25207 25215 25227 25231 25239
8 3265 25244 25259 25264 25272 25284 25288 25296
6 11572 25305 25320 25325 25333 25345
7 25349 25366 25381 25386 25394 25406 25410
5 12684 25425 25440 25445 25453
9 6923 25468 25483 25488 25496 25508 25512 25520 25524
10 3237 25526 25541 25546 25554 25566 25570 25578 25582 25588
5 20282 25604 25619 25624 25632
7 3478 25650 25665 25670 25678 25690 25694
9 10731 25710 25725 25730 25738 25750 25754 25762 25766
5 17880 25779 25794 25799 25807
4 25812 25829 25844 25849
10 3884 25860 25875 25880 25888 25900 25904 25912 25916 25922
9 6073 25933 25948 25953 25961 25973 25977 25985 25989
6 25992 26009 26024 26029 26037 26049
8 10335 26063 26078 26083 26091 26103 26107 26115
2 5178 19336
6 11859 26139 26154 26159 26167 26179
9 7518 26184 26199 26204 26212 26224 26228 26236 26240
4 9099 26258 26273 26278
5 17334 26296 26311 26316 26324
2 24965 26341
10 9148 26358 26373 26378 26386 26398 26402 26410 26414 26420
7 3389 18511 26439 26444 26452 26464 26468
7 14934 26483 26498 26503 26511 26523 26527
7 12538 26543 26558 26563 26571 26583 26587
5 10564 26604 26619 26624 26632
3 11653 26656 26671
9 2350 12194 26677 26682 26690 26702 26706 26714 26718
5 7353 26724 26739 26744 26752
5 17451 26774 26789 26794 26802
7 26814 26831 26846 26851 26859 26871 26875
1 12846
5 26894 26911 26926 26931 26939
7 3690 26956 26971 26976 26984 26996 27000
1 27005
5 16298 27023 27038 27043 27051
2 27058 27075
9 8021 24010 27095 27100 27108 27120 27124 27132 27136
5 27143 27160 27175 27180 27188
7 10531 27208 27223 27228 27236 27248 27252
9 8062 27272 27287 27292 27300 27312 27316 27324 27328
7 4793 27340 27355 27360 27368 27380 27384
1 27388
5 27404 27421 27436 27441 27449
4 3379 27462 27477 27482
5 4646 27486 27501 27506 27514
4 27522 27539 27554 27559
6 6587 27575 27590 27595 27603 27615
4 27620 27637 27652 27657
2 27667 27684
6 8198 27696 27711 27716 27724 27736
4 2829 27746 27761 27766
0
1 27773
5 27786 27803 27818 27823 27831
0
5 27840 27857 27872 27877 27885
5 27899 27916 27931 27936 27944
0
6 7559 27953 27968 27973 27981 27993
5 2170 27998 28013 28018 28026
0
8 16210 28052 28067 28072 28080 28092 28096 28104
4 28109 28126 28141 28146
2 28150 28167
5 28170 28187 28202 28207 28215
1 28226
9 17426 28244 28259 28264 28272 28284 28288 28296 28300
1 28306
7 10206 28332 28347 28352 28360 28372 28376
8 8756 28384 28399 28404 28412 28424 28428 28436
7 10472 28450 28465 28470 28478 28490 28494
2 20285 28513
5 1664 28530 28545 28550 28558
0
5 7762 28578 28593 28598 28606
1 28620
5 25314 28650 28665 28670 28678
6 24121 28698 28713 28718 28726 28738
7 14700 28746 28761 28766 28774 28786 28790
2 28802 28819
7 28830 28847 28862 28867 28875 28887 28891
1 28903
1 28919
10 15190 28938 28953 28958 28966 28978 28982 28990 28994 29000
9 29007 29024 29039 29044 29052 29064 29068 29076 29080
4 29089 29106 29121 29126
0
0
7 29136 29153 29168 29173 29181 29193 29197
5 16282 29220 29235 29240 29248
4 29253 29270 29285 29290
7 2871 18944 29304 29309 29317 29329 29333
1 29342
0
1 29361
3 29364 29381 29396
7 29404 29421 29436 29441 29449 29461 29465
7 5911 29482 29497 29502 29510 29522 29526
5 20579 29541 29556 29561 29569
10 13439 29595 29610 29615 29623 29635 29639 29647 29651 29657
1 16799
5 29666 29683 29698 29703 29711
7 3102 25874 29734 29739 29747 29759 29763
1 29776
9 3478 29787 29802 29807 29815 29827 29831 29839 29843
3 29852 29869 29884
9 13082 29894 29909 29914 29922 29934 29938 29946 29950
9 5651 29956 29971 29976 29984 29996 30000 30008 30012
7 6450 30027 30042 30047 30055 30067 30071
6 27515 30090 30105 30110 30118 30130
4 13143 30148 30163 30168
5 12573 30184 30199 30204 30212
10 21592 30237 30252 30257 30265 30277 30281 30289 30293 30299
5 14295 30314 30329 30334 30342
8 24112 30363 30378 30383 30391 30403 30407 30415
4 30421 30438 30453 30458
6 30467 30484 30499 30504 30512 30524
5 30529 30546 30561 30566 30574
2 30583 30600
7 10970 30610 30625 30630 30638 30650 30654
10 4965 30670 30685 30690 30698 30710 30714 30722 30726 30732
10 2367 15190 18205 23889 30741 30753 30757 30765 30769 30775
3 30787 30804 30819
1 30820
1 30832
1 30847
4 30859 30876 30891 30896
5 14936 30907 30922 30927 30935
1 30943
8 9164 30951 30966 30971 30979 30991 30995 31003
8 26265 31020 31035 31040 31048 31060 31064 31072
5 9887 31082 31097 31102 31110
8 31123 31140 31155 31160 31168 31180 31184 31192
8 4194 31203 31218 31223 31231 31243 31247 31255
2 31262 31279
5 31285 31302 31317 31322 31330
5 31337 31354 31369 31374 31382
4 31396 31413 31428 31433
5 27773 31452 31467 31472 31480
7 2581 31489 31504 31509 31517 31529 31533
4 28453 31553 31568 31573
6 31576 31593 31608 31613 31621 31633
7 16987 31649 31664 31669 31677 31689 31693
3 31697 31714 31729
2 31737 31754
6 23068 31780 31795 31800 31808 31820
4 28724 31840 31855 31860
9 11701 31873 31888 31893 31901 31913 31917 31925 31929
6 31934 31951 31966 31971 31979 31991
7 24981 32008 32023 32028 32036 32048 32052
9 32054 32071 32086 32091 32099 32111 32115 32123 32127
5 32137 32154 32169 32174 32182
7 5619 32189 32204 32209 32217 32229 32233
8 8768 32246 32261 32266 32274 32286 32290 32298
4 32304 32321 32336 32341
5 25317 32361 32376 32381 32389
5 20043 32415 32430 32435 32443
9 32451 32468 32483 32488 32496 32508 32512 32520 32524
10 8161 32528 32543 32548 32556 32568 32572 32580 32584 32590
5 6398 32599 32614 32619 32627
5 32636 32653 32668 32673 32681
2 32687 32704
4 32721 32738 32753 32758
2 32761 32778
7 5119 32799 32814 32819 32827 32839 32843
0
4 32850 32867 32882 32887
0
3 32901 32918 32933
1 31837
8 9519 32950 32965 32970 32978 32990 32994 33002
6 33010 33027 33042 33047 33055 33067
5 19720 33082 33097 33102 33110
4 33121 33138 33153 33158
7 8465 33169 33184 33189 33197 33209 33213
7 33222 33239 33254 33259 33267 33279 33283
3 33285 33302 33317
0
6 33328 33345 33360 33365 33373 33385
2 33391 33408
6 6577 33426 33441 33446 33454 33466
7 8729 26447 33479 33484 33492 33504 33508
5 25422 33529 33544 33549 33557
7 33562 33579 33594 33599 33607 33619 33623
2 30831 33646
10 12538 33664 33679 33684 33692 33704 33708 33716 33720 33726
7 12710 33739 33754 33759 33767 33779 33783
8 8190 33790 33805 33810 33818 33830 33834 33842
4 33850 33867 33882 33887
0
5 33899 33916 33931 33936 33944
7 33959 33976 33991 33996 34004 34016 34020
3 34025 34042 34057
2 34063 34080
6 9770 34103 34118 34123 34131 34143
1 34149
5 3239 34159 34174 34179 34187
1 34202
9 4781 34208 34223 34228 34236 34248 34252 34260 34264
4 34268 34285 34300 34305
5 34312 34329 34344 34349 34357
4 13091 34382 34397 34402
7 34413 34430 34445 34450 34458 34470 34474
4 25803 34494 34509 34514
1 27006
9 25542 34541 34556 34561 34569 34581 34585 34593 34597
5 12273 34609 34624 34629 34637
4 28113 34652 34667 34672
2 34682 34699
10 6158 34707 34722 34727 34735 34747 34751 34759 34763 34769
7 158 17876 34783 34788 34796 34808 34812
10 7748 34826 34841 34846 34854 34866 34870 34878 34882 34888
7 3830 34898 34913 34918 34926 34938 34942
2 34947 34964
2 34979 34996
8 7615 35009 35024 35029 35037 35049 35053 35061
0
4 13759 35078 35093 35098
7 10622 35118 35133 35138 35146 35158 35162
8 35173 35190 35205 35210 35218 35230 35234 35242
4 35247 35264 35279 35284
0
5 9713 35297 35312 35317 35325
4 35341 35358 35373 35378
2 14614 35390
7 35399 35416 35431 35436 35444 35456 35460
0
0
9 4793 29848 35483 35488 35496 35508 35512 35520 35524
4 19016 35536 35551 35556
5 5341 35574 35589 35594 35602
4 35609 35626 35641 35646
2 35655 35672
10 16521 35692 35707 35712 35720 35732 35736 35744 35748 35754
3 35761 35778 35793
2 28004 35814
5 35830 35847 35862 35867 35875
10 6167 35894 35909 35914 35922 35934 35938 35946 35950 35956
5 20561 35976 35991 35996 36004
10 36018 36035 36050 36055 36063 36075 36079 36087 36091 36097
1 36104
2 36108 36125
0
4 36140 36157 36172 36177
5 33963 36198 36213 36218 36226
3 36240 36257 36272
8 4875 36278 36293 36298 36306 36318 36322 36330
10 7051 36335 36350 36355 36363 36375 36379 36387 36391 36397
9 5842 36369 36417 36422 36430 36442 36446 36454 36458
5 17161 36477 36492 36497 36505
7 30783 36521 36536 36541 36549 36561 36565
1 36571
7 10517 36587 36602 36607 36615 36627 36631
4 35699 36648 36663 36668
1 10838
5 5428 36703 36718 36723 36731
0
6 13354 36736 36751 36756 36764 36776
0
1 36783
5 34283 36802 36817 36822 36830
9 36844 36861 36876 36881 36889 36901 36905 36913 36917
6 4967 36919 36934 36939 36947 36959
5 36961 36978 36993 36998 37006
3 37018 37035 37050
2 19659 37057
1 37069
0
0
6 11005 37087 37102 37107 37115 37127
8 37133 37150 37165 37170 37178 37190 37194 37202
5 37205 37222 37237 37242 37250
0
5 37264 37281 37296 37301 37309
7 17537 37329 37344 37349 37357 37369 37373
10 30374 37391 37406 37411 37419 37431 37435 37443 37447 37453
2 14614 37468
2 37477 37494
0
5 37496 37513 37528 37533 37541
1 37550
5 37563 37580 37595 37600 37608
4 37615 37632 37647 37652
7 19449 37673 37688 37693 37701 37713 37717
1 37723
7 7520 37733 37748 37753 37761 37773 37777
5 37783 37800 37815 37820 37828
5 37836 37853 37868 37873 37881
10 14556 37892 37907 37912 37920 37932 37936 37944 37948 37954
10 10206 37965 37980 37985 37993 38005 38009 38017 38021 38027
5 38035 38052 38067 38072 38080
0
8 15428 38094 38109 38114 38122 38134 38138 38146
7 27973 38162 38177 38182 38190 38202 38206
6 38217 38234 38249 38254 38262 38274
0
1 38280
8 8429 38295 38310 38315 38323 38335 38339 38347
8 24197 38362 38377 38382 38390 38402 38406 38414
5 23335 38430 38445 38450 38458
8 38470 38487 38502 38507 38515 38527 38531 38539
0
7 38547 38564 38579 38584 38592 38604 38608
5 38615 38632 38647 38652 38660
1 38671
7 18746 38683 38698 38703 38711 38723 38727
8 2355 33646 38746 38751 38759 38771 38775 38783
7 38788 38805 38820 38825 38833 38845 38849
8 38852 38869 38884 38889 38897 38909 38913 38921
4 14637 38937 38952 38957
2 38965 38982
7 38995 39012 39027 39032 39040 39052 39056
7 25171 39075 39090 39095 39103 39115 39119
10 7386 17320 39131 39136 39144 39156 39160 39168 39172 39178
1 39185
1 35467
0
8 9391 39215 39230 39235 39243 39255 39259 39267
6 16175 39276 39291 39296 39304 39316
5 39320 39337 39352 39357 39365
5 35753 39383 39398 39403 39411
9 10374 39421 39436 39441 39449 39461 39465 39473 39477
1 14614
2 15459 39499
6 29356 39522 39537 39542 39550 39562
7 21826 39579 39594 39599 39607 39619 39623
6 39629 39646 39661 39666 39674 39686
6 37757 39704 39719 39724 39732 39744
7 10506 39759 39774 39779 39787 39799 39803
6 7872 39812 39827 39832 39840 39852
9 11646 38387 39866 39871 39879 39891 39895 39903 39907
5 39915 39932 39947 39952 39960
4 14554 39973 39988 39994
2 39999 40016
8 6848 40026 40041 40046 40054 40066 40070 40078
9 6226 24683 40090 40095 40103 40115 40119 40127 40131
1 34283
5 40147 40164 40179 40184 40192
5 25863 40219 40234 40239 40247
7 5883 40263 40278 40283 40291 40303 40307
6 22206 40327 40342 40347 40355 40367
1 40371
1 40392
10 4039 20302 40400 40405 40413 40425 40429 40437 40441 40447
5 8860 40457 40472 40477 40485
5 40492 40509 40524 40529 40537
10 40545 40562 40577 40582 40590 40602 40606 40614 40618 40624
7 40629 40646 40661 40666 40674 40686 40690
0
5 40694 40711 40726 40731 40739
0
6 9998 40762 40777 40782 40790 40802
1 40809
10 13489 40824 40839 40844 40852 40864 40868 40876 40880 40886
1 40897
2 40905 40922
4 40929 40946 40961 40966
2 40977 40994
1 41011
5 10188 41039 41054 41059 41067
5 5139 41079 41094 41099 41107
3 20536 41128 41143
1 41147
6 13246 41158 41173 41178 41186 41198
2 34290 41208
4 41215 41232 41247 41252
9 1397 20785 41266 41271 41279 41291 41295 41303 41307
7 4852 41310 41325 41330 41338 41350 41354
5 7174 41364 41379 41384 41392
6 16940 41418 41433 41438 41446 41458
7 5828 41473 41488 41493 41501 41513 41517
2 31302 41535
9 4394 39146 41559 41564 41572 41584 41588 41596 41600
10 7816 41606 41621 41626 41634 41646 41650 41658 41662 41668
5 17234 41678 41693 41698 41706
6 6825 23704 41723 41728 41736 41748
1 41750
9 41767 41784 41799 41804 41812 41824 41828 41836 41840
6 29356 41860 41875 41880 41888 41900
10 2342 34292 41916 41921 41929 41941 41945 41953 41957 41963
7 28690 41979 41994 41999 42007 42019 42023
0
7 42034 42051 42066 42071 42079 42091 42095
10 22457 42116 42131 42136 42144 42156 42160 42168 42172 42178
7 5020 42188 42203 42208 42216 42228 42232
6 42237 42254 42269 42274 42282 42294
0
10 3762 25863 42306 42311 42319 42331 42335 42343 42347 42353
7 2796 42356 42371 42376 42384 42396 42400
4 42401 42418 42433 42438
5 16016 42454 42469 42474 42482
5 42488 42505 42520 42525 42533
10 9391 42541 42556 42561 42569 42581 42585 42593 42597 42603
6 11243 42615 42630 42635 42643 42655
5 39101 42671 42686 42691 42699
6 6369 42720 42735 42740 42748 42760
0
8 42764 42781 42796 42801 42809 42821 42825 42833
6 42837 42854 42869 42874 42882 42894
2 41749 42914
0
5 41266 42939 42954 42959 42967
5 42973 42990 43005 43010 43018
7 23939 43045 43060 43065 43073 43085 43089
9 3941 43095 43110 43115 43123 43135 43139 43147 43151
2 20228 43166
5 26198 43192 43207 43212 43220
9 10064 43234 43249 43254 43262 43274 43278 43286 43290
2 32618 43310
7 11571 43331 43346 43351 43359 43371 43375
2 43382 43399
9 10941 43413 43428 43433 43441 43453 43457 43465 43469
3 43474 43491 43506
5 35847 43522 43537 43542 43550
0
1 43563
0
7 5391 43576 43591 43596 43604 43616 43620
7 19839 43640 43655 43660 43668 43680 43684
1 43693
5 7990 43705 43720 43725 43733
2 35596 43749
6 105 34897 43774 43779 43787 43799
7 43804 43821 43836 43841 43849 43861 43865
3 43871 43888 43903
0
7 43911 43928 43943 43948 43956 43968 43972
8 5245 23963 43989 43994 44002 44014 44018 44026
7 18616 44040 44055 44060 44068 44080 44084
0
5 44095 44112 44127 44132 44140
4 12061 44150 44165 44170
6 28738 44183 44198 44203 44211 44223
8 12804 44233 44248 44253 44261 44273 44277 44285
2 44289 44306
4 23529 44324 44339 44344
1 14613
7 44353 44370 44385 44390 44398 44410 44414
7 38231 44434 44449 44454 44462 44474 44478
7 44483 44500 44515 44520 44528 44540 44544
0
5 28512 44558 44573 44578 44586
3 27888 44609 44624
5 44631 44648 44663 44668 44676
4 34034 44691 44706 44711
2 44724 44741
6 7121 44765 44780 44785 44793 44805
1 44811
1 44815
0
5 44825 44842 44857 44862 44870
5 19122 44885 44900 44905 44913
10 8860 44920 44935 44940 44948 44960 44964 44972 44976 44982
1 44987
10 3235 18049 45004 45009 45017 45029 45033 45041 45045 45051
4 20095 45065 45080 45085
3 45091 45108 45123
5 45132 45149 45164 45169 45177
7 9887 45196 45211 45216 45224 45236 45240
6 4956 45249 45264 45269 45277 45289
2 18510 45306
6 45310 45327 45342 45347 45355 45367
7 11849 45370 45385 45390 45398 45410 45414
5 36693 45436 45451 45456 45464
9 28487 45489 45504 45509 45517 45529 45533 45541 45545
9 7968 23330 45552 45557 45565 45577 45581 45589 45593
3 45599 45616 45631
9 8987 45635 45650 45655 45663 45675 45679 45687 45691
2 45697 45714
7 3504 45721 45736 45741 45749 45761 45765
1 44819
6 36595 45787 45802 45807 45815 45827
7 45833 45850 45865 45870 45878 45890 45894
7 7869 45913 45928 45933 45941 45953 45957
2 45966 45983
7 5564 45994 46009 46014 46022 46034 46038
6 17633 46056 46071 46076 46084 46096
8 3409 43594 46111 46116 46124 46136 46140 46148
10 34818 46165 46180 46185 46193 46205 46209 46217 46221 46227
2 46235 46252
7 29641 46269 46284 46289 46297 46309 46313
7 46317 46334 46349 46354 46362 46374 46378
5 19404 46399 46414 46419 46427
9 5494 46434 46449 46454 46462 46474 46478 46486 46490
7 43536 46511 46526 46531 46539 46551 46555
5 10036 46572 46587 46592 46600
4 28712 46624 46639 46644
7 5799 46651 46666 46671 46679 46691 46695
9 23054 46707 46722 46727 46735 46747 46751 46759 46763
9 5382 24846 46767 46772 46780 46792 46796 46804 46808
1 46817
4 28899 46838 46853 46858
4 46862 46879 46894 46899
9 7930 46905 46920 46925 46933 46945 46949 46957 46961
6 6577 46964 46979 46984 46992 47004
5 7864 47019 47034 47039 47047
9 21415 47066 47081 47086 47094 47106 47110 47118 47122
5 6188 47130 47145 47150 47158
0
9 39158 47187 47202 47207 47215 47227 47231 47239 47243
7 13024 47255 47270 47275 47283 47295 47299
0
8 47311 47328 47343 47348 47356 47368 47372 47380
1 24089
10 7983 47398 47413 47418 47426 47438 47442 47450 47454 47460
4 17617 47475 47490 47495
6 47498 47515 47530 47535 47543 47555
0
1 47558
1 47577
9 20588 47596 47611 47616 47624 47636 47640 47648 47652
5 1837 47661 47676 47681 47689
0
3 47705 47722 47737
5 13553 47748 47763 47768 47776
9 2530 15073 47789 47794 47802 47814 47818 47826 47830
3 38486 47848 47863
7 12601 47876 47891 47896 47904 47916 47920
5 45110 47943 47958 47963 47971
6 47980 47997 48012 48017 48025 48037
5 2177 48048 48063 48068 48076
2 43899 48097
10 3307 12576 48104 48109 48117 48129 48133 48141 48145 48151
7 42518 48175 48190 48195 48203 48215 48219
5 48230 48247 48262 48267 48275
7 41821 48302 48317 48322 48330 48342 48346
1 48352
9 16738 48364 48379 48384 48392 48404 48408 48416 48420
8 17160 48433 48448 48453 48461 48473 48477 48485
1 48489
7 10059 48500 48515 48520 48528 48540 48544
9 48555 48572 48587 48592 48600 48612 48616 48624 48628
7 29137 48646 48661 48666 48674 48686 48690
6 25044 48705 48720 48725 48733 48745
10 8748 48749 48764 48769 48777 48789 48793 48801 48805 48811
2 48813 48830
7 5967 36412 48852 48857 48865 48877 48881
9 14891 48901 48916 48921 48929 48941 48945 48953 48957
4 48964 48981 48996 49001
8 5648 17411 49020 49025 49033 49045 49049 49057
1 49064
7 8629 49086 49101 49106 49114 49126 49130
7 12835 49145 49160 49165 49173 49185 49189
9 5861 40164 49206 49211 49219 49231 49235 49243 49247
7 44386 49267 49282 49287 49295 49307 49311
7 42413 49335 49350 49355 49363 49375 49379
6 14403 49392 49407 49412 49420 49432
7 49437 49454 49469 49474 49482 49494 49498
0
7 3759 49505 49520 49525 49533 49545 49549
3 12886 49562 49577
5 49580 49597 49612 49617 49625
2 49637 49654
1 49669
9 17802 49691 49706 49711 49719 49731 49735 49743 49747
5 6952 49760 49775 49780 49788
1 49793
6 49808 49825 49840 49845 49853 49865
2 49872 49889
10 3094 16202 49907 49912 49920 49932 49936 49944 49948 49954
8 2317 31539 49969 49974 49982 49994 49998 50006
8 39019 50024 50039 50044 50052 50064 50068 50076
7 22598 50092 50107 50112 50120 50132 50136
1 50140
2 50153 50170
8 49451 50194 50209 50214 50222 50234 50238 50246
2 50248 50265
2 50272 50289
5 18675 50303 50318 50323 50331
10 10135 50343 50358 50363 50371 50383 50387 50395 50399 50405
5 7713 50299 50430 50435 50443
1 50452
4 24568 50472 50487 50492
4 21091 50507 50522 50527
8 5699 50537 50552 50557 50565 50577 50581 50589
7 39358 50606 50621 50626 50634 50646 50650
1 47169
5 24907 50677 50692 50697 50705
6 50713 50730 50745 50750 50758 50770
4 50776 50793 50808 50813
0
1 50820
0
7 37415 50839 50854 50859 50867 50879 50883
2 50892 50909
7 7443 50917 50932 50937 50945 50957 50961
2 50971 50988
7 18046 51003 51018 51023 51031 51043 51047
6 40135 51065 51080 51085 51093 51105
10 3360 27365 51110 51115 51123 51135 51139 51147 51151 51157
0
4 51163 51180 51195 51200
9 29118 51215 51230 51235 51243 51255 51259 51267 51271
2 31825 51281
5 18036 51298 51313 51318 51326
2 7706 51351
6 15319 51364 51379 51384 51392 51404
2 51407 51424
7 9236 51443 51458 51463 51471 51483 51487
10 51490 51507 51522 51527 51535 51547 51551 51559 51563 51569
3 51577 51594 51609
6 11337 51621 51636 51641 51649 51661
5 47678 51679 51694 51699 51707
0
7 37542 51728 51743 51748 51756 51768 51772
0
8 7276 42579 51792 51797 51805 51817 51821 51829
9 10093 51830 51845 51850 51858 51870 51874 51882 51886
5 48529 51907 51922 51927 51935
6 30213 51956 51971 51976 51984 51996
1 52001
4 3725 52017 52032 52037
5 52038 52055 52070 52075 52083
1 52093
4 22525 52111 52126 52131
3 14765 52151 52166
0
9 2513 12666 36761 52169 52177 52189 52193 52201 52205
5 9665 52218 52233 52238 52246
6 28686 51280 52268 52273 52281 52293
8 10580 32585 52307 52312 52320 52332 52336 52344
5 10205 52356 52371 52376 52384
1 30248
7 20633 52414 52429 52434 52442 52454 52458
5 29794 52474 52489 52494 52502
0
6 18546 52524 52539 52544 52552 52564
1 52569
2 49832 52590
10 5133 22457 52610 52615 52623 52635 52639 52647 52651 52657
5 20231 52670 52685 52690 52698
7 2828 39227 52719 52724 52732 52744 52748
7 52755 52772 52787 52792 52800 52812 52816
9 5274 42129 52835 52840 52848 52860 52864 52872 52876
7 21924 52891 52906 52911 52919 52931 52935
6 46428 52959 52974 52979 52987 52999
9 3064 40456 53012 53017 53025 53037 53041 53049 53053
3 53060 53077 53092
8 8530 15301 53101 53106 53114 53126 53130 53138
4 49339 53158 53173 53178
6 53182 53199 53214 53219 53227 53239
1 53243
2 53261 53278
4 43669 53301 53316 53321
4 53327 53344 53359 53364
7 15566 53369 53384 53389 53397 53409 53413
4 16984 53434 53449 53454
7 5911 37947 53467 53472 53480 53492 53496
9 8860 53511 53526 53531 53539 53551 53555 53563 53567
1 53571
6 53583 53600 53615 53620 53628 53640
4 35202 53656 53671 53676
2 48703 53700
1 53718
5 11647 53727 53742 53747 53755
0
10 17154 53769 53784 53789 53797 53809 53813 53821 53825 53831
10 6420 36406 53844 53849 53857 53869 53873 53881 53885 53891
1 53899
4 45992 53928 53943 53948
7 14612 53963 53978 53983 53991 54003 54007
9 51876 54031 54046 54051 54059 54071 54075 54083 54087
2 54090 54107
0
8 14784 54126 54141 54146 54154 54166 54170 54178
1 54183
7 42324 54213 54228 54233 54241 54253 54257
7 30528 36516 54264 54269 54277 54289 54293
7 20818 54313 54328 54333 54341 54353 54357
1 54364
9 10257 45499 54383 54388 54396 54408 54412 54420 54424
8 6553 42441 54436 54441 54449 54461 54465 54473
7 54477 54494 54509 54514 54522 54534 54538
7 17451 54545 54560 54565 54573 54585 54589
5 54595 54612 54627 54632 54640
5 24963 54655 54670 54675 54683
6 16657 54699 54714 54719 54727 54739
7 27009 54748 54763 54768 54776 54788 54792
10 48620 54815 54830 54835 54843 54855 54859 54867 54871 54877
1 49795
5 23138 54903 54918 54923 54931
10 16199 54940 54955 54960 54968 54980 54984 54992 54996 55002
5 55008 55025 55040 55045 55053
1 55060
10 3308 18720 55071 55076 55084 55096 55100 55108 55112 55118
6 55119 55136 55151 55156 55164 55176
2 55183 55200
9 2702 12888 24140 55211 55219 55231 55235 55243 55247
6 55253 55270 55285 55290 55298 55310
4 45660 55328 55343 55348
8 4236 40083 55359 55364 55372 55384 55388 55396
0
2 55403 55420
7 7869 55430 55445 55450 55458 55470 55474
7 20725 55486 55501 55506 55514 55526 55530
4 2176 55539 55554 55559
5 19404 55576 55591 55596 55604
7 8268 55617 55632 55637 55645 55657 55661
4 11860 55682 55697 55702
10 2054 9379 34226 55707 55715 55727 55731 55739 55743 55749
0
7 19827 55764 55779 55784 55792 55804 55808
5 14356 55824 55839 55844 55852
2 32624 55876
0
7 30578 55896 55911 55916 55924 55936 55940
6 24693 55958 55973 55978 55986 55998
1 32943
6 17375 56019 56034 56039 56047 56059
6 24117 56079 56094 56099 56107 56119
9 2533 29726 56131 56136 56144 56156 56160 56168 56172
8 13536 56179 56194 56199 56207 56219 56223 56231
2 27003 56247
0
4 56255 56272 56287 56292
9 3135 25448 56305 56310 56318 56330 56334 56342 56346
7 18908 56355 56370 56375 56383 56395 56399
0
7 5645 8721 56419 56424 56432 56444 56448
1 13154
7 56468 56485 56500 56505 56513 56525 56529
7 56535 56552 56567 56572 56580 56592 56596
7 13343 56608 56623 56628 56636 56648 56652
3 19641 56669 56684
7 13293 56692 56707 56712 56720 56732 56736
9 16820 56750 56765 56770 56778 56790 56794 56802 56806
5 56811 56828 56843 56848 56856
5 7713 46516 56864 56869 56877
5 7613 56896 56911 56916 56924
1 52093
2 34291 56957
1 56960
1 56966
5 56978 56995 57010 57015 57023
6 10376 57035 57050 57055 57063 57075
3 49715 57094 57109
3 28703 57120 57135
5 57144 57161 57176 57181 57189
1 57202
7 17139 57222 57237 57242 57250 57262 57266
10 5270 22525 57276 57281 57289 57301 57305 57313 57317 57323
4 34025 57330 57345 57350
10 10036 57358 57373 57378 57386 57398 57402 57410 57414 57420
5 25158 57437 57452 57457 57465
4 57469 57486 57501 57506
5 22264 57522 57537 57542 57550
9 8308 57564 57579 57584 57592 57604 57608 57616 57620
10 37442 57638 57653 57658 57666 57678 57682 57690 57694 57700
7 15326 57706 57721 57726 57734 57746 57750
5 56892 57767 57782 57787 57795
5 57810 57827 57842 57847 57855
5 9250 57877 57892 57897 57905
5 53538 57928 57943 57948 57956
5 46971 57973 57988 57993 58001
10 8438 58012 58027 58032 58040 58052 58056 58064 58068 58074
5 58081 58098 58113 58118 58126
1 58138
10 8087 49341 58158 58163 58171 58183 58187 58195 58199 58205
10 35240 58220 58235 58240 58248 58260 58264 58272 58276 58282
9 37477 58292 58307 58312 58320 58332 58336 58344 58348
5 12060 58356 58371 58376 58384
5 53384 58403 58418 58423 58431
7 2803 18523 58442 58447 58455 58467 58471
2 18530 58494
9 3363 24693 58517 58522 58530 58542 58546 58554 58558
5 28495 58570 58585 58590 58598
5 43541 58622 58637 58642 58650
0
10 3064 17753 58668 58673 58681 58693 58697 58705 58709 58715
5 58720 58737 58752 58757 58765
2 58774 58791
9 4529 58807 58822 58827 58835 58847 58851 58859 58863
6 9338 58873 58888 58893 58901 58913
5 8792 58923 58938 58943 58951
7 7038 23551 58965 58970 58978 58990 58994
2 59004 59021
2 22000 59038
1 31837
5 28320 59059 59074 59079 59087
2 59101 59118
1 53236
4 44563 59153 59168 59173
1 59178
10 30559 59191 59206 59211 59219 59231 59235 59243 59247 59253
6 31069 59260 59275 59280 59288 59300
7 59307 59324 59339 59344 59352 59364 59368
8 9356 59379 59394 59399 59407 59419 59423 59431
8 6735 59441 59456 59461 59469 59481 59485 59493
10 59498 59515 59530 59535 59543 59555 59559 59567 59571 59577
6 59579 59596 59611 59616 59624 59636
4 59641 59658 59673 59678
8 20827 59692 59707 59712 59720 59732 59736 59744
8 15123 59755 59770 59775 59783 59795 59799 59807
10 12599 59815 59830 59835 59843 59855 59859 59867 59871 59877
2 59890 59907
2 59917 59934
9 59947 59964 59979 59984 59992 60004 60008 60016 60020
6 16171 60024 60039 60044 60052 60064
0
5 60066 60083 60098 60103 60111
4 52309 60135 60150 60155
2 52826 60175
7 50367 60197 60212 60217 60225 60237 60241
5 60248 60265 60280 60285 60293
9 7958 60299 60314 60319 60327 60339 60343 60351 60355
0
9 3585 18679 43301 60362 60370 60382 60386 60394 60398
10 5587 27165 60412 60417 60425 60437 60441 60449 60453 60459
9 60468 60485 60500 60505 60513 60525 60529 60537 60541
0
6 7731 60546 60561 60566 60574 60586
10 4661 49543 60599 60604 60612 60624 60628 60636 60640 60646
0
5 12731 60662 60677 60682 60690
3 1582 60699 60714
1 34293
5 43163 60733 60748 60753 60761
10 14473 60776 60791 60796 60804 60816 60820 60828 60832 60838
1 60839
6 24040 60860 60875 60880 60888 60900
7 13816 60906 60921 60926 60934 60946 60950
7 42639 60968 60983 60988 60996 61008 61012
9 7572 61021 61036 61041 61049 61061 61065 61073 61077
8 25157 61094 61109 61114 61122 61134 61138 61146
5 7747 61156 61171 61176 61184
7 61190 61207 61222 61227 61235 61247 61251
0
7 22026 61274 61289 61294 61302 61314 61318
10 4325 30128 61327 61332 61340 61352 61356 61364 61368 61374
4 20519 61389 61404 61409
5 20827 61426 61441 61446 61454
9 25364 61468 61483 61488 61496 61508 61512 61520 61524
9 9967 61529 61544 61549 61557 61569 61573 61581 61585
9 4258 19939 61594 61599 61607 61619 61623 61631 61635
6 48442 61651 61666 61671 61679 61691
1 61696
1 34283
5 15841 61723 61738 61743 61751
9 61756 61773 61788 61793 61801 61813 61817 61825 61829
6 21493 61845 61860 61865 61873 61885
4 36119 61893 61908 61913
7 54436 61929 61944 61949 61957 61969 61973
0
9 16650 61986 62001 62006 62014 62026 62030 62038 62042
9 2708 27030 62047 62052 62060 62072 62076 62084 62088
1 62096
6 17263 62117 62132 62137 62145 62157
7 29133 62172 62187 62192 62200 62212 62216
6 23427 62235 62250 62255 62263 62275
6 14249 62281 62296 62301 62309 62321
1 44811
7 5293 62323 62338 62343 62351 62363 62367
2 62376 62393
5 62396 62413 62428 62433 62441
5 62448 62465 62480 62485 62493
9 3261 25979 62507 62512 62520 62532 62536 62544 62548
5 12684 62556 62571 62576 62584
0
7 35914 62601 62616 62621 62629 62641 62645
5 28384 62666 62681 62686 62694
2 15185 62719
7 16031 58368 62739 62744 62752 62764 62768
7 28763 62782 62797 62802 62810 62822 62826
2 16820 62834
3 7701 62842 62857
2 62863 62880
1 62898
3 62919 62936 62951
10 6373 62952 62967 62972 62980 62992 62996 63004 63008 63014
4 33488 63031 63046 63051
6 50471 63064 63079 63084 63092 63104
5 19634 63119 63134 63139 63147
5 63156 63173 63188 63193 63201
7 5799 49920 63219 63224 63232 63244 63248
0
1 63258
0
10 20944 63275 63290 63295 63303 63315 63319 63327 63331 63337
7 63341 63358 63373 63378 63386 63398 63402
1 62768
5 22226 63426 63441 63446 63454
8 8828 63466 63481 63486 63494 63506 63510 63518
5 27780 63534 63549 63554 63562
5 63579 63596 63611 63616 63624
10 2727 8816 15191 20146 50184 63638 63642 63650 63654 63660
5 63669 63686 63701 63706 63714
0
0
9 31822 63738 63753 63758 63766 63778 63782 63790 63794
8 58594 63813 63828 63833 63841 63853 63857 63865
1 63868
7 10401 63882 63897 63902 63910 63922 63926
7 36145 63944 63959 63964 63972 63984 63988
8 38866 64007 64022 64027 64035 64047 64051 64059
0
3 3693 64068 64083
7 64090 64107 64122 64127 64135 64147 64151
8 64157 64174 64189 64194 64202 64214 64218 64226
7 6739 30758 64234 64239 64247 64259 64263
5 11646 64271 64286 64291 64299
3 64304 64321 64336
1 64341
0
7 19862 64358 64373 64378 64386 64398 64402
8 8653 64406 64421 64426 64434 64446 64450 64458
2 52197 64475
9 64494 64511 64526 64531 64539 64551 64555 64563 64567
4 2676 64576 64591 64596
8 37194 64612 64627 64632 64640 64652 64656 64664
4 64667 64684 64699 64704
1 64709
2 64726 64743
8 17322 64759 64774 64779 64787 64799 64803 64811
3 64817 64834 64849
7 62255 64869 64884 64889 64897 64909 64913
7 4530 46902 64934 64939 64947 64959 64963
5 39857 64984 64999 65004 65012
5 36082 65029 65044 65049 65057
10 53791 65076 65091 65096 65104 65116 65120 65128 65132 65138
8 17512 33025 65150 65155 65163 65175 65179 65187
7 65190 65207 65222 65227 65235 65247 65251
1 65254
5 19241 65266 65281 65286 65294
8 16558 58654 65318 65323 65331 65343 65347 65355
9 4284 40259 65364 65369 65377 65389 65393 65401 65405
9 4212 34771 65419 65424 65432 65444 65448 65456 65460
6 9351 65473 65488 65493 65501 65513
7 13699 65531 65546 65551 65559 65571 65575
3 33323 65596 65611
9 4301 29802 65623 65628 65636 65648 65652 65660 65664
5 13439 65674 65689 65694 65702
9 12164 65717 65732 65737 65745 65757 65761 65769 65773
1 65780
6 8431 61892 65794 65799 65807 65819
8 38876 65831 65846 65851 65859 65871 65875 65883
2 65890 65907
3 65916 65933 65948
5 65954 65971 65986 65991 65999
6 65586 66021 66036 66041 66049 66061
0
9 3429 31310 66071 66076 66084 66096 66100 66108 66112
7 20498 66126 66141 66146 66154 66166 66170
7 52498 66194 66209 66214 66222 66234 66238
8 66242 66259 66274 66279 66287 66299 66303 66311
4 66312 66329 66344 66349
1 66355
1 50824
10 11552 58431 66380 66385 66393 66405 66409 66417 66421 66427
7 47286 66445 66460 66465 66473 66485 66489
2 66494 66511
7 6563 66523 66538 66543 66551 66563 66567
7 33681 66580 66595 66600 66608 66620 66624
10 10175 66631 66646 66651 66659 66671 66675 66683 66687 66693
9 43463 66712 66727 66732 66740 66752 66756 66764 66768
7 11195 66776 66791 66796 66804 66816 66820
0
7 29452 66835 66850 66855 66863 66875 66879
5 19587 66885 66900 66905 66913
2 40316 66938
0
2 66943 66960
3 17157 66982 66997
9 28763 67009 67024 67029 67037 67049 67053 67061 67065
7 10151 67073 67088 67093 67101 67113 67117
8 23908 67128 67143 67148 67156 67168 67172 67180
9 9830 65524 67197 67202 67210 67222 67226 67234 67238
8 67241 67258 67273 67278 67286 67298 67302 67310
7 1512 30737 67319 67324 67332 67344 67348
0
9 4194 30140 67363 67368 67376 67388 67392 67400 67404
1 33323
4 47942 67429 67444 67449
5 36732 67472 67487 67492 67500
10 12382 57137 67523 67528 67536 67548 67552 67560 67564 67570
9 67574 67591 67606 67611 67619 67631 67635 67643 67647
4 32625 67660 67675 67680
2 67686 67703
9 5248 41377 67717 67722 67730 67742 67746 67754 67758
10 25552 67771 67786 67791 67799 67811 67815 67823 67827 67833
8 7326 57968 67848 67853 67861 67873 67877 67885
9 67891 67908 67923 67928 67936 67948 67952 67960 67964
7 10063 67968 67983 67988 67996 68008 68012
2 68021 68038
5 14554 68063 68078 68083 68091
7 14473 68100 68115 68120 68128 68140 68144
2 27776 68157
6 20532 68171 68186 68191 68199 68211
5 58835 68228 68243 68248 68256
9 33984 68269 68284 68289 68297 68309 68313 68321 68325
10 37941 68340 68355 68360 68368 68380 68384 68392 68396 68402
4 68411 68428 68443 68448
4 17918 68464 68479 68484
8 68493 68510 68525 68530 68538 68550 68554 68562
8 68563 68580 68595 68600 68608 68620 68624 68632
1 68636
5 68643 68660 68675 68680 68688
9 1703 18677 68704 68709 68717 68729 68733 68741 68745
2 15987 68757
8 68767 68784 68799 68804 68812 68824 68828 68836
10 1998 47176 68851 68856 68864 68876 68880 68888 68892 68898
5 68907 68924 68939 68944 68952
9 3843 22703 52122 68963 68971 68983 68987 68995 68999
0
0
1 69006
1 69016
4 45869 69028 69043 69048
0
2 69062 69079
0
9 3059 49944 69103 69108 69116 69128 69132 69140 69144
6 7525 69149 69164 69169 69177 69189
3 59129 69205 69220
1 5
6 24 41 56 61 69 81
1 87
5 98 115 130 135 143
10 154 171 186 191 199 211 215 223 227 233
9 240 257 272 277 285 297 301 309 313
9 320 337 352 357 365 377 381 389 393
1 401
0
9 411 428 443 448 456 468 472 480 484
1 493
8 499 516 531 536 544 556 560 568
6 575 592 607 612 620 632
7 640 657 672 677 685 697 701
4 708 725 740 745
5 755 772 787 792 800
7 814 831 846 851 859 871 875
2 883 900
3 908 925 940
8 948 965 980 985 993 1005 1009 1017
5 1025 1042 1057 1062 1070
7 1084 1101 1116 1121 1129 1141 1145
7 1151 1168 1183 1188 1196 1208 1212
4 1219 1236 1251 1256
7 1266 1283 1298 1303 1311 1323 1327
10 1337 1354 1369 1374 1382 1394 1398 1406 1410 1416
10 1424 1441 1456 1461 1469 1481 1485 1493 1497 1503
9 1511 1528 1543 1548 1556 1568 1572 1580 1584
4 1593 1610 1625 1630
9 1637 1654 1669 1674 1682 1694 1698 1706 1710
5 1718 1735 1750 1755 1763
1 1779
5 1788 1805 1820 1825 1833
7 1846 1863 1878 1883 1891 1903 1907
6 1918 1935 1950 1955 1963 1975
7 1982 1999 2014 2019 2027 2039 2043
9 2050 2067 2082 2087 2095 2107 2111 2119 2123
5 2130 2147 2162 2167 2175
5 2185 2202 2217 2222 2230
6 2244 2261 2276 2281 2289 2301
7 2308 2325 2340 2345 2353 2365 2369
1 2377
10 2388 2405 2420 2425 2433 2445 2449 2457 2461 2467
5 2474 2491 2506 2511 2519
5 2526 2543 2558 2563 2571
2 2581 2598
0
1 2617
2 2628 2645
6 2665 2682 2697 2702 2710 2722
8 2730 2747 2762 2767 2775 2787 2791 2799
5 2804 2821 2836 2841 2849
5 2857 2874 2889 2894 2902
5 2914 2931 2946 2951 2959
7 2968 2985 3000 3005 3013 3025 3029
2 3042 3059
2 3079 3096
1 3106
9 3127 3144 3159 3164 3172 3184 3188 3196 3200
2 3209 3226
8 3237 3254 3269 3274 3282 3294 3298 3306
8 3314 3331 3346 3351 3359 3371 3375 3383
0
6 3394 3411 3426 3431 3439 3451
6 3457 3474 3489 3494 3502 3514
6 3523 3540 3555 3560 3568 3580
6 3586 3603 3618 3623 3631 3643
8 3650 3667 3682 3687 3695 3707 3711 3719
9 3726 3743 3758 3763 3771 3783 3787 3795 3799
7 3808 3825 3840 3845 3853 3865 3869
7 3880 3897 3912 3917 3925 3937 3941
4 2523 3961 3976 3981
2 3988 4005
9 4025 4042 4057 4062 4070 4082 4086 4094 4098
9 4105 4122 4137 4142 4150 4162 4166 4174 4178
2 4185 4202
9 4213 4230 4245 4250 4258 4270 4274 4282 4286
10 4292 4309 4324 4329 4337 4349 4353 4361 4365 4371
7 4379 4396 4411 4416 4424 4436 4440
6 4450 4467 4482 4487 4495 4507
10 4513 4530 4545 4550 4558 4570 4574 4582 4586 4592
1 4597
10 4603 4620 4635 4640 4648 4660 4664 4672 4676 4682
5 4693 4710 4725 4730 4738
9 4744 4761 4776 4781 4789 4801 4805 4813 4817
4 4821 4838 4853 4858
7 4868 4885 4900 4905 4913 4925 4929
7 4934 4951 4966 4971 4979 4991 4995
7 5001 5018 5033 5038 5046 5058 5062
8 5072 5089 5104 5109 5117 5129 5133 5141
10 5148 5165 5180 5185 5193 5205 5209 5217 5221 5227
5 5238 5255 5270 5275 5283
9 5292 5309 5324 5329 5337 5349 5353 5361 5365
7 5375 5392 5407 5412 5420 5432 5436
8 5445 5462 5477 5482 5490 5502 5506 5514
5 5521 5538 5553 5558 5566
10 5575 5592 5607 5612 5620 5632 5636 5644 5648 5654
7 5659 5676 5691 5696 5704 5716 5720
8 5733 5750 5765 5770 5778 5790 5794 5802
7 5811 5828 5843 5848 5856 5868 5872
6 5882 5899 5914 5919 5927 5939
6 5944 5961 5976 5981 5989 6001
5 6008 6025 6040 6045 6053
8 6070 6087 6102 6107 6115 6127 6131 6139
4 6145 6162 6177 6182
1 6191
8 6206 6223 6238 6243 6251 6263 6267 6275
8 6280 6297 6312 6317 6325 6337 6341 6349
8 6355 6372 6387 6392 6400 6412 6416 6424
5 6429 6446 6461 6466 6474
6 6485 6502 6517 6522 6530 6542
3 5713 6559 6574
3 6581 6598 6613
7 6619 6636 6651 6656 6664 6676 6680
9 6687 6704 6719 6724 6732 6744 6748 6756 6760
5 6765 6782 6797 6802 6810
4 6823 6840 6855 6860
8 6868 6885 6900 6905 6913 6925 6929 6937
5 6944 6961 6976 6981 6989
3 7000 7017 7032
7 7042 7059 7074 7079 7087 7099 7103
4 7111 7128 7143 7148
5 7161 7178 7193 7198 7206
1 7218
9 7226 7243 7258 7263 7271 7283 7287 7295 7299
5 7306 7323 7338 7343 7351
1 7361
5 7370 7387 7402 7407 7415
3 7422 7439 7454
7 7459 7476 7491 7496 7504 7516 7520
8 7529 7546 7561 7566 7574 7586 7590 7598
1 7605
5 7611 7628 7643 7648 7656
4 7665 7682 7697 7702
0
7 7710 7727 7742 7747 7755 7767 7771
10 7780 7797 7812 7817 7825 7837 7841 7849 7853 7859
10 7864 7881 7896 7901 7909 7921 7925 7933 7937 7943
7 4514 7959 7974 7979 7987 7999 8003
7 8010 8027 8042 8047 8055 8067 8071
9 8078 8095 8110 8115 8123 8135 8139 8147 8151
6 8154 8171 8186 8191 8199 8211
3 8215 8232 8247
4 8252 8269 8284 8289
8 8291 8308 8323 8328 8336 8348 8352 8360
2 1819 8376
2 8393 8410
9 8420 8437 8452 8457 8465 8477 8481 8489 8493
1 8500
9 8517 8534 8549 8554 8562 8574 8578 8586 8590
8 8594 8611 8626 8631 8639 8651 8655 8663
7 8668 8685 8700 8705 8713 8725 8729
10 4201 8746 8761 8766 8774 8786 8790 8798 8802 8808
8 8824 8841 8856 8861 8869 8881 8885 8893
2 8899 8916
1 8933
6 8950 8967 8982 8987 8995 9007
5 9012 9029 9044 9049 9057
1 9069
1 9086
0
5 9101 9118 9133 9138 9146
5 9158 9175 9190 9195 9203
5 9210 9227 9242 9247 9255
1 9263
9 9283 9300 9315 9320 9328 9340 9344 9352 9356
2 9363 9380
1 9397
1 9413
5 9420 9437 9452 9457 9465
4 9480 9497 9512 9517
9 9522 9539 9554 9559 9567 9579 9583 9591 9595
5 9598 9615 9630 9635 9643
0
4 6409 9667 9682 9687
1 9696
5 9710 9727 9742 9747 9755
5 9761 9778 9793 9798 9806
0
7 9814 9831 9846 9851 9859 9871 9875
5 9163 9896 9911 9916 9924
7 9932 9949 9964 9969 9977 9989 9993
9 9995 10012 10027 10032 10040 10052 10056 10064 10068
0
10 10078 10095 10110 10115 10123 10135 10139 10147 10151 10157
9 10166 10183 10198 10203 10211 10223 10227 10235 10239
10 10246 10263 10278 10283 10291 10303 10307 10315 10319 10325
6 10329 10346 10361 10366 10374 10386
9 10394 10411 10426 10431 10439 10451 10455 10463 10467
10 10471 10488 10503 10508 10516 10528 10532 10540 10544 10550
1 10559
5 10564 10581 10596 10601 10609
0
5 10617 10634 10649 10654 10662
7 10674 10691 10706 10711 10719 10731 10735
5 10745 10762 10777 10782 10790
6 9145 10810 10825 10830 10838 10850
6 10853 10870 10885 10890 10898 10910
2 10916 10933
1 10949
2 10953 10970
1 10980
9 10992 11009 11029 11034 11042 11054 11058 11066 11070
6 11075 11092 11107 11112 11120 11132
0
5 11143 11160 11175 11180 11188
8 11197 11214 11229 11234 11242 11254 11258 11266
7 11275 11292 11307 11312 11320 11332 11336
0
5 11346 11363 11378 11383 11391
1 11397
3 11412 11429 11444
5 11451 11468 11483 11488 11496
8 11511 11528 11543 11548 11556 11568 11572 11580
8 11587 11604 11619 11624 11632 11644 11648 11656
7 11663 11680 11695 11700 11708 11720 11724
9 11730 11747 11762 11767 11775 11787 11791 11799 11803
2 11811 11828
10 11842 11859 11874 11879 11887 11899 11903 11911 11915 11921
3 11931 11948 11963
7 9822 11981 11996 12001 12009 12021 12025
2 12034 12051
7 12068 12085 12100 12105 12113 12125 12129
7 12135 12152 12167 12172 12180 12192 12196
1 12207
7 12221 12238 12253 12258 12266 12278 12282
0
8 12294 12311 12326 12331 12339 12351 12355 12363
4 12369 12386 12401 12406
6 12415 12432 12447 12452 12460 12472
9 12481 12498 12513 12518 12526 12538 12542 12550 12554
4 12559 12576 12591 12596
1 12608
3 12626 12643 12658
4 12663 12680 12695 12700
6 12709 12726 12741 12746 12754 12766
8 11377 12785 12800 12805 12813 12825 12829 12837
8 12841 12858 12873 12878 12886 12898 12902 12910
9 12913 12930 12945 12950 12958 12970 12974 12982 12986
7 12995 13012 13027 13032 13040 13052 13056
1 11399
5 13075 13092 13107 13112 13120
7 13134 13151 13166 13171 13179 13191 13195
5 13197 13214 13229 13234 13242
2 13251 13268
1 13275
1 13295
5 13304 13321 13336 13341 13349
7 13355 13372 13387 13392 13400 13412 13416
7 13421 13438 13453 13458 13466 13478 13482
5 7904 13500 13515 13520 13528
5 2612 13541 13556 13561 13569
7 10345 13596 13611 13616 13624 13636 13640
7 13644 13661 13676 13681 13689 13701 13705
1 13713
9 13731 13748 13763 13768 13776 13788 13792 13800 13804
7 13807 13824 13839 13844 13852 13864 13868
0
7 13875 13892 13907 13912 13920 13932 13936
6 9150 13954 13969 13974 13982 13994
3 13999 14016 14031
7 14037 14054 14069 14074 14082 14094 14098
8 14105 14122 14137 14142 14150 14162 14166 14174
0
2 14184 14201
7 11752 14230 14245 14250 14258 14270 14274
6 14280 14297 14312 14317 14325 14337
1 14344
9 14351 14368 14383 14388 14396 14408 14412 14420 14424
4 14429 14446 14461 14466
4 14470 14487 14502 14507
2 14515 14532
0
1 14552
8 14561 14578 14593 14598 14606 14618 14622 14630
5 7075 14647 14662 14667 14675
8 1536 14695 14710 14715 14723 14735 14739 14747
7 14750 14767 14782 14787 14795 14807 14811
1 14818
1 14832
2 14844 14861
0
1 14874
9 14877 14894 14909 14914 14922 14934 14938 14946 14950
10 14956 14973 14988 14993 15001 15013 15017 15025 15029 15035
10 15040 15057 15072 15077 15085 15097 15101 15109 15113 15119
0
5 15126 15143 15158 15163 15171
0
5 7236 15186 15201 15206 15214
7 15230 15247 15262 15267 15275 15287 15291
0
7 15298 15315 15330 15335 15343 15355 15359
3 2490 15376 15391
6 7879 15407 15422 15427 15435 15447
5 15452 15469 15484 15489 15497
5 15503 15520 15535 15540 15548
0
7 15558 15575 15590 15595 15603 15615 15619
5 9743 15636 15651 15656 15664
5 15673 15690 15705 15710 15718
4 15731 15748 15763 15768
5 15774 15791 15806 15811 15819
6 15828 15845 15860 15865 15873 15885
5 15891 15908 15923 15928 15936
5 15938 15955 15970 15975 15983
6 15999 16016 16031 16036 16044 16056
0
7 9805 16079 16094 16099 16107 16119 16123
6 16130 16147 16162 16167 16175 16187
8 16195 16212 16227 16232 16240 16252 16256 16264
3 16270 16287 16302
5 16308 16325 16340 16345 16353
8 16357 16374 16389 16394 16402 16414 16418 16426
7 15671 16446 16461 16466 16474 16486 16490
2 9273 16505
8 9145 16520 16535 16540 16548 16560 16564 16572
5 16575 16592 16607 16612 16620
1 16628
7 16636 16653 16668 16673 16681 16693 16697
6 16703 16720 16735 16740 16748 16760
8 16762 16779 16794 16799 16807 16819 16823 16831
5 10464 16845 16860 16865 16873
3 16884 16901 16916
4 16922 16939 16954 16959
5 15960 16979 16994 16999 17007
1 17022
0
8 17028 17045 17060 17065 17073 17085 17089 17097
7 17104 17121 17136 17141 17149 17161 17165
7 17173 17190 17205 17210 17218 17230 17234
10 17246 17263 17278 17283 17291 17303 17307 17315 17319 17325
9 17329 17346 17361 17366 17374 17386 17390 17398 17402
7 14415 17421 17436 17441 17449 17461 17465
8 17475 17492 17507 17512 17520 17532 17536 17544
6 17545 17562 17577 17582 17590 17602
3 17610 17627 17642
7 12474 17660 17675 17680 17688 17700 17704
4 17713 17730 17745 17750
0
9 17762 17779 17794 17799 17807 17819 17823 17831 17835
9 17840 17857 17872 17877 17885 17897 17901 17909 17913
1 17921
4 17931 17948 17963 17968
5 16547 17987 18002 18007 18015
6 18031 18048 18063 18068 18076 18088
6 5326 18099 18114 18119 18127 18139
7 18144 18161 18176 18181 18189 18201 18205
7 13440 18225 18240 18245 18253 18265 18269
8 18276 18293 18308 18313 18321 18333 18337 18345
6 3941 18358 18373 18378 18386 18398
4 18403 18420 18435 18440
2 18451 18468
0
6 18486 18503 18518 18523 18531 18543
0
1 8371
1 18551
6 3119 18557 18572 18577 18585 18597
7 18603 18620 18635 18640 18648 18660 18664
0
5 18670 18687 18702 18707 18715
4 18723 18740 18755 18760
1 18767
1 18782
5 14652 18806 18821 18826 18834
3 18848 18865 18880
7 11740 18896 18911 18916 18924 18936 18940
7 11776 18958 18973 18978 18986 18998 19002
1 19010
5 19021 19038 19053 19058 19066
8 19072 19089 19104 19109 19117 19129 19133 19141
5 5958 19149 19164 19169 19177
7 19185 19202 19217 19222 19230 19242 19246
1 19256
5 13990 19273 19288 19293 19301
6 19307 19324 19339 19344 19352 19364
5 7236 19380 19395 19400 19408
6 19423 19440 19455 19460 19468 19480
1 19488
0
5 6771 19508 19523 19528 19536
0
5 19539 19556 19571 19576 19584
8 19599 19616 19631 19636 19644 19656 19660 19668
9 19675 19692 19707 19712 19720 19732 19736 19744 19748
2 19758 19775
1 19788
3 19805 19822 19837
6 19847 19864 19879 19884 19892 19904
6 19908 19925 19940 19945 19953 19965
8 19968 19985 20000 20005 20013 20025 20029 20037
0
7 20046 20063 20078 20083 20091 20103 20107
7 20116 20133 20148 20153 20161 20173 20177
7 7495 20188 20203 20208 20216 20228 20232
7 20235 20252 20267 20272 20280 20292 20296
8 20303 20320 20335 20340 20348 20360 20364 20372
7 20375 20392 20407 20412 20420 20432 20436
5 12593 20451 20466 20471 20479
5 9153 20502 20517 20522 20530
7 18951 20558 20573 20578 20586 20598 20602
8 20612 20629 20644 20649 20657 20669 20673 20681
2 20686 20703
3 20717 20734 20749
0
5 20761 20778 20793 20798 20806
5 20817 20834 20849 20854 20862
7 20877 20894 20909 20914 20922 20934 20938
1 20943
5 20953 20970 20985 20990 20998
7 21010 21027 21042 21047 21055 21067 21071
2 18962 21094
