0
0
0
0
0
0
0
0
0
0
0
0
0
0
0
0
0
0
0
0
0
0
0
0
0
0
0
0
0
0
0
0
0
0
0
0
0
0
0
0
0
0
0
0
0
0
0
0
0
0
0
0
0
0
0
0
0
0
0
1 0
0
0
0
0
0
0
0
0
0
0
0
1 0
0
0
0
0
0
0
0
0
0
1 0
0
0
1 0
0
0
1 0
0
0
0
0
0
0
0
0
0
0
0
0
0
0
0
0
0
0
0
0
0
1 1
0
0
0
0
0
0
0
0
0
0
0
1 1
0
0
0
0
0
0
0
0
0
1 1
0
0
1 1
0
0
1 1
0
0
0
0
0
0
0
0
0
1 240
0
0
0
0
1 2
1 881
0
0
0
1 1368
0
0
0
0
0
0
1 2
0
1 228
1 1062
0
0
1 1117
0
0
0
1 2
0
2 247 1314
2 2 1433
0
0
1 2
2 997 1361
0
0
5 174 416 464 503 537
2 59 257
2 112 1005
1 1103
0
0
0
0
0
2 1112 1609
0
0
1 1869
2 3 199
0
0
0
1 507
0
0
1 1574
0
0
0
0
1 3
0
0
0
0
4 173 320 842 1105
3 150 1035 1163
2 1111 1655
1 1889
0
6 3 134 583 765 1397 1443
5 371 434 960 1211 1510
11 40 258 284 422 803 1130 1389 1393 1400 1542 1622
8 3 98 294 640 1009 1184 1526 1811
11 94 119 249 704 918 984 1096 1364 1602 1621 1660
5 29 252 908 1177 1327
1 3
0
2 424 427
10 186 324 445 529 539 585 637 1032 1520 1607
1 578
0
7 358 670 707 1362 1629 1824 1888
2 527 563
0
0
0
0
0
0
2 562 944
1 1146
0
0
0
1 47
0
1 4
4 246 1203 1431 1641
0
0
0
1 153
1 983
0
0
0
0
0
1 4
0
0
0
0
0
1 921
0
0
0
1 4
0
0
1 4
0
0
1 4
0
0
0
0
3 355 466 1010
0
0
3 829 1619 1722
11 39 45 132 307 530 681 737 1238 1321 1342 1698
0
3 1261 1384 1776
10 125 222 239 313 590 723 1188 1658 1714 1770
6 68 93 169 365 1212 1450
10 218 390 454 543 650 698 776 1297 1615 1632
22 144 236 339 386 439 446 470 498 642 643 739 809 838 839 887 917 932 980 1011 1082 1452 1651
4 592 1457 1501 1836
0
22 5 95 229 394 471 531 534 566 586 792 1081 1128 1142 1155 1241 1273 1325 1414 1504 1665 1754 1813
18 317 448 561 573 674 675 760 798 1014 1039 1191 1371 1404 1418 1623 1643 1689 1880
27 21 35 64 124 359 378 463 533 627 791 886 891 947 1000 1034 1037 1156 1407 1412 1548 1557 1720 1753 1768 1782 1833 1881
15 138 328 382 469 500 665 669 942 1068 1182 1311 1383 1553 1710 1867
25 6 71 131 140 213 227 267 311 318 577 636 654 705 903 968 975 981 1024 1181 1228 1296 1329 1333 1580 1709
0
3 75 139 1285
4 141 310 1114 1137
34 90 197 216 254 352 387 441 495 568 726 757 797 818 834 888 1019 1080 1165 1235 1277 1291 1315 1359 1365 1366 1424 1436 1487 1588 1644 1723 1821 1832 1837
1 1253
7 22 356 363 717 905 1186 1207
1 392
21 5 18 44 83 91 127 285 372 373 465 466 502 746 840 1317 1426 1476 1485 1591 1717 1830
7 397 756 793 1138 1166 1556 1818
0
0
4 297 619 1085 1786
0
10 121 361 388 611 1318 1370 1473 1638 1652 1697
8 215 641 864 958 1604 1692 1760 1856
19 217 259 304 811 814 956 988 1140 1148 1179 1313 1345 1380 1437 1595 1670 1690 1800 1805
0
3 5 751 964
3 27 212 1490
1 1439
2 5 209
3 652 969 1504
20 9 11 43 128 241 250 332 600 631 809 817 845 1028 1094 1188 1306 1334 1632 1713 1858
3 5 1378 1656
5 115 116 1018 1565 1766
13 68 269 289 348 420 552 655 978 980 1008 1075 1445 1469
6 51 202 394 592 876 1651
2 50 64
7 331 498 537 902 1076 1590 1831
10 42 153 218 518 1161 1336 1371 1635 1636 1836
29 105 131 231 281 317 446 448 485 557 634 654 665 691 771 938 1118 1160 1196 1213 1248 1266 1320 1375 1486 1533 1570 1592 1653 1765
0
0
0
0
0
0
5 339 481 829 887 1180
0
4 279 1325 1521 1855
2 6 210
21 129 144 176 225 308 330 439 462 675 723 800 932 1003 1031 1195 1369 1418 1450 1514 1615 1683
0
3 158 235 1307
0
0
15 197 267 390 586 636 674 734 839 1034 1423 1519 1528 1583 1612 1770
0
0
14 22 130 239 282 305 698 726 1038 1404 1488 1525 1619 1643 1851
1 6
0
4 551 756 1261 1522
1 6
1 632
0
1 6
2 967 1451
0
2 125 1440
0
0
0
2 936 1722
1 948
0
0
0
2 333 1561
0
0
4 792 1041 1374 1861
2 1548 1600
0
12 219 386 402 509 580 669 739 903 1267 1324 1593 1676
23 85 329 451 458 466 470 547 576 640 714 725 916 935 1014 1429 1460 1517 1646 1771 1776 1809 1870 1880
0
1 7
0
0
1 1216
0
0
11 55 359 397 408 435 791 1137 1185 1472 1667 1868
0
0
5 561 1087 1293 1396 1527
2 31 729
0
1 7
0
0
0
1 991
0
0
0
2 501 816
0
1 7
8 15 146 603 1176 1269 1350 1499 1757
0
4 7 198 1197 1395
0
2 827 1734
1 7
0
0
0
6 472 894 927 1245 1408 1732
0
0
0
4 223 528 1347 1413
0
12 754 778 789 850 992 1221 1252 1271 1494 1518 1559 1736
2 8 161
4 261 1129 1509 1820
0
0
2 147 1328
25 89 162 444 617 688 735 770 802 869 888 1024 1183 1249 1279 1302 1343 1373 1377 1475 1608 1609 1654 1777 1780 1877
11 307 370 412 706 750 847 1162 1257 1555 1558 1839
1 1810
3 914 1226 1884
4 163 575 796 1756
10 208 316 875 1097 1258 1286 1352 1385 1419 1491
2 1425 1823
1 8
6 166 523 1208 1449 1785 1796
1 907
1 1477
0
10 456 579 584 720 819 1046 1064 1088 1284 1794
3 1259 1308 1614
3 1299 1300 1547
6 385 860 906 1173 1409 1530
1 1376
8 8 286 335 461 638 846 976 1282
0
0
5 8 184 306 601 713
0
0
2 8 1035
1 1398
0
1 1694
0
0
1 1596
2 910 1630
12 26 138 155 328 550 657 1011 1033 1043 1074 1642 1710
6 216 227 746 818 1045 1093
0
9 326 652 683 1275 1311 1410 1412 1416 1729
1 1692
0
24 46 93 124 140 293 372 455 531 553 621 642 755 835 1220 1239 1254 1313 1315 1317 1510 1557 1595 1652 1671
2 9 1479
0
13 88 285 363 365 376 626 937 1235 1388 1476 1580 1644 1821
3 356 1709 1818
32 54 139 213 301 311 492 495 619 681 760 809 834 942 956 980 1026 1125 1179 1186 1223 1228 1277 1285 1334 1501 1556 1588 1649 1790 1826 1856 1873
1 1114
7 217 851 964 1384 1426 1623 1632
1 44
2 684 1497
4 1166 1236 1386 1504
4 9 304 499 1628
0
0
18 9 43 56 169 201 222 294 420 600 705 733 759 911 953 1281 1298 1500 1730
1 83
0
2 9 378
3 152 595 1666
0
5 71 694 784 1019 1320
0
0
4 466 817 840 1437
2 947 1619
17 115 143 340 448 473 633 762 915 1238 1312 1327 1366 1430 1456 1490 1537 1865
3 10 1764 1852
3 925 1175 1840
3 711 1022 1243
1 1457
2 1326 1760
1 926
5 179 503 924 1438 1565
3 554 570 934
0
2 1686 1714
4 979 1036 1420 1860
33 90 96 127 141 236 250 259 269 387 441 450 488 540 588 643 654 700 821 892 955 981 999 1037 1109 1155 1329 1340 1348 1390 1723 1838 1866 1871
5 10 207 943 1604 1691
4 133 232 515 767
2 1152 1797
3 225 902 1591
1 843
5 99 427 658 1142 1801
0
2 722 975
4 312 476 545 1012
0
1 10
0
11 13 401 478 589 710 803 833 1002 1070 1611 1814
5 10 120 609 962 1696
0
0
1 10
2 549 1828
7 350 679 736 842 1381 1585 1845
12 148 189 313 483 509 520 968 1330 1391 1415 1488 1822
2 1057 1586
0
1 27
0
12 131 469 534 566 592 611 674 757 887 1181 1188 1291
1 195
11 11 50 267 388 394 467 471 665 1182 1297 1548
10 446 465 707 882 1084 1094 1207 1321 1523 1620
1 1763
11 128 309 332 454 801 811 958 1402 1504 1768 1837
1 1120
1 1028
8 373 502 751 1082 1218 1423 1566 1648
7 228 627 737 1336 1436 1455 1861
13 16 35 229 268 696 712 716 1053 1184 1278 1553 1637 1695
6 318 896 977 1383 1690 1782
8 11 517 622 631 917 1085 1111 1124
11 66 345 536 798 878 1280 1318 1338 1345 1633 1854
9 121 374 507 779 838 854 996 1397 1454
9 11 266 533 598 634 781 797 1452 1632
1 1520
16 33 347 403 691 848 886 935 939 1233 1521 1548 1595 1664 1675 1707 1859
1 11
12 75 145 212 317 324 331 339 442 771 1140 1380 1720
10 26 64 231 254 448 641 739 1424 1451 1504
14 592 623 636 674 867 887 980 1364 1378 1445 1450 1522 1636 1733
6 652 717 876 948 1643 1786
6 267 619 1112 1196 1414 1525
2 297 718
8 183 289 333 723 758 787 1576 1724
0
0
0
0
0
4 366 1158 1783 1881
0
0
0
0
0
0
0
9 283 438 440 457 995 1441 1539 1747 1799
1 12
0
0
0
2 963 1549
0
0
0
0
0
1 1843
0
1 12
0
0
0
0
0
0
0
1 1115
0
4 12 323 546 1198
0
0
1 12
0
1 73
2 12 429
1 185
0
0
0
0
0
0
10 177 382 504 597 662 728 748 1049 1789 1869
0
1 772
3 97 1270 1655
4 40 452 699 1846
2 931 1160
0
3 583 1761 1812
2 167 188
0
1 1875
3 13 272 852
0
1 1769
0
11 41 223 480 673 703 861 1119 1149 1512 1546 1889
6 20 157 411 857 1719 1725
0
0
11 65 277 342 765 795 973 1134 1150 1177 1589 1757
0
5 13 866 1354 1372 1560
3 398 1056 1575
4 123 578 1171 1227
1 13
0
1 1078
1 13
0
0
6 405 766 822 913 1231 1262
2 908 1139
0
3 788 1131 1250
0
0
0
0
0
0
0
0
4 137 630 932 1864
0
1 14
1 392
0
5 116 197 1514 1570 1593
0
0
0
0
0
0
0
0
1 14
0
0
0
0
1 18
0
0
0
0
1 14
0
0
1 14
0
0
1 14
0
0
1 1651
0
0
0
0
30 131 209 235 317 391 485 551 577 614 640 845 969 1034 1266 1316 1317 1366 1375 1418 1450 1469 1541 1580 1600 1612 1697 1713 1765 1800 1886
12 146 176 330 359 397 435 726 880 1067 1245 1583 1755
14 15 241 388 706 715 814 1190 1248 1325 1334 1412 1417 1486 1683
3 723 791 1839
4 186 1075 1108 1659
0
2 1045 1239
15 68 127 439 462 481 739 967 988 1137 1235 1277 1329 1604 1619 1644
3 420 472 1153
0
11 294 792 808 905 1004 1155 1163 1399 1450 1665 1820
3 1038 1569 1832
15 15 519 675 731 756 938 1026 1256 1331 1499 1610 1643 1728 1742 1821
3 308 359 1657
3 358 1031 1317
1 15
0
2 290 352
6 15 299 776 895 1307 1829
0
3 654 726 1851
0
33 22 24 125 202 285 339 387 388 394 397 446 466 495 498 500 586 590 809 887 888 1008 1034 1136 1148 1161 1296 1418 1528 1556 1557 1632 1652 1802
0
3 194 891 1714
16 85 90 124 169 310 317 420 450 636 674 1092 1155 1185 1257 1313 1830
4 708 1408 1440 1872
12 60 109 407 686 889 940 1157 1290 1407 1621 1712 1745
16 226 248 402 427 479 487 606 688 738 775 950 1126 1192 1230 1506 1607
2 807 1746
9 21 371 434 607 1030 1292 1602 1654 1811
0
1 395
1 1005
0
9 219 280 620 819 903 960 1628 1759 1776
12 135 344 431 505 732 803 1040 1314 1413 1574 1639 1703
5 16 1212 1241 1494 1731
0
6 530 637 672 982 1170 1542
0
1 1771
0
3 724 1032 1039
0
4 69 491 898 1048
1 1409
2 16 1480
2 58 1470
2 836 1304
1 16
3 946 1327 1467
0
3 16 594 628
5 45 1095 1309 1443 1667
3 296 430 1122
10 150 281 386 418 823 936 1096 1174 1261 1616
0
0
0
0
0
2 649 1332
0
1 890
0
2 1193 1276
0
1 17
0
0
0
0
2 777 1461
1 747
9 28 47 94 261 314 573 1086 1568 1837
0
0
0
1 1323
1 17
1 1435
0
0
0
0
3 193 490 1269
1 1164
0
0
1 17
0
0
1 17
0
0
1 17
8 255 668 847 1072 1359 1373 1711 1736
0
0
0
0
0
2 396 1803
2 665 793
2 550 1033
0
1 604
10 18 44 93 463 600 642 1014 1176 1235 1496
1 1426
1 1867
3 18 811 1671
2 1080 1627
1 42
1 18
7 127 632 958 1254 1604 1818 1823
2 51 1676
0
0
0
11 128 212 397 439 465 857 1180 1186 1366 1412 1592
1 1538
0
3 62 82 92
1 1448
0
4 29 118 1059 1127
0
3 865 904 1841
0
1 1141
3 288 587 1303
1 206
2 19 682
4 269 954 1079 1305
0
1 1058
0
0
1 1606
0
2 187 1337
2 1178 1815
0
0
1 19
0
0
5 113 341 570 1225 1860
0
1 191
0
3 325 933 1346
1 832
0
2 19 602
0
1 753
3 19 844 1396
2 82 1850
1 721
7 19 114 368 375 1072 1564 1787
0
2 160 1017
2 514 1460
0
0
0
0
4 179 1117 1195 1367
2 1319 1715
0
9 81 263 780 941 1133 1189 1405 1464 1772
0
4 511 1222 1263 1268
9 53 106 163 433 591 1247 1442 1590 1647
3 770 1389 1831
8 84 563 704 707 796 1211 1429 1754
2 501 1088
3 20 409 651
0
3 422 522 1833
2 478 709
0
1 1123
0
8 164 201 440 513 556 648 1259 1735
0
1 1446
1 20
0
0
1 20
2 826 1144
0
4 20 256 1289 1762
0
0
1 1029
0
0
0
0
3 640 828 1132
3 568 627 645
0
0
12 328 400 421 576 642 1037 1188 1473 1577 1580 1660 1698
0
1 1818
2 21 525
0
0
1 21
1 492
0
4 21 348 581 1105
0
2 1368 1836
1 1717
0
27 236 294 320 388 655 669 834 921 929 980 1069 1082 1094 1162 1183 1365 1371 1403 1547 1629 1635 1643 1644 1692 1714 1790 1810
0
1 1102
10 22 141 153 307 918 1024 1325 1483 1548 1619
15 131 217 448 532 557 619 739 757 818 825 903 1014 1137 1277 1821
19 43 44 250 394 439 495 553 592 746 756 791 1315 1317 1418 1426 1652 1710 1766 1858
2 22 932
0
1 1670
1 734
9 68 132 138 215 386 726 1333 1565 1634
0
5 129 698 817 1228 1880
0
13 80 93 102 108 585 729 974 1232 1432 1611 1672 1740 1825
10 190 292 459 1015 1145 1649 1752 1788 1808 1871
1 873
9 354 572 743 824 897 1047 1493 1502 1781
0
2 486 1531
2 1022 1678
2 555 1809
1 23
0
0
2 48 841
0
10 221 458 476 561 773 864 1135 1175 1242 1243
0
2 686 1653
0
0
0
1 181
3 23 667 1290
0
0
0
0
1 275
0
0
0
0
3 23 151 1387
0
5 414 453 512 689 1581
1 23
5 122 262 304 694 1537
5 60 288 663 1438 1468
3 23 510 1680
1 1857
5 148 362 426 438 1753
3 428 582 1344
4 41 302 555 1001
0
13 104 233 355 702 859 1320 1321 1441 1498 1541 1605 1722 1876
0
8 124 562 896 1090 1358 1481 1485 1591
4 39 750 1130 1534
1 98
1 970
0
10 143 359 387 625 916 1034 1188 1479 1519 1692
0
4 24 252 805 1449
10 249 336 445 730 765 1284 1302 1339 1343 1817
0
1 1258
15 71 125 130 586 626 669 683 894 1014 1024 1028 1041 1395 1404 1713
0
0
0
0
0
8 24 133 286 685 711 1107 1224 1803
0
1 267
1 24
15 266 402 630 680 757 927 955 983 1019 1249 1261 1410 1546 1646 1732
1 856
1 24
4 735 829 885 1739
2 144 1471
0
0
4 365 1397 1419 1614
0
0
0
4 210 944 1097 1586
1 112
0
1 25
7 136 175 449 635 1103 1392 1874
7 63 188 608 610 952 1062 1849
1 1361
2 989 1010
12 257 270 413 416 427 567 877 881 1497 1599 1776 1814
0
0
0
0
0
0
1 25
3 247 627 840
0
0
0
2 337 1314
2 638 1491
1 393
0
0
1 25
1 400
1 232
3 25 593 1324
0
0
1 25
1 932
1 112
1 1203
0
0
0
0
18 64 282 285 363 470 485 600 903 911 968 1140 1186 1223 1336 1380 1557 1588 1856
1 26
17 373 465 467 483 751 792 801 816 938 1037 1046 1085 1216 1235 1291 1340 1451
5 540 621 755 835 926
1 26
16 90 212 217 372 376 390 502 636 642 643 834 1313 1416 1656 1709 1836
1 496
2 26 273
3 326 830 1608
4 54 96 870 962
13 43 71 128 301 652 705 1275 1285 1308 1327 1439 1580 1880
11 27 197 935 956 1155 1166 1310 1312 1427 1517 1595
10 119 162 560 624 688 1009 1152 1238 1329 1633
8 329 387 815 1213 1476 1612 1765 1865
1 1521
7 420 1074 1140 1233 1334 1593 1652
14 199 399 802 803 868 924 1064 1221 1279 1379 1598 1655 1682 1747
1 27
1 1085
0
6 27 658 800 981 1615 1856
0
2 958 1266
1 1197
1 603
0
0
1 115
0
4 537 617 745 1622
4 204 446 987 992
0
0
1 28
0
1 646
0
0
0
0
2 498 1751
8 380 449 710 725 1070 1314 1352 1559
0
10 28 198 666 810 1362 1509 1545 1738 1879 1888
2 1666 1855
0
1 28
0
0
4 28 1114 1484 1640
0
3 464 523 742
0
0
0
0
0
4 89 527 1609 1715
11 35 279 395 789 1163 1208 1273 1644 1651 1748 1813
7 33 243 365 764 1515 1561 1866
0
0
0
2 29 1374
0
8 59 134 174 1128 1271 1287 1398 1569
26 29 55 173 307 450 539 552 618 827 852 961 1003 1028 1063 1083 1156 1295 1336 1414 1487 1579 1630 1655 1737 1782 1838
2 443 1385
1 248
3 29 960 1347
0
2 1491 1796
10 154 295 402 503 681 751 1452 1510 1591 1776
3 529 994 1873
7 269 482 707 869 875 1084 1236
1 907
0
7 31 155 537 714 1146 1299 1845
4 30 321 491 915
0
0
3 67 167 820
2 1291 1853
0
10 278 528 549 605 779 1518 1521 1626 1638 1702
2 893 1204
9 56 424 456 507 808 842 1059 1567 1757
4 99 300 396 699
0
5 427 990 1768 1780 1869
9 30 95 135 407 672 1143 1149 1393 1431
1 1356
1 1217
0
1 451
0
0
0
1 330
10 554 579 628 1199 1238 1464 1535 1754 1828 1848
1 30
0
1 114
2 30 1206
0
0
1 30
0
0
0
1 1673
0
0
5 865 953 1012 1132 1714
0
1 1662
0
0
2 606 1270
5 186 984 1168 1433 1824
0
0
0
2 31 1328
2 74 238
0
1 31
1 616
0
2 31 1342
0
1 575
0
0
0
3 460 477 1272
0
0
0
0
0
0
0
1 1718
0
0
1 32
2 759 1564
4 935 1016 1218 1430
2 377 1571
1 364
2 937 1573
1 265
7 195 406 490 697 784 1060 1648
10 700 736 848 979 1043 1200 1407 1488 1750 1840
1 1842
2 33 1225
3 684 811 1386
0
1 33
1 668
1 1109
1 33
8 161 854 904 996 1244 1246 1303 1397
4 211 244 544 1072
1 366
4 634 814 1376 1868
1 340
5 488 515 1513 1733 1745
4 383 496 870 1269
1 1100
4 34 997 1007 1764
0
0
5 345 602 639 786 1664
0
0
0
1 1793
0
0
1 1372
0
1 34
3 168 419 542
0
1 1801
0
0
0
1 1210
0
0
2 34 676
2 432 1775
0
1 34
1 1119
0
4 34 934 1283 1882
0
0
0
0
0
1 763
0
9 312 765 861 883 1019 1045 1286 1364 1440
1 35
1 620
3 210 584 1042
17 35 141 259 339 363 1082 1212 1261 1277 1327 1370 1525 1527 1602 1760 1765 1837
14 44 149 324 385 530 650 706 1157 1158 1234 1422 1490 1869 1885
0
22 85 121 455 495 595 698 708 817 860 935 943 1037 1093 1196 1306 1366 1476 1620 1637 1686 1691 1697
1 1692
0
20 108 120 263 308 349 370 425 499 536 640 688 753 886 925 1117 1211 1214 1222 1434 1451
0
0
0
0
0
0
2 36 1462
1 858
0
0
2 103 1169
0
0
1 837
0
0
0
0
1 36
0
2 843 1685
0
0
0
5 49 80 375 741 785
0
2 190 196
0
1 36
0
0
2 36 541
0
0
1 36
2 220 1122
0
0
0
0
0
0
1 1400
0
0
1 862
0
3 258 874 1260
2 1106 1289
1 1663
1 1862
1 37
1 240
0
1 877
0
0
0
0
0
0
0
0
1 37
0
0
0
0
0
0
0
0
0
1 37
0
0
1 37
0
0
2 37 303
0
0
0
0
0
1 240
0
1 48
1 769
5 38 479 1069 1787 1850
0
0
1 200
3 580 671 1230
0
0
0
3 743 832 1688
0
2 354 1777
2 1015 1387
6 38 360 457 940 1480 1533
0
0
0
1 555
0
0
9 221 459 514 651 712 738 1087 1661 1732
0
8 109 275 368 629 813 1263 1381 1432
1 38
0
0
3 38 572 1788
0
6 292 647 661 689 722 1071
1 38
1 280
13 102 283 353 555 686 804 823 1508 1678 1680 1704 1772 1871
0
0
5 251 418 585 773 936
0
0
10 294 444 471 842 991 1253 1278 1408 1641 1665
7 66 166 305 489 507 1542 1621
7 1160 1249 1437 1475 1556 1628 1754
10 157 333 509 638 781 900 1192 1456 1784 1854
11 153 228 284 441 534 643 706 775 833 1142 1658
1 39
0
0
7 39 390 437 1000 1165 1520 1523
3 223 1213 1373
2 508 693
1 39
0
2 98 1486
1 250
12 269 530 566 707 713 876 906 1067 1129 1173 1226 1724
0
1 1391
0
6 47 369 371 423 429 1711
0
2 1526 1540
2 40 617
5 412 434 1241 1827 1837
1 1360
17 40 94 281 306 507 537 754 803 941 1019 1390 1414 1477 1636 1655 1734 1799
3 1078 1127 1624
2 1076 1617
1 40
0
0
11 169 234 486 543 691 924 1092 1133 1290 1438 1735
0
1 802
7 622 737 797 964 1008 1112 1651
5 170 731 767 1072 1454
4 272 799 1178 1536
25 93 185 202 206 268 296 302 505 511 585 637 688 908 974 986 1048 1189 1198 1377 1420 1541 1607 1696 1815 1871
5 379 421 732 1002 1531
5 41 177 186 681 1364
5 86 686 892 936 1468
3 1440 1543 1667
1 41
2 778 1435
0
1 41
0
1 526
1 398
8 770 796 846 960 1252 1282 1425 1884
3 682 1215 1727
2 569 594
7 137 355 972 1115 1139 1421 1689
4 373 1412 1600 1683
4 988 1380 1472 1570
0
0
2 172 358
1 1267
0
0
1 42
0
0
1 42
1 1411
5 83 227 791 968 1228
1 42
1 285
2 619 1285
0
0
11 75 115 139 144 293 485 755 967 1011 1375 1861
1 1798
5 498 518 840 888 1712
5 43 125 140 1604 1821
4 128 465 669 811
10 502 600 634 751 902 1085 1186 1298 1547 1880
7 328 814 969 1329 1612 1723 1818
0
12 71 127 176 225 471 472 550 656 705 797 1023 1522
6 441 1207 1340 1380 1445 1557
2 254 654
11 116 152 372 386 958 1266 1291 1378 1469 1683 1851
13 124 165 271 502 588 657 675 1045 1166 1179 1220 1325 1371
0
0
1 250
2 690 1383
9 836 867 1049 1415 1457 1490 1636 1717 1782
0
0
1 45
3 308 1101 1541
2 644 1442
7 45 758 1281 1375 1805 1826 1839
0
0
1 45
0
3 665 1118 1722
0
0
0
1 246
0
0
0
0
0
3 46 1338 1476
3 692 905 1786
0
0
1 1011
0
2 464 1859
2 451 1499
0
0
1 46
0
0
1 46
0
0
1 46
2 876 1809
1 1038
10 371 478 965 1035 1184 1268 1489 1530 1611 1700
4 153 235 631 793
0
0
0
1 1494
4 47 679 1622 1889
4 222 382 434 1783
7 194 323 1273 1389 1413 1510 1820
17 47 146 171 218 231 374 591 662 768 841 977 1229 1304 1396 1403 1740 1877
1 597
7 585 1259 1269 1343 1602 1654 1809
0
1 73
4 333 1309 1621 1819
4 208 703 1053 1566
5 324 358 1292 1399 1756
2 160 375
0
1 48
0
0
1 48
2 275 555
0
1 48
0
3 858 1263 1586
0
1 628
2 87 556
2 315 719
1 813
0
0
0
0
5 54 76 187 545 1079
0
0
0
2 807 891
1 341
3 49 794 945
0
0
0
1 260
1 701
1 494
0
0
6 91 115 259 304 469 1138
3 49 248 327
0
0
1 49
1 1349
0
1 49
0
0
0
0
0
0
0
0
0
0
0
1 50
2 225 902
0
1 50
0
5 121 533 809 1137 1451
1 50
0
0
0
0
0
0
0
1 818
0
1 51
0
0
1 51
1 297
7 138 356 481 611 917 1018 1565
2 51 1174
0
0
0
7 947 1181 1182 1383 1424 1836 1856
5 216 372 470 652 698
0
0
0
1 52
0
0
4 706 1081 1436 1875
0
0
0
10 61 212 331 637 756 901 948 1426 1437 1590
0
0
1 1773
0
1 52
0
0
0
3 920 1098 1609
0
0
0
0
3 159 484 985
1 52
0
0
2 52 1251
4 960 1032 1795 1832
5 480 1362 1443 1810 1843
1 52
0
1 1280
0
0
5 554 796 826 1743 1771
0
0
0
0
0
2 325 1030
1 53
0
0
0
0
1 1290
0
0
1 447
0
1 53
0
1 1539
3 53 771 1336
1 1841
0
1 53
0
0
0
0
0
0
1 989
1 96
1 54
9 927 962 967 1152 1334 1340 1633 1653 1803
4 1257 1321 1407 1410
2 54 1732
0
0
1 687
0
1 1045
1 926
7 75 829 978 1075 1365 1522 1870
0
0
10 472 586 694 715 792 1166 1179 1315 1591 1755
0
4 55 270 728 1265
0
1 313
1 55
1 1823
1 1713
1 55
0
1 1768
0
1 1050
0
2 1378 1765
0
2 1238 1804
0
0
5 56 467 1202 1222 1846
3 69 680 1218
7 603 938 1402 1542 1581 1695 1785
1 56
5 416 504 520 821 1314
1 1006
1 56
0
0
0
10 199 286 503 997 1005 1062 1064 1352 1559 1869
3 710 1012 1216
0
0
1 1701
0
1 57
0
0
0
0
0
0
0
0
0
1 1124
0
2 57 963
1 277
0
0
0
0
2 78 1524
0
0
1 197
1 57
0
1 897
1 57
3 601 810 855
0
5 57 346 727 923 993
0
0
0
0
1 670
0
0
4 500 1149 1183 1833
0
1 1616
0
0
2 58 1196
0
0
2 371 531
2 1035 1419
0
4 890 1177 1725 1759
3 450 598 1130
3 132 1697 1811
0
2 58 1780
4 236 630 988 1293
4 257 358 402 1004
1 58
0
5 281 891 921 1388 1608
3 58 1146 1746
0
4 528 780 1408 1752
1 1184
1 1250
1 435
0
0
0
0
2 842 1844
1 320
1 242
3 59 158 1241
3 777 908 1197
1 181
1 59
2 681 1361
0
9 59 401 416 798 828 882 936 1096 1813
0
3 632 633 975
0
1 1520
0
0
0
8 226 275 404 467 898 1175 1537 1871
3 60 162 375
0
0
4 60 151 812 1340
1 1781
0
6 60 663 667 838 1097 1103
3 184 522 1460
0
0
5 80 163 422 1593 1820
0
0
0
0
0
1 534
0
0
0
3 264 1088 1812
1 202
0
0
2 61 1587
0
0
0
0
1 229
0
3 336 893 1495
2 1559 1874
0
1 61
0
0
1 61
0
0
3 61 1717 1770
0
0
0
0
0
1 1010
0
0
5 85 96 334 954 1571
12 62 179 348 490 509 894 1047 1243 1373 1486 1488 1694
3 966 1057 1502
0
4 143 207 1248 1866
1 578
6 711 779 895 939 1051 1537
2 129 1760
0
0
0
1 62
0
11 403 540 691 848 1072 1135 1318 1430 1595 1628 1771
1 62
0
0
2 62 1225
0
0
7 478 501 570 956 1164 1438 1607
4 696 904 1345 1723
0
0
0
1 1794
1 63
0
0
0
2 335 1087
1 1354
2 709 952
3 98 204 210
0
2 995 1463
1 63
0
1 944
7 63 249 257 1125 1368 1441 1622
2 167 635
0
2 63 735
0
1 881
0
1 651
1 724
1 97
0
1 105
5 288 333 833 1249 1822
0
0
0
0
1 1061
0
1 955
1 1852
0
3 148 300 1448
1 213
1 749
0
0
1 1716
0
0
1 1145
0
0
1 350
1 816
0
22 139 261 307 363 365 568 704 834 1011 1093 1112 1191 1239 1311 1383 1424 1452 1525 1600 1615 1653 1709
3 64 390 1710
5 839 1384 1501 1610 1729
3 83 254 356
0
0
0
1 885
0
1 913
0
0
0
1 822
0
0
2 65 782
0
4 111 535 849 1262
0
2 566 1055
0
0
2 411 765
2 391 1673
1 1792
1 65
0
0
2 65 795
4 344 434 762 1077
0
3 65 889 1177
0
0
2 1167 1778
0
0
0
0
11 203 321 554 624 763 1211 1541 1585 1621 1633 1659
3 459 1161 1568
5 354 381 1414 1499 1758
5 186 312 456 1440 1596
2 66 1512
5 201 283 357 384 1498
3 222 547 1429
2 66 720
0
7 132 228 473 610 770 992 1675
2 66 1089
1 1588
5 142 583 1142 1347 1769
0
5 281 444 611 1212 1649
0
2 174 1786
0
1 1201
0
1 67
0
0
0
0
0
1 72
1 1344
0
2 419 1493
1 67
0
3 1300 1389 1516
1 67
0
0
1 67
1 824
0
1 1001
7 94 793 927 999 1460 1754 1757
0
0
0
4 68 1008 1424 1510
4 209 241 968 1297
16 308 330 352 392 471 797 798 840 888 948 1031 1375 1514 1683 1697 1851
2 470 1114
2 435 1770
1 1656
4 215 328 947 1501
4 309 1028 1094 1409
0
1 1361
0
4 112 704 790 1195
1 69
2 355 1005
0
1 69
0
0
1 69
0
1 1845
0
0
1 997
0
0
4 70 500 1003 1180
0
1 599
1 886
0
0
1 819
3 164 497 1753
0
0
0
2 589 1667
1 70
0
0
0
1 1459
0
4 113 1058 1576 1787
0
0
0
1 70
1 1457
2 1162 1333
1 70
0
0
1 70
0
0
0
0
0
0
0
6 620 835 969 1310 1612 1720
2 373 441
4 310 641 1185 1371
14 297 378 575 637 942 1024 1163 1258 1445 1469 1500 1570 1660 1820
1 1257
2 219 1348
2 88 291
0
0
1 831
0
5 140 626 1094 1710 1861
6 213 352 817 967 1228 1851
0
12 138 450 492 501 576 631 677 1181 1243 1404 1600 1717
0
0
3 72 216 577
0
0
0
1 1561
5 169 313 469 627 1182
0
0
0
4 105 140 213 609
2 72 948
0
0
1 72
0
0
1 72
0
1 1744
1 615
1 626
0
0
0
5 711 738 847 876 1647
1 445
1 1809
0
0
0
0
1 716
1 73
3 533 964 1364
0
1 73
2 1343 1639
3 223 1302 1831
2 73 1529
1 944
7 94 161 568 1241 1494 1530 1609
0
1 1589
0
0
0
1 82
0
0
2 100 1406
0
0
2 617 863
2 916 1284
3 74 563 915
0
0
0
0
0
0
1 1807
0
0
1 74
0
0
2 74 238
0
0
1 74
0
0
0
0
1 428
0
0
1 1549
8 109 116 144 227 382 451 1236 1320
2 75 1176
0
5 550 733 838 1120 1594
0
0
0
2 648 1698
1 1395
0
0
0
0
0
0
0
1 206
2 76 445
0
0
0
0
0
0
1 1860
0
0
2 76 872
0
0
2 76 179
0
0
1 76
3 96 1225 1233
0
0
0
2 255 848
0
0
0
0
0
1 561
0
0
0
0
0
3 361 491 844
1 77
0
0
0
0
0
0
0
0
0
0
0
1 77
0
0
3 1016 1569 1590
0
1 201
0
0
1 879
0
1 77
0
0
1 77
0
0
1 77
0
0
0
0
0
0
0
0
0
8 162 342 437 672 1190 1479 1563 1707
0
1 1171
1 478
0
0
3 1560 1731 1767
0
0
1 78
0
1 559
11 430 930 931 1008 1112 1183 1279 1417 1665 1810 1833
0
0
0
1 957
0
0
1 78
0
0
1 78
1 117
1 1237
1 78
0
0
0
0
0
0
0
0
0
1 1779
0
0
0
0
1 79
0
0
0
0
0
0
0
0
0
0
0
1 79
0
0
0
0
0
2 414 1389
1 1739
0
0
1 79
0
0
1 79
0
1 1255
1 79
0
0
0
0
0
1 1506
0
1 873
2 263 651
13 80 191 205 275 316 375 440 467 914 1035 1216 1410 1789
1 148
0
14 80 104 122 775 904 971 1088 1222 1350 1387 1438 1577 1628 1722
9 109 188 288 355 671 1263 1607 1637 1678
0
0
3 702 1012 1537
0
4 230 630 1249 1546
0
1 81
0
0
0
0
1 1599
1 1432
0
0
0
2 81 1732
0
2 1618 1664
1 81
0
4 167 628 1132 1385
1 81
0
1 1872
0
1 147
1 263
1 611
0
1 1341
7 82 438 514 602 721 933 1803
3 570 700 1175
2 354 1648
1 82
0
2 133 1346
1 1178
1 1373
0
0
0
1 83
1 1039
2 818 905
0
0
2 1656 1867
0
0
2 159 1831
0
0
0
1 84
0
0
1 1231
0
3 347 1499 1719
1 1193
0
0
0
1 84
0
0
2 84 959
1 961
0
1 84
5 744 951 1154 1204 1835
0
0
0
0
1 89
1 1517
0
0
3 85 324 1654
2 92 1357
1 1245
0
0
0
0
3 146 1407 1633
0
0
0
0
4 500 717 819 1296
0
1 1763
0
3 859 1087 1740
0
2 86 582
0
0
1 1434
0
0
0
1 165
4 793 922 1615 1690
2 156 1456
2 86 525
0
0
2 86 884
1 1173
0
1 86
2 661 1661
0
0
0
0
0
1 510
1 745
0
1 1650
2 87 1808
0
1 1270
0
0
3 426 431 1491
0
1 1070
0
0
1 87
0
0
2 87 424
0
1 1144
1 87
1 1102
1 578
0
2 660 1119
0
1 1611
0
1 1105
1 975
0
3 632 798 1461
0
1 816
0
0
1 88
0
0
1 88
0
0
1 88
0
0
0
1 1313
0
0
0
13 352 472 492 906 984 1038 1269 1436 1491 1547 1606 1782 1832
0
9 141 829 1000 1068 1074 1181 1404 1676 1723
5 772 789 1330 1339 1876
0
1 222
0
4 95 1103 1131 1814
1 89
1 1613
1 581
6 89 567 1271 1392 1481 1558
0
2 866 1542
0
0
0
0
8 453 643 970 1070 1168 1177 1184 1352
6 90 129 231 757 938 1636
9 228 229 622 1108 1110 1111 1160 1477 1485
2 143 1301
4 462 1254 1305 1830
0
3 239 551 1140
1 1257
0
0
1 1343
0
2 112 1097
0
0
0
2 91 262
1 1203
0
1 91
3 608 925 1103
0
1 91
0
0
0
0
1 493
0
1 400
3 1027 1475 1677
1 1578
2 399 544
0
1 288
0
0
0
2 1017 1666
1 92
4 161 1086 1226 1889
0
1 92
1 1150
0
2 92 433
0
0
0
1 278
0
1 327
0
4 587 953 1480 1866
0
0
1 1307
0
3 575 1376 1811
0
0
0
0
6 106 118 850 1066 1523 1526
6 95 223 407 950 1273 1574
3 731 755 1345
5 161 298 1090 1213 1573
1 95
5 583 990 1256 1338 1503
2 1226 1302
2 444 1284
0
5 348 566 924 1602 1810
0
2 704 826
1 926
0
6 176 490 496 540 865 904
0
2 1444 1571
1 119
0
8 168 233 440 578 651 823 1405 1575
1 1149
2 1475 1768
0
0
2 1042 1458
3 97 137 456
0
4 163 921 1040 1095
2 97 210
0
0
1 97
3 786 869 976
3 451 1146 1614
1 482
1 214
1 1433
0
0
1 98
0
1 408
0
0
0
0
0
0
1 99
1 563
1 1561
1 99
0
0
2 99 330
0
7 476 784 1109 1278 1286 1379 1395
0
0
1 1788
3 830 1218 1233
0
3 1029 1742 1775
3 552 1323 1693
0
1 855
0
0
1 100
0
1 863
1 1797
0
0
0
0
2 314 1559
0
1 100
0
0
1 100
0
0
1 100
0
5 649 1013 1332 1625 1827
0
0
0
0
0
0
2 101 1363
1 1221
0
0
2 730 1347
0
0
0
0
0
2 523 802
0
1 101
2 1130 1244
0
0
0
0
1 1274
0
0
0
2 101 1022
0
0
2 101 668
0
0
1 101
0
0
0
0
1 1705
0
0
0
2 102 1337
0
0
8 102 452 1367 1381 1420 1456 1703 1745
0
0
1 102
1 940
0
6 201 211 248 572 682 1598
1 1470
2 312 689
0
0
0
0
0
0
0
0
0
1 103
0
0
0
0
0
0
0
0
2 459 1891
1 103
0
0
1 103
0
0
1 103
0
0
2 871 1567
0
0
2 1224 1464
0
0
0
0
7 304 710 732 738 881 1010 1565
1 104
1 823
10 310 367 457 546 596 729 1259 1299 1494 1881
7 104 251 396 775 1678 1704 1885
5 202 1157 1399 1410 1419
3 491 962 1198
2 104 1468
1 1772
1 1268
0
3 265 1480 1507
0
0
4 841 954 1071 1788
0
2 105 501
0
5 981 1486 1657 1667 1671
1 105
1 1306
1 1540
1 675
0
0
0
0
0
0
0
0
0
3 860 1067 1397
0
0
1 1127
1 106
1 193
2 1658 1879
1 106
2 927 937
1 1706
1 106
0
0
1 1793
1 1855
0
0
0
0
6 505 528 554 743 1116 1290
4 487 548 838 1387
1 1429
0
2 108 514
2 1031 1517
5 1153 1413 1427 1428 1800
3 108 1026 1331
1 1467
3 179 602 1733
1 108
0
1 295
4 490 880 996 1225
0
0
7 232 1213 1278 1408 1569 1737 1787
2 779 898
1 139
3 283 594 1666
1 109
3 320 1130 1536
0
2 1403 1730
0
1 1781
0
4 775 974 983 1849
0
0
1 1531
0
0
1 110
0
0
0
0
0
0
0
0
0
0
0
1 110
0
0
0
0
0
0
0
0
0
1 110
0
0
1 110
1 1157
0
2 110 1684
0
0
1 505
4 489 513 584 1442
0
2 769 946
3 206 318 1195
0
0
1 215
2 410 532
0
0
1 111
0
0
0
0
1 718
0
0
0
0
2 111 220
0
2 913 1773
1 111
5 183 244 782 920 1326
0
1 111
0
1 1802
0
0
0
0
0
1 421
1 1864
1 672
2 1062 1203
0
4 735 1396 1637 1814
3 217 289 331
2 1107 1861
2 694 925
0
0
0
1 135
0
0
1 113
0
0
1 113
0
0
1 113
0
3 509 736 1175
0
0
5 668 784 1243 1736 1745
0
2 779 941
1 379
1 114
0
0
5 114 1015 1178 1815 1857
1 1571
0
1 114
1 226
1 160
0
2 151 428
1 832
1 1772
1 1267
3 634 787 1176
2 1455 1760
0
1 1873
1 235
2 659 1275
4 116 148 708 771
1 1514
0
3 340 499 1521
1 621
2 145 1321
0
3 129 1161 1185
0
0
0
0
0
0
0
0
0
0
1 117
0
0
0
0
0
0
0
0
0
1 117
0
0
1 117
0
0
1 117
0
1 1128
0
0
0
0
0
0
0
1 406
0
0
4 166 1279 1385 1590
2 118 187
1 954
0
1 118
0
0
1 118
0
0
0
0
0
0
0
0
3 119 737 1813
1 552
0
2 119 349
0
1 1841
0
1 1211
1 955
0
1 1505
9 132 150 576 808 1142 1485 1658 1660 1833
0
0
1 120
0
0
2 120 1777
0
1 366
1 120
0
0
1 1080
2 891 1483
2 249 738
0
2 916 1672
2 121 1865
0
0
1 801
4 758 1036 1642 1761
0
0
9 209 469 723 800 1000 1248 1653 1766 1886
1 1430
1 663
6 122 232 479 848 1712 1840
0
1 987
1 122
1 682
0
1 122
0
1 1454
1 1788
0
0
0
5 499 1281 1311 1698 1771
0
1 123
0
0
0
0
0
0
2 157 1884
0
0
4 123 1316 1362 1368
8 456 770 852 1138 1477 1523 1831 1839
0
2 123 460
0
0
1 123
0
0
0
1 1126
0
0
0
0
1 1395
0
0
0
1 1449
0
0
1 1098
1 827
0
0
1 126
0
0
0
0
0
0
0
0
0
0
1 1532
1 126
0
0
0
0
0
0
0
0
1 1403
1 126
1 380
0
1 126
0
0
1 126
1 750
0
0
0
0
0
0
4 531 1075 1324 1501
0
3 239 845 988
0
0
2 981 1519
0
0
0
0
0
0
0
1 1845
1 130
3 670 1156 1828
2 621 894
1 130
1 483
0
4 130 199 424 638
0
2 533 1391
0
1 941
1 481
3 189 837 1801
3 219 1525 1649
0
14 194 261 385 458 973 984 1060 1084 1212 1452 1570 1592 1720 1817
9 284 416 712 773 949 983 1158 1485 1665
0
1 1794
4 279 280 620 743
0
2 1067 1182
0
0
1 1322
0
0
0
0
0
5 511 1240 1251 1617 1792
0
1 1409
0
0
2 133 218
5 162 572 605 1432 1696
1 1648
2 133 1164
0
0
0
1 1400
0
1 570
3 711 1196 1664
0
0
1 134
0
1 992
1 134
0
5 249 550 614 664 1046
1 134
0
9 529 673 728 861 1160 1227 1270 1271 1626
4 174 1146 1252 1884
1 788
0
0
0
1 1441
2 135 1276
0
1 245
1 135
0
0
0
0
0
0
0
0
2 136 670
0
3 1104 1226 1247
6 748 1070 1123 1721 1814 1848
3 166 556 1751
0
0
0
2 299 709
0
1 136
3 568 622 1436
2 1289 1740
2 136 1496
0
0
3 136 1347 1796
1 1524
2 504 1048
0
0
1 754
0
1 1738
0
7 137 181 246 732 1064 1393 1431
0
0
1 137
0
0
6 177 1005 1149 1399 1443 1686
0
2 1319 1342
1 1538
0
4 243 878 918 1139
3 917 942 1881
0
5 491 717 1039 1207 1473
6 573 953 1021 1165 1551 1630
1 1439
7 305 329 462 1082 1287 1312 1469
0
1 155
2 750 1766
0
4 216 256 291 313
0
0
0
1 1460
0
1 1623
0
3 463 1514 1676
9 662 736 846 895 1253 1390 1419 1425 1648
1 1056
0
0
0
0
0
0
3 195 934 1748
0
1 142
0
0
0
0
0
0
0
0
0
1 142
3 796 1382 1681
0
1 142
2 384 1272
0
1 142
1 764
0
0
0
2 173 896
0
0
3 143 241 483
0
0
0
1 175
0
6 345 588 886 1318 1386 1800
0
2 1043 1254
0
1 969
3 1365 1416 1811
0
0
0
1 340
1 145
2 551 1747
0
2 145 1183
1 1369
0
1 145
0
1 236
1 1522
2 641 819
0
0
0
4 146 1093 1179 1830
4 283 931 979 991
1 905
5 444 591 924 1198 1236
0
0
1 1080
4 621 1038 1223 1832
1 658
0
0
0
0
0
5 147 685 713 1284 1286
0
2 1475 1846
1 147
0
1 190
5 147 915 1119 1199 1478
0
0
1 1464
1 167
0
0
0
2 362 486
0
2 519 1105
0
0
2 1004 1498
1 639
0
2 149 1446
1 1077
0
0
0
2 418 512
0
0
0
0
2 149 423
2 1381 1577
2 768 972
1 149
1 405
0
1 149
0
1 952
0
0
1 618
0
0
0
4 1083 1309 1468 1799
1 150
1 1660
1 560
6 150 252 370 686 752 1777
0
0
0
5 164 1097 1172 1753 1854
0
1 934
2 703 944
8 594 804 820 974 1100 1132 1479 1678
1 719
1 151
1 1781
0
3 151 691 1189
2 689 1680
0
1 296
0
0
2 1217 1356
1 1519
0
0
0
2 152 1762
0
7 229 530 942 1324 1384 1549 1608
3 152 235 1690
1 1716
1 1670
1 152
0
0
1 1003
0
0
1 1867
0
0
2 847 1433
8 492 604 683 1081 1445 1568 1640 1724
2 1118 1689
0
0
0
0
1 459
0
1 799
0
0
0
1 417
0
0
0
0
0
0
1 440
0
0
0
0
0
1 266
0
1 215
1 774
1 154
1 865
0
0
0
0
0
0
0
0
1 154
0
0
2 154 534
1 843
0
1 154
0
0
4 479 1012 1057 1059
0
0
0
0
1 1490
0
4 155 481 1285 1858
0
1 282
1 155
0
2 1315 1868
4 382 623 1207 1670
1 1873
0
0
0
0
0
2 297 1050
0
1 1434
1 1423
1 1763
1 156
0
1 165
0
0
0
0
0
0
0
2 156 165
0
0
1 156
1 922
1 746
1 156
0
1 165
0
0
0
0
0
0
1 157
0
0
6 157 366 1246 1535 1794 1842
4 257 407 855 1859
0
0
0
4 354 697 1385 1456
0
0
0
0
1 1429
1 1480
0
1 1432
1 1803
0
0
0
2 1197 1303
0
0
0
0
1 841
0
1 897
0
1 158
1 728
0
1 158
0
0
1 158
0
1 913
4 737 1048 1136 1553
1 1531
5 647 1111 1273 1352 1398
0
0
1 940
1 1477
0
0
1 595
1 575
3 411 1328 1631
1 1262
0
0
1 159
1 529
0
2 159 1271
0
1 1055
1 159
0
0
0
2 1091 1834
0
0
2 389 1582
1 511
1 1465
6 258 593 712 1231 1789 1815
0
0
0
2 1281 1588
0
0
0
0
1 248
6 160 368 572 794 1079 1585
0
0
1 160
0
0
0
0
0
0
0
5 802 1067 1076 1084 1620
0
4 166 732 1007 1520
0
0
3 374 846 1866
0
0
1 984
6 725 983 1214 1694 1764 1888
1 163
1 1304
1 290
1 1409
6 422 662 1216 1757 1794 1870
0
0
3 1443 1539 1720
6 702 994 1114 1608 1763 1838
1 164
0
0
1 164
2 1854 1865
1 1248
0
0
0
1 350
0
0
0
0
2 875 1111
0
0
0
6 320 523 699 736 1245 1390
4 286 409 1368 1421
6 731 854 1259 1278 1338 1649
0
1 1362
0
0
3 579 1222 1508
0
1 1616
1 177
1 1205
0
2 168 1263
3 556 646 916
0
1 168
0
0
1 168
0
0
0
0
0
2 1232 1603
0
1 176
4 318 683 947 1359
2 311 1138
1 810
0
0
1 226
0
0
1 170
0
2 1119 1351
1 292
0
0
0
1 221
0
0
1 170
0
0
1 170
3 508 1022 1162
0
2 170 266
0
0
1 1736
1 869
0
0
1 909
1 429
0
0
1 171
0
0
0
0
0
0
0
1 535
0
2 171 1844
0
0
1 171
0
0
2 171 1268
0
0
0
0
0
0
0
0
0
0
0
0
13 207 209 225 531 602 630 755 925 1145 1281 1320 1822 1841
1 172
1 1855
0
0
0
0
0
0
1 1579
0
1 172
0
0
2 172 1345
0
0
1 172
3 538 714 1399
0
0
0
1 1812
0
0
3 1052 1372 1471
0
2 173 1509
0
1 1662
2 173 1195
1 1032
0
3 617 1088 1889
1 504
0
0
0
0
2 174 907
0
0
4 915 997 1606 1801
2 540 1258
0
1 557
4 734 808 1780 1790
1 937
0
0
0
0
0
1 1599
1 175
0
1 1197
1 175
0
0
2 175 1484
1 270
1 1431
1 1599
0
0
0
0
0
3 857 966 1454
0
0
0
0
0
0
1 177
0
0
0
0
5 396 773 1164 1696 1702
1 1715
0
1 1586
0
3 759 1374 1574
3 488 1092 1507
1 1295
1 348
0
1 180
0
0
1 1266
0
0
0
0
0
0
0
0
1 180
0
0
0
0
0
0
0
0
0
1 180
0
0
1 180
0
0
1 180
0
0
1 1370
1 1308
0
0
0
1 181
0
4 240 528 1658 1740
1 181
0
0
1 1555
0
0
2 670 1890
0
0
0
0
0
0
2 1435 1863
0
0
0
1 182
0
0
0
0
0
0
0
0
0
0
0
1 182
0
0
0
0
0
4 247 1039 1080 1457
4 424 992 1190 1558
0
2 1526 1596
2 901 1376
0
1 183
5 823 1062 1304 1434 1666
1 484
1 183
0
0
2 183 232
0
3 666 722 1086
0
0
0
0
0
1 184
0
0
1 184
0
0
1 184
3 263 457 1888
0
0
0
0
1 862
0
3 411 601 1463
1 185
0
0
1 185
0
1 1413
1 185
0
1 322
0
1 1398
0
0
0
1 1784
4 645 847 1838 1860
0
0
0
0
4 529 1193 1270 1638
0
1 1006
0
0
3 385 708 1752
2 1420 1769
1 616
2 822 1629
0
0
0
1 187
0
1 668
1 187
0
0
1 1303
1 1218
0
0
0
0
0
0
1 712
1 777
2 1208 1279
7 312 1198 1530 1611 1647 1675 1734
0
1 1004
6 728 754 883 900 931 1799
0
0
0
2 188 449
0
1 672
2 188 1054
0
0
2 194 1053
3 1442 1479 1712
0
0
0
0
1 1180
4 458 576 1233 1850
2 300 1787
0
0
1 189
0
0
2 189 438
0
0
1 189
0
0
0
0
0
0
1 1358
0
6 190 206 377 628 1564 1862
1 632
1 237
1 190
0
0
0
0
1 510
3 234 815 954
1 648
1 496
0
1 872
1 191
2 696 753
0
1 191
0
0
1 191
0
7 293 758 930 991 1073 1242 1517
2 541 843
5 549 1133 1513 1546 1841
4 246 428 663 1781
0
0
1 1159
1 1645
0
0
0
1 1489
3 192 341 1854
0
0
0
1 1677
2 783 977
0
2 1430 1727
0
1 1377
1 391
0
1 192
0
0
0
0
0
0
0
0
0
1 192
0
0
1 192
0
0
1 192
0
0
0
0
0
0
0
1 1022
1 700
0
4 193 258 323 545
0
2 398 850
1 193
1 1829
0
1 193
0
0
1 364
0
0
0
1 252
1 805
0
1 194
2 610 877
0
1 1302
0
0
0
4 1403 1468 1704 1885
0
0
2 195 1031
4 810 1105 1109 1135
0
2 195 833
1 1093
0
3 553 1391 1755
0
5 347 515 1245 1800 1840
0
0
0
0
1 196
1 1230
0
1 226
0
1 418
1 1169
0
1 514
0
1 196
0
0
1 196
0
0
1 196
0
1 563
0
0
0
0
1 741
2 1033 1174
0
0
0
0
1 198
0
0
1 198
0
0
1 198
0
0
0
0
0
3 370 527 1063
1 1855
1 877
1 199
1 638
0
0
0
3 679 778 1009
1 464
1 240
1 1850
1 200
0
0
0
1 1733
0
1 292
0
0
0
1 200
0
1 1069
1 200
0
0
2 200 895
0
0
0
0
0
3 350 486 1772
0
2 1333 1883
0
2 846 996
0
0
0
1 485
0
0
0
1 1758
0
4 300 861 1189 1498
1 203
0
1 1164
0
1 1051
0
0
0
1 558
0
1 203
0
2 869 1543
1 203
0
0
1 203
0
1 684
0
0
0
0
0
1 204
0
0
5 204 346 504 562 1158
3 926 1437 1626
0
1 204
0
0
0
0
0
0
0
0
0
0
0
1 205
0
0
0
0
1 1816
0
0
0
0
1 205
0
0
1 205
0
0
1 205
0
0
0
0
0
0
0
0
0
0
0
0
0
1 207
0
0
3 207 1059 1087
0
2 488 934
3 401 609 1566
3 273 1016 1694
0
0
2 625 1822
0
1 208
0
0
3 208 1574 1813
0
0
2 208 1614
2 881 1875
0
0
1 1283
2 860 1877
0
0
1 1637
0
2 321 594
1 789
4 873 986 1215 1536
0
0
1 425
0
0
2 771 1518
0
2 1152 1318
0
0
3 293 1365 1416
1 280
2 1046 1074
0
0
0
0
1 1819
1 800
2 310 463
0
1 1176
0
0
0
2 965 1545
0
0
1 211
0
1 1531
1 211
1 552
0
4 211 368 721 1785
0
0
0
0
0
0
0
0
0
0
1 1306
0
0
0
0
1 910
0
0
0
1 214
0
0
0
0
0
0
0
0
0
1 214
0
0
1 214
2 1309 1679
0
1 214
2 1372 1654
0
0
0
0
0
0
0
1 781
1 624
0
0
0
1 1753
0
0
0
1 1676
0
1 259
3 239 435 626
4 392 964 1185 1239
2 254 839
1 301
1 231
5 524 573 607 917 1770
1 218
3 305 590 612
1 1512
1 547
0
1 1089
0
1 1191
2 219 1487
2 631 1528
1 655
0
0
0
0
1 329
0
0
0
1 849
0
0
0
2 220 1825
0
0
1 220
0
0
1 220
1 763
0
0
2 1122 1394
0
0
0
0
2 221 1201
0
0
3 221 1001 1815
0
0
2 302 1606
1 1178
0
0
0
6 759 1300 1324 1549 1707 1812
0
3 690 1108 1647
1 776
3 919 1393 1799
0
1 597
0
0
0
0
0
0
0
0
1 224
0
0
0
0
0
0
0
0
0
0
0
1 224
0
0
0
0
0
1 1433
0
0
0
1 224
0
0
1 224
0
0
1 224
0
0
1 1498
0
0
0
0
1 933
1 1015
0
6 272 505 579 826 1581 1704
1 233
1 1069
1 1387
0
0
1 693
0
1 902
0
0
0
0
0
0
0
3 227 1297 1766
1 1867
0
0
0
0
0
0
4 801 1556 1670 1795
1 462
3 622 1561 1724
1 1449
1 499
3 1148 1173 1547
0
0
0
1 378
2 750 1518
0
1 1635
1 827
0
0
0
1 567
0
0
1 1526
0
2 709 1134
1 610
1 412
1 335
1 581
0
0
0
0
1 230
1 1731
0
0
0
0
0
0
0
0
1 230
0
0
1 230
0
1 614
1 230
0
0
0
0
0
0
0
0
0
0
0
1 1858
0
0
0
2 1312 1646
0
0
0
0
0
1 325
1 233
0
0
1 233
3 272 769 1616
0
0
1 379
0
0
0
0
0
3 447 620 729
0
1 1144
2 234 766
0
0
1 234
2 1381 1685
0
2 234 1425
0
0
1 1695
0
0
0
0
2 1386 1796
2 1298 1472
1 289
0
6 305 392 1223 1439 1671 1830
0
0
7 717 864 894 1253 1411 1790 1853
2 279 1759
0
0
7 298 403 721 976 977 1079 1564
0
1 1747
0
0
0
0
8 237 340 374 536 807 889 1286 1388
0
1 260
3 962 996 1079
0
0
3 488 976 1152
0
1 403
0
1 237
0
0
2 237 743
0
0
1 237
0
0
0
1 807
0
2 892 978
0
1 238
0
0
1 238
0
0
1 238
0
0
0
0
0
0
1 1406
0
0
0
0
0
1 1400
1 824
0
1 1260
0
1 1448
0
0
2 241 814
0
0
0
1 356
0
0
0
1 1234
1 242
0
0
1 545
0
0
0
1 1544
1 1200
0
1 242
0
0
1 242
0
0
1 242
0
0
0
0
0
0
0
1 650
1 1622
0
0
0
0
1 577
1 243
5 337 561 776 1023 1043
0
2 243 432
4 577 595 1569 1711
0
1 243
0
2 657 833
1 1605
0
0
0
0
0
0
1 244
1 1571
1 1357
1 244
0
0
2 244 1311
0
0
0
0
0
0
0
0
1 245
0
0
0
0
0
0
0
0
0
1 245
0
0
1 245
0
1 1349
1 245
0
0
0
0
1 832
0
0
0
3 246 421 1698
1 1466
0
1 1203
0
1 943
0
0
1 247
0
0
1 247
0
1 1117
0
0
0
0
0
0
1 476
0
0
0
1 703
4 503 731 918 937
1 1239
0
2 251 316
2 428 1071
0
1 251
0
0
1 251
0
0
0
0
0
1 663
0
0
2 252 730
0
0
0
0
0
0
0
0
2 1492 1870
0
0
2 1390 1558
1 1881
0
0
0
2 1026 1839
2 326 1174
0
0
0
1 1307
1 720
0
1 603
0
1 445
0
0
0
0
0
1 1161
0
0
0
0
1 255
0
0
1 255
0
0
1 255
0
0
2 692 1065
0
2 429 520
0
0
0
0
0
9 282 284 376 483 941 1396 1515 1805 1845
1 1265
0
1 784
2 256 767
0
0
1 256
0
1 836
1 256
0
0
0
1 1000
0
0
0
0
0
2 1236 1292
2 559 987
0
0
0
0
1 768
0
0
1 258
0
0
0
0
0
0
0
0
0
0
0
0
0
0
2 327 858
0
0
0
0
0
0
1 260
0
1 544
1 260
0
1 1444
1 260
2 1691 1840
0
0
0
0
0
0
1 261
0
3 801 1583 1593
5 525 906 1206 1262 1724
0
0
1 407
0
2 873 1688
1 608
3 262 510 804
1 1752
1 689
1 262
0
0
1 262
1 873
1 1071
0
0
2 1157 1885
1 1464
0
0
3 321 579 1536
0
0
2 747 1789
0
1 264
0
0
2 843 1299
0
0
0
0
0
0
1 264
0
0
1 264
1 985
0
2 264 1554
0
0
0
1 1804
0
0
0
0
1 908
0
1 265
0
0
1 265
1 1017
0
1 265
0
0
0
0
1 580
2 1333 1581
1 852
0
0
1 266
0
0
0
0
0
0
1 1774
2 684 1415
0
0
1 1884
1 598
0
4 808 852 1398 1846
1 370
3 268 624 1267
0
1 589
2 268 1049
0
0
1 268
0
1 474
0
1 332
0
0
0
0
1 349
1 270
1 725
1 1566
2 270 400
0
2 556 1715
0
0
0
0
0
3 734 1275 1873
1 1763
0
0
0
1 271
0
0
0
0
0
0
0
0
0
1 271
0
0
1 271
0
0
1 271
0
0
0
0
0
0
0
1 343
1 272
0
0
1 786
0
0
0
0
1 377
0
0
1 835
1 1331
0
2 479 696
1 273
0
0
1 273
0
0
1 273
0
0
0
0
1 1750
0
0
0
0
0
0
1 274
0
0
0
0
0
0
0
0
0
0
0
1 274
0
0
0
0
1 1775
0
0
0
0
1 274
0
0
1 274
0
0
1 274
1 287
0
1 649
0
0
0
0
1 1849
0
0
0
0
0
0
0
0
1 276
1 1577
0
0
0
0
0
0
0
0
0
0
1 276
0
0
0
0
0
0
0
0
0
1 276
0
0
1 276
0
0
1 276
0
0
0
0
0
0
0
0
2 277 1167
0
1 1700
3 277 1129 1734
0
4 342 584 875 1282
1 277
0
0
0
2 898 1664
0
1 1428
0
1 1388
1 1310
1 278
0
3 995 1539 1731
1 278
0
0
1 278
0
0
0
7 438 1231 1292 1402 1527 1626 1859
0
4 347 1208 1379 1756
0
3 1342 1759 1828
1 279
1 367
2 542 1101
0
1 1219
0
0
0
1 280
0
2 1431 1847
1 1092
0
1 1304
0
0
0
0
0
2 282 486
1 329
0
0
0
0
0
0
0
1 729
0
0
0
2 284 318
1 1454
0
0
0
0
0
0
0
1 286
0
2 714 826
1 461
1 694
0
0
0
0
1 1817
0
0
0
0
1 1122
0
0
0
1 287
0
0
0
0
0
0
0
0
0
1 287
0
0
1 287
0
0
1 287
0
0
0
0
0
0
0
0
0
0
0
1 289
0
0
0
2 331 1449
0
1 301
0
0
0
0
0
0
0
2 1620 1725
0
1 290
5 567 867 1084 1573 1786
0
5 290 344 961 1168 1427
0
0
1 290
0
0
1 442
0
0
0
0
0
0
0
1 291
0
0
1 291
0
1 1306
1 291
0
0
0
0
1 831
0
0
0
0
1 292
0
0
0
0
0
0
0
0
1 293
0
0
0
0
0
0
0
0
0
0
0
3 295 945 1214
0
0
1 295
1 1785
2 822 1801
1 295
0
0
1 955
0
0
0
0
1 296
2 1374 1553
0
1 296
0
0
0
0
0
0
0
0
1 1170
0
0
0
1 979
1 1303
0
0
0
1 298
1 871
0
2 298 1341
2 447 976
0
2 298 844
0
0
0
0
0
0
0
1 1434
1 1143
0
2 299 913
0
0
1 299
0
0
1 299
0
2 951 1616
0
0
0
0
0
2 300 865
2 933 1015
1 302
0
0
0
0
0
0
0
2 301 1726
0
0
0
0
0
0
0
1 1826
0
2 1661 1680
2 315 418
1 302
0
0
0
1 667
0
0
1 769
1 1797
1 303
0
0
0
0
0
0
0
0
0
1 303
0
0
1 303
0
0
1 303
1 1682
0
0
0
0
0
0
0
0
0
0
0
0
0
0
2 306 517
0
0
1 306
0
0
1 306
0
0
0
0
0
0
0
3 385 1173 1870
2 515 956
0
0
3 857 1312 1416
0
1 309
0
1 1711
1 309
0
0
1 309
0
0
0
0
0
0
0
0
0
5 455 525 546 1050 1384
1 1180
0
0
1 311
0
0
2 311 1635
1 1627
0
0
1 760
0
0
0
0
0
0
0
0
2 599 1735
0
0
3 1115 1614 1638
0
0
0
0
1 314
0
0
1 314
0
0
1 314
0
0
0
0
2 557 778
1 923
0
0
0
0
1 974
0
0
0
0
0
1 315
0
1 661
1 315
0
0
1 315
0
0
0
0
0
0
0
0
4 316 401 635 735
0
0
1 316
0
0
0
0
1 702
0
0
5 522 648 836 1268 1704
1 1696
0
2 547 603
0
0
0
0
0
1 319
0
0
0
0
0
0
0
0
1 1743
0
0
1 319
0
0
0
0
0
1 1482
0
0
1 1594
1 319
1 777
0
1 319
0
0
1 319
0
1 1693
0
0
0
0
0
0
4 679 1053 1824 1843
0
0
0
0
1 321
0
0
0
0
0
0
0
0
0
0
0
0
0
0
0
0
0
2 322 1509
1 1523
0
0
0
0
0
0
0
0
1 323
0
3 380 1165 1610
5 323 422 1058 1250 1796
2 713 1162
0
0
0
0
1 949
0
0
0
1 325
0
0
3 325 377 821
0
0
0
0
0
0
0
2 1127 1583
1 953
1 326
4 496 835 1016 1742
0
1 326
0
0
0
0
0
3 715 830 870
0
0
0
1 327
0
1 334
1 327
1 1078
0
0
1 1192
0
0
2 999 1330
0
0
1 1823
0
0
2 1254 1624
0
1 943
0
0
0
0
0
0
0
3 641 1472 1729
0
0
0
0
0
0
1 332
0
0
1 332
0
1 1502
0
0
0
0
0
1 1822
0
0
0
0
0
1 1280
0
1 730
0
2 334 874
0
0
1 334
0
0
1 334
0
0
0
0
0
0
0
0
1 335
3 890 1328 1673
0
1 335
0
0
0
0
0
0
0
1 336
0
0
2 336 1675
1 970
0
2 336 344
0
0
0
0
0
1 1086
0
0
0
0
0
0
0
1 337
0
0
2 337 635
0
0
1 337
0
0
0
0
0
0
0
0
0
0
0
0
0
0
1 338
0
0
0
0
0
0
0
0
0
0
0
1 338
0
0
0
0
0
0
0
0
0
1 338
0
0
1 338
0
0
1 338
0
0
0
0
0
0
0
0
4 536 587 708 807
0
0
1 1060
0
1 341
1 660
0
2 341 1339
1 837
2 854 1133
0
1 815
1 682
0
0
0
3 921 1534 1874
1 342
0
0
1 342
0
0
0
0
1 957
0
0
0
1 1048
1 799
0
0
0
0
0
0
2 343 449
1 1701
1 398
1 1210
0
0
0
0
0
1 1563
1 343
0
0
1 343
1 493
0
1 343
0
0
0
0
1 893
0
0
3 1230 1560 1629
1 344
0
0
0
2 1221 1888
0
2 468 1171
0
4 345 545 1135 1842
0
0
2 345 1145
0
3 403 700 857
2 1620 1865
0
0
0
0
0
0
0
0
0
0
1 346
0
0
1 346
0
1 1843
1 346
0
1 1879
7 494 581 583 890 907 961 1231
0
0
0
0
1 527
1 347
0
0
0
1 1824
1 574
1 1630
0
2 850 1108
1 518
0
0
2 895 987
1 349
0
0
1 349
0
0
0
0
0
1 452
1 859
3 1153 1292 1805
1 350
2 758 1059
0
0
1 609
0
0
0
2 821 824
0
0
0
0
1 353
0
1 487
0
1 1536
0
0
0
0
0
2 353 667
0
0
1 353
0
0
1 353
0
0
3 464 1777 1850
0
0
0
0
0
0
1 832
0
0
2 804 1145
0
0
0
0
0
1 880
0
0
1 931
1 1376
0
0
0
0
0
1 378
0
1 1415
0
1 1656
0
0
0
2 357 970
0
0
0
0
0
0
0
0
0
1 357
0
0
1 357
0
0
1 357
0
0
0
0
0
0
0
0
1 1461
0
0
1 360
0
0
0
0
0
0
0
0
0
1 360
0
0
1 360
3 671 940 1116
0
1 360
0
0
0
0
0
0
0
0
0
0
2 361 1473
0
1 573
1 361
0
0
1 361
0
0
1 776
0
0
0
2 1500 1566
2 362 1859
0
0
1 362
0
0
1 362
2 1156 1386
0
0
0
0
0
0
0
0
0
0
3 380 411 754
0
2 601 1737
0
1 1328
1 1719
1 1110
0
0
0
0
2 543 1858
0
0
0
0
0
0
0
0
1 364
0
0
1 364
0
0
1 364
0
0
0
0
0
0
0
0
4 399 595 1310 1388
1 991
0
1 1713
0
3 366 1458 1764
0
0
0
0
2 685 1109
0
0
1 1639
0
0
0
0
0
1 1747
0
1 367
0
0
1 367
0
0
2 367 781
0
0
0
0
0
0
0
0
1 368
0
0
0
0
0
0
0
2 369 1762
0
0
0
0
0
0
0
1 1118
0
1 369
0
0
1 369
0
0
1 369
0
0
1 1467
0
0
0
0
0
1 497
0
0
0
0
0
1 1075
0
0
0
1 374
0
1 1646
0
1 536
0
0
2 789 1074
0
2 591 1044
2 376 1805
2 1153 1223
0
1 376
0
1 854
2 520 837
0
0
0
0
0
1 377
0
0
0
0
0
0
0
1 1623
0
0
0
0
1 656
0
1 379
0
0
1 379
0
0
2 582 1199
0
0
0
0
0
3 763 1495 1568
2 380 855
0
0
1 1360
0
0
0
0
0
0
0
0
1 383
0
1 1256
0
0
0
3 1305 1518 1626
1 870
0
1 830
1 383
1 979
0
1 383
2 684 1379
1 1659
1 383
0
0
0
1 1691
0
0
0
1 1533
1 879
1 410
0
0
0
1 384
0
2 724 1617
1 384
0
0
1 384
0
0
1 1237
0
0
1 1274
0
0
0
0
0
0
0
0
0
0
2 463 892
1 722
0
0
0
0
1 389
1 415
0
0
1 897
1 629
0
0
0
0
1 389
0
0
1 389
0
0
1 389
0
0
0
0
0
0
0
1 1577
3 391 1127 1300
0
0
1 391
0
0
0
0
0
0
0
0
2 518 816
0
0
0
0
0
0
0
0
1 393
1 1422
0
0
0
0
1 1125
1 1301
0
1 644
1 393
0
0
1 393
0
1 400
1 393
0
0
0
0
0
2 1293 1370
1 1010
0
2 896 1512
6 1258 1299 1530 1759 1769 1877
1 1064
0
1 511
0
2 395 413
0
0
1 395
0
0
2 395 1762
0
0
0
0
0
0
0
1 396
0
0
0
0
0
0
0
0
2 1250 1487
1 398
0
4 993 1017 1078 1478
0
0
2 1004 1575
0
0
2 399 419
0
0
1 399
3 1135 1610 1842
0
1 1246
0
2 697 1153
0
0
0
0
0
0
0
0
0
0
3 401 449 1102
1 1425
0
0
0
1 1002
0
0
1 978
0
1 1060
0
0
0
0
1 404
0
0
0
0
0
0
0
0
0
1 404
0
0
1 404
0
0
1 404
0
0
1 1736
1 825
1 1107
0
0
1 405
2 963 1535
0
1 405
0
0
1 405
1 1193
0
0
0
0
0
2 1227 1677
1 406
0
0
1 406
0
0
1 406
0
0
0
0
0
0
0
0
0
1 1309
0
0
1 408
0
0
1 408
0
0
1 408
0
0
0
0
0
0
0
0
1 409
0
0
1 409
1 1663
0
1 409
0
0
0
1 473
0
1 1123
0
0
0
0
0
0
0
0
1 410
0
0
1 410
0
0
1 410
0
0
0
1 1076
0
0
0
1 959
0
0
0
4 788 1077 1171 1589
0
1 412
0
1 1138
2 412 458
0
1 562
0
0
1 679
0
0
0
0
0
0
0
0
0
4 790 975 1255 1516
1 413
0
0
1 413
0
0
1 413
0
0
0
0
0
0
0
0
0
0
2 414 1141
0
2 457 1586
1 414
0
0
1 414
0
0
0
0
0
0
1 1779
0
0
0
0
0
0
0
0
1 415
0
0
0
0
0
0
0
0
0
1 415
0
0
1 415
0
0
1 415
0
1 853
0
0
0
0
0
0
0
0
0
0
0
1 1835
0
0
0
0
0
0
1 417
0
0
1 899
0
0
0
0
0
0
1 417
0
0
1 417
0
0
1 417
0
0
0
0
0
0
0
1 720
1 1442
1 1420
0
0
0
0
0
0
2 799 858
0
1 1405
2 419 1661
1 1224
0
1 419
2 676 970
0
1 526
0
0
0
0
1 425
0
1 421
0
0
0
0
0
0
0
1 1695
0
0
0
0
1 1144
0
2 810 1400
0
0
2 1189 1775
0
0
0
1 425
0
0
1 425
0
0
0
0
0
0
0
0
1 841
1 426
0
0
1 426
0
0
1 426
0
0
0
0
0
0
0
0
0
0
0
0
0
0
1 1204
2 429 1687
0
0
1 1040
0
0
0
0
0
1 430
0
0
1 430
0
0
1 430
0
0
0
0
2 1647 1789
0
0
2 431 861
0
0
1 431
0
0
1 431
0
0
3 778 1090 1122
0
0
1 742
0
3 1003 1354 1838
0
1 1047
1 624
0
0
1 432
0
0
1 432
0
0
1 432
1 657
0
0
0
0
0
0
1 433
0
1 995
2 433 1731
0
0
2 433 1527
0
0
0
2 523 1553
1 1377
0
1 1756
2 864 1069
0
0
2 508 1783
0
0
0
0
0
0
0
0
0
0
0
0
1 436
0
0
0
0
0
0
0
0
0
0
0
1 436
0
0
0
0
0
0
0
0
0
1 436
0
0
1 436
0
0
1 436
0
0
0
0
0
0
0
1 1124
1 437
0
0
1 437
0
0
1 437
0
0
0
0
0
1 650
0
0
0
2 515 971
0
0
0
0
0
0
0
1 1391
0
0
0
0
0
0
0
0
0
0
1 442
0
0
1 442
1 759
0
1 442
0
0
0
0
0
0
0
0
1 443
0
0
0
0
0
0
0
0
0
1 443
0
0
1 443
0
0
1 443
0
0
0
0
0
0
0
0
1 1202
0
0
0
0
4 710 795 1742 1817
1 662
0
0
0
1 447
0
0
1 447
0
0
0
0
0
1 1712
0
3 1043 1220 1423
0
0
2 635 952
1 1289
0
0
0
0
0
0
1 1282
1 703
0
0
0
0
1 813
0
1 452
0
0
1 452
0
0
0
0
0
0
0
1 1489
1 1131
1 453
1 1150
0
1 453
0
0
2 453 777
0
0
0
0
0
0
1 786
0
0
0
1 455
0
0
1 455
0
0
0
0
0
0
0
1 1718
0
0
1 1092
0
0
0
1 569
0
0
0
2 724 1156
0
0
0
0
0
0
0
0
0
0
1 513
1 460
0
0
1 460
0
0
1 460
0
0
0
0
0
0
0
0
0
0
0
0
0
0
2 800 1148
2 1378 1868
0
0
0
0
0
0
0
1 680
0
0
0
0
0
0
0
0
1 1625
0
0
0
1 1874
0
0
0
0
1 468
0
0
0
0
0
0
0
0
0
1 468
0
0
1 468
0
0
1 468
0
0
0
0
0
0
0
0
0
0
1 1497
0
0
2 906 1780
0
0
0
0
1 473
0
2 487 1009
1 473
0
0
0
0
0
0
0
0
0
2 1053 1115
0
1 1098
0
0
0
0
1 474
0
0
0
0
0
0
0
1 1735
0
1 474
0
0
1 474
0
0
1 474
0
0
0
0
0
0
0
0
0
0
0
0
0
0
0
0
0
0
0
1 475
0
0
0
0
0
0
0
0
1 1049
0
0
1 475
0
0
0
0
0
0
0
0
0
1 475
0
0
1 475
0
0
1 475
0
0
0
0
0
0
0
0
1 476
0
0
0
0
0
0
0
0
0
0
0
1 477
0
0
0
0
0
0
0
0
1 1739
1 477
0
0
1 477
0
0
1 477
0
0
0
0
0
4 549 939 1585 1745
0
1 480
0
1 1630
2 480 850
0
0
1 480
0
1 1392
2 764 1224
0
0
0
0
0
0
0
0
0
1 1081
0
0
3 482 1539 1558
0
2 1579 1767
1 482
1 1613
0
1 482
0
0
0
0
1 1769
1 1208
0
0
0
0
0
0
0
0
0
1 1115
0
0
1 484
0
0
1 484
0
0
1 484
0
0
0
0
0
0
0
0
0
1 715
0
0
0
0
0
0
0
0
0
0
1 487
0
0
0
0
0
0
0
1 900
1 1797
0
0
0
0
0
0
1 1659
1 1190
0
0
0
1 489
0
1 1659
4 489 1086 1287 1549
0
0
1 489
0
0
0
0
0
0
0
0
0
1 687
1 1737
0
0
0
0
1 1300
0
0
0
1 839
0
0
1 1095
0
0
0
0
0
2 493 1508
0
0
2 493 884
0
0
1 493
0
1 1244
0
0
0
0
0
0
0
0
0
0
0
1 494
0
2 1032 1338
1 494
0
1 1124
1 494
0
0
0
0
0
0
0
0
1 1016
2 870 1310
0
1 1592
0
0
1 1068
1 827
0
0
0
0
1 497
0
0
1 497
0
0
1 497
0
0
0
0
0
0
0
1 1639
0
0
0
0
0
0
0
1 1733
0
0
1 787
0
0
0
0
0
0
0
0
1 1154
0
0
0
0
0
0
0
0
0
1 508
0
0
1 508
0
0
0
0
0
0
0
1 614
1 510
1 769
0
0
1 820
0
0
0
0
0
0
0
0
0
1 512
0
0
1 512
0
0
1 512
0
0
1 1001
0
0
0
0
1 671
0
1 513
1 667
0
1 513
0
0
0
0
1 565
0
0
0
1 1857
0
1 1280
0
0
0
1 1507
0
0
0
0
0
0
0
0
0
0
1 516
0
0
0
0
0
0
0
0
0
0
0
1 516
0
0
0
0
0
0
0
0
0
1 516
0
0
1 516
0
0
1 516
0
0
0
0
0
0
0
0
0
0
0
0
0
1 517
0
1 1864
1 517
0
0
1 517
0
0
0
0
0
0
1 1505
1 1748
1 518
0
0
0
0
0
0
0
0
0
2 685 907
1 519
0
0
1 519
0
0
1 519
0
0
0
0
0
0
0
1 1132
4 520 866 871 1131
0
0
0
1 999
0
0
0
0
0
1 1875
1 522
0
0
1 522
0
0
0
0
0
0
0
1 1598
0
0
0
0
0
1 1036
1 1018
0
1 524
0
0
0
0
0
0
0
0
0
1 524
0
0
1 524
0
0
1 524
0
0
0
0
0
0
0
0
0
1 525
0
1 648
0
0
0
0
0
0
1 673
0
2 946 1885
0
0
0
0
0
1 526
0
0
1 526
0
0
1 526
0
0
2 972 982
0
0
0
0
0
0
2 527 610
0
0
0
0
0
0
0
1 877
0
0
0
0
0
1 1331
0
1 532
0
0
2 532 1617
2 781 882
0
1 532
0
0
0
1 1307
0
0
0
0
0
1 1076
0
0
0
1 535
2 1690 1709
0
1 535
0
0
1 535
0
0
0
0
0
0
0
0
0
0
0
0
0
0
0
0
0
0
0
0
1 538
0
0
0
0
0
0
0
0
0
2 538 1827
0
0
1 538
0
0
1 538
0
0
0
0
0
0
0
1 539
1 598
0
1 539
0
0
1 539
0
0
0
0
0
0
0
1 880
0
0
0
1 1564
0
1 541
0
0
2 541 1606
0
0
1 541
0
0
0
0
0
0
0
0
0
1 1573
0
0
1 542
0
0
2 542 1758
0
0
1 542
0
0
0
1 794
0
0
0
1 543
0
2 639 1125
1 543
0
0
0
0
0
1 1864
1 1441
1 544
0
0
1 544
0
0
0
0
0
0
0
0
0
0
0
1 1707
1 546
1 1288
0
1 546
0
1 1641
0
0
0
0
0
0
0
0
2 564 1891
1 548
0
0
0
0
0
0
0
0
0
1 548
0
0
1 548
0
0
1 548
0
0
0
0
0
0
0
1 1686
1 549
0
1 1057
0
0
0
0
0
0
0
1 551
0
0
0
0
0
0
0
0
0
0
0
1 553
1 1370
2 1296 1350
1 553
0
0
0
0
1 1033
0
1 978
0
0
1 1567
1 872
0
0
0
0
0
1 727
0
0
0
0
0
0
1 1337
1 822
0
0
0
1 990
0
1 557
0
0
0
0
0
0
0
0
1 1448
1 580
0
0
0
0
0
0
0
0
1 1581
0
1 558
0
0
0
0
0
0
0
0
0
1 558
0
0
1 558
0
0
1 558
0
0
1 1353
0
0
0
0
0
1 1578
1 1842
0
0
1 1058
0
2 697 1573
1 559
1 923
0
3 559 1246 1711
0
0
3 559 696 1346
0
0
0
0
0
0
0
1 1427
0
1 560
0
0
1 560
0
0
1 560
0
0
0
0
1 1882
0
0
0
0
0
0
0
0
1 562
0
0
1 1773
0
0
0
0
0
1 1165
0
1 1506
1 649
0
0
0
0
0
1 564
0
0
0
0
0
0
0
0
0
1 564
0
0
1 564
1 1891
0
1 564
0
0
0
0
0
0
0
0
0
0
0
0
0
1 1158
0
0
0
1 565
0
0
0
0
0
0
0
0
0
2 565 659
0
0
1 565
0
0
1 565
0
0
0
0
0
0
0
0
0
1 567
0
0
1 709
0
0
1 1392
0
1 963
0
3 746 1287 1579
0
0
0
0
1 836
0
0
0
0
0
2 597 879
0
0
0
1 1191
1 1439
0
0
0
0
0
0
0
0
0
0
0
0
1 574
0
0
0
0
0
0
0
0
0
1 574
0
0
1 574
0
0
1 574
0
0
0
0
0
0
0
1 1669
0
0
0
0
0
0
2 1026 1129
0
0
0
0
0
0
2 1163 1715
0
1 1493
1 1545
0
0
0
0
1 580
0
0
0
0
0
1 1126
0
1 1372
1 581
1 867
1 1174
1 1252
0
1 1509
0
0
1 1107
0
0
1 582
0
0
1 582
0
0
0
1 1680
0
0
0
0
0
0
1 890
0
1 1560
1 713
3 584 1725 1872
0
0
1 1282
0
0
2 844 1877
0
2 597 1417
2 1746 1875
1 1148
0
1 658
1 966
1 587
1 1705
0
3 587 1305 1646
0
0
0
2 966 1073
0
0
0
1 588
0
0
1 588
0
0
0
1 702
0
0
0
2 589 1133
0
0
1 589
0
0
0
0
0
1 734
0
1 590
0
0
1 590
0
0
0
0
0
0
0
1 591
0
0
0
0
0
0
0
0
0
1 593
0
0
1 593
0
0
1 593
0
0
0
0
1 609
0
0
0
0
1 661
0
0
0
0
0
0
4 596 1054 1543 1849
0
0
1 946
0
1 1484
1 1116
0
0
0
2 596 1095
0
0
1 596
0
0
1 596
0
0
1 951
0
0
0
0
0
1 633
0
0
1 547
0
0
0
1 598
0
0
0
0
0
0
0
0
0
0
0
0
0
0
1 599
0
0
1 599
2 606 772
0
1 599
0
0
0
0
0
0
0
0
3 601 1150 1638
0
0
0
0
0
0
0
0
0
1 725
0
0
0
0
0
0
1 1348
0
0
1 604
0
0
1 604
0
0
1 604
0
0
0
0
0
0
0
1 1405
0
0
1 605
0
0
2 605 646
0
0
1 605
0
1 1359
0
0
0
0
0
0
2 701 783
0
0
0
0
0
0
1 1214
0
0
3 977 1489 1681
0
0
0
0
0
1 606
0
0
1 606
0
0
0
2 1001 1516
0
0
0
0
0
0
0
0
0
0
0
1 607
0
0
1 607
0
0
1 607
0
0
0
0
0
0
0
2 608 1078
0
0
2 608 1642
0
0
1 719
2 1096 1102
1 1316
0
0
0
0
0
0
0
0
0
0
0
0
0
0
0
0
0
0
0
0
1 612
0
0
0
0
0
0
0
0
0
1 612
0
0
1 612
0
0
1 612
0
0
0
0
1 714
0
0
0
0
1 613
0
0
0
0
0
0
0
0
0
0
0
1 613
0
0
0
0
0
0
0
0
0
1 613
0
0
1 613
0
0
1 613
0
0
0
0
0
0
0
1 614
0
1 1610
0
0
1 994
0
0
0
0
0
1 1762
0
1 677
1 615
0
0
0
0
0
0
0
0
0
2 615 749
0
0
1 615
0
0
1 615
0
0
0
0
0
0
0
0
1 616
0
0
1 616
0
0
1 616
0
0
0
1 1808
0
0
0
1 1824
0
0
0
0
0
0
1 618
0
0
1 618
0
2 898 1852
1 618
0
0
0
0
0
0
0
1 1502
0
0
0
1 1790
1 1691
0
0
0
0
0
0
0
0
1 623
0
2 655 1472
1 623
0
0
1 623
0
0
0
0
0
0
0
0
0
3 892 1068 1755
1 625
1 1242
0
2 625 1819
0
0
1 625
0
0
0
0
0
0
1 875
0
0
0
0
0
0
0
0
2 1042 1575
0
0
0
0
0
2 813 1382
0
1 629
0
0
1 629
0
0
1 629
0
0
0
0
0
0
0
1 1040
0
1 815
0
0
1 1339
0
0
0
0
1 633
0
0
1 633
1 1224
0
0
0
0
0
0
0
0
0
0
1 952
0
0
2 666 1104
0
0
0
3 858 1435 1673
1 1596
0
0
0
0
1 639
0
0
1 639
0
1 1275
0
0
0
0
0
1 1227
0
1 1051
0
0
0
0
0
1 1090
0
1 1229
0
0
1 644
0
0
1 644
0
0
1 644
0
0
0
0
0
0
0
0
0
1 645
1 1287
0
1 645
0
0
1 645
0
0
0
0
0
0
0
0
1 1139
1 646
0
0
1 646
0
0
0
0
1 1459
0
0
1 647
0
0
1 647
0
0
1 647
0
0
0
0
1 1546
0
0
0
1 1662
0
1 1529
0
0
0
1 1199
1 649
0
0
0
0
0
0
0
1 650
0
0
0
0
0
0
0
0
0
0
1 655
0
0
0
0
0
0
0
0
0
0
1 656
0
0
1 656
0
0
1 656
0
0
0
0
0
0
0
1 657
1 1886
0
0
0
0
0
0
0
0
1 658
0
0
1 933
0
0
0
0
0
0
0
0
0
1 1136
0
1 659
0
0
1 659
0
0
1 659
0
0
0
0
0
0
0
0
0
0
0
0
0
0
2 660 799
0
0
1 660
0
0
1 660
1 1808
0
1 699
0
0
3 788 1247 1551
1 1013
1 661
2 804 1071
0
0
0
0
0
0
0
0
0
0
0
0
0
0
0
0
0
0
0
0
0
1 664
0
0
1 1377
0
1 1342
0
0
0
0
1 664
0
0
0
0
0
2 666 1828
0
0
1 666
0
0
0
0
0
0
0
0
0
0
0
0
1 1519
0
0
0
0
0
0
0
1 671
0
0
0
0
0
1 1473
0
0
0
0
0
0
1 673
0
0
1 673
0
0
0
0
0
0
0
0
0
0
0
0
0
1 676
0
0
2 676 893
0
0
1 676
0
0
0
0
0
0
0
0
0
0
0
0
0
0
0
0
1 677
0
0
2 677 1256
0
0
1 677
0
0
0
1 1716
0
0
0
0
1 1129
0
0
1 678
0
0
0
0
1 1532
0
0
0
0
0
0
1 678
0
0
0
0
0
0
0
0
0
1 678
0
0
1 678
0
0
1 678
0
0
0
0
0
0
0
1 950
0
0
1 866
0
0
1 680
0
0
1 680
0
0
0
0
0
0
0
0
0
0
0
0
0
1 683
0
0
0
0
0
0
0
1 1423
0
0
0
0
0
1 685
0
0
0
0
0
3 1513 1793 1807
0
0
0
0
0
0
0
0
0
0
0
1 687
0
0
1 687
0
0
1 687
0
0
0
0
0
0
0
0
0
1 690
0
0
1 690
0
0
1 690
0
0
1 1589
0
0
0
0
0
1 1244
1 820
1 1461
0
1 692
0
0
1 692
0
0
1 692
1 1272
0
0
0
0
1 1579
0
1 1689
1 693
0
0
1 693
0
0
1 693
0
0
0
0
0
1 987
0
0
0
1 1295
0
0
0
0
0
0
0
0
0
0
0
0
0
0
0
0
0
1 697
0
0
0
1 1677
0
0
0
0
0
1 699
0
0
1 1806
0
0
0
0
0
0
0
0
0
0
0
0
0
0
0
1 880
0
0
0
1 701
0
0
1 701
0
0
1 701
0
0
0
0
0
0
0
0
0
0
0
0
0
0
0
0
0
0
0
0
0
0
0
0
0
0
0
0
0
0
1 705
0
0
0
0
0
0
0
0
0
0
0
0
0
0
0
1 1322
0
1 1421
0
0
0
0
0
0
2 1009 1599
0
0
0
0
0
0
0
0
0
0
0
0
1 720
0
0
0
0
0
1 856
0
1 715
0
0
0
0
0
0
1 718
0
0
1 718
0
0
3 718 851 1500
0
0
1 1798
0
1 920
0
0
0
1 719
0
0
1 719
0
0
0
0
0
0
0
0
0
0
0
0
0
0
3 872 1618 1737
0
1 943
0
0
0
0
0
0
0
0
0
1 1719
2 721 764
0
0
0
0
0
0
0
1 722
0
0
0
0
0
0
0
0
0
2 1330 1862
0
2 724 1354
0
0
0
0
0
0
0
0
0
0
0
0
0
0
0
0
0
0
0
0
0
1 727
0
0
1 727
0
0
1 727
0
0
0
0
0
0
0
0
0
0
0
0
0
0
0
0
0
0
1 730
0
0
0
0
1 1513
1 1337
0
0
0
0
1 1545
1 1527
1 733
0
0
1 733
0
0
1 733
0
0
0
0
0
0
0
0
0
0
0
0
0
1 896
0
0
0
0
0
1 1686
0
0
0
0
0
0
0
0
0
0
0
0
0
0
0
2 741 1857
0
0
1 741
0
0
1 741
0
0
0
0
0
0
0
0
0
0
1 1171
0
1 742
0
0
1 742
0
0
1 742
0
0
0
0
0
0
0
0
0
0
0
0
0
0
0
0
0
1 1481
0
1 744
0
0
0
0
0
1 1217
0
0
0
1 744
0
0
1 744
0
0
1 744
0
0
0
0
0
0
0
0
1 745
1 1650
1 1077
1 745
0
0
1 745
0
0
0
0
0
0
0
1 772
0
1 1707
0
0
0
0
0
0
0
0
0
0
2 747 1017
0
1 1193
2 747 1002
0
0
1 747
0
1 1524
0
0
0
0
0
0
0
0
0
1 748
0
3 1027 1351 1738
1 748
0
0
1 748
0
0
0
0
0
1 1467
0
1 1744
0
0
1 990
0
0
0
0
1 749
0
0
1 749
0
0
1 749
0
0
0
0
0
0
0
0
0
0
0
0
0
0
0
0
0
0
1 752
0
0
0
0
0
0
0
0
0
1 752
0
0
1 752
0
0
1 752
0
0
0
0
0
0
0
0
0
0
0
1 753
0
0
1 753
0
0
0
0
0
1 1057
0
0
0
0
0
0
0
2 830 1750
0
0
0
0
0
0
1 828
0
1 1784
0
1 760
0
0
0
0
0
0
0
0
0
0
0
0
1 761
0
0
0
0
0
0
0
0
0
0
0
1 761
0
0
0
1 885
0
0
0
0
1 1481
1 761
0
0
1 761
0
0
1 761
0
0
0
1 1098
0
0
0
1 762
0
0
1 762
0
0
1 762
0
0
0
0
0
0
0
0
1 763
0
0
0
0
0
0
0
0
1 1645
1 764
0
0
0
2 866 950
0
0
0
0
1 1847
0
0
1 766
0
0
1 766
0
0
1 766
0
0
0
0
0
1 889
0
0
1 767
0
0
1 767
0
0
0
0
0
0
0
0
1 768
0
0
1 768
0
0
0
0
0
0
0
1 773
0
0
0
0
0
0
1 1047
0
1 772
0
0
0
0
0
0
0
0
0
0
0
0
0
0
0
0
0
0
1 774
0
0
0
0
0
0
2 794 1367
0
0
1 774
0
0
1 774
0
0
1 774
0
0
0
0
0
0
0
1 1585
0
0
0
0
0
0
2 871 1848
1 1778
0
1 863
0
0
0
0
0
0
0
0
0
1 780
0
0
1 780
0
0
1 780
1 1675
0
0
0
0
0
0
0
0
0
0
0
0
0
2 782 923
0
0
1 782
0
0
3 782 1773 1793
1 1251
0
0
0
0
0
0
0
0
0
0
0
1 783
0
0
1 783
1 1489
0
1 783
0
0
0
0
0
0
0
1 1061
0
0
0
0
1 785
0
1 786
1 860
0
0
0
0
0
0
0
1 787
0
0
1 787
0
0
0
0
0
0
1 1018
1 788
0
0
0
2 965 1694
0
0
0
0
1 883
0
1 1508
0
0
0
0
1 790
1 1484
0
2 790 1672
0
0
1 790
0
0
0
1 1289
0
0
0
0
1 1864
0
0
1 794
0
0
0
0
0
0
1 1863
1 795
0
0
1 795
0
1 1642
0
1 1728
1 1827
0
0
0
0
0
0
0
0
0
0
0
1 897
0
1 994
0
0
0
1 1250
0
0
1 1348
0
0
0
0
0
0
1 1124
1 1107
0
0
0
0
1 805
0
0
1 805
0
0
1 805
0
0
0
0
0
0
0
0
0
0
0
0
1 1120
0
0
0
0
0
0
0
0
0
1 1488
0
0
0
1 1060
0
0
1 1040
0
0
0
1 812
0
0
0
0
0
0
0
0
0
1 812
0
0
1 812
0
0
1 812
0
0
0
0
0
0
0
0
0
1 813
0
0
0
0
0
0
0
0
0
0
0
0
0
0
0
0
0
0
0
1 815
0
0
0
0
0
0
0
0
0
0
0
0
0
1 972
0
0
0
0
0
0
0
1 1046
0
1 820
0
0
0
2 1230 1405
0
0
0
1 821
0
0
0
0
0
0
0
0
0
1 1727
1 1214
0
0
0
0
0
1 824
0
0
0
0
0
0
0
0
0
1 1448
0
0
0
1 825
0
0
1 825
0
1 1726
1 825
0
0
0
0
0
0
0
0
0
0
0
0
1 1891
0
0
0
0
0
0
1 1356
0
0
0
0
1 828
0
0
1 828
0
0
0
0
0
0
0
0
0
0
0
0
0
0
0
0
0
0
1 831
0
1 1716
1 831
0
0
1 831
0
0
0
0
0
0
0
0
0
0
0
0
0
0
0
0
0
0
0
0
1 1331
0
0
1 1592
0
2 973 1700
0
0
0
0
0
1 837
0
1 1685
0
0
0
0
0
0
0
0
0
0
1 1191
0
0
0
1 1298
0
0
0
0
0
0
1 844
0
0
0
0
1 1673
0
1 1058
1 845
0
0
1 845
0
0
0
0
0
0
0
1 1507
0
0
0
0
0
0
1 1695
0
0
1 849
0
0
1 849
0
0
1 849
0
0
0
0
0
0
0
0
1 1785
0
0
0
0
0
0
0
1 1021
0
0
0
0
0
0
1 1018
1 851
0
0
1 851
0
0
1 851
0
1 1500
0
1 1021
1 1297
0
0
0
0
0
1 1029
1 1462
0
0
0
0
0
0
1 853
0
0
0
0
0
0
0
0
0
1 853
0
0
1 853
0
0
1 853
0
0
0
0
0
0
0
0
0
0
0
0
1 855
0
0
0
0
0
0
0
0
0
0
0
0
0
0
0
1 856
0
0
1 856
0
0
2 856 1121
0
0
0
0
0
0
0
0
1 1256
0
0
0
0
0
0
0
0
0
0
1 859
0
0
1 859
0
0
0
0
0
0
0
0
0
1 1730
0
0
2 889 1639
0
0
0
2 862 1598
0
0
1 862
0
0
1 862
0
0
0
0
0
0
0
1 1332
1 863
0
0
3 863 1098 1596
0
1 1463
0
0
0
0
0
0
0
2 864 1819
0
0
0
0
1 1242
0
0
0
0
0
0
1 1204
1 1052
0
1 1545
0
1 1131
0
0
1 867
0
0
1 1108
0
0
0
0
1 868
0
0
0
0
0
0
0
1 1784
0
0
0
0
0
0
0
0
0
0
0
0
0
0
1 1252
0
0
2 871 1493
0
0
0
0
0
0
0
0
0
1 872
0
0
0
0
0
0
0
0
0
0
0
0
0
0
0
1 874
0
0
1 874
0
0
1 874
0
0
0
0
0
0
0
0
0
0
0
0
0
0
0
1 1260
0
1 1601
0
1 1392
0
0
1 878
1 1689
0
1 878
0
0
1 878
0
0
0
0
0
0
0
0
0
0
0
0
1 1169
0
0
1 1729
0
1 879
0
0
1 879
0
0
0
0
0
0
0
0
1 1797
0
0
0
0
0
0
0
1 882
0
0
1 882
0
0
0
0
0
0
0
2 900 1246
2 883 1677
0
0
2 883 1110
0
0
0
1 1083
0
0
0
0
0
0
0
0
1 884
0
0
1 884
0
0
1 884
0
0
0
0
0
0
0
0
1 885
1 1118
0
1 885
0
0
0
0
0
0
0
0
0
0
0
0
1 1725
0
0
0
1 965
1 1465
0
0
0
0
1 1305
0
0
1 1293
0
0
0
2 893 1393
0
0
0
0
0
0
1 1427
1 1206
0
1 1123
0
0
0
0
0
0
0
0
0
0
0
0
0
0
0
0
0
0
0
0
0
0
0
0
0
0
0
0
1 899
0
0
0
0
0
1 1361
0
0
0
1 899
0
0
1 899
0
0
1 899
0
0
0
0
0
0
0
0
0
1 900
0
0
0
1 1113
0
0
0
1 901
0
0
1 901
0
0
1 901
0
0
0
0
0
0
0
0
0
0
0
0
0
0
0
0
1 1576
0
0
0
0
0
0
0
1 993
0
0
0
0
0
0
2 1629 1848
0
0
1 909
0
1 1631
1 1774
0
0
0
0
1 1578
0
1 909
0
0
1 909
0
0
1 909
0
0
0
0
1 1578
0
0
0
1 910
1 1849
0
1 910
0
0
1 910
0
0
1 1063
0
0
0
0
1 911
0
0
0
0
1 912
0
0
0
0
0
0
0
0
0
0
0
1 912
0
0
0
0
0
0
0
0
0
1 912
0
0
1 912
0
0
2 912 1887
0
0
0
0
0
0
0
0
0
0
0
0
1 914
0
0
1 914
0
0
1 914
0
0
0
0
0
0
0
0
0
0
0
0
1 1538
0
0
0
0
1 918
0
0
0
0
1 1081
0
0
0
0
0
0
0
1 919
0
1 1783
0
0
1 1042
0
0
0
0
1 919
0
0
1 919
0
1 920
0
1 1358
1 920
1 1512
0
0
0
0
0
0
0
0
1 1276
0
0
0
1 922
0
0
1 922
0
0
1 922
0
0
0
0
0
0
0
1 961
0
1 923
0
0
0
0
0
0
0
0
1 1117
0
1 1379
1 930
0
0
1 930
0
0
1 930
0
0
2 999 1056
0
0
0
0
0
0
0
0
0
0
0
0
1 1879
0
0
2 939 1374
0
1 1326
1 939
0
0
0
0
0
0
0
0
0
0
0
0
0
0
0
0
0
0
0
0
0
0
0
0
0
0
2 945 1568
0
0
1 945
0
0
1 945
0
0
0
0
0
0
1 1685
0
0
0
0
1 1550
0
0
1 946
0
0
0
1 971
0
0
0
0
1 1220
0
0
0
1 949
0
0
2 949 1846
0
0
2 949 1435
0
0
0
0
0
0
0
1 950
0
0
0
0
0
0
0
0
1 951
1 1116
0
1 951
0
0
0
0
0
0
0
0
0
0
0
0
1 1144
0
0
0
0
0
0
0
0
0
0
0
0
0
0
0
1 1253
0
1 957
0
0
1 957
0
1 1091
1 957
0
0
0
0
0
0
0
0
0
0
0
0
0
2 959 1159
0
0
1 959
1 1535
1 1808
1 959
0
0
0
0
0
0
0
0
0
0
1 1262
0
2 1700 1738
0
0
0
0
0
0
1 963
0
0
0
0
0
0
0
0
0
1 965
1 1167
0
1 1402
0
0
0
0
0
0
1 966
0
0
0
0
0
0
0
0
0
0
0
0
0
0
0
0
0
0
2 971 1168
0
0
1 971
0
0
1 1684
1 972
1 1116
0
0
0
0
0
0
0
0
0
0
1 973
0
0
1 973
0
0
0
0
0
0
0
1 1661
0
0
0
0
0
0
0
0
0
0
0
1 1603
0
0
0
0
0
0
0
0
0
0
0
0
0
0
0
0
0
0
0
2 982 1758
0
0
1 982
0
0
1 982
0
0
1 1219
0
0
0
0
0
1 1483
0
1 985
0
0
1 985
0
0
2 985 1205
1 1853
0
0
1 1735
0
0
0
0
0
1 986
0
0
1 986
0
0
1 986
0
0
0
0
0
0
0
0
1 1110
0
0
1 989
0
0
1 989
0
0
1 989
0
0
0
0
0
0
0
0
1 990
0
0
0
0
0
0
0
0
0
0
0
0
0
1 993
0
0
1 993
1 1734
0
0
0
0
0
0
0
0
1 994
0
0
0
0
0
0
0
1 995
0
1 1463
0
0
0
0
0
0
0
0
0
0
0
0
0
0
0
0
1 998
0
0
0
0
0
1 1021
0
0
0
0
0
1 998
0
0
0
0
0
0
0
1 1532
0
1 998
0
0
1 998
0
0
1 998
0
0
0
0
1 1021
0
0
0
0
0
0
0
0
0
0
0
0
0
0
0
0
0
1 1090
1 1002
0
0
0
0
0
0
0
0
0
0
0
0
0
0
0
0
0
0
0
0
1 1006
0
0
1 1006
0
0
1 1006
0
0
0
0
1 1077
0
0
1 1007
0
0
1 1007
0
0
1 1007
0
0
0
1 1575
0
0
0
0
0
0
0
0
0
0
0
0
0
0
0
0
0
1 1013
0
1 1582
1 1013
0
0
1 1013
1 1640
0
0
0
0
0
0
0
0
0
0
0
0
0
0
0
0
0
0
0
0
0
0
0
0
0
0
0
0
0
0
0
0
0
0
0
0
1 1147
0
0
0
0
0
0
0
0
0
1 1023
0
0
1 1023
0
0
1 1023
0
0
0
0
0
0
0
0
0
0
0
0
0
0
0
0
1 1025
0
0
0
0
0
0
0
0
0
0
0
1 1025
0
0
0
0
0
0
0
0
0
1 1025
0
0
1 1025
0
0
1 1025
0
0
0
0
0
0
0
0
0
0
0
0
0
0
0
0
0
1 1578
0
0
1 1027
0
0
1 1027
0
0
1 1027
0
0
0
0
0
0
0
0
1 1029
0
0
2 423 1029
0
0
0
0
0
0
0
0
0
0
1 1030
0
0
1 1030
0
0
1 1030
0
0
0
0
0
0
0
0
0
0
0
1 1227
0
0
0
0
0
0
0
1 1033
0
0
0
0
0
0
0
0
1 1036
0
0
1 1036
0
0
0
0
0
0
0
0
0
0
0
0
0
0
0
0
0
0
1 1041
0
0
1 1041
0
0
1 1041
0
0
0
0
0
0
0
2 1095 1834
0
1 1042
0
0
0
1 1247
0
0
0
0
0
0
0
0
0
0
0
0
1 1044
0
0
0
0
0
0
0
0
0
1 1044
0
0
1 1044
0
0
2 1044 1139
0
0
0
0
1 1234
0
0
0
0
0
0
0
0
0
1 1346
1 1047
0
0
0
0
0
0
0
0
1 1446
0
0
0
1 1049
0
0
0
0
0
0
0
1 1050
0
0
1 1050
0
0
0
0
0
0
0
1 1051
0
1 1073
1 1051
0
0
0
1 1326
0
0
0
0
0
0
0
0
0
0
1 1052
0
0
1 1052
0
0
1 1052
1 1150
0
1 1829
0
0
0
0
0
0
0
0
0
0
0
0
0
0
1 1054
1 1136
0
2 1054 1126
0
0
1 1054
0
0
0
0
0
0
0
1 1055
0
0
1 1055
1 1363
0
2 1055 1589
0
1 1251
0
0
0
0
0
0
1 1056
0
0
1 1056
0
0
0
0
0
0
0
0
0
0
0
0
0
0
0
0
0
0
0
0
0
0
0
0
0
2 1128 1750
0
0
0
0
0
0
0
0
0
0
0
1 1061
0
1 1741
1 1061
0
0
1 1061
0
0
0
0
0
0
0
0
0
0
1 1063
0
0
1 1063
0
0
0
0
0
0
0
0
0
0
0
0
0
0
0
0
0
0
1 1065
0
0
0
0
0
0
0
0
0
1 1065
0
1 1775
1 1065
0
0
1 1065
0
0
0
0
0
0
0
0
1 1066
1 1563
0
0
0
0
0
0
0
0
1 1066
0
0
1 1066
0
0
1 1066
0
0
0
0
0
0
0
1 1359
1 1773
1 1455
0
0
0
0
0
1 1068
0
0
0
0
0
0
0
0
0
0
0
0
0
0
0
0
0
0
0
0
0
0
0
0
1 1073
0
0
1 1073
0
0
0
0
0
0
0
0
0
0
0
0
1 1369
1 1804
0
0
0
0
0
0
0
0
0
0
0
0
0
0
1 1693
0
0
0
0
0
0
0
1 1295
0
0
0
0
1 1215
0
0
0
1 1083
0
0
1 1083
0
0
0
0
0
0
0
0
0
0
0
0
0
0
0
0
0
1 1089
0
0
1 1089
0
0
1 1089
0
0
0
0
0
0
0
0
0
0
0
0
0
0
0
0
0
0
0
0
1 1091
0
0
1 1091
0
0
1 1091
0
0
0
0
0
0
0
0
0
0
0
0
0
0
0
0
0
0
0
1 1730
0
1 1096
0
0
0
0
0
0
0
0
1 1764
0
0
0
0
0
0
0
0
0
0
0
0
0
0
0
0
0
0
0
0
0
0
0
0
0
1 1100
0
0
1 1100
0
0
1 1100
0
0
0
0
0
0
0
0
0
0
1 1493
0
1 1101
0
0
1 1101
0
0
1 1101
0
0
0
0
0
0
0
0
1 1860
0
0
1 1102
0
0
1 1458
0
0
0
0
0
0
0
1 1635
1 1104
0
0
1 1104
1 1237
0
1 1104
0
0
0
0
0
0
0
0
0
0
0
0
0
0
0
1 1106
0
0
0
0
1 1601
0
0
0
0
1 1106
0
0
1 1106
0
0
1 1106
0
0
0
0
0
0
0
0
0
0
0
0
0
0
0
0
0
0
0
0
1 1110
0
0
0
0
0
0
0
0
0
0
0
0
1 1200
0
0
0
1 1113
0
0
0
0
0
0
0
0
0
1 1113
0
0
1 1113
0
0
1 1113
0
0
0
0
0
0
0
0
0
0
0
0
0
0
0
0
0
0
0
0
0
1 1319
0
1 1739
0
0
0
0
0
0
0
0
3 1267 1323 1642
0
1 1120
0
0
1 1120
0
0
0
0
0
0
0
0
0
0
0
0
0
0
0
0
0
1 1121
0
1 1210
1 1534
0
0
0
0
0
0
1 1121
0
0
1 1121
0
0
1 1121
0
0
0
0
0
0
0
0
0
0
0
1 1123
0
0
0
0
0
0
0
1 1872
0
0
0
0
0
1 1125
0
0
0
0
1 1742
0
0
0
0
1 1126
0
0
0
0
0
0
0
0
0
0
0
1 1128
0
0
0
0
0
0
0
0
0
0
0
0
0
1 1738
0
0
0
0
0
0
0
0
0
0
0
0
0
0
0
0
1 1134
1 1204
0
1 1134
0
0
1 1134
0
0
0
0
0
0
0
0
2 1357 1502
0
0
0
0
1 1136
0
0
0
0
0
0
0
0
0
0
0
0
0
0
0
0
0
1 1843
0
0
0
0
0
0
0
0
0
1 1779
1 1141
0
0
1 1141
0
0
1 1141
0
0
0
0
0
0
0
0
0
1 1143
1 1613
0
1 1143
0
0
1 1143
0
0
0
1 1535
0
0
0
0
0
0
0
0
0
0
0
0
0
0
0
0
0
0
0
0
0
0
0
0
0
0
0
0
0
0
0
0
0
0
0
0
0
0
0
0
0
0
0
0
0
0
0
0
0
0
0
1 1154
0
0
1 1154
0
0
1 1154
0
0
1 1554
0
0
0
0
0
0
0
0
0
0
0
0
0
0
0
0
0
0
0
0
1 1681
0
1 1159
0
0
2 1159 1727
0
0
1 1159
0
0
0
0
0
0
0
0
0
0
0
0
0
0
0
0
0
0
0
0
0
0
1 1167
0
0
2 1167 1406
0
0
0
0
0
0
0
1 1524
0
0
1 1168
0
0
0
0
0
0
1 1351
0
0
1 1169
0
0
1 1169
0
0
0
0
0
0
0
0
0
0
0
1 1170
0
0
1 1170
0
0
1 1170
0
0
0
1 1332
0
0
0
0
0
0
0
0
3 1172 1662 1876
0
0
0
0
0
0
0
0
0
0
0
0
0
0
0
0
0
0
0
0
0
0
0
0
0
1 1296
0
0
0
2 1496 1755
0
0
0
0
1 1339
0
0
0
0
0
0
0
0
1 1190
0
0
0
0
0
0
0
0
0
0
1 1192
0
0
1 1192
0
0
0
0
0
0
0
0
0
0
0
0
0
0
0
1 1194
0
0
0
0
0
0
0
0
0
0
0
1 1194
0
0
0
0
0
0
0
0
0
2 1194 1890
0
0
2 1194 1882
0
0
1 1194
0
0
0
0
0
0
0
0
0
0
0
0
0
0
0
0
0
0
0
1 1199
0
0
0
0
0
0
0
1 1844
0
1 1200
0
0
1 1200
0
0
0
0
0
1 1201
0
0
1 1201
0
0
1 1201
0
0
0
0
0
0
0
1 1202
0
0
1 1202
0
0
1 1202
0
0
3 1354 1516 1700
0
0
1 1495
0
0
0
0
1 1567
0
0
0
0
0
0
0
0
0
0
1 1481
0
0
0
1 1205
0
0
1 1205
1 1587
0
1 1205
0
0
0
1 1350
0
0
0
1 1206
0
0
1 1206
0
0
0
0
0
0
0
0
0
0
0
1 1210
0
0
1 1210
0
0
0
0
0
0
0
0
0
0
0
0
0
0
0
0
0
0
1 1891
0
0
1 1215
0
0
1 1215
0
1 1319
0
0
1 1868
0
0
0
1 1484
0
0
1 1217
0
0
1 1217
0
0
0
0
0
0
0
0
0
0
0
0
0
0
0
0
0
1 1219
0
0
1 1219
0
0
1 1219
0
0
0
0
0
0
0
1 1886
1 1220
0
0
0
0
0
0
0
1 1221
0
0
0
0
0
0
0
0
0
0
0
0
0
0
0
0
0
0
0
0
1 1761
0
0
0
0
0
0
0
0
0
0
0
0
1 1229
0
0
1 1229
0
0
1 1229
0
0
0
0
0
0
0
0
0
0
0
0
0
0
1 1232
0
0
1 1232
0
0
1 1232
0
0
0
0
0
0
0
0
0
0
1 1234
0
0
1 1234
0
0
0
0
0
0
0
0
0
0
1 1237
0
0
1 1237
0
0
0
0
0
0
0
0
0
0
0
0
0
0
0
0
0
0
1 1240
0
0
0
0
0
0
0
0
0
1 1240
0
0
1 1240
0
0
1 1240
0
0
0
0
0
0
0
1 1242
1 1819
0
0
0
0
0
0
0
0
1 1244
0
0
0
0
0
0
0
0
0
0
0
0
0
0
0
1 1247
0
0
0
0
0
0
0
0
0
0
0
0
0
0
1 1251
1 1792
0
0
0
0
0
0
0
0
0
0
0
0
0
0
0
0
0
0
2 1255 1829
0
0
1 1255
0
0
1 1255
0
0
0
0
0
0
0
0
0
0
0
0
0
0
0
0
0
0
0
0
0
0
0
0
1 1260
0
0
1 1260
0
0
0
0
0
0
0
0
0
0
0
0
0
0
0
0
0
0
0
0
0
0
0
0
0
0
1 1265
0
0
1 1265
0
0
1 1265
0
0
0
0
0
0
0
0
0
0
0
0
0
0
0
0
0
0
0
0
0
0
0
1 1272
0
0
1 1272
1 1560
0
0
0
1 1669
0
0
1 1784
0
0
0
1 1274
0
0
1 1274
0
0
1 1274
0
0
0
0
0
0
0
0
0
0
0
0
0
0
2 1276 1702
0
0
1 1276
0
0
0
0
0
0
0
0
0
0
0
0
0
1 1280
0
0
1 1417
0
0
0
0
0
0
0
0
0
0
0
1 1283
0
0
1 1283
0
0
1 1283
0
0
0
0
0
0
0
0
0
0
0
0
0
0
0
0
0
0
0
0
1 1288
0
0
0
0
0
0
0
0
0
1 1288
0
0
1 1288
0
0
1 1288
0
0
0
0
0
0
0
0
0
0
0
0
0
1 1293
0
0
0
0
0
0
0
0
0
0
0
0
1 1295
0
0
0
0
0
0
0
0
0
0
0
0
0
0
0
0
0
0
0
0
0
0
0
1 1298
0
0
0
0
0
0
0
0
0
0
0
0
0
1 1301
0
0
1 1301
0
0
1 1301
0
0
0
0
0
0
0
0
0
0
0
0
0
0
0
0
0
0
0
0
0
0
0
0
0
0
1 1823
1 1308
0
0
1 1308
0
0
0
0
0
0
0
0
0
0
0
0
0
0
0
0
0
0
1 1576
0
0
0
1 1316
0
0
1 1316
0
0
0
0
1 1879
0
0
0
0
0
1 1319
0
0
0
0
0
0
0
0
0
0
0
0
0
0
0
0
0
0
1 1322
0
0
1 1322
0
0
1 1322
0
0
0
0
0
0
0
0
0
1 1323
0
0
1 1323
0
1 1567
0
0
0
0
0
0
0
0
1 1326
0
0
0
0
0
0
0
1 1483
0
0
0
1 1330
0
0
0
0
0
0
0
0
0
0
0
0
0
2 1332 1883
0
0
0
0
0
0
0
0
0
0
0
1 1335
0
0
0
0
0
0
0
0
0
0
0
1 1335
0
0
0
0
0
0
0
0
0
1 1335
0
0
1 1335
0
0
1 1335
0
0
0
0
0
0
0
0
0
1 1337
0
0
0
0
0
0
0
0
0
0
0
0
1 1583
0
0
0
0
0
0
1 1341
0
0
1 1341
0
0
1 1341
0
0
0
0
0
1 1540
0
0
0
0
0
0
0
0
0
0
0
1 1344
0
0
1 1344
0
0
1 1344
0
0
0
0
0
0
0
0
0
1 1346
0
0
0
0
0
0
0
0
0
1 1348
0
0
0
0
0
0
0
1 1349
0
0
1 1349
0
0
1 1349
0
0
0
0
0
0
0
0
0
1 1350
0
0
0
0
0
0
0
0
0
1 1351
0
0
1 1351
0
0
0
0
0
0
0
0
1 1506
0
0
0
0
0
0
0
0
0
1 1353
0
0
0
0
1 1478
0
0
0
0
1 1353
0
0
1 1353
0
0
1 1353
0
0
0
0
0
0
0
0
0
0
0
0
0
0
0
0
0
0
0
0
0
0
0
0
0
1 1355
0
0
0
0
0
0
0
0
0
0
0
1 1355
0
0
0
0
0
0
0
0
0
1 1355
0
0
1 1355
0
0
1 1355
0
0
0
0
0
0
0
1 1356
0
0
1 1356
0
0
0
0
0
0
0
0
0
1 1357
0
0
1 1357
0
0
0
0
0
0
0
1 1358
0
0
1 1358
0
0
0
0
0
0
0
0
0
0
0
0
0
0
0
0
0
0
0
1 1360
0
0
1 1360
0
0
1 1360
0
0
0
0
0
0
0
0
0
0
0
0
0
0
0
0
0
0
0
0
0
1 1363
0
0
1 1363
0
0
1 1363
0
0
0
0
0
0
0
1 1767
0
0
0
0
1 1367
0
0
1 1367
0
0
0
0
0
1 1369
0
0
1 1369
0
0
0
0
0
0
0
0
0
0
0
0
1 1463
0
0
0
0
0
0
0
0
0
0
0
0
0
0
0
0
0
0
0
0
0
0
0
0
0
0
0
0
0
1 1382
0
0
1 1382
0
0
1 1382
0
0
0
0
0
0
0
0
0
0
0
0
0
0
0
0
0
0
0
0
0
0
0
0
0
0
0
1 1756
0
0
0
0
0
0
0
0
0
0
0
0
0
0
0
0
0
0
0
0
0
0
0
0
0
1 1394
1 1746
0
0
0
0
0
0
0
1 1749
1 1497
0
0
0
0
1 1402
0
0
0
0
0
0
0
0
0
0
0
0
0
0
1 1406
0
0
1 1406
0
0
0
0
0
0
0
0
0
0
0
0
0
0
0
0
0
1 1411
0
0
1 1411
0
0
1 1411
0
0
0
0
0
0
0
0
0
0
1 1415
0
0
0
0
0
0
0
0
0
0
0
0
0
0
0
1 1417
0
0
0
0
0
0
0
0
0
0
0
0
0
1 1421
0
0
1 1421
0
0
0
0
0
0
0
0
0
0
0
0
1 1422
0
0
1 1422
0
0
1 1422
0
0
0
0
0
0
0
0
0
0
0
0
0
0
0
0
0
0
0
0
0
0
1 1428
0
0
1 1428
0
0
1 1428
0
0
0
0
0
0
0
0
0
0
0
0
0
0
0
0
0
0
0
0
0
1 1862
0
0
0
0
0
0
0
0
0
0
0
0
0
0
0
0
0
0
0
0
0
0
0
0
0
0
0
0
0
0
0
1 1444
0
0
1 1444
0
0
1 1444
0
0
0
0
0
0
0
0
0
0
0
0
1 1446
0
0
1 1446
0
0
0
0
0
0
0
0
0
0
0
0
0
0
0
0
0
0
0
0
0
0
1 1779
0
0
0
0
1 1455
1 1515
0
1 1455
0
0
0
0
0
0
0
0
0
0
1 1458
0
0
1 1458
0
0
0
0
0
0
0
0
0
0
1 1459
0
0
1 1459
0
0
1 1459
0
0
0
0
0
0
0
0
0
0
1 1461
0
0
0
0
0
0
0
0
0
1 1462
0
0
1 1462
0
0
1 1462
0
0
0
0
0
0
0
0
0
1 1743
0
0
0
0
0
0
0
0
0
1 1465
0
0
1 1465
0
0
1 1465
0
0
0
0
0
0
0
1 1466
0
0
0
0
0
0
0
0
0
1 1466
0
1 1791
1 1466
0
0
1 1466
0
0
0
0
0
1 1853
0
0
1 1467
0
0
0
0
0
0
0
0
1 1470
0
0
1 1470
0
0
1 1470
0
0
0
0
0
0
0
0
0
0
0
1 1471
0
0
1 1471
0
0
1 1471
0
0
0
0
0
0
0
0
0
0
0
0
0
0
0
0
0
0
0
0
0
0
0
0
0
1 1478
0
0
1 1478
0
0
0
0
0
0
0
0
0
0
0
0
0
0
0
0
0
0
0
0
0
1 1482
0
0
0
0
0
0
0
0
0
1 1482
0
0
1 1482
0
0
1 1482
0
0
0
0
0
0
0
0
0
1 1483
0
0
0
0
0
0
1 1730
0
1 1857
0
0
0
0
0
0
1 1487
0
0
0
0
0
0
0
0
0
0
0
0
0
0
0
0
0
0
0
0
0
1 1492
0
0
0
0
0
0
0
0
0
1 1492
0
0
1 1492
0
0
1 1492
0
0
0
0
0
0
0
0
0
0
0
0
0
0
1 1495
0
0
1 1495
0
0
0
0
1 1719
0
0
0
0
1 1496
0
0
1 1496
0
0
0
0
0
1 1672
0
0
0
1 1497
0
0
0
0
0
0
0
0
0
0
0
0
0
0
0
1 1617
0
0
0
0
0
0
0
0
0
0
0
0
1 1503
0
0
0
0
0
0
0
0
0
1 1503
0
0
0
0
1 1505
0
0
1 1505
0
0
1 1505
0
0
0
0
0
0
0
0
1 1506
0
0
0
0
0
0
0
0
1 1507
0
0
0
0
0
0
0
1 1508
0
0
0
0
0
0
0
0
0
0
0
0
0
0
0
0
0
1 1513
0
0
0
0
0
0
0
0
0
1 1515
0
0
1 1515
0
0
0
0
0
0
0
0
1 1516
0
0
0
0
0
0
0
0
0
0
0
0
0
0
0
0
0
0
1 1750
0
0
0
1 1524
0
0
0
0
0
0
0
0
0
0
0
0
0
0
1 1718
1 1528
0
0
1 1528
0
0
0
1 1529
0
0
1 1529
0
0
1 1529
0
0
0
0
0
0
0
0
0
0
0
0
0
1 1872
0
1 1532
0
0
1 1532
0
0
0
0
0
0
0
1 1533
0
0
1 1533
0
0
0
0
0
0
0
0
1 1534
0
0
1 1534
0
0
0
0
0
0
0
0
0
0
0
0
0
0
0
1 1538
0
0
1 1538
0
0
0
0
0
0
0
0
0
0
0
0
1 1540
0
0
1 1540
0
0
0
0
0
0
0
0
1 1543
0
0
1 1543
0
0
0
0
0
0
0
0
1 1544
0
0
0
0
0
0
0
0
0
1 1544
0
0
1 1544
0
0
1 1544
0
0
0
0
0
0
1 1703
0
0
0
0
0
0
0
0
0
0
0
0
0
0
1 1550
0
1 1852
0
0
0
0
0
0
0
1 1550
0
0
1 1550
0
0
1 1550
0
0
0
0
0
0
0
1 1551
0
0
1 1551
0
0
1 1551
0
0
0
0
0
0
0
0
0
0
1 1552
0
0
0
0
0
0
0
0
0
0
0
1 1552
0
0
0
0
0
0
0
0
0
1 1552
0
0
1 1552
0
0
1 1552
0
0
0
0
0
0
0
0
0
0
0
0
0
0
0
0
1 1554
0
0
1 1554
0
0
1 1554
0
0
0
0
0
0
0
0
1 1555
0
0
1 1555
0
0
1 1555
0
0
0
0
0
0
0
0
0
0
0
0
0
0
0
0
0
0
0
0
0
0
0
1 1563
0
0
1 1563
0
0
0
0
0
0
0
0
0
0
0
0
0
0
0
0
0
0
0
0
0
0
0
0
0
0
0
0
0
0
0
0
0
1 1572
0
0
0
0
0
0
0
0
0
0
1 1576
0
0
0
0
0
0
0
0
0
0
0
0
0
0
0
0
0
0
0
0
0
0
0
0
0
0
0
0
1 1582
0
0
1 1582
0
0
1 1582
0
0
0
0
0
0
0
1 1817
0
0
0
0
0
0
0
0
0
0
0
0
0
0
0
0
0
0
0
0
1 1587
0
0
1 1587
0
0
1 1587
0
0
0
0
0
0
0
0
0
1 1682
0
0
0
0
0
0
0
0
0
0
0
0
0
0
0
0
1 1826
0
0
1 1594
0
0
1 1594
0
0
1 1594
0
0
0
0
0
0
0
0
0
0
0
0
0
1 1598
0
0
0
0
0
0
0
0
0
0
0
0
0
0
0
0
0
0
0
1 1601
0
0
1 1601
0
0
1 1601
0
0
0
0
0
0
0
0
0
0
0
0
0
0
1 1603
0
0
1 1603
0
0
1 1603
0
0
0
0
0
0
0
0
1 1605
0
0
1 1605
0
0
1 1605
0
0
0
0
0
0
0
0
0
0
0
0
0
0
0
0
0
0
0
0
0
0
0
0
0
1 1613
0
0
1 1613
0
0
0
0
0
0
0
0
0
0
0
0
0
0
0
0
0
0
1 1618
0
0
1 1618
0
0
1 1618
0
0
0
0
0
0
0
0
0
0
0
0
0
0
0
0
1 1623
0
1 1624
0
0
1 1624
0
0
1 1624
0
0
0
0
0
0
0
0
0
0
0
1 1625
0
0
1 1625
0
0
1 1625
1 1827
0
0
0
0
0
0
0
0
0
0
0
1 1627
0
0
1 1627
0
0
1 1627
0
0
0
0
0
0
0
0
0
0
0
0
0
0
0
0
0
0
0
1 1631
0
0
1 1631
0
0
1 1631
0
0
0
0
0
0
0
0
0
0
0
0
0
0
0
0
0
0
0
0
0
0
0
0
0
0
0
0
0
0
1 1640
0
0
1 1640
0
0
0
0
0
0
0
1 1641
0
0
1 1641
0
0
0
0
0
0
0
0
0
0
0
0
0
0
1 1645
0
0
1 1645
0
0
1 1645
0
0
0
0
0
0
0
0
0
0
0
0
0
0
0
0
0
0
0
1 1650
0
0
1 1650
0
0
1 1650
0
0
0
0
0
0
0
0
0
0
0
0
1 1657
0
0
1 1657
0
0
1 1657
0
0
0
0
0
0
0
0
0
0
0
0
0
0
0
0
0
0
0
1 1662
0
0
0
0
0
0
0
1 1663
0
0
1 1663
0
0
1 1663
0
0
0
1 1853
0
0
0
0
0
0
0
0
0
0
0
0
0
0
0
0
0
1 1668
0
0
0
0
0
0
0
0
0
0
0
1 1668
0
0
0
0
0
0
0
0
0
1 1668
0
0
1 1668
0
0
1 1668
0
0
0
0
0
0
0
0
0
0
0
0
0
0
0
1 1669
0
0
1 1669
0
0
1 1669
0
0
0
0
0
0
0
0
0
0
1 1671
0
0
1 1672
0
0
0
0
0
0
0
0
0
0
0
0
0
0
0
0
0
1 1674
0
0
0
0
0
0
0
0
0
0
0
1 1674
0
0
0
0
0
0
0
0
0
1 1674
0
0
1 1674
0
0
1 1674
0
0
0
0
0
0
0
0
1 1844
0
0
0
0
0
0
0
0
0
0
0
0
0
0
0
0
0
0
0
0
0
0
0
1 1679
0
0
0
0
0
0
0
0
0
1 1679
0
0
0
0
0
0
0
0
1 1681
0
0
1 1681
0
0
0
0
2 1693 1793
0
0
0
0
1 1682
0
0
1 1682
0
0
0
0
0
0
0
0
0
0
0
0
0
1 1684
0
0
1 1684
0
0
1 1684
0
0
0
0
0
0
0
0
1 1685
0
0
0
0
0
0
0
0
0
0
0
0
0
0
0
0
0
0
0
1 1687
0
0
0
0
0
0
0
0
0
1 1687
0
0
1 1687
0
0
1 1687
0
0
0
0
0
0
0
0
0
0
0
0
0
0
0
0
0
0
0
0
0
0
0
0
0
0
0
0
0
0
0
0
1 1693
0
0
0
0
0
0
0
0
0
0
0
0
0
0
0
0
0
0
0
0
0
0
0
0
0
0
0
1 1699
0
0
0
0
0
0
0
0
0
0
0
1 1699
0
0
0
0
0
0
0
0
0
1 1699
0
0
1 1699
0
0
1 1699
0
0
0
0
0
0
0
0
0
0
0
0
0
0
0
1 1701
0
0
1 1701
0
0
1 1701
0
0
0
0
0
0
0
0
0
1 1702
0
0
1 1702
0
0
0
0
0
0
0
0
0
1 1703
0
0
1 1703
0
0
0
0
0
0
0
1 1705
0
0
1 1705
0
0
1 1705
0
0
0
0
0
0
0
0
1 1706
0
0
0
0
0
0
0
0
0
1 1706
0
0
1 1706
0
0
1 1706
0
0
0
0
0
0
0
0
0
0
0
0
0
0
0
0
0
0
0
0
0
0
0
1 1716
0
0
0
0
0
0
0
0
1 1718
0
0
1 1718
0
0
0
0
0
0
0
0
0
0
0
0
0
0
1 1721
0
0
0
0
0
0
0
0
0
1 1721
0
0
1 1721
0
0
1 1721
0
0
0
0
0
0
0
0
0
0
0
0
0
0
0
0
0
0
0
0
0
1 1726
0
0
1 1726
0
0
1 1726
0
0
0
0
0
0
0
0
1 1727
0
0
0
0
0
0
0
0
0
0
0
0
1 1728
0
0
1 1728
0
0
1 1728
0
0
0
0
0
0
0
1 1729
0
0
0
0
0
0
0
0
0
0
0
0
0
0
0
0
0
0
0
0
0
0
0
0
0
0
0
0
0
0
0
0
0
0
0
0
0
1 1739
0
0
0
0
0
0
0
0
0
0
0
0
0
0
0
0
1 1741
0
0
0
0
0
0
0
0
0
1 1741
0
0
1 1741
0
0
1 1741
0
0
0
0
0
0
0
1 1795
0
0
0
0
0
0
1 1743
0
0
1 1743
0
0
0
0
0
0
0
0
0
1 1744
0
0
1 1744
0
0
1 1744
0
0
0
0
0
0
0
0
0
0
0
1 1746
0
0
0
0
0
0
0
0
0
1 1748
0
0
1 1748
0
0
0
0
0
0
0
0
0
0
0
0
0
0
0
0
0
1 1749
0
0
0
0
0
0
0
0
0
1 1749
0
0
1 1749
1 1804
0
0
0
0
0
0
0
0
1 1751
0
0
1 1751
0
0
1 1751
0
0
0
0
0
0
0
1 1752
0
0
0
0
0
0
0
0
0
0
0
0
0
0
0
0
0
0
0
0
1 1758
0
0
0
0
0
0
0
0
0
0
0
0
1 1761
0
0
1 1761
0
0
0
0
0
0
0
0
0
0
0
0
0
0
0
0
0
0
0
0
0
0
0
0
1 1767
0
0
1 1767
0
0
0
0
0
0
0
0
0
0
0
0
0
0
0
0
0
0
0
0
0
0
0
0
0
0
0
1 1774
0
0
1 1774
0
0
1 1774
0
0
0
0
0
0
0
0
0
0
0
0
0
0
0
0
0
1 1778
0
0
1 1778
0
0
1 1778
0
0
0
0
0
0
0
0
1 1779
0
0
0
0
0
0
0
0
0
0
0
0
0
0
0
1 1783
0
0
0
0
0
0
0
0
0
0
0
0
0
0
0
0
0
0
0
0
0
0
0
0
0
0
0
0
0
0
0
0
0
0
1 1791
0
0
0
0
0
0
0
0
0
1 1791
0
0
1 1791
0
0
1 1791
0
0
0
0
0
0
0
1 1792
0
0
1 1792
0
0
0
0
0
0
0
0
0
0
0
0
0
0
0
0
1 1795
0
0
1 1795
0
0
0
0
0
0
0
0
0
0
0
0
0
0
0
0
0
0
1 1798
0
0
1 1798
0
0
1 1798
0
0
0
0
0
0
0
0
0
0
0
0
1 1802
0
0
1 1802
0
0
1 1802
0
0
0
0
0
0
0
0
0
0
0
0
1 1804
0
0
0
0
0
0
0
0
0
0
0
0
0
0
0
1 1806
0
0
0
0
0
0
0
0
0
1 1806
0
0
1 1806
0
0
1 1806
0
0
0
0
0
0
0
0
0
0
0
1 1807
0
0
1 1807
0
0
1 1807
0
0
0
0
0
0
0
0
0
0
0
1 1812
0
0
0
0
0
0
0
0
0
0
0
0
0
0
0
0
1 1816
0
0
0
0
0
0
0
0
0
1 1816
0
0
1 1816
0
0
1 1816
0
0
0
0
0
0
0
0
0
0
0
0
0
0
0
0
0
0
0
0
0
0
0
0
0
0
0
0
0
0
0
0
0
0
0
0
0
0
0
0
1 1825
0
0
1 1825
0
0
1 1825
0
0
0
0
0
0
0
0
0
1 1826
0
0
0
0
0
0
0
0
0
0
0
0
0
0
0
0
0
0
0
1 1829
0
0
0
0
0
0
0
0
0
0
0
0
1 1834
0
0
1 1834
0
0
1 1834
0
0
0
0
0
0
0
1 1835
0
0
1 1835
0
0
1 1835
0
0
0
0
0
0
0
0
0
0
0
0
0
0
0
0
0
0
0
0
1 1844
0
0
0
0
0
0
0
0
0
0
0
0
0
0
0
0
0
0
0
0
1 1847
0
0
1 1847
0
0
1 1847
0
0
0
0
0
0
0
0
0
1 1848
0
0
0
0
0
0
0
0
0
0
0
0
0
0
0
0
0
2 1852 1882
0
0
0
0
0
0
0
0
0
0
0
0
0
0
0
0
0
0
0
0
0
0
0
0
0
0
0
0
0
0
0
0
0
0
0
0
0
0
1 1862
0
0
0
0
0
0
0
0
0
0
0
0
0
1 1863
0
0
1 1863
0
0
1 1863
0
0
0
0
0
0
0
0
0
0
0
0
0
0
0
0
0
0
0
0
0
0
0
0
0
0
0
0
0
0
0
0
0
0
0
0
0
0
1 1874
0
0
0
0
0
0
0
0
0
0
0
1 1876
0
0
1 1876
0
0
0
0
0
0
0
0
0
0
0
0
0
0
0
0
0
0
0
0
0
1 1882
0
0
0
0
0
0
0
0
1 1883
0
0
1 1883
0
0
1 1883
0
0
0
0
0
0
0
0
0
0
1 1886
0
0
0
0
0
0
0
0
0
0
0
0
0
0
0
1 1887
0
0
0
0
0
0
0
0
0
1 1887
0
0
1 1887
0
0
1 1887
0
0
0
0
0
0
0
0
0
0
0
0
0
1 1890
0
0
1 1890
0
0
1 1890
0
0
0
0
0
0
0
0
0
0
0
0
0
1 423
0
0
1 423
0
0
0
0
0
0
0
0
