5 59 71 81 84 87
5 109 121 131 134 137
5 152 164 174 177 180
5 197 209 219 222 225
5 246 258 268 271 274
5 292 304 314 317 320
5 296 337 347 350 353
5 374 386 396 399 402
5 413 425 435 438 441
5 319 456 466 469 472
5 481 493 503 506 509
5 319 519 529 532 535
5 557 569 579 582 585
5 505 604 614 617 620
5 637 649 659 662 665
5 397 675 685 688 691
5 527 710 720 723 726
5 741 753 763 766 769
5 304 654 781 784 787
5 806 818 828 831 834
5 609 852 862 865 868
5 294 703 883 886 889
5 302 346 695 897 900
5 916 928 938 941 944
5 695 959 969 972 975
5 987 999 1009 1012 1015
5 449 537 1024 1027 1030
5 315 515 1034 1040 1043
5 748 1056 1066 1069 1072
5 224 799 1086 1089 1092
5 1101 1113 1123 1126 1129
5 384 1100 1146 1149 1152
1 1169
5 534 1082 1179 1182 1185
5 1194 1206 1216 1219 1222
5 294 527 1081 1231 1234
5 1247 1259 1269 1272 1275
5 1292 1304 1314 1317 1320
5 1330 1342 1352 1355 1358
5 283 953 1371 1374 1377
5 221 597 1388 1391 1394
5 608 948 1405 1408 1411
5 326 786 1427 1430 1433
5 319 469 899 1033 1441
5 304 463 781 899 1235
5 283 727 1458 1461 1464
5 455 1476 1486 1489 1492
5 244 748 1385 1501 1504
5 919 1328 1514 1517 1520
5 1265 1538 1548 1551 1554
5 324 519 1566 1569 1572
5 323 789 1582 1585 1588
5 1597 1609 1619 1622 1625
5 848 1637 1647 1650 1653
5 460 1032 1532 1662 1665
5 380 1089 1677 1680 1683
5 469 1109 1694 1697 1700
5 1710 1722 1732 1735 1738
5 721 1751 1761 1764 1767
5 185 1088 1780 1783 1786
5 700 943 1795 1798 1801
5 1604 1819 1829 1832 1835
5 796 1845 1855 1858 1861
5 989 1870 1880 1883 1886
5 294 324 537 1023 1920
5 612 1935 1945 1948 1951
5 530 1367 1963 1966 1969
5 1104 1979 1989 1992 1995
5 287 322 680 904 2003
5 718 1695 2015 2018 2021
5 2029 2041 2051 2054 2057
5 296 475 963 1033 1446
5 1985 2082 2092 2095 2098
5 584 1508 2114 2117 2120
5 1147 2136 2146 2149 2152
5 298 536 1438 1672 2162
5 1532 2178 2188 2191 2194
5 2212 2224 2234 2237 2240
5 1728 2259 2269 2272 2275
5 2290 2302 2312 2315 2318
5 908 1265 1805 2328 2331
5 845 2339 2349 2352 2355
5 796 832 2128 2364 2367
5 304 470 1432 1922 2375
5 850 2387 2397 2400 2403
5 372 698 1237 1844 2413
5 1406 2431 2441 2444 2447
5 1525 2458 2468 2471 2474
5 458 2071 2490 2493 2496
5 418 1080 2409 2512 2515
5 300 492 698 1028 2523
5 304 1547 2538 2541 2544
5 796 2414 2561 2564 2567
5 287 455 781 908 1403
5 223 748 1391 1999 2122
5 292 1113 2511 2586 2589
5 492 1032 1661 1844 2195
5 596 1892 2610 2613 2616
5 222 954 1379 1877 2624
5 498 1110 2633 2636 2639
5 2131 2653 2663 2666 2669
5 2678 2690 2700 2703 2706
5 908 1360 2715 2718 2721
5 1251 2736 2746 2749 2752
5 950 2331 2764 2767 2770
5 327 1894 2091 2779 2782
5 848 2585 2799 2802 2805
0
5 908 1240 2818 2821 2824
5 700 1351 2161 2332 2834
5 2847 2859 2869 2872 2875
5 1937 2889 2899 2902 2905
5 186 985 1017 2014 2534
5 821 2047 2928 2931 2934
5 834 1125 2943 2946 2949
5 321 480 1050 1438 1547
5 321 640 1449 2161 2963
5 2273 2981 2991 2994 2997
5 799 2585 3011 3014 3017
5 223 1035 2602 3026 3029
5 506 1240 3040 3043 3046
5 310 531 1237 1571 3054
5 942 2331 3064 3067 3070
5 616 3079 3089 3092 3095
5 294 455 698 952 1450
5 286 356 695 963 1441
5 3115 3127 3137 3140 3143
5 304 492 680 788 1446
5 319 522 793 1033 1442
5 338 906 1851 2523 2970
5 346 963 3165 3168 3171
5 296 327 517 673 898
5 283 904 1759 1968 3037
5 494 969 2369 3200 3203
5 219 1088 3213 3216 3219
5 709 1113 2925 3228 3231
5 988 3240 3250 3253 3256
5 635 1418 2610 3265 3268
5 295 449 904 1587 2079
5 298 460 1438 1919 2832
5 296 455 1441 2076 2091
5 299 492 897 1234 2506
5 1971 3306 3316 3319 3322
5 480 957 1848 2525 3330
5 289 338 977 1438 2161
5 536 2968 3346 3349 3352
5 397 674 1504 2420 3360
5 417 2359 3374 3377 3380
5 512 946 1905 2329 2963
5 1235 3396 3406 3409 3412
5 215 729 3037 3422 3425
5 938 1798 2953 3435 3438
5 473 1449 3449 3452 3455
5 251 326 897 1370 1496
5 1095 3494 3504 3507 3510
5 449 1100 3284 3520 3523
5 2440 3538 3548 3551 3554
5 609 1369 3086 3563 3566
5 340 1780 3593 3596 3599
5 1618 2383 3617 3620 3623
5 836 1512 2951 3643 3646
5 413 1186 2122 2562 2588
5 418 1035 1795 2250 3201
5 422 848 1805 2612 3664
5 859 2036 3429 3673 3676
5 1450 2438 3540 3548 3556
5 426 1367 3010 3244 3656
5 601 1104 1884 2354 3384
5 1207 2604 3704 3707 3710
5 287 469 698 1397 2087
5 1401 3727 3737 3740 3743
5 1504 3754 3764 3767 3770
5 1423 3784 3794 3797 3800
5 214 1089 3327 3810 3813
5 184 1088 1975 3222 3822
5 988 3334 3837 3840 3843
5 338 674 1446 2599 3718
5 593 1405 3271 3701 3859
0
5 487 842 1845 2191 2823
5 3874 3886 3896 3899 3902
5 927 1782 3265 3910 3913
2 3930 3942
5 542 2903 3954 3957 3960
5 438 1802 3968 3971 3974
5 586 1403 3983 3986 3989
5 228 677 1142 1405 1962
5 814 1532 3011 4015 4018
5 601 989 2332 4039 4042
5 512 3177 4056 4059 4062
5 909 1267 3379 4071 4074
5 823 2328 4085 4088 4091
5 4105 4117 4127 4130 4133
5 759 2800 4144 4147 4150
5 697 1503 3180 4045 4160
5 518 1176 3304 4170 4173
5 1267 4183 4193 4196 4199
5 300 343 640 1034 1731
5 399 1066 4212 4215 4218
5 197 1039 1704 3171 4227
5 1333 4236 4246 4249 4252
5 469 859 1964 2229 2724
5 323 695 1403 1816 2768
5 1959 4273 4283 4286 4289
5 1053 1877 4297 4300 4303
5 2328 4315 4325 4328 4331
5 805 1403 2177 2882 4071
5 493 1848 3783 4345 4348
5 423 1510 4357 4360 4363
5 317 673 2004 3061 3783
5 337 984 1233 1877 2613
5 1187 2724 4404 4407 4410
5 315 536 793 1028 1604
5 296 460 1906 2077 2091
5 2620 4430 4440 4443 4446
5 311 904 2009 2885 3492
5 300 450 1593 2082 3287
5 312 462 898 1028 2919
5 288 326 1504 3200 4473
5 371 708 2070 3178 4481
5 1276 2899 4496 4499 4502
5 921 1349 3734 4511 4514
5 286 469 1502 1965 2509
5 410 608 1375 2119 2586
5 4537 4549 4559 4562 4565
5 338 496 1446 1567 3783
5 701 1794 2950 3724 4186
5 296 450 1432 2161 4592
5 166 526 1370 1968 2524
5 292 527 1824 2524 3451
5 2337 4631 4641 4644 4647
5 327 537 1504 2523 4471
5 494 1011 2830 3064 3960
5 950 2604 4577 4670 4673
5 1397 4080 4686 4689 4692
5 340 673 1496 2961 3452
5 289 492 894 1762 3354
5 4073 4718 4728 4731 4734
5 1147 2149 4742 4745 4748
5 286 346 2528 3153 4467
5 147 1293 1326 3912 4234
5 319 675 2004 3330 4769
5 1779 4778 4788 4791 4794
5 1082 3276 4809 4812 4815
5 1187 2903 4825 4828 4831
5 3230 4840 4850 4853 4856
5 247 1470 3265 4096 4865
5 176 1000 3948 4873 4876
5 701 1091 1548 2724 3642
5 223 960 1883 3051 3218
5 319 492 899 1380 1453
5 1363 2767 4893 4896 4899
5 224 959 3425 4157 4908
0
5 300 537 1448 1922 4469
5 770 2199 4946 4949 4952
5 868 3287 4967 4970 4973
5 185 992 1763 1883 3567
5 221 1288 3633 4144 4992
5 312 492 1234 1547 4466
5 1542 4720 5014 5017 5020
5 414 748 1919 3180 5028
5 942 2538 5038 5041 5044
5 845 1240 2327 2360 3975
5 1815 5058 5068 5071 5074
5 1175 2774 5085 5088 5091
5 532 973 3490 3743 5101
5 296 343 519 540 971
5 527 1403 5117 5120 5123
5 322 492 807 1097 1381
5 992 1677 3844 5133 5136
5 1450 5149 5159 5162 5165
5 604 1402 4576 4674 5174
5 1030 4352 5189 5192 5195
5 5207 5219 5229 5232 5235
5 933 1351 1518 1794 2328
5 5252 5264 5274 5277 5280
5 612 1723 5289 5292 5295
5 1107 2571 5305 5308 5311
5 336 1081 3184 4708 5320
5 708 1359 3184 4387 5328
5 327 729 1391 1766 1973
5 346 1023 3522 4963 5339
5 556 1360 1964 2833 3361
5 221 1370 3181 4963 5352
5 304 458 695 1023 1434
5 435 969 1704 3692 5361
5 5236 5379 5389 5392 5395
5 804 943 1895 2332 2556
5 322 542 2919 4702 5407
5 690 3666 5423 5426 5429
5 2071 3287 5440 5443 5446
5 909 1357 3730 4242 5456
5 455 1438 4093 4386 5465
5 222 469 683 894 1366
5 1095 2826 5477 5480 5483
5 728 1403 3441 5491 5494
5 308 541 1586 2068 3533
5 2588 4711 5512 5515 5518
5 691 3248 5529 5532 5535
5 1110 1905 4053 4272 5543
5 460 1033 4470 5413 5553
5 948 1403 4517 5545 5565
5 1320 5574 5584 5587 5590
5 312 466 942 1547 2763
5 346 1367 3282 4474 4704
5 438 1391 5606 5609 5612
5 283 419 897 1089 1919
5 338 686 1240 1459 2005
5 522 2010 5626 5629 5632
5 299 698 2067 2766 4395
5 296 460 3720 5646 5649
5 501 1230 1962 2726 4032
5 286 512 1679 2087 3287
5 748 2661 5670 5673 5676
5 1526 5564 5693 5696 5699
5 423 2328 4893 5708 5711
5 293 327 536 673 698
5 296 528 2882 3719 5352
5 5728 5740 5750 5753 5756
5 214 894 1778 2835 3691
5 1101 1959 4373 5053 5770
2 3991 5788
5 579 1503 4144 5798 5801
5 228 536 1235 1511 2413
5 825 1636 4669 5811 5814
5 452 1031 4926 5824 5827
5 1548 2573 5007 5837 5840
5 295 449 880 1444 2009
5 372 1036 3282 4488 5340
5 338 674 1121 2005 2639
5 325 536 1604 2919 5411
5 319 522 5127 5870 5873
5 365 542 1369 1509 1895
5 1844 5839 5891 5894 5897
5 435 1874 4625 5906 5909
5 960 1826 5917 5920 5923
5 1004 4810 5937 5940 5943
5 5958 5970 5980 5983 5986
5 289 334 536 695 1234
5 480 1190 2966 3345 4718
5 821 1537 4105 6000 6003
5 612 2250 5294 6013 6016
5 5173 6033 6043 6046 6049
5 709 1949 5426 5923 6058
5 530 1197 3336 6066 6069
5 1738 4300 6083 6086 6089
5 534 2392 4178 5317 6098
5 322 889 1845 2594 3872
5 1240 3029 5132 6111 6114
5 511 1916 3682 4258 6123
0
5 300 690 2005 2077 2504
5 1360 6136 6146 6149 6152
5 911 1340 1961 2366 3571
5 279 950 1418 2016 2332
5 302 459 1587 1922 4773
5 1964 6189 6199 6202 6205
5 231 687 1423 1511 1763
5 294 380 674 686 957
5 1342 6217 6227 6230 6233
5 310 2211 6244 6247 6250
5 946 3388 6258 6261 6264
5 302 458 1023 1234 1919
5 1173 4153 6296 6299 6302
5 287 458 980 1082 1919
5 548 1188 3045 3566 6316
5 2766 5321 6332 6335 6338
5 834 1351 3643 4410 6347
5 1385 6355 6365 6368 6371
5 419 1240 3425 4224 5116
5 220 703 1385 1495 1754
5 304 455 1028 1449 1593
5 304 525 1025 1419 2066
5 531 1504 3659 4718 6390
5 834 1265 1512 1795 2328
5 458 1028 4963 6400 6403
5 1172 4071 5182 5814 6412
5 294 472 2068 4609 6181
5 1404 2942 4677 6427 6430
5 1064 3138 5800 6276 6440
1 1961
5 295 593 1502 2161 3526
5 1192 6452 6462 6465 6468
5 1964 3320 6482 6485 6488
5 433 1235 3180 4008 5620
5 289 371 729 904 1449
5 300 492 695 957 1036
5 310 519 675 695 894
5 3630 6511 6521 6524 6527
5 288 343 1028 1374 1920
5 673 1943 4115 6536 6539
5 303 638 2005 4468 4704
5 1006 6557 6567 6570 6573
5 292 323 519 695 899
5 705 1081 6588 6591 6594
5 776 1110 2767 3864 6602
5 305 380 674 695 793
5 615 1414 4146 6035 6612
5 1039 2554 6311 6620 6623
5 880 1010 2551 5136 6572
5 505 1786 4351 5708 6639
5 371 701 973 1095 1763
5 534 1857 4711 4726 6071
5 1794 6654 6664 6667 6670
5 623 3410 6678 6681 6684
5 1176 3007 6692 6695 6698
5 700 1113 2586 3567 5034
5 380 2626 6711 6714 6717
5 852 3692 6726 6729 6732
5 2886 6478 6747 6750 6753
5 609 1942 3613 3982 6276
5 419 1389 4624 6767 6770
5 992 6588 6786 6789 6792
5 940 2308 6803 6806 6809
5 6512 6825 6835 6838 6841
5 184 992 1698 1786 3181
5 3477 6862 6872 6875 6878
5 729 1363 3401 4188 5564
5 1207 1988 6620 6898 6901
5 322 469 681 698 1038
5 880 1404 2913 4865 6911
5 221 854 1805 3668 5801
5 1385 3406 12070 17620 17623
5 227 1109 2471 3171 3949
5 1240 4378 6909 6933 6936
5 946 2463 6946 6949 6952
5 227 498 701 992 1112
5 947 2157 2953 4096 4894
5 585 1385 3751 4957 6968
5 728 2262 6977 6980 6983
5 709 2463 6991 6994 6997
5 1217 4812 7011 7014 7017
5 848 2567 7025 7028 7031
5 220 703 1389 1502 1949
5 380 674 1772 2007 4467
5 7055 7067 7077 7080 7083
5 1374 2250 7092 7095 7098
5 556 946 2364 4059 5315
5 289 338 680 793 899
5 556 859 2328 2604 3484
5 300 492 1370 1447 2066
5 536 5432 7127 7130 7133
5 1090 7142 7152 7155 7158
5 418 1366 1973 2592 3363
5 228 960 2107 2178 4935
5 289 327 520 695 1053
5 1645 4683 5516 7177 7180
5 293 327 480 537 898
5 988 1064 4039 6033 6639
5 492 698 1089 1758 2079
5 372 1117 1483 2161 2618
5 597 2718 6120 7207 7210
5 940 2522 7220 7223 7226
2 288 522
5 455 1237 5642 7237 7240
5 430 1109 1962 2610 3090
5 556 1342 2766 3975 6805
5 372 921 3180 4052 6770
5 909 1349 1960 2745 3471
5 1158 3092 7271 7274 7277
2 435 5364
5 338 680 2526 3282 4601
5 294 781 3295 4395 6505
5 184 1074 1482 4233 6155
5 304 520 793 1025 1442
5 279 304 372 478 695
5 519 1025 1694 1794 2328
5 6064 7319 7329 7332 7335
5 295 517 1547 2087 3061
5 289 372 1023 1593 2006
5 292 519 1366 1446 2005
5 406 681 1446 1675 2504
5 480 1968 6736 7354 7357
5 5125 7374 7384 7387 7390
5 7410 7422 7432 7435 7438
5 501 921 2641 4885 7447
5 1158 7459 7469 7472 7475
5 505 855 1495 1864 2253
5 701 1330 3064 3513 5188
5 608 1624 7483 7486 7489
5 334 680 1587 3176 3520
5 1097 2619 7505 7508 7511
5 512 1025 3169 3330 4963
5 1618 3956 7530 7533 7536
5 327 673 1023 1438 4266
5 913 1397 3388 4258 5339
5 701 2815 6138 7356 7557
5 492 1191 3870 4350 4724
5 1367 2879 7578 7581 7584
5 759 1176 1845 2599 2827
5 718 1101 2211 2769 3279
5 460 887 2079 2504 3465
5 2549 6047 7613 7616 7619
5 1544 6092 7633 7636 7639
5 300 460 695 899 1237
5 1029 1192 2599 4082 5825
5 2036 6380 7660 7663 7666
5 289 325 695 1063 1440
5 466 1240 2966 3077 4604
5 295 695 1746 2029 2425
5 394 851 1864 2079 2779
5 304 525 1028 1443 1450
5 184 487 1095 1704 4890
5 593 1698 3258 3817 4300
5 709 1403 2814 2878 4576
0
5 201 531 1109 1367 1391
5 1376 3741 7042 7704 7707
5 371 512 1369 1845 2936
5 944 2454 4079 5038 7716
5 847 1403 3195 3631 6586
5 940 3401 7730 7733 7736
5 859 2879 7270 7746 7749
5 837 1349 2364 2818 4191
5 494 1191 4178 5621 7108
5 7775 7787 7797 7800 7803
5 529 5606 7817 7820 7823
5 326 1440 6107 6548 7832
5 685 3390 7843 7846 7849
5 512 1698 4957 6406 7858
0
5 854 1802 5719 7869 7872
5 426 1074 2688 3691 7035
5 4472 7889 7899 7902 7905
5 883 2441 5031 5642 7915
5 1413 6904 7932 7935 7938
5 232 1080 4224 6097 7948
5 410 1107 1769 2814 3912
5 228 1096 3221 3618 4003
5 283 712 1235 1381 3451
5 292 455 1754 3151 3783
5 898 2886 7964 7967 7970
5 294 532 1571 2115 3173
5 292 517 1370 1811 3507
5 1937 3762 7984 7987 7990
5 530 1240 4718 5995 6394
5 184 325 1052 1100 1391
5 3801 8011 8021 8024 8027
5 228 1089 8035 8038 8041
5 492 1026 1857 2599 3826
5 1272 4094 8055 8058 8061
5 1207 5322 8074 8077 8080
5 288 1397 6287 8088 8091
5 1187 2554 5016 8099 8102
5 501 1532 4144 4781 6066
5 579 2766 5642 8115 8118
5 372 1965 4476 5722 8620
5 2815 8130 8140 8143 8146
5 510 1107 4095 7481 8155
5 449 778 1446 2164 3218
5 349 673 2528 3347 8165
5 322 1089 2648 3027 4408
5 455 899 4176 8177 8180
5 488 1122 1630 1959 2814
5 915 948 1346 1360 1518
5 859 1525 3244 3705 5138
5 327 898 3828 5681 8211
5 4281 8232 8242 8245 8248
5 2261 4984 8264 8267 8270
5 1035 3424 8280 8283 8286
5 293 383 921 2205 4810
5 239 952 4300 6772 8300
5 232 850 2136 2634 4201
5 8129 8318 8328 8331 8334
5 7754 8352 8362 8365 8368
5 292 517 1381 1939 2594
5 992 2515 4617 5424 8378
5 300 877 1919 2122 3251
2 1417 7255
5 488 821 1864 2365 3209
0
5 911 1355 2724 3201 3643
5 293 748 3280 4472 6246
5 6103 8417 8427 8430 8433
5 422 1154 2068 2580 3612
5 372 880 2079 3037 4052
5 296 673 2082 4808 4813
5 229 616 1849 2476 2604
5 430 1122 3698 4576 5053
5 371 1334 5096 8221 8463
5 889 2514 4626 6092 8472
5 947 2431 6433 8483 8486
5 219 600 1971 2590 6092
5 430 1233 2879 5294 8501
5 228 908 1363 1403 1506
5 292 343 695 963 1675
5 804 2575 5995 8515 8518
5 492 1450 3336 8526 8529
5 505 2040 5119 8537 8540
5 286 695 4474 8548 8551
5 848 1504 3363 6399 8559
5 290 323 517 538 899
5 1012 3633 8569 8572 8575
5 726 1417 2833 3433 4373
5 473 1237 3611 4813 6311
5 2766 8592 8602 8605 8608
5 593 1505 4528 8399 8509
5 532 1758 5113 8036 8624
5 2031 5662 8639 8642 8645
5 319 469 781 1023 1443
5 438 1736 3982 6278 8654
5 828 1197 2364 2823 3783
5 397 1047 1696 4933 5722
5 780 3465 8674 8677 8680
5 1107 3201 8691 8694 8697
5 701 1141 8643 8722 8725
5 703 4472 8741 8744 8747
5 989 2542 5037 8755 8758
5 506 2091 4351 6127 8580
5 989 1968 4161 4623 7948
5 310 517 1587 1973 2361
5 4474 8784 8794 8797 8800
5 8810 8822 8832 8835 8838
5 673 3218 4646 7715 8846
5 2101 8860 8870 8873 8876
5 1150 4010 8885 8888 8891
5 418 1052 1388 2134 3816
5 1089 3417 8906 8909 8912
5 308 460 540 898 1435
5 708 1232 2065 3184 4683
5 455 1026 2967 3167 3367
5 529 1400 2524 3251 4602
5 538 3526 8934 8937 8940
5 1035 1959 4456 5117 7008
5 957 4355 8951 8954 8957
5 458 963 2076 2102 4467
5 294 526 877 1000 2087
5 726 1122 1524 2354 4071
5 1351 6516 8981 8984 8987
5 635 973 1762 2337 3783
5 319 529 1496 2079 4482
5 351 788 1788 2485 4072
5 480 1788 8617 9005 9008
5 327 532 1189 1443 2957
5 988 1884 5708 5940 7191
5 296 343 538 698 1028
5 228 712 1403 1604 2068
5 435 1005 1369 3171 4228
5 1197 3394 8090 9033 9036
5 222 372 673 876 1240
5 311 537 2067 3356 5863
5 289 455 781 880 1028
5 289 492 1028 1370 2522
5 1460 6566 9057 9060 9063
5 877 3998 9073 9076 9079
5 1058 3705 8694 9089 9092
5 1357 3604 9100 9103 9106
5 859 2168 4081 5719 7917
5 735 2671 5238 8312 9122
5 288 1235 4802 7104 9130
5 852 1349 1890 2327 2604
5 318 452 539 1033 1593
0
5 296 327 492 693 1448
5 322 894 4483 8936 9141
5 1446 6425 9152 9155 9158
5 449 1450 4817 7018 9166
5 498 1043 3368 8513 9176
5 2962 8362 9191 9194 9197
5 2478 6001 9212 9215 9218
5 1357 2448 5695 8585 9226
5 593 1504 3296 3668 7173
5 943 1801 3063 4096 4905
3 3218 9249 9259
5 295 327 519 777 1466
5 1066 3962 9023 9265 9268
5 928 1801 5569 6146 7747
5 770 1183 2703 2939 4017
5 295 371 894 963 1442
5 231 1743 3166 3240 3919
5 1334 2332 6231 7744 9289
5 712 1113 2250 2915 4041
5 608 3221 7924 9302 9305
5 293 343 517 538 698
5 293 338 685 1450 2785
5 1216 6902 9319 9322 9325
5 2079 8859 9342 9345 9348
5 9360 9372 9382 9385 9388
5 511 1501 4232 5765 6775
5 973 1695 7301 9402 9405
5 283 460 1095 1405 1784
5 806 1416 2724 3068 6008
5 452 963 3465 3719 9419
5 464 1180 4291 5109 6466
5 969 3374 6321 7842 9433
5 700 923 1360 1406 3425
5 1668 7594 9451 9454 9457
5 418 701 1035 1240 1403
5 940 1357 2726 3439 5040
5 1454 4524 9467 9470 9473
5 327 534 1397 1857 3438
5 1477 4955 9486 9489 9492
5 1376 4582 9501 9504 9507
5 475 942 1675 2921 5365
0
5 527 1865 4086 5188 8270
5 1176 3571 6628 8263 9535
5 288 346 906 1237 1593
5 597 1110 3691 9221 9545
5 492 1177 2365 4142 6071
5 1543 8706 9568 9571 9574
5 950 2335 3672 5716 8533
5 608 1510 3432 4889 7200
5 223 850 1919 2014 2596
5 296 469 1033 1446 9605
5 419 675 1235 1370 1600
5 231 520 850 1097 1381
5 699 1237 2963 4008 5995
5 855 1876 3248 4622 8381
5 505 1064 1705 2763 7172
5 483 969 1850 2106 3210
5 527 1349 3181 3633 4029
5 438 1381 3374 5802 8500
5 372 1100 3801 5363 8805
5 675 1675 5833 7546 9651
2 527 2113
5 302 539 2425 3279 4707
5 541 2894 9658 9661 9664
5 1526 3434 8761 9673 9676
5 430 1966 4931 6886 9643
5 833 2364 4410 4711 9704
5 500 1357 3962 6506 9712
5 286 338 542 676 3061
5 716 1891 6484 7259 9724
5 372 1064 3663 5134 8664
5 300 346 674 693 904
5 1738 8197 9746 9749 9752
5 593 1677 3221 3594 4035
5 384 908 2766 4683 5348
5 960 2682 4908 5889 9771
5 685 1401 2587 3693 4890
5 709 1404 2763 3265 3656
5 469 2164 9784 9787 9790
5 343 903 3829 5144 8546
5 418 976 1886 2918 5708
5 511 1177 2936 3296 3691
5 283 526 1400 3026 3602
5 701 1349 2106 2763 3051
5 289 371 537 680 898
0
5 1265 4206 9826 9829 9832
5 1074 7003 9845 9848 9851
5 911 1338 2814 3184 4731
5 2404 9871 9881 9884 9887
5 1052 2455 9896 9899 9902
5 304 450 899 3553 8388
5 747 5056 9923 9926 9929
5 593 3243 9941 9944 9947
5 1907 8870 9963 9966 9969
5 419 953 3144 3285 4610
5 314 525 1025 1095 1443
5 3425 9988 9998 10001 10004
5 830 1240 4086 10016 10019
5 412 1391 3261 4035 6276
5 455 1026 1438 2587 3783
5 305 349 685 899 1604
5 300 517 898 973 2523
5 542 1461 3058 4093 6124
5 469 1170 3869 4522 7131
4 293 460 5653 10044
5 10057 10069 10079 10082 10085
5 480 1949 10093 10096 10099
5 1228 1959 4503 6439 10108
5 1082 3323 7492 9704 10118
5 219 612 960 1230 1942
5 623 4686 10130 10133 10136
5 494 1401 4967 10145 10148
5 1504 3408 4989 10157 10160
5 1329 2881 4674 5572 7717
5 418 849 1415 1968 3090
5 327 536 1650 2963 4381
5 595 2507 8643 9910 10177
5 921 1363 3181 3864 10168
5 3493 10196 10206 10209 10212
5 701 1370 2331 2767 2841
5 288 691 4525 4810 6253
5 746 1781 4030 5751 7226
5 412 1409 4232 5681 7000
5 531 1107 1850 2831 2941
5 845 1769 10240 10243 10246
5 532 1369 4455 6338 7968
5 1935 2903 10261 10264 10267
5 4110 8706 10280 10283 10286
5 475 1176 2641 2939 4966
2 1265 10299
5 1197 2617 5177 7233 10301
5 542 2957 7685 10310 10313
5 626 3223 6765 9224 10321
5 412 1081 2507 4374 6397
5 2014 6785 10337 10340 10343
5 294 380 676 899 1432
5 292 368 683 1025 1675
5 305 777 1496 1999 2439
5 1538 3643 8084 10203 10355
5 612 1948 7172 10363 10366
5 422 850 1415 1630 3317
5 300 532 1400 1446 2005
5 293 530 1786 2005 2485
5 1402 3473 6026 6895 9212
5 338 1043 3061 4394 7292
5 522 1025 3057 4600 5030
5 418 1039 1399 2688 3654
5 221 505 709 1039 1391
5 1360 3433 5038 6165 9227
5 959 4158 10405 10408 10411
0
5 702 1536 4718 4738 5995
5 683 1109 3037 3829 5115
5 289 319 460 695 1571
5 1066 1736 3721 4171 6926
5 312 522 784 1180 1442
5 1798 10445 10455 10458 10461
5 1351 1527 7205 8979 10471
5 312 675 1189 1444 4769
5 1036 4080 6007 8997 10491
5 394 1025 1917 2487 6548
5 319 478 906 1237 2077
5 300 450 898 1580 2377
5 430 708 2035 2425 3356
5 1104 3433 7720 9483 10515
5 492 1698 5814 6131 10523
5 623 1932 4011 5482 8205
5 729 1360 2604 2765 3955
5 911 1996 4762 6131 10540
5 898 6674 10554 10557 10560
5 866 1630 2596 4576 5363
5 401 1089 3112 4613 7655
5 876 1786 10040 10585 10588
5 282 334 976 1672 2506
5 1031 2645 5833 6461 10033
5 2074 5451 10607 10610 10613
5 826 1338 2954 4861 6162
5 505 1370 1895 4173 4817
5 300 460 894 1028 1919
5 455 1026 2065 5185 5825
5 722 1455 4972 5719 8393
5 1254 3177 6004 6406 10645
5 289 531 1801 2164 2815
5 289 343 1921 4469 7604
5 304 478 1000 1440 2005
5 919 1504 2777 3589 6945
5 214 511 1109 1366 1777
5 497 1261 3508 4094 5061
5 831 2211 5518 8507 10669
5 319 673 3153 10677 10680
5 435 1415 3296 3659 4262
5 419 770 2106 3464 3998
5 534 1177 1857 2199 3064
5 1937 4492 10698 10701 10704
5 412 2585 4146 6106 7486
5 462 9664 10729 10732 10735
5 604 1089 3090 5098 5115
5 6843 10754 10764 10767 10770
5 531 1186 3693 6005 6405
5 1736 2650 3567 6440 10783
5 974 9649 10799 10802 10805
5 609 793 3852 5624 6071
5 1248 1522 5007 6895 9027
5 950 2429 6121 10825 10828
5 433 1237 2795 4368 10302
5 608 1230 3221 4272 6991
5 1286 3980 10845 10848 10851
5 2134 2655 10230 10860 10863
5 311 921 4707 7039 10873
5 801 1136 2599 3495 5543
5 614 2517 7858 9399 10122
5 538 1455 5424 8473 10893
2 1039 10901
5 418 1097 2617 3747 4285
5 1032 1192 5833 6459 7649
5 2755 5513 7858 10227 10927
5 2188 4084 8191 9691 10937
5 910 2326 4375 5036 5045
5 1288 5891 10953 10956 10959
5 423 1097 3687 5294 8964
5 323 539 1381 1493 2106
5 992 1295 4161 4226 7956
5 530 3276 10982 10985 10988
5 2232 6477 8399 11006 11009
5 674 2827 6171 8049 9564
5 153 992 1888 2763 4364
5 520 1786 7968 11026 11029
5 1230 4035 10330 11038 11041
5 2444 7616 11054 11057 11060
5 976 1926 10073 11069 11072
5 294 534 1240 2032 3336
5 289 334 517 538 695
5 300 418 695 1440 2005
5 700 1951 4718 10142 10841
5 737 1757 5907 6092 8497
5 294 697 1536 1766 3050
5 492 1406 4740 6505 8950
5 1108 1826 6054 9322 11102
5 406 963 1845 3167 4707
5 691 1850 3296 4252 6110
5 528 952 3327 6582 9804
5 911 1734 3591 6515 10383
5 718 1794 2831 5299 8911
5 6865 11141 11151 11154 11157
5 1369 4035 7565 11037 11167
5 1604 3952 11175 11178 11181
5 325 496 1443 1567 4584
5 296 371 708 898 1023
5 801 1186 1865 2331 2599
5 302 683 1477 2377 3362
5 433 1381 2504 5031 7349
5 427 1098 3822 6092 7842
5 224 624 1403 1781 5083
5 3750 11216 11226 11229 11232
5 448 4426 11241 11244 11247
3 469 1023 11255
5 11260 11272 11282 11285 11288
5 623 1928 2901 3601 5529
5 421 2328 11301 11304 11307
5 480 1101 2136 3380 3825
5 372 957 2135 3053 3705
5 289 529 1587 3277 4472
5 223 897 3276 4890 11325
4 4526 11338 11348 11351
5 1613 2903 9669 11353 11356
5 264 894 1766 2612 6012
5 2439 3552 11370 11373 11376
5 1738 5682 8265 10261 11386
5 487 1039 1397 2594 3363
5 482 1240 2542 2921 3783
5 486 1026 1671 2597 4301
5 406 973 1663 1999 2803
0
1 894
5 2262 4093 11398 11401 11404
5 598 2262 3361 4035 6174
5 289 338 635 900 1016
5 825 2364 4573 5544 9179
5 488 1222 3304 3431 4350
5 372 534 1034 1171 1237
5 360 729 1363 1406 1786
5 458 1174 2803 3830 4890
5 327 685 1025 1696 2523
5 534 1850 7481 11423 11426
5 700 1342 2722 3607 6231
5 845 1391 2941 3175 4963
5 295 460 2068 3277 3451
5 493 1237 4870 5855 9693
5 239 984 1882 2121 3432
5 1538 5477 11453 11456 11459
5 724 2881 7926 8595 11474
5 294 479 1592 2009 3719
5 361 539 1604 2005 2092
5 3181 5807 11487 11490 11493
5 701 2586 9396 10122 11501
5 2404 5537 8611 11510 11513
5 989 1876 3414 7191 9020
5 469 1136 2575 3280 5823
5 807 1844 2777 3012 4080
5 492 973 1902 3034 5486
5 312 460 1034 1864 5621
5 2266 6021 11544 11547 11550
5 311 522 788 1045 1449
5 2400 6761 11564 11567 11570
5 220 708 1092 1415 1623
5 1089 2401 5426 6092 11384
5 506 1032 1663 2769 4721
5 561 1722 6679 8386 11590
5 314 462 1400 2115 4468
5 1495 4401 10325 11089 11600
5 1846 3852 8514 8522 11610
5 354 680 1438 1663 2077
5 296 512 1023 1432 2004
5 318 673 1444 2065 3340
5 955 2522 5921 6189 6902
5 2331 7108 11478 11629 11632
5 1418 3408 7941 10505 11636
5 612 3180 10639 11648 11651
5 908 1403 2841 3433 5687
5 296 500 1788 2483 6785
5 435 2617 4711 4724 5516
5 528 1504 4110 4711 8716
5 322 1672 4740 6647 8187
5 491 1177 3361 5507 6463
5 289 322 460 538 894
5 296 492 1043 2781 3156
5 712 7941 11691 11694 11697
5 252 973 2841 3181 3663
5 223 1142 2504 3180 3662
5 1618 5072 11708 11711 11714
5 1403 4375 11724 11727 11730
5 1053 3066 4984 6110 9513
5 312 680 1420 1762 3153
5 991 1660 11742 11745 11748
5 1112 2590 8209 9958 11757
5 390 1366 3361 4093 6312
5 412 1053 1968 3215 3949
5 1738 6614 11206 11771 11774
5 1096 3672 8851 10385 11784
5 556 1879 5307 7027 11792
5 531 1186 2827 4262 4721
5 181 1194 1704 2026 3825
5 11811 11823 11833 11836 11839
5 492 1999 5847 7862 11407
5 294 1374 2506 3061 4977
5 948 1998 4514 7739 8729
5 505 1404 6644 9926 11863
5 338 1089 2029 3458 7005
5 683 1763 3393 4034 6617
5 186 706 1704 2016 3271
5 1699 4005 11884 11887 11890
5 1194 3656 11898 11901 11904
5 322 695 1400 2003 2262
5 222 1035 4232 7356 9630
5 279 991 1841 2763 6580
5 289 449 1438 1480 1919
5 501 1136 1705 2335 3513
5 2671 9225 11926 11929 11932
5 293 372 781 898 963
5 909 1341 2946 4574 5544
5 1171 2227 4352 5825 7648
5 836 2560 5089 6614 9923
5 321 1587 7887 10320 10728
5 300 475 973 1230 1391
0
5 3280 10721 10739 11817 11844
5 483 914 2700 3741 4141
5 1446 4810 11980 11983 11986
5 296 418 897 963 2068
5 12003 12015 12025 12028 12031
5 460 685 2821 4925 8448
5 2552 9943 12052 12055 12058
5 319 524 963 1089 2010
5 871 2647 10746 12067 12070
5 703 1636 12081 12084 12087
5 338 687 2005 2819 4170
5 228 716 1623 3814 7635
5 449 778 4207 8185 12107
5 294 343 673 695 957
5 215 441 1495 1755 2328
5 491 3058 7886 12116 12119
5 294 492 880 1025 1237
5 346 684 1494 2504 3367
5 293 716 2376 3279 3948
5 709 2612 6971 8995 10441
5 368 963 12138 12141 12144
5 1233 2609 8973 11343 12154
5 449 1177 3338 4810 7188
5 6399 12171 12181 12184 12187
5 450 679 1230 1450 1670
5 430 1025 3218 4388 10513
5 911 1845 7007 10175 12203
5 718 1403 3258 3602 6025
5 593 1455 5120 7419 12216
5 1687 3533 5642 12224 12227
5 1850 4277 9046 12235 12238
5 3808 10886 12253 12256 12259
5 527 1510 4045 5765 7367
5 4042 8592 12277 12280 12283
5 1939 3622 12291 12294 12297
5 615 3297 11407 12306 12309
5 513 1846 3513 8157 10025
5 809 2047 5801 8261 10676
5 799 1109 3513 4348 6124
5 1176 3180 5998 6649 10438
5 1900 10294 12347 12350 12353
5 167 989 1704 2916 3955
5 1089 4224 11250 12364 12367
5 430 1039 1704 3265 6584
5 4955 12386 12396 12399 12402
5 2585 12411 12421 12424 12427
5 674 1381 2795 3186 3654
5 295 2506 7654 8950 12443
5 894 1330 4248 4578 7039
5 505 1064 2465 2522 3243
5 1357 2777 4894 5046 9227
5 770 834 1187 1401 1857
5 4093 8522 12237 12468 12471
5 449 1038 2506 4388 6397
5 322 677 1672 3151 6386
5 325 1393 3654 6757 7980
5 1949 3397 6765 9898 11895
5 619 1392 5841 6614 8755
5 807 1532 3643 4711 4721
5 300 785 3049 3366 3948
5 292 1600 3465 7502 11330
5 289 525 894 1234 3282
5 1089 3421 11045 12517 12520
5 520 1097 3180 3654 5424
5 308 529 1025 1041 1443
5 748 2562 3962 5929 7581
5 383 1349 1874 2429 4348
5 430 851 1815 2331 3816
5 1969 4478 12538 12541 12544
5 952 2588 7000 9052 11862
5 3627 11549 12565 12568 12571
5 698 1397 3870 5331 7251
5 450 1237 1919 3360 4174
5 319 520 894 2010 2076
5 727 2612 7607 8602 12152
5 223 729 1786 8762 12593
5 423 984 1801 2534 3429
5 1613 3111 7369 10089 10863
0
5 1193 3433 12628 12631 12634
5 1459 5322 12647 12650 12653
5 896 2475 6639 8762 12665
5 187 988 1801 2511 2542
5 3242 9023 12677 12680 12683
5 214 889 2482 3390 4171
5 1289 12699 12709 12712 12715
5 969 2920 6675 8480 10400
5 677 2524 4524 6106 10896
5 492 1184 2641 4171 6321
5 2524 6282 11041 11739 12736
5 216 529 2524 3604 3687
5 193 540 1400 1919 2262
5 11171 12753 12763 12766 12769
5 299 461 1072 2006 3672
5 577 1418 5665 7367 7527
5 2814 6231 8598 11511 11637
5 170 842 1240 4878 11395
5 327 1466 3466 6363 11070
5 608 1220 2478 3380 3729
5 523 2164 10424 12804 12807
5 10805 12825 12835 12838 12841
5 728 1276 4506 5375 7000
5 857 3243 6738 11112 12853
5 529 1720 7091 7638 10399
5 460 1883 6563 8090 12867
5 701 3099 8469 12280 12877
5 799 1392 2798 5822 6536
5 292 1088 2999 12335 12889
5 414 1381 5292 8448 9357
5 221 953 1758 2691 2835
5 626 2511 7219 7858 10890
5 876 1136 2354 3433 7857
5 845 1397 4095 6005 8537
5 612 4622 12920 12923 12926
5 921 1857 4171 6066 6624
5 695 3602 9189 12278 12940
5 299 380 680 898 1571
5 305 1547 3090 3720 6769
5 624 1418 3276 9088 12187
5 312 536 1023 1038 2528
5 803 6803 12969 12972 12975
5 292 498 1370 1971 3037
5 1113 5527 12985 12988 12991
5 866 2473 4685 6924 11526
5 909 1913 3783 6069 6165
5 240 1100 1767 2618 3222
1 11970
5 312 695 4605 7292 8511
5 608 1113 1746 2605 3271
5 612 2565 7221 8654 12260
0
5 495 1035 1663 4383 4724
5 681 2820 6122 6401 6628
5 2404 7694 13047 13050 13053
5 292 492 683 698 1034
5 294 1089 3166 6265 7259
5 700 1235 2768 2873 5049
5 548 1235 3181 4300 8348
5 4099 11564 13079 13082 13085
5 327 598 1368 2524 3221
5 326 695 1960 2970 4941
5 419 894 2053 3741 5802
5 215 683 1081 2068 8455
5 760 1864 3203 3864 4275
5 300 1374 3280 5800 8309
5 305 465 1034 1450 1675
5 1954 5289 11601 13108 13111
5 1142 2522 5426 11629 13122
5 1251 4189 11001 13132 13135
5 712 5503 13147 13150 13153
5 616 2252 6064 6765 9843
2 3429 13166
5 433 1381 2445 4605 5620
5 729 1588 4207 4926 8474
5 482 921 1794 2365 2936
5 397 781 2162 2957 4397
5 224 612 1757 1951 2522
5 815 1402 2370 2946 4518
5 312 460 1450 1675 3360
5 334 793 2029 4051 5643
5 296 517 1592 2079 2506
5 295 519 1592 2087 3186
5 418 894 1746 2262 3349
5 222 527 1495 1770 2522
5 380 698 2067 2970 4468
5 302 460 793 1023 1443
0
5 286 319 517 880 957
5 845 1403 3438 4272 6929
5 675 2250 3949 7574 13210
5 293 1919 4480 8403 10658
5 701 1369 5844 13221 13224
5 739 2393 4003 6685 9925
5 13240 13252 13262 13265 13268
5 338 842 2014 2882 3813
5 327 540 1237 1751 3210
5 399 1046 1781 3584 3839
5 579 1403 2769 3363 4032
5 1122 3380 6433 9121 13288
5 1177 4786 12749 13298 13301
5 1977 4511 13307 13310 13313
5 1694 7167 13321 13324 13327
5 247 1018 2539 2916 4868
5 1108 2404 6967 10885 12921
5 3702 11714 13353 13356 13359
5 1126 5031 11110 13367 13370
5 302 520 1447 3279 3526
5 426 1081 4031 5317 7517
0
5 1213 6036 12827 13382 13385
5 220 850 1240 1959 3033
5 287 710 1234 1973 3180
5 327 1036 1375 2588 2830
5 1240 3663 5477 8713 10534
5 1416 4375 12513 13407 13410
5 377 1025 1705 2328 3668
5 1115 3444 9877 13422 13425
5 525 1171 1695 2645 4022
5 5324 11700 13443 13446 13449
5 455 1450 7188 11483 13458
5 412 1039 2679 6062 13466
5 847 1240 1694 2331 3698
5 460 1023 3367 4704 6401
5 969 2758 6899 7492 9009
5 821 1179 1861 2195 2827
5 421 1381 2562 2591 3242
5 616 3221 6691 9044 12099
5 296 460 906 1432 2077
5 1504 9054 13500 13503 13506
5 701 1334 4184 6057 10519
5 623 2390 3633 5315 6092
5 908 3716 13521 13524 13527
5 534 1038 2195 2645 4052
5 1235 4777 12192 13538 13541
5 300 458 680 781 1025
5 465 1097 2161 3363 4983
5 2274 6491 12681 13552 13555
5 283 480 1035 1122 1691
5 455 679 1919 4468 4891
5 3195 13574 13584 13587 13590
5 292 710 1389 1780 2122
5 921 4093 8952 10878 13598
5 483 921 1845 2079 2939
5 1186 2691 7621 9482 13608
5 406 674 2415 3691 4178
5 1186 3566 6626 8267 11037
5 848 3242 9224 12158 13624
5 327 675 1848 3061 3678
5 418 973 1368 1895 2337
5 626 1771 5801 6611 10389
5 1622 3195 10268 12299 13639
5 412 1415 3222 8475 10924
5 301 1366 3296 4707 11542
5 455 788 2526 3338 5853
5 2317 6785 13659 13662 13665
5 685 2590 6454 9345 10814
5 419 698 1664 2069 2529
5 423 962 2068 3826 6583
5 431 859 1506 2766 3693
5 1288 4764 10975 13690 13693
5 285 349 729 973 1234
5 623 1937 3614 5031 11581
5 847 1351 1522 2332 3704
0
5 1677 4964 13720 13723 13726
5 327 673 1045 1449 3877
5 371 1424 2956 5117 12802
5 847 1495 2772 3770 5719
5 397 759 1192 1506 2504
5 596 1141 2460 3221 4003
5 412 1088 2515 3221 3620
5 1158 3320 9493 13750 13753
5 292 1081 1503 2586 3604
5 2696 6494 13765 13768 13771
5 452 1033 2962 5144 9038
5 739 3228 11366 13786 13789
5 300 460 680 898 1234
5 527 1366 2641 2830 3693
5 418 1039 2262 3010 4031
5 530 1627 5887 7760 13803
5 469 1461 3077 3637 3783
5 435 1415 5294 7199 8504
5 1222 4367 13818 13821 13824
5 430 960 2135 2592 3374
5 298 460 1033 1435 3520
5 423 1230 2641 3374 4718
5 1088 3282 7581 8388 9074
5 8116 13845 13855 13858 13861
5 868 1289 3252 7192 10347
5 700 928 1397 1642 2814
5 300 517 1025 1105 1449
5 703 1511 4983 5315 6122
5 383 1762 6579 11098 13875
0
5 1089 3871 9517 12508 13888
5 296 695 2425 8179 13192
5 288 519 2004 4592 10740
5 469 1443 4701 10662 13912
5 432 1100 2766 5061 6583
5 432 1991 4522 6536 7600
5 2525 6564 13926 13929 13932
5 418 960 2119 2591 4163
5 804 1186 3584 4021 5508
5 722 1504 3665 3955 5333
5 807 2526 6458 8518 11095
5 319 1237 2783 4421 5445
5 340 691 2578 4930 7974
5 431 1033 3906 13960 13963
5 727 1509 3421 4444 6708
5 1034 2065 5304 6311 7649
5 295 452 1919 3077 4831
5 480 1034 3282 4663 5624
5 312 455 698 1028 2500
5 176 709 1004 1064 1698
5 300 455 899 1675 3525
5 673 3089 8763 13986 13989
5 304 455 673 687 899
5 310 530 1857 3336 4383
5 843 3273 12791 13412 14000
5 327 475 950 2161 3783
5 283 520 950 1664 2968
5 3189 9621 14019 14022 14025
5 752 2648 12802 14035 14038
5 371 1012 3151 3451 4522
5 292 336 675 897 1450
5 485 2903 11425 12242 14049
5 224 480 724 1033 1234
5 417 1146 3613 5907 6280
5 296 492 680 1035 1444
5 512 2507 5847 9722 14061
5 685 2821 5186 7962 10634
5 735 2671 10859 13157 14075
5 296 904 2053 4260 5097
5 319 460 675 1038 1663
5 14087 14099 14109 14112 14115
5 326 526 1023 1089 1650
5 814 2715 8204 9777 14125
5 530 1476 2590 3693 7635
5 960 2507 6003 9000 13201
5 492 1025 1447 1663 1798
5 2363 5515 14145 14148 14151
5 283 1152 3273 5319 9254
5 418 960 1506 2118 2532
5 947 1986 14169 14172 14175
5 312 530 1865 2587 3797
5 825 2369 8270 12202 14185
5 410 1092 1971 2682 3256
5 492 2070 8671 10392 14195
5 1552 4855 14203 14206 14209
5 397 2331 8179 13363 14219
5 3729 9943 13129 14229 14232
5 423 1064 1704 2522 3604
5 8251 14251 14261 14264 14267
5 614 1875 7005 9724 13330
5 14293 14305 14315 14318 14321
5 1114 3444 10580 14329 14332
5 2414 4827 12935 14342 14345
5 952 4069 11355 14353 14356
5 300 770 3719 8699 12435
5 1390 6443 14376 14379 14382
5 181 990 1784 2012 11147
5 231 1066 1624 3089 3695
5 2678 12295 14404 14407 14410
5 223 538 1230 1405 2115
5 300 894 1672 3341 4386
5 300 480 673 793 1237
5 842 2718 10203 14423 14426
5 157 891 1883 3089 3692
5 338 3350 12484 14432 14435
5 310 1234 3905 6579 8178
5 293 326 894 1450 2067
5 614 1204 3808 4447 8471
5 418 770 1375 1845 2371
5 368 1086 3869 5492 11423
5 327 673 1438 1461 2005
5 434 1189 2580 3952 6175
5 418 1403 4114 7036 9252
5 320 538 1449 1689 7293
5 1039 2641 5317 6466 11397
5 312 536 1023 1420 1447
5 511 1351 2718 3407 4690
5 3317 8979 14478 14481 14484
5 295 528 1454 1592 1919
5 285 462 1921 3451 5642
5 423 1090 2354 3010 3571
5 465 1180 3336 4700 6265
5 938 1341 2331 2815 4579
5 458 1766 4718 5303 6311
5 221 849 1503 1991 2308
5 492 1391 3296 3691 4920
5 512 1383 3173 4176 7116
5 988 2515 7491 8384 10979
5 221 1113 3265 4526 11102
2 4506 14538
5 399 963 2169 2641 3104
5 383 831 1504 2918 4963
5 219 531 980 1186 2795
5 442 1088 3604 3993 5115
5 683 1511 2768 3271 3801
5 221 1283 3207 4761 6926
0
5 522 1696 5315 11603 14553
5 894 1504 2837 3136 4167
5 293 346 963 2079 2506
5 845 2604 6897 8688 10519
5 2131 4755 13111 14568 14571
5 294 700 1177 1664 2420
5 406 699 1366 1769 2830
5 433 719 2010 3197 3667
5 452 973 1664 2328 2768
5 1431 4707 14589 14592 14595
5 294 452 675 793 1419
5 410 709 1503 2820 3988
5 292 540 1089 1391 1961
5 512 1455 5109 6183 14606
5 452 1028 3341 4386 5624
5 675 2262 8509 13806 14622
5 293 338 673 695 899
5 423 980 1755 2768 3296
5 491 1403 2718 4009 6888
5 1418 3692 9623 14636 14639
5 1235 6558 14652 14655 14658
5 343 525 3536 7188 9427
5 300 537 1592 1919 2003
5 424 1415 3296 4692 6640
5 304 462 782 899 1604
5 1034 2820 5426 8278 11109
5 2820 5301 14681 14684 14687
5 372 850 1965 2816 3576
5 480 1171 1857 3062 4112
5 247 1113 3265 3845 5330
5 908 1351 2345 3201 3579
5 177 1142 2621 3464 4555
5 1240 2434 3535 3955 5526
5 754 1409 3926 9027 11493
5 300 526 1600 2504 3251
5 312 478 1368 1604 4301
5 487 943 1397 1864 2331
5 316 1033 3281 4704 8404
5 356 699 1230 1407 1962
5 556 950 1883 3227 8098
5 848 1460 2879 4046 6887
5 219 727 1624 3271 3671
5 2601 5019 14741 14744 14747
5 322 538 1447 2068 3465
5 861 3396 12212 14760 14763
0
5 797 1905 4766 8220 10550
5 426 959 3108 4603 5411
5 287 338 538 673 683
5 354 537 1025 1240 1571
5 289 532 1095 1919 3180
0
5 531 1401 3072 3852 5353
5 526 2958 12437 14791 14794
5 480 1369 2440 2718 3571
5 290 484 1455 2052 3948
5 2609 6316 12668 14805 14808
5 2045 9097 14819 14822 14825
5 372 837 1802 1999 3291
5 746 2485 6214 9484 14836
5 1247 10747 14846 14849 14852
5 1879 3982 10865 11794 14448
5 845 1122 2758 3383 5050
5 3632 11090 14872 14875 14878
5 4866 14886 14896 14899 14902
5 724 2822 6374 9953 14911
5 943 1406 2770 3421 4167
5 322 673 1449 2068 3282
5 721 2725 14920 14923 14926
5 977 3808 14938 14941 14944
5 380 1420 4701 5863 8936
5 310 880 3279 6244 9295
0
5 418 1368 2552 2606 3376
5 304 458 1036 1237 1476
5 428 1391 2524 3090 3608
5 3380 6614 14256 14970 14973
5 456 957 2250 3433 4046
5 720 1342 2575 2774 3577
5 952 2515 9869 10078 13349
5 5746 14995 15005 15008 15011
5 897 3050 11706 14057 15021
5 1072 3843 8597 10338 13419
5 304 952 2524 3037 3181
5 327 675 1379 1845 2781
5 300 1089 4481 6611 15037
5 346 512 1177 1845 10434
5 1495 4104 7218 8716 10284
5 315 480 1235 1455 3518
5 423 1005 1094 2463 2504
5 4917 15059 15069 15072 15075
5 911 1988 8457 10927 12645
5 412 710 1500 2122 2766
5 1826 6439 13333 15090 15093
5 781 3253 13196 15103 15106
5 464 992 7346 14548 15116
5 950 1964 3393 4272 4568
5 397 685 1483 1961 2392
5 469 2068 6257 9664 10737
5 290 460 1921 2009 3151
5 911 1846 5875 8920 12935
3 2590 15145 15155
5 292 318 465 522 537
5 3036 7830 15160 15163 15166
5 701 2324 8311 14241 15175
5 2774 3870 7764 10688 15184
5 1360 3698 7613 10332 15192
5 414 1066 3810 5788 8477
5 220 455 1095 1503 2003
0
5 608 1963 4475 6582 11357
5 1191 4095 9439 9776 15210
5 338 640 2005 2964 3295
5 1082 4963 14792 15220 15223
5 1991 6785 8729 13330 15232
5 372 1034 2410 2819 4093
5 412 1107 4381 4610 6458
5 343 957 3156 3445 9281
5 228 533 1374 1790 3656
5 336 534 1037 1107 2966
5 349 538 1446 1672 3355
5 520 1374 2585 3090 5789
5 1728 3257 9931 13119 15255
5 346 540 1234 1919 3178
5 222 1387 2585 3951 4620
5 383 1234 5315 7031 9783
5 343 695 4482 15271 15274
5 2120 9117 15278 15281 15284
5 433 1495 2122 4032 6583
5 913 1404 2844 3603 4406
5 3126 9365 11831 15300 15303
5 327 1342 6476 15311 15314
5 953 6012 12828 15323 15326
5 1122 3566 6679 11568 12995
5 1402 2835 4375 5053 6140
5 480 942 1794 1850 2335
5 794 3274 11320 15342 15345
5 556 1649 3671 5307 7505
5 1387 2784 14157 15358 15361
5 673 950 1403 1459 1959
5 221 712 1367 1696 2517
5 1407 4285 8592 15370 15373
5 4785 15382 15392 15395 15398
5 1066 4401 8458 9782 10888
5 608 973 2337 4095 9111
5 432 894 1443 2504 4605
5 294 369 519 534 897
5 561 2160 3451 4522 7581
5 11471 15420 15430 15433 15436
5 3280 9224 15444 15447 15450
5 15461 15473 15483 15486 15489
5 295 527 3602 5492 7035
5 5074 13056 15506 15509 15512
5 419 3916 15521 15524 15527
5 305 460 695 1368 4600
5 294 455 695 1023 1447
5 419 2515 3949 4920 7505
5 412 1064 1704 1827 2661
5 614 2256 6057 8499 13754
5 365 1082 2086 2635 4602
0
5 2250 6042 12412 15551 15554
5 834 1170 4071 4711 8053
5 321 487 904 1587 2763
5 525 1510 4351 5135 6257
5 1109 2755 8190 13338 14040
5 748 1960 3465 6439 11453
5 684 1088 2227 2830 4813
5 327 640 1420 2068 3180
5 1172 1844 2601 2947 4826
1 15588
5 1174 2588 5424 8071 8263
5 204 709 2586 3869 4360
5 615 2604 6617 8973 11908
5 542 2047 11198 13982 15599
5 880 2331 3407 5253 6535
5 2553 8257 11224 11237 12049
5 1089 3792 7507 8388 9498
5 296 458 673 880 1033
5 940 1696 4576 5097 8230
5 3630 11928 15628 15631 15634
5 343 674 5030 5822 14138
0
5 511 1959 3643 7481 10220
5 513 984 1522 3867 6805
5 1819 13357 15663 15666 15669
5 300 460 1023 1970 3637
5 612 2124 6765 9476 12297
5 325 848 1604 2227 3010
5 304 496 952 1095 1675
5 327 793 3180 7651 10637
5 371 640 1038 1805 5030
5 2164 5749 15699 15702 15705
5 312 455 534 1034 1857
5 447 1962 3951 9028 10863
0
5 1039 2724 7880 10845 15719
5 992 2344 3836 3846 9630
5 369 673 1419 1919 2079
5 10977 12704 15739 15742 15745
5 223 703 1234 1506 2594
5 3716 11671 15760 15763 15766
5 311 493 680 788 1441
5 950 4818 15775 15778 15781
5 812 2504 3825 4517 8058
5 228 701 1403 1864 2332
5 418 1031 1766 3451 3672
5 193 418 1080 1613 2122
5 685 1921 5800 6624 8848
5 505 908 1495 2480 4032
5 343 673 1036 1444 2065
5 2513 7509 12986 15807 15810
5 431 980 2618 4363 5665
5 288 338 1043 1919 2439
5 729 1748 3700 4674 5537
5 1393 3195 6484 7967 15132
5 2351 9691 15829 15832 15835
5 282 346 479 680 897
5 520 1237 3654 5421 6072
5 223 700 1367 1509 1959
5 221 1052 1501 1883 4803
5 293 462 3293 6420 15852
5 1392 5853 15854 15857 15860
5 2671 7310 15872 15875 15878
5 1107 3221 4301 5315 6458
5 785 5650 15891 15894 15897
5 466 708 1368 1857 2331
5 231 894 4011 6057 11213
5 448 1089 3280 6104 7485
5 3613 11218 15917 15920 15923
5 288 319 462 532 695
5 530 1035 1663 1959 2420
1 904
5 326 894 4612 5649 12676
5 326 538 1391 1455 2523
5 527 1237 2332 2918 4371
5 310 1107 4003 5665 8654
5 709 2118 6324 7674 10841
5 1072 3465 11933 15954 15957
5 247 1366 8120 15965 15968
5 449 3058 8758 10368 12802
5 293 346 539 685 894
5 300 458 680 894 1081
5 4100 10117 15983 15986 15989
5 372 973 4663 6392 8518
5 848 2106 4032 4524 6988
5 525 1176 2366 3202 3296
5 460 909 1973 3178 3693
5 2457 9897 16009 16012 16015
5 289 323 668 1081 1400
5 310 455 695 899 1038
5 327 923 1663 1919 3061
5 418 703 1506 2413 4447
5 216 596 1039 1089 1391
5 320 1028 2008 2380 6185
5 686 2781 16028 16031 16034
5 286 1370 2801 3037 3912
5 677 1959 6467 7573 7580
5 223 880 2068 3037 3423
5 1349 2448 5563 6898 11659
5 1138 3812 9115 13166 16054
5 1290 6730 16062 16065 16068
5 534 1197 2351 3210 5299
5 292 683 1366 2262 3181
5 473 1067 2560 2833 3955
5 380 727 1407 2040 2781
5 16090 16102 16112 16115 16118
5 8441 13758 16134 16137 16140
5 312 902 3454 3526 4600
5 455 784 2781 4704 16151
5 908 3053 10340 15112 16154
5 1133 1943 5907 9027 10674
5 16172 16184 16194 16197 16200
5 534 1968 4032 5920 10247
5 371 789 2506 3295 4464
5 2552 4109 6691 9539 11038
5 914 1360 2332 2767 3433
3 4444 16233 16243
5 944 1360 3439 5563 8490
5 3317 8716 13077 16252 16255
5 1039 5591 15679 16265 16268
5 338 675 1419 1449 2005
5 2875 11635 16282 16285 16288
5 1261 4690 10647 11466 16297
5 490 1237 3271 8154 9810
5 6968 16317 16327 16330 16333
2 1338 5036
5 293 1418 3466 9500 10983
5 312 528 2439 3452 7985
5 493 1237 5021 6472 8925
5 311 453 894 957 1238
5 2648 5758 12500 16260 16366
5 444 1845 3663 4352 10325
5 527 1696 4695 6919 10695
5 506 1403 3201 3864 5720
5 310 673 1237 1759 2005
5 283 880 2168 3077 4865
5 16394 16406 16416 16419 16422
5 1495 5291 10639 11583 13330
5 1708 6034 16438 16441 16444
5 1107 3864 13786 16454 16457
5 709 2718 15405 16467 16470
5 1360 2767 4167 4576 5719
5 2711 8516 16478 16481 16484
5 2804 16493 16503 16506 16509
5 534 2250 4522 8114 9912
0
5 296 459 1028 1919 7985
5 295 449 899 1920 2076
5 770 1385 4813 5628 8267
5 700 1440 3064 4046 7186
5 319 673 963 1682 6314
5 286 490 697 894 1136
5 843 1080 3865 5138 8455
5 1910 3453 9352 10609 16533
5 304 892 1455 1835 2079
5 1166 7248 15270 16542 16545
5 609 2392 6281 9703 15098
5 294 536 2065 3180 3671
5 3243 16560 16570 16573 16576
5 282 360 950 1466 2331
5 300 492 1444 1865 2506
5 542 1381 3465 4602 5031
5 609 1757 5421 8501 11085
5 5553 10559 16598 16601 16604
5 1416 4112 10533 13082 16613
5 685 10370 16626 16629 16632
5 452 1921 5863 11004 16640
5 469 2837 10838 12591 15028
5 710 2256 4632 5307 7028
5 406 973 1349 1665 2349
5 538 1191 2823 4240 7682
5 401 1391 4032 5292 11775
5 859 1397 5662 7382 11718
5 412 770 2939 3746 6673
5 1089 2830 6278 7595 9691
5 1066 3263 9943 11583 12903
5 976 2309 7468 12793 16678
5 908 1504 2429 3252 3912
5 12349 16695 16705 16708 16711
5 685 2647 5825 7172 12872
5 1630 5737 14862 16726 16729
5 2100 9955 16739 16742 16745
5 700 1191 2718 2939 7481
5 702 1767 8510 14539 16757
5 556 1039 3347 4713 6330
5 1081 3304 7831 16767 16770
4 14547 16788 16798 16801
5 1177 5200 10033 12335 15251
5 1063 3244 16811 16814 16817
5 909 1769 4008 5039 16825
5 294 946 2036 3429 4460
5 292 850 1122 1368 1999
5 674 1675 4176 8950 13196
5 422 1511 5317 7038 14512
5 397 612 1109 1999 3668
5 1961 4270 8077 11691 16846
5 708 1757 4708 5319 6583
5 311 485 1234 1851 2958
5 600 3058 13487 16859 16862
5 868 3449 6355 6594 8857
5 521 2427 3537 3672 5145
5 481 1194 3663 6316 12602
5 327 673 1036 1234 1689
5 321 899 3061 3285 4592
5 2256 7507 14418 16887 16890
5 294 522 1112 1685 2606
5 606 1971 4009 6583 7516
5 286 343 1835 2007 4472
5 372 714 1630 1857 3077
5 845 1360 2771 2955 4258
5 1607 2901 8303 10267 12436
5 5108 11219 16918 16921 16924
5 1217 2647 5224 6929 12398
5 285 372 708 992 1095
5 418 1340 3043 3425 6155
5 1954 10228 16942 16945 16948
5 2285 6816 12968 14786 16957
5 418 1112 1761 3829 7349
5 911 1799 2839 3436 4096
5 294 528 1089 1455 2504
5 548 1502 7042 11340 16973
5 1369 3997 10042 10909 13761
5 426 1696 4410 5481 10713
5 308 539 1477 1975 5424
5 834 1330 2047 2830 4053
5 909 1355 2644 2777 3073
5 593 2328 3633 5056 6988
5 460 894 3829 4707 8924
5 14898 17008 17018 17021 17024
5 1944 3195 13640 17032 17035
5 1201 2808 9439 10267 16260
5 430 1869 3183 3566 3668
5 1623 4600 16719 17052 17055
5 426 1094 3256 4700 5801
5 495 2656 5573 7566 11018
5 1439 9667 17074 17077 17080
5 556 1391 3421 4035 4526
5 312 673 2820 3336 4178
5 498 1209 3177 3825 5482
5 695 2907 17093 17096 17099
5 776 969 1663 2364 3580
5 1691 5078 12485 16802 17112
5 312 1461 4963 6122 6400
5 9548 17128 17138 17141 17144
5 2143 9439 17156 17159 17162
5 909 2458 8895 9219 11569
5 372 915 1493 1506 2108
5 420 894 1624 2262 2594
5 222 703 1759 2580 3341
5 600 1815 3805 4522 17174
5 292 1081 1786 3026 4360
5 505 992 2511 2918 3243
5 815 1403 2946 3633 4514
5 4320 17191 17201 17204 17207
5 960 3180 5370 7172 15642
5 305 459 788 882 1444
5 1509 4393 8954 10873 13599
5 414 683 1503 1805 2068
5 300 458 685 898 1441
5 512 1895 3783 4355 5881
5 424 788 1681 5850 13959
5 231 1142 5765 6102 8899
5 908 4496 17248 17251 17254
5 460 1461 5561 15696 17264
5 1389 2671 8021 10371 15879
5 510 1122 3166 5319 9265
5 691 4148 12262 13659 17284
5 304 698 2526 3360 4704
5 325 849 2119 2383 3090
5 300 684 1623 2504 3367
5 294 854 1746 2262 3037
5 3627 12152 17297 17300 17303
5 2404 6855 17311 17314 17317
5 290 326 891 1028 1592
5 300 522 748 1234 1389
5 492 1089 3672 3998 7005
5 419 676 1461 3090 4925
5 482 1177 3064 4178 5021
5 801 1651 3031 3783 4095
5 1178 3566 6066 6624 8258
5 567 1624 5765 6088 12958
5 1777 3764 13296 16209 17338
5 511 1100 2023 3164 4963
5 597 1694 3376 5115 11490
5 5330 10127 17359 17362 17365
5 1122 3243 10227 11213 17375
5 989 2841 5243 8592 11242
5 832 1330 4052 4235 6155
5 346 693 1449 2005 2077
5 481 1903 8911 15422 17393
5 1105 4707 11715 14908 16072
5 530 1369 3429 3677 4105
5 336 1067 2809 3785 4225
5 311 460 1023 1043 1592
5 945 2946 7758 9826 15030
5 319 899 3520 4659 6287
5 534 1482 3567 5315 6258
5 491 821 2185 3998 12662
5 368 526 1438 2076 2920
5 1291 4071 9722 14709 17432
5 3926 10362 17446 17449 17452
5 635 2914 7819 8097 10352
5 480 1036 3054 3677 6072
5 492 1082 1848 2575 3659
5 295 783 2380 3461 4593
5 380 1189 3525 7293 13415
5 196 593 1112 1235 1704
5 372 1672 3668 4917 5620
5 492 909 1360 1403 1794
5 699 2357 8501 12861 15298
5 460 1096 2960 3527 5144
5 988 1827 6012 7314 17491
5 603 1600 4364 7868 8510
5 950 2507 13166 17503 17506
5 418 1504 4368 6583 8507
0
5 1066 2801 6091 11420 13994
5 293 372 906 1033 1443
5 294 548 2766 3277 4921
5 1222 8291 13265 17393 17528
5 4260 14075 17537 17540 17543
5 421 1415 3086 3222 5112
5 1235 2767 4167 5049 7926
5 673 3061 9167 13457 17554
5 11288 17570 17580 17583 17586
5 231 1066 3663 3975 6062
5 217 608 1501 2562 3816
5 3919 13262 17600 17603 17606
5 2745 8129 8332 10573 13404
