7 63 69 70 71 74 77 88
7 113 119 120 121 124 127 138
7 156 162 163 164 167 170 181
7 201 207 208 209 212 215 226
7 250 256 257 258 261 264 275
7 296 302 303 304 307 310 321
7 329 335 336 337 340 343 354
7 378 384 385 386 389 392 403
7 417 423 424 425 428 431 442
7 343 454 455 456 459 462 473
7 485 491 492 493 496 499 510
7 343 517 518 519 522 525 536
7 561 567 568 569 572 575 586
7 596 602 603 604 607 610 621
7 641 647 648 649 652 655 666
7 492 673 674 675 678 681 692
7 702 708 709 710 713 716 727
7 745 751 752 753 756 759 770
7 455 529 537 654 675 777 788
7 810 816 817 818 821 824 835
7 844 850 851 852 855 858 869
7 310 683 684 703 876 879 890
7 308 343 344 346 453 470 901
7 920 926 927 928 931 934 945
7 908 957 958 959 962 965 976
7 991 997 998 999 1002 1005 1016
7 466 528 531 537 681 899 1031
7 349 475 492 515 673 784 1044
7 963 1054 1055 1056 1059 1062 1073
7 422 593 614 799 866 1082 1093
7 1105 1111 1112 1113 1116 1119 1130
7 424 842 950 1100 1139 1142 1153
0
7 796 1037 1038 1082 1172 1175 1186
7 1198 1204 1205 1206 1209 1212 1223
7 338 492 505 527 673 695 1235
7 1251 1257 1258 1259 1262 1265 1276
7 1296 1302 1303 1304 1307 1310 1321
7 1334 1340 1341 1342 1345 1348 1359
7 371 532 683 953 1043 1367 1378
7 272 469 480 597 898 1090 1395
7 701 908 909 948 1110 1360 1412
7 460 781 783 786 1420 1423 1434
7 327 458 460 469 536 675 1442
7 327 459 460 463 517 674 1447
7 334 673 695 727 942 1412 1465
7 1097 1474 1475 1476 1479 1482 1493
7 505 712 727 748 960 1081 1505
7 950 1255 1265 1328 1349 1360 1521
7 1530 1536 1537 1538 1541 1544 1555
7 346 485 492 519 539 1562 1573
7 372 695 784 789 902 1368 1589
7 1601 1607 1608 1609 1612 1615 1626
7 1110 1635 1636 1637 1640 1643 1654
7 475 880 1025 1032 1171 1181 1666
7 674 883 899 1089 1449 1673 1684
7 593 1095 1105 1109 1201 1525 1701
7 1714 1720 1721 1722 1725 1728 1739
7 1235 1749 1750 1751 1754 1757 1768
7 228 952 1063 1088 1375 1776 1787
7 845 914 919 943 1110 1391 1802
7 1811 1817 1818 1819 1822 1825 1836
7 898 1843 1844 1845 1848 1851 1862
7 1005 1827 1869 1870 1873 1876 1887
7 302 322 323 324 360 462 1921
7 1631 1933 1934 1935 1938 1941 1952
7 748 1095 1146 1367 1417 1959 1970
7 1330 1977 1978 1979 1982 1985 1996
7 292 304 314 322 334 460 2004
7 986 1288 1493 1695 1782 2011 2022
7 2033 2039 2040 2041 2044 2047 2058
7 338 460 469 475 532 640 1447
7 2074 2080 2081 2082 2085 2088 2099
7 953 1503 1506 1508 2107 2110 2121
7 2128 2134 2135 2136 2139 2142 2153
7 319 462 492 536 777 894 2163
7 2170 2176 2177 2178 2181 2184 2195
7 2216 2222 2223 2224 2227 2230 2241
7 2251 2257 2258 2259 2262 2265 2276
7 2294 2300 2301 2302 2305 2308 2319
7 950 1239 1240 1265 1349 1403 2332
7 953 1663 1778 2339 2342 2345 2356
7 804 821 830 832 1187 1548 2368
7 326 459 460 470 529 779 2376
7 1929 2385 2386 2387 2390 2393 2404
7 480 687 695 698 1026 1174 2414
7 2423 2429 2430 2431 2434 2437 2448
7 2011 2456 2457 2458 2461 2464 2475
7 675 1680 1994 2071 2483 2486 2497
7 434 849 850 1080 1098 1942 2516
7 315 460 480 492 536 675 2524
7 505 1067 1455 1547 2531 2534 2545
7 1081 2252 2258 2414 2554 2557 2568
7 300 343 372 455 519 695 2005
7 412 697 703 748 1066 1370 2562
7 532 850 854 1113 1375 1630 2590
7 675 821 973 1032 1113 1179 2597
7 973 1872 1880 1892 2429 2606 2617
7 383 868 950 954 1064 1112 2625
7 699 1035 1036 1110 1240 1506 2640
7 2159 2651 2652 2653 2656 2659 2670
7 2682 2688 2689 2690 2693 2696 2707
7 948 1344 1351 1360 1780 2364 2722
7 2634 2734 2735 2736 2739 2742 2753
7 1403 1973 2328 2331 2348 2760 2771
7 371 518 673 1894 2074 2079 2783
7 1090 2365 2444 2585 2792 2795 2806
0
7 928 1104 1207 1240 1341 2814 2825
7 729 1090 1240 1351 1403 1794 2835
7 2851 2857 2858 2859 2862 2865 2876
7 2237 2887 2888 2889 2892 2895 2906
7 262 724 896 985 990 995 2913
7 1341 1903 1912 2047 2921 2924 2935
7 914 1103 1104 1125 1979 2355 2950
7 336 455 469 480 542 695 1919
7 371 536 635 640 793 1033 2964
7 2973 2979 2980 2981 2984 2987 2998
7 1381 2552 2562 2585 2804 3007 3018
7 480 721 945 1035 1090 1704 3030
7 722 1230 1233 1240 1407 2766 3047
7 327 480 492 531 668 894 3055
7 1237 2047 2328 2331 2364 2774 3071
7 1407 2619 3078 3079 3082 3085 3096
7 319 383 417 455 517 542 1454
7 292 338 343 356 455 519 1454
7 3119 3125 3126 3127 3130 3133 3144
7 319 458 460 492 525 537 1449
7 334 492 517 522 538 675 1450
7 460 695 781 906 1023 1442 3156
7 512 921 961 963 1066 1705 3172
7 304 322 323 327 343 449 904
7 300 708 748 904 1126 1389 3180
7 698 944 946 969 1171 1641 3204
7 418 616 1081 1088 1624 2518 3220
7 865 1066 1101 1113 1360 1717 3232
7 1495 3181 3239 3240 3243 3246 3257
7 966 1403 1405 1418 2036 2332 3269
7 308 327 343 449 469 638 2205
7 310 424 450 460 668 698 2957
7 312 343 380 455 492 539 2779
7 312 343 372 492 531 536 3290
7 3298 3304 3305 3306 3309 3312 3323
7 492 681 691 957 1032 1107 3331
7 300 327 334 338 449 522 2169
7 1672 2963 2966 2968 3339 3342 3353
7 452 527 534 674 788 1039 3361
7 1085 1991 2355 2359 2942 3370 3381
7 706 943 944 946 1105 1330 3177
7 1869 3394 3395 3396 3399 3402 3413
7 349 532 598 729 1368 1678 3426
7 1351 1630 1694 1798 2327 2762 3439
7 673 1073 1441 1449 2087 3284 3456
7 286 304 310 326 461 542 1592
7 2354 3492 3493 3494 3497 3500 3511
7 463 921 1025 1100 1772 2506 3524
7 2453 3536 3537 3538 3541 3544 3555
7 911 1165 1366 1369 1866 2191 3567
7 468 850 1240 1780 1970 2575 3600
7 1938 1975 2264 2383 2562 3613 3624
7 914 1272 1360 1512 1959 2354 3647
7 492 807 1170 1186 1503 1623 3010
7 520 960 1005 1035 1197 1391 3296
7 435 708 720 848 950 1403 3665
7 1034 1634 1857 2036 2427 2814 3677
7 2036 2434 2436 2438 2442 3531 3684
7 606 1210 1233 1367 1869 2564 3678
7 845 950 1101 1104 1360 1409 3697
7 1417 1979 2355 2604 2944 3317 3711
7 351 458 460 469 492 518 2417
7 3008 3725 3726 3727 3730 3733 3744
7 1788 3752 3753 3754 3757 3760 3771
7 3026 3782 3783 3784 3787 3790 3801
7 505 1074 1076 1089 1375 2511 3814
7 417 921 952 1088 1100 1234 3823
7 1005 2504 2917 3334 3830 3833 3844
7 458 517 519 674 687 957 3851
7 843 1004 1053 1405 1815 2589 3860
0
7 493 701 799 842 969 1107 2826
7 3878 3884 3885 3886 3889 3892 3903
7 1289 1704 1778 1782 2723 3027 3914
5 3934 3940 3941 3942 3945
7 1095 2686 2798 2903 3947 3950 3961
7 1121 1742 1778 1802 3026 3222 3975
7 850 1233 1391 1403 1501 2837 3990
7 419 532 593 677 727 956 2617
7 837 1265 1531 1532 1849 2556 4019
7 711 976 983 989 1388 1696 4043
7 919 1999 2054 3177 3825 4052 4063
7 933 1240 1251 1267 1916 2327 4075
7 1179 2188 2194 2328 2601 3851 4092
7 4109 4115 4116 4117 4120 4123 4134
7 806 2139 2368 2800 3325 4089 4151
7 848 1094 1098 1503 1778 2143 4161
7 676 1025 1091 1176 1477 2420 4174
7 1360 4181 4182 4183 4186 4189 4200
7 314 327 336 343 450 492 2065
7 510 1053 1063 1066 1664 1782 4219
7 232 600 960 1039 1063 1295 4228
7 1365 2955 4235 4236 4239 4242 4253
7 701 837 841 859 1090 1240 3012
7 455 595 640 695 880 950 3276
7 3390 4271 4272 4273 4276 4279 4290
7 1234 1440 1704 1877 3089 3465 4304
7 2604 4313 4314 4315 4318 4321 4332
7 1052 1179 1401 1403 1407 1641 4082
7 957 1369 1845 1848 2191 2819 4349
7 492 973 1107 1510 2262 3010 4364
7 336 522 668 673 899 1368 3795
7 606 976 977 984 995 1010 3099
7 1513 2047 2154 2724 2950 3945 4411
7 343 517 528 536 540 680 1664
7 338 403 455 460 538 695 2377
7 3421 4428 4429 4430 4433 4436 4447
7 338 821 849 904 1265 1592 3643
7 327 372 388 450 460 695 3293
7 325 455 460 462 529 638 2970
7 300 312 314 326 459 538 4474
7 492 681 700 708 1034 1444 4482
7 1631 2678 2696 2899 4489 4492 4503
7 944 1207 1333 1349 1977 2949 4515
7 295 338 462 469 673 1046 3151
7 430 593 603 608 842 1080 3444
7 4541 4547 4548 4549 4552 4555 4566
7 449 480 492 496 695 1035 4158
7 923 1267 1403 1794 2335 2357 4576
7 304 338 343 450 460 777 4593
7 289 419 479 526 542 897 3251
7 300 492 508 527 677 710 4207
7 3673 4629 4630 4631 4634 4637 4648
7 449 526 535 537 680 899 4655
7 674 807 959 1011 1175 1844 4178
7 1403 2136 2360 2604 3397 3636 4674
7 1536 3317 3669 4080 4374 4682 4693
7 455 529 542 673 681 906 4524
7 304 417 433 492 683 781 3429
7 4710 4716 4717 4718 4721 4724 4735
7 1780 2141 2143 2149 2159 2648 4749
7 296 327 343 346 460 702 4708
7 1283 1289 1290 1293 1303 1314 4761
7 346 532 674 675 784 904 4770
7 2727 4160 4777 4778 4781 4784 4795
7 1691 2167 2431 3276 4802 4805 4816
7 1543 2188 2598 2903 3926 4403 4832
7 3692 4587 4839 4840 4843 4846 4857
7 868 1005 1072 1470 2016 2168 4866
7 378 868 992 1000 1067 2161 4877
7 807 968 1035 1091 1136 1351 3645
7 532 896 953 960 1368 1375 3236
7 372 458 460 492 542 677 1919
7 1799 2761 2764 2767 2953 3890 4900
7 397 942 950 959 1455 2016 4909
0
7 327 517 522 537 695 904 4472
7 821 1844 1859 2199 2936 3736 4953
7 1900 2331 3230 3287 4960 4963 4974
7 527 989 990 992 1010 1063 3692
7 419 1123 1268 1288 1623 1959 4993
7 371 469 475 492 673 942 4600
7 2371 4711 4712 4720 5007 5010 5021
7 520 698 703 748 1234 1389 5029
7 1334 2327 2328 2538 2814 3434 5045
7 901 1116 1122 1240 1360 1403 4672
7 3112 4753 5057 5058 5061 5064 5075
7 1406 2560 2574 2774 3047 4884 5092
7 701 957 970 973 1349 1504 5102
7 311 327 338 343 449 462 1441
7 911 1391 1397 1403 1807 5113 5124
7 406 475 480 492 532 685 1391
7 1070 1470 1495 1677 2511 3244 5137
7 3553 5147 5148 5149 5152 5155 5166
7 854 1160 1360 1402 1417 2460 5175
7 1342 2463 4301 4352 5182 5185 5196
7 5211 5217 5218 5219 5222 5225 5236
7 950 1343 1349 1351 1360 1504 2818
7 5256 5262 5263 5264 5267 5270 5281
7 849 1415 1495 1723 3037 3432 5296
7 1381 2161 2169 2571 3180 4167 5312
7 424 894 1039 1081 1600 1766 5321
7 923 1329 1341 1359 1801 2640 5329
7 517 699 700 729 889 973 2169
7 518 698 921 1023 1105 1661 5340
7 703 1197 1265 1360 1406 1504 3716
7 481 1066 1074 1370 1704 2390 5353
7 323 380 455 458 478 537 1435
7 480 868 871 969 1046 1066 5362
7 5371 5377 5378 5379 5382 5385 5396
7 828 937 942 943 1101 1341 2814
7 455 525 537 542 1028 1442 5408
7 1235 3099 3354 3666 5416 5419 5430
7 2082 2788 3173 3287 4964 4973 5447
7 927 1338 1352 1357 2767 3207 5457
7 492 1043 1240 1438 2337 2966 5466
7 294 371 418 469 519 528 1370
7 1861 2718 2815 2826 3653 5473 5484
7 865 1240 1360 1403 1795 2328 5495
7 354 534 540 541 889 1031 4105
7 3021 4262 4687 4711 5184 5508 5519
7 1235 2463 3037 3248 3561 5145 5536
7 1349 1794 1903 1905 2328 2364 5544
7 521 898 1028 1033 1446 3016 5554
7 1117 1360 1363 1403 2327 2818 5566
7 2013 5458 5573 5574 5577 5580 5591
7 323 451 463 466 519 537 3153
7 525 1050 1234 1367 1919 2115 5365
7 894 1100 1237 1391 2383 3173 5613
7 290 325 346 419 528 691 2524
7 458 675 680 686 700 1031 2781
7 684 1432 1547 2010 2961 3367 5633
7 311 683 691 698 880 1450 4481
7 318 449 453 460 673 1466 5650
7 859 1197 1207 1230 1503 1536 4134
7 317 475 480 512 668 698 3798
7 1035 2178 2431 2661 2815 5666 5677
7 2326 4684 5038 5564 5686 5689 5700
7 748 1794 1799 2328 2903 3390 5712
7 302 323 326 327 380 492 894
7 327 512 519 528 695 898 5719
7 5732 5738 5739 5740 5743 5746 5757
7 426 842 850 894 1066 1146 5719
7 1351 1801 1864 1959 2331 2833 5771
6 5780 5786 5787 5788 5791 5794
7 748 1394 1401 1503 2122 2562 5802
7 418 506 533 536 850 1039 2507
7 1095 1446 1605 1636 1858 2823 5815
7 492 695 899 1031 1383 2068 5828
7 2185 2566 2567 2573 3498 4303 5841
7 317 344 346 449 460 695 2506
7 538 1025 1029 1036 1174 2106 5406
7 492 538 673 674 695 957 3181
7 372 492 522 536 680 1028 5861
7 371 469 519 522 649 1604 5874
7 455 531 538 542 683 957 2005
7 2411 5837 5838 5839 5884 5887 5898
7 960 1391 1736 1874 1975 3465 5910
7 1387 1696 1781 1826 2585 3963 5924
7 1874 2918 4042 4810 5134 5933 5944
7 5962 5968 5969 5970 5973 5976 5987
7 299 316 327 334 343 505 1442
7 673 1081 1124 1190 1240 1536 4724
7 911 1177 1511 1537 1663 2191 6004
7 712 1770 1892 2250 3183 3671 6017
7 6025 6031 6032 6033 6036 6039 6050
7 1090 1409 1700 1949 2656 3257 6059
7 805 1172 1184 1197 1973 3033 6070
7 2518 3814 4159 4300 5765 6079 6090
7 952 1945 2124 2392 2580 3037 6099
7 480 609 847 889 1088 1235 4021
7 1779 2765 2767 3029 3757 3912 6115
7 957 1864 1865 1916 2641 2831 6124
0
7 323 673 680 690 904 1438 2587
7 1787 5243 5381 6136 6139 6142 6153
7 934 1330 1333 1340 1403 1634 4303
7 556 729 942 950 1033 1240 2538
7 314 346 450 459 517 899 6178
7 2678 5927 6188 6189 6192 6195 6206
7 356 540 674 687 781 963 3167
7 310 338 371 380 460 492 1034
7 1864 6215 6216 6217 6220 6223 6234
7 898 2068 2205 2211 4773 5664 6251
7 1696 2818 2924 3388 4449 5682 6265
7 325 449 455 458 517 673 2006
7 1843 3757 4150 4153 6289 6292 6303
7 327 406 453 458 673 883 3050
7 729 1091 1176 1188 1369 1455 6317
7 3670 5000 5107 5321 6325 6328 6339
7 945 1265 1272 1351 1538 2364 6348
7 1786 3961 5127 6355 6358 6361 6372
7 540 1053 1095 1240 1704 3164 6379
7 232 593 597 703 973 1086 1759
7 320 399 450 455 475 680 1681
7 327 517 522 525 675 698 3167
7 923 1180 1397 1504 1798 2967 6391
7 908 973 1240 1265 1349 1360 2331
7 492 698 1026 1028 1367 3282 6404
7 1342 3058 3336 4071 4710 4714 6413
7 311 344 460 472 521 904 6420
7 1979 2604 2634 2942 3368 3712 6431
7 1396 2028 2255 3138 3633 3951 6441
0
7 462 538 541 593 904 1240 3640
7 4180 6410 6451 6452 6455 6458 6469
7 2226 2904 3195 3320 6245 6478 6489
7 536 894 1038 1235 1752 1759 6496
7 298 325 338 371 519 635 1604
7 327 458 460 492 536 640 1443
7 323 492 517 519 528 640 963
7 5593 6509 6510 6511 6514 6517 6528
7 293 317 327 343 455 695 1921
7 894 1929 1932 1943 2387 2873 6540
7 321 525 538 638 904 1386 6547
7 3844 6555 6556 6557 6560 6563 6574
7 296 320 321 323 354 460 904
7 859 995 1004 1081 1882 2550 6595
7 834 957 1095 1110 1340 1696 6603
7 319 354 372 380 460 492 957
7 738 1374 1409 1414 1727 1815 6613
7 1149 1849 1926 2554 3678 4178 6624
7 985 1005 1008 1010 1067 2511 6597
7 709 1113 1153 1786 1881 2542 6640
7 433 608 699 701 908 943 1845
7 1082 1663 1664 1857 2815 3077 6122
7 3207 6652 6653 6654 6657 6660 6671
7 1872 3317 3327 3410 3911 5033 6685
7 1188 2827 2830 3007 3653 4788 6699
7 845 960 1080 1113 1375 1643 5113
7 492 906 2087 2626 3520 5343 6718
7 1290 2918 3501 3692 4766 6112 6733
7 2895 2911 6477 6478 6740 6743 6754
7 748 1929 1934 1942 2270 2553 6679
7 842 1142 1385 1389 1864 2903 6771
7 1050 4132 6382 6588 6779 6782 6793
7 1630 2297 2302 2308 2766 5719 6810
7 6817 6823 6824 6825 6828 6831 6842
7 435 865 891 992 1063 1100 3809
7 4932 6860 6861 6862 6865 6868 6879
7 952 1357 1360 1363 1522 2328 6132
7 1363 1718 1983 1988 3381 3864 6902
7 343 460 464 469 520 673 1440
7 989 1018 1072 1404 1677 2532 6912
7 430 556 700 854 960 1081 6919
7 2011 3252 3394 3406 4765 9897 17624
7 506 855 1053 1109 1197 1877 5078
7 2964 3355 4377 4378 4388 4912 6937
7 1108 2328 2331 2463 3825 6155 6953
7 327 487 492 498 511 538 1237
7 1351 1801 2128 2157 2634 2815 6960
7 977 1121 1137 1385 1727 2121 6969
7 984 2003 2052 2262 2880 5325 6984
7 901 2400 2409 2463 2609 4003 6998
7 1791 3273 4810 4812 6265 7007 7018
7 1092 2119 2519 2567 2795 3691 7032
7 227 505 527 703 960 1142 2390
7 460 635 673 674 906 1025 5337
7 7059 7065 7066 7067 7070 7073 7084
7 1753 2053 2161 2250 2918 4808 7099
7 720 894 908 946 1100 1134 5643
7 300 327 336 338 460 520 950
7 604 848 854 859 1121 1245 4444
7 327 469 480 492 537 680 2070
7 1496 3251 4925 5432 7120 7123 7134
7 1392 4958 7141 7142 7145 7148 7159
7 527 1142 1230 1366 1461 1508 3567
7 426 683 848 960 1097 1370 4955
7 296 323 325 327 372 469 1089
7 2617 4134 4291 4683 4712 4724 7181
7 300 325 326 327 452 460 904
7 995 1010 1018 1064 1881 1888 7189
7 526 684 697 698 889 992 2504
7 492 1095 1097 1117 1237 1391 3166
7 1095 2178 2661 2718 2798 3037 7211
7 1265 2458 2478 2522 3410 5923 7227
5 296 469 517 522 2167
7 492 1234 1235 1237 1450 2161 7241
7 710 1039 1081 1109 1403 1503 3363
7 703 973 1231 1342 1403 1630 6904
7 480 748 894 921 1032 1391 7256
7 945 1328 1342 1349 1360 1514 3574
7 1892 2607 2612 3092 5857 7171 7278
6 942 3576 5361 5364 7287 7290
7 492 674 675 680 897 1581 4603
7 327 695 777 781 894 2065 6559
7 516 950 1060 1074 1105 1286 7298
7 327 469 492 520 536 674 1604
7 286 296 300 304 311 324 898
7 834 927 992 1025 1095 1349 3090
7 7311 7317 7318 7319 7322 7325 7336
7 315 372 455 517 675 963 3151
7 294 343 346 372 537 789 2007
7 312 470 473 519 683 793 2115
7 481 675 680 681 784 1031 3037
7 1066 1488 1722 1968 3376 5929 7358
7 7366 7372 7373 7374 7377 7380 7391
7 7414 7420 7421 7422 7425 7428 7439
7 556 799 821 921 1171 1663 7448
6 4878 7457 7458 7459 7462 7465
7 608 850 854 855 955 1122 2522
7 801 1136 1170 1330 1845 2351 7476
7 1039 1503 1600 1624 2507 2803 7490
7 460 668 675 680 894 1454 7235
7 1381 2512 2607 2619 4003 6170 7512
7 712 963 977 1025 1185 1663 4986
7 2262 3138 3620 3956 6770 7526 7537
7 455 525 537 673 781 793 5624
7 935 1335 1349 1397 1794 1999 7549
7 1397 1903 2715 2815 3330 4211 7558
7 681 1177 1189 1191 1857 2820 4727
7 1874 2795 2835 2879 4399 7574 7585
7 969 1173 1175 1176 1184 1240 2939
7 834 1035 1037 1101 1187 1403 3598
7 537 691 698 887 1025 1443 4600
7 4040 5776 5777 6047 6895 7609 7620
7 2514 5065 5290 6092 7296 7629 7640
7 319 455 458 460 518 537 1449
7 1039 1184 1189 1192 1661 2411 5833
7 2380 4169 5662 6380 7653 7656 7667
7 294 323 324 325 399 469 1442
7 538 1232 1238 1240 1547 2052 4740
7 453 673 677 695 793 1405 2504
7 492 781 793 851 1025 1419 3104
7 327 462 469 525 673 695 1919
7 282 480 485 487 712 1052 5409
7 1004 1204 1685 1698 1886 3222 5788
7 854 1363 1402 1403 1630 1797 5053
0
7 227 447 505 531 927 1081 1991
7 1727 3693 3699 3741 4127 5825 7708
7 402 491 492 512 674 1170 3074
7 1122 1991 2136 2454 2634 2943 7717
7 908 1193 1360 1403 1501 1961 7251
7 1249 2741 2950 3401 3722 4182 7737
7 1240 2250 2841 2879 3434 4042 7750
7 943 1252 1265 1349 1360 1518 4839
7 799 1180 1184 1191 1663 2617 7593
7 7779 7785 7786 7787 7790 7793 7804
7 904 4214 4584 5606 6120 7813 7824
7 458 906 1386 1440 2440 3507 7833
7 1392 3374 3376 3390 5424 6172 7850
7 1283 1525 1697 1698 1999 3506 7859
0
7 1094 1731 1795 1802 2722 3334 7873
7 599 989 1052 1074 1095 1405 7481
7 4870 7887 7888 7889 7892 7895 7906
7 2421 2438 2440 2441 3423 3538 7916
7 2873 5537 6769 6904 7925 7928 7939
7 709 1010 1064 1080 1503 1886 7949
7 812 940 973 1107 1286 1326 4285
7 423 677 850 1096 1380 1932 4035
7 360 706 709 712 842 992 5662
7 298 349 372 455 532 695 4605
7 1446 2232 2331 2886 4930 6485 7971
7 314 479 519 532 778 786 3178
7 300 455 460 517 640 793 4466
7 2886 3195 3320 3762 6484 7980 7991
7 702 1034 1036 1240 1865 2641 7998
7 282 310 322 325 480 695 1392
7 5081 8009 8010 8011 8014 8017 8028
7 527 1066 1088 1089 1734 2315 8042
7 679 784 807 1026 1174 1446 5881
7 2745 3744 3852 4094 5108 6671 8062
7 2592 4720 5122 5322 6265 8070 8081
7 327 1121 1265 1397 3195 3602 8092
7 1542 2177 2195 2554 2951 3921 8103
7 799 1186 1188 1532 2598 2939 6311
7 729 2434 2435 2766 3548 5049 8119
7 511 1506 1960 1965 2594 3201 10012
7 4185 8128 8129 8130 8133 8136 8147
7 776 834 973 1107 1959 3031 8156
7 460 680 695 778 793 1420 4388
7 458 525 539 673 695 1449 8166
7 646 956 1035 1089 1114 1482 5581
7 492 784 788 899 1429 2425 8181
7 701 1035 1107 1122 1171 1240 2830
7 927 945 947 948 1265 1330 1977
7 992 1286 1504 1525 1877 2532 5298
7 460 698 894 898 1600 2020 8212
7 8224 8230 8231 8232 8235 8238 8249
7 2827 4018 4272 4984 8257 8260 8271
7 1623 2801 3222 3424 4779 6072 8287
7 300 354 372 383 528 716 5642
7 527 703 712 952 1080 1510 8301
7 608 837 845 850 1089 1772 5115
7 8136 8316 8317 8318 8321 8324 8335
7 8344 8350 8351 8352 8355 8358 8369
7 320 460 479 517 697 1039 3334
7 1158 1729 2504 2515 2688 4161 8379
7 455 683 695 877 1089 1381 3465
6 2262 6887 6995 7255 8390 8393
7 511 804 806 821 1107 1369 3391
0
7 1035 1348 1351 1355 1517 1861 5363
7 311 478 537 748 1442 1920 7889
7 8409 8415 8416 8417 8420 8423 8434
7 435 1081 1100 1154 1381 1508 3619
7 492 695 708 880 946 1105 4053
7 343 492 512 673 897 1696 5337
7 434 609 610 616 845 955 3235
7 609 1101 1109 1122 1402 2604 5175
7 673 1240 1286 1334 1691 3401 8464
7 1230 2124 2401 2514 2522 3374 8473
7 1333 1827 2040 2431 4232 5114 8487
7 426 527 598 600 1085 1230 8494
7 699 973 1081 1233 1407 1762 8502
7 527 710 720 908 950 1081 1864
7 300 327 338 343 460 530 2003
7 837 1716 2331 2575 3339 4093 8519
7 706 1404 1438 1450 1480 2424 8530
7 854 1417 1547 2040 2832 3620 8541
7 293 455 459 695 1049 2052 8552
7 942 1406 1417 1504 1805 2332 8560
7 295 318 319 323 343 455 1234
7 1389 3523 3601 3633 3960 8197 8576
7 911 1403 1406 1417 1795 2328 5053
7 530 1038 1177 1237 1371 2343 6714
7 2876 7938 8089 8592 8595 8598 8609
7 684 1233 1381 1505 2112 3242 8616
7 955 1126 1366 1758 3821 3829 8625
7 2044 5501 5620 5662 8632 8635 8646
7 336 460 462 469 532 680 1446
7 626 1495 1722 1736 2522 3243 8655
7 909 957 973 1197 1349 1895 4094
7 494 710 960 1047 1090 1175 5883
7 971 2506 3464 3465 4042 7289 8681
7 1194 2469 2478 3201 6262 8154 8698
7 950 1121 1134 1141 1696 3064 8726
7 957 3059 3422 4472 8734 8737 8748
7 1407 2536 2538 2542 3181 3780 8759
7 963 1867 1894 2091 2727 3026 8766
7 1146 1729 1886 1968 2515 3692 8773
7 354 461 480 517 778 882 2506
7 6984 8782 8783 8784 8787 8790 8801
7 8814 8820 8821 8822 8825 8828 8839
7 957 1857 2820 3218 3673 3783 8847
7 4977 8858 8859 8860 8863 8866 8877
7 3195 3826 3982 4010 5482 6545 8892
7 527 992 1005 1052 1066 1360 4222
7 1213 3395 3401 3417 5535 6440 8913
7 319 455 458 460 492 525 1440
7 915 1095 1177 1232 1360 1653 4740
7 469 781 963 1026 1661 2065 8171
7 960 1367 1391 1400 1926 1971 4934
7 2065 3350 3355 3526 4388 6931 8941
7 1171 1663 1857 1959 2601 2827 7382
7 1547 3422 3673 4355 4983 5507 8958
7 520 683 784 963 1442 1906 4704
7 343 460 524 526 542 683 2504
7 847 973 1110 1122 1252 1349 4134
7 1524 4193 6132 6516 8974 8977 8988
7 701 950 957 973 1240 1403 4008
7 449 519 525 529 668 782 4660
7 455 680 695 788 897 921 4468
7 759 1186 1366 1788 2795 3189 9009
7 452 492 525 532 675 685 2968
7 1070 1877 1883 1884 2539 3243 7195
7 317 327 338 343 460 492 1442
7 338 700 701 712 847 909 2332
7 845 989 992 1005 1066 1142 6781
7 1694 2841 3242 3394 3399 5138 9037
7 286 356 371 372 422 492 1368
7 327 525 536 537 695 1447 7681
7 296 346 383 455 529 635 1081
7 296 419 460 492 542 697 2588
7 2444 5951 6561 6566 8345 9053 9064
7 1623 3566 3808 3998 4600 6282 9080
7 1869 3399 3414 3705 4045 5138 9093
7 1799 2953 3075 3604 6034 6614 9107
7 957 1794 1998 2168 2508 2834 8533
7 1090 2656 2657 2671 3787 4956 9123
7 372 1089 1105 1235 1909 2032 9131
7 988 1123 1342 1349 1363 1869 2833
7 323 349 371 452 460 469 1604
0
7 311 323 326 327 449 469 2205
7 452 781 793 894 1237 2161 9142
7 2211 4873 6359 6425 6478 7969 9159
7 673 903 1192 1450 2431 4640 9167
7 804 956 1035 1043 1403 2355 9177
7 3701 7686 8119 8362 9184 9187 9198
7 3407 4005 5177 6001 9205 9208 9219
7 1406 2328 2332 2448 2770 3917 9227
7 848 1230 1495 1504 1808 2991 9099
7 1329 1795 1799 1801 2332 2575 6133
6 6104 9247 9248 9249 9252 9255
7 304 323 326 327 450 470 1571
7 1877 3693 3949 3962 4622 5792 9269
7 1248 1363 1406 1801 3439 4257 7970
7 806 1172 1178 1183 1191 1849 4178
7 305 338 343 371 460 536 1547
7 748 1623 1736 1743 1968 2256 3949
7 1385 2329 2331 2332 3433 5053 9290
7 911 983 1097 1113 1240 1403 4526
7 703 2620 3037 3221 4438 6174 9306
7 304 327 338 343 449 458 781
7 304 327 336 338 349 469 3153
7 2454 4812 4957 6902 6981 7332 9326
7 3287 5449 5642 8859 9335 9338 9349
7 9364 9370 9371 9372 9375 9378 9389
7 853 1231 1367 1501 1970 3865 6922
7 1105 1454 1525 1695 2023 3273 9406
7 304 351 455 460 556 729 2429
7 847 1239 1369 1416 1845 2355 6398
7 492 695 953 963 1592 2052 9420
7 538 1034 1038 1180 1857 2957 7170
7 1380 3211 3212 3374 4090 4301 9434
7 718 913 921 923 950 1240 4008
7 2885 6476 6485 7594 9444 9447 9458
7 469 593 608 701 729 908 1417
7 1265 1349 1351 1357 1406 1994 5564
7 1749 3356 4176 4524 5319 8393 9474
7 475 505 530 534 1034 1177 3677
7 1956 3959 4600 4955 5913 8473 9493
7 2483 4251 4353 4582 6155 7258 9508
7 538 921 927 942 959 1329 7091
0
7 821 1663 1736 1865 2585 2941 9527
7 1188 2556 2830 3571 4018 4090 9536
7 295 338 343 346 460 522 2010
7 761 1107 1109 1110 1207 2562 9546
7 608 1136 1170 1177 1664 1845 7554
7 2487 8101 8480 8706 9561 9564 9575
7 1403 2331 2332 2335 2767 3043 9101
7 842 1406 1504 1510 2609 2873 7503
7 423 703 710 850 976 1230 3010
7 324 460 462 469 525 695 9606
7 491 531 542 675 729 1000 1844
7 323 435 505 520 538 677 1623
7 859 1232 1235 1237 1536 1845 5998
7 990 1818 1869 1876 2012 2532 8580
7 701 1046 1063 1064 1095 1370 7270
7 494 799 957 969 1095 1177 3330
7 889 1122 1233 1349 1797 2511 4526
7 612 748 1146 1381 1726 1948 9635
7 716 1063 1082 1100 1704 3050 9643
7 716 1450 1453 1675 3427 4210 9652
6 992 1503 1782 2113 6712 9654
7 323 519 532 539 898 1440 5606
7 1547 2211 2890 2894 2911 7107 9665
7 2326 2818 3433 3434 4040 5243 9677
7 703 1342 1363 1966 2617 3575 9684
7 1186 1779 2196 2364 2718 3645 9705
7 712 1074 1288 1357 1698 2661 9713
7 296 320 336 338 455 479 4472
7 921 1695 1784 1891 2513 4761 9725
7 526 992 1018 1064 1999 2115 9414
7 317 338 343 346 460 522 1023
7 2682 6869 6871 8197 9739 9742 9753
7 697 1233 1381 1677 1932 2409 4039
7 430 880 894 908 1089 1762 6579
7 1187 2143 2558 2682 3026 3752 9772
7 807 1186 1367 1401 1844 2513 4891
7 851 1397 1403 1404 1794 2332 3701
7 957 1964 1974 2164 4930 5368 9791
7 475 685 695 903 1450 1675 9421
7 505 865 960 976 1081 1367 7035
7 804 1095 1171 1177 1576 2047 4310
7 294 460 520 526 532 877 3950
7 848 1039 1240 1349 1403 1493 3203
7 304 343 346 371 452 460 963
0
7 2431 2944 2946 4206 6671 9822 9833
7 2514 4002 5133 7003 9590 9841 9852
7 923 1330 1333 1338 1536 2328 5184
7 9863 9869 9870 9871 9874 9877 9888
7 1525 2027 2028 2455 3483 4232 9903
7 319 343 449 450 453 468 9914
7 1366 2656 2657 5056 6617 9104 9930
7 1182 2618 3178 3243 4812 9937 9948
7 2086 4973 5801 8870 9956 9959 9970
7 519 695 708 953 1089 1623 4718
7 343 519 522 525 536 673 1444
7 9980 9986 9987 9988 9991 9994 10005
7 841 1035 1095 1240 1663 2369 10020
7 439 972 1089 1391 1726 2262 6440
7 522 687 698 1026 1038 1184 4468
7 318 343 346 349 459 517 2005
7 319 455 460 517 522 539 3060
7 728 1367 1368 1461 1895 2587 6216
7 701 1081 1142 1170 1381 1630 8069
6 319 368 371 460 524 2077
7 10061 10067 10068 10069 10072 10075 10086
7 960 1679 1778 1949 5301 8299 10100
7 1611 1937 1948 1959 2873 3320 10109
7 1641 3291 3304 3323 3975 5083 10119
7 418 548 593 612 710 729 1943
7 1746 2617 3671 4686 6012 8382 10137
7 695 1095 1329 1401 1454 2087 10149
7 2345 2770 2775 3408 3716 4684 10161
7 1363 2767 2833 2881 3444 3845 9207
7 428 710 739 849 1053 1158 3166
7 449 492 527 536 708 1419 4467
7 950 1454 1784 2507 4071 6003 10178
7 935 1349 1360 1363 1988 1999 10185
7 4134 10194 10195 10196 10199 10202 10213
7 909 1240 1357 1370 1795 1805 4081
7 300 528 683 691 1466 2160 6284
7 1100 1772 1778 1781 2130 2696 9548
7 614 1137 1385 1409 1722 1781 7491
7 801 969 1035 1107 1171 1186 3203
7 1083 1646 1651 1769 2766 5114 10247
7 821 1171 1182 1369 1416 3069 9532
7 1954 2889 2901 2903 5031 5921 10268
7 4128 5477 8082 8706 8717 10276 10287
7 536 1035 1171 1176 1664 1900 5030
4 1402 10297 10298 10299
7 2028 2522 2604 2617 3405 3664 10302
7 1033 1845 2227 2957 3367 5032 10314
7 1415 2515 2521 3223 3393 3639 10322
7 435 955 968 1081 1369 2348 6583
7 3692 6116 6120 6785 9066 10333 10344
7 310 336 338 380 492 668 1675
7 305 343 346 368 455 519 1685
7 459 695 701 777 921 1043 2714
7 2414 3195 3208 3643 3927 4838 10356
7 977 1931 1935 1948 2562 4045 10367
7 447 846 848 850 955 1110 3407
7 327 482 525 532 697 1033 2010
7 371 526 527 530 695 1090 2519
7 2751 3380 3444 3473 3630 4576 9215
7 492 904 965 1043 1189 2067 7293
7 542 892 963 1025 1476 2007 5424
7 527 960 971 1039 1107 1387 3949
7 310 447 492 505 534 673 2328
7 1799 2770 2818 3433 4081 4894 9584
7 1296 3948 3960 4158 7149 10401 10412
0
7 923 1403 1504 1536 2575 3345 5996
7 832 1101 1107 1109 1351 1417 5122
7 294 308 311 319 327 348 2010
7 1117 1401 1600 1736 1973 2691 8302
7 327 460 480 522 538 675 1449
7 3399 10443 10444 10445 10448 10451 10462
7 1513 1521 1522 1527 3490 4693 10472
7 338 492 525 675 784 1012 8185
7 1389 3180 4008 4080 4123 4713 10492
7 469 942 1023 1025 1240 1650 7008
7 343 469 475 478 536 673 3356
7 308 343 449 450 519 674 2506
7 498 695 698 708 957 1504 3674
7 2574 3380 3384 3433 3729 4299 10516
7 959 1385 1461 1698 2060 3960 10524
7 848 1495 1622 1932 1943 2522 10266
7 942 1351 1357 1360 1801 2332 4046
7 1194 1861 1977 1996 2366 2944 10541
7 1095 5554 5556 6674 7594 9448 10561
7 1342 1403 1406 1630 1898 1966 5366
7 492 821 973 1089 1188 1849 10485
7 1117 1409 1738 1786 1991 4522 10589
7 293 323 326 334 517 695 3244
7 1177 1857 2633 2645 4180 5131 10208
7 2089 5442 5443 5451 8202 10603 10614
7 921 1177 1197 1338 2191 2641 10622
7 716 1066 1366 1370 1446 1784 4891
7 321 455 458 460 480 539 2524
7 492 540 770 1026 1038 1665 6306
7 854 1404 1406 1455 1797 2766 9310
7 1903 3170 3176 3177 3392 4078 10646
7 371 491 530 531 1035 1177 2941
7 302 322 326 343 537 695 8404
7 322 460 470 478 522 655 2066
7 942 1363 1403 1504 1794 2328 6955
7 228 483 491 511 703 957 1861
7 701 923 969 1261 1290 2355 6725
7 1232 1964 2164 2211 3667 4410 10670
7 451 478 538 673 784 1045 10681
7 527 1039 1100 1415 1504 2511 5034
7 529 746 748 770 1172 1495 5629
7 806 1173 1176 1177 1237 1661 3202
7 3195 3716 4491 4492 6495 9564 10705
7 1080 1791 1968 2585 3144 3604 10193
7 1535 8758 9661 9664 10722 10725 10736
7 691 977 1083 1089 1235 2038 5123
7 10746 10752 10753 10754 10757 10760 10771
7 806 1088 1170 1186 1663 2196 7263
7 1950 2648 2649 2650 2653 2657 10784
7 1435 7149 8085 9649 10792 10795 10806
7 675 698 708 793 1458 2005 8846
7 1277 1517 1518 1522 1546 2803 10818
7 1012 2016 2060 2429 3756 3890 10829
7 709 1081 1142 1237 1536 1759 10329
7 837 1122 1207 1230 1961 2400 6995
7 1305 2915 3168 3980 4761 5547 10852
7 2647 2653 2654 2655 2668 7314 10864
7 460 898 904 921 1368 2587 10874
7 814 1082 1107 1136 1181 1857 6124
7 1080 1919 2116 2517 3869 4358 10885
7 690 1374 1391 1455 2513 3362 10894
6 3360 10320 10728 10901 10904 10907
7 531 850 950 1097 1391 1864 5424
7 1171 1184 1189 1192 1669 4301 7651
7 3620 5086 5301 5513 5800 6283 10928
7 2411 2830 4082 4084 4951 5891 10938
7 1250 1800 1801 2326 2818 4081 6948
7 1305 5804 5841 5891 10426 10949 10960
7 519 894 1039 1097 1746 2016 10639
7 419 520 527 539 673 1038 2513
7 1058 1288 1289 1295 2915 3252 10337
7 960 1817 2763 3276 4822 8765 10989
7 2904 5863 6476 6477 6480 6489 11010
7 1184 2819 2820 2827 3281 4175 10325
7 505 963 984 992 1375 1755 5358
7 894 1604 1618 1786 2903 4225 11030
7 2820 3566 3569 4035 5529 7120 11042
7 4680 6051 7614 7616 10128 11050 11061
7 1053 1746 1883 1926 5650 6724 11073
7 455 527 531 534 708 1034 3363
7 296 323 327 334 346 452 880
7 314 327 343 418 460 517 2010
7 1082 1757 1808 1951 3664 3670 11081
7 1092 1391 1495 1757 2124 2465 8499
7 338 683 695 697 963 1391 3180
7 702 1237 1366 1406 1672 2605 8952
7 1414 1774 1781 1826 3739 4353 11103
7 493 695 962 963 1366 1423 5021
7 859 1493 1794 1850 2508 2777 7169
7 624 853 942 952 1124 1962 11121
7 928 1700 1701 1734 2355 2942 11128
7 859 1351 1403 1794 2354 2506 9810
7 9120 11139 11140 11141 11144 11147 11158
7 1849 3601 3631 4035 4727 6167 11168
7 2068 3637 3806 3952 4955 5927 11182
7 365 469 480 496 541 695 4704
7 310 343 354 371 492 528 1043
7 837 1136 1171 1186 1349 1663 2774
7 338 537 539 683 1023 1442 4468
7 623 1146 1150 1381 1721 2068 9758
7 593 1064 1089 1098 1943 3092 8477
7 371 601 603 624 727 1141 7752
7 5016 10324 10569 11216 11219 11222 11233
7 1064 3287 3814 4426 6025 7842 11248
6 537 788 793 1023 1443 1447
7 11264 11270 11271 11272 11275 11278 11289
7 1053 1604 1605 1928 1943 2195 5657
7 695 2074 2091 2328 4813 8945 11308
7 527 911 955 1101 1123 1461 3864
7 673 698 942 957 1438 1798 3783
7 308 327 343 529 791 902 6287
7 346 728 894 897 992 1476 11326
6 6545 11336 11337 11338 11341 11344
7 1931 2585 2696 2903 4930 6101 11357
7 310 703 729 894 1415 1747 9467
7 2453 3543 3551 3552 4441 8171 11377
7 3380 4860 5177 5682 6619 6761 11387
7 498 1034 1037 1039 1082 1237 3390
7 988 1067 1070 1240 1876 1886 5046
7 518 807 1025 1026 1176 1237 4949
7 498 960 966 973 1090 1201 2820
0
2 1440 8182
7 2673 3674 4037 4093 5847 9474 11405
7 626 1623 1929 2262 2596 2820 6626
7 295 327 336 338 380 460 1042
7 944 2359 2363 2364 2943 3641 9826
7 612 1172 1219 1222 1237 2415 4831
7 460 530 531 534 681 701 1240
7 548 712 722 729 901 973 2121
7 538 1033 1039 1174 1342 1794 5184
7 369 673 683 685 702 877 2781
7 745 1237 1705 1850 3203 4346 11427
7 859 1235 1240 1342 1403 1966 6582
7 950 1240 1272 1391 1525 2018 5477
7 311 417 450 460 537 780 3453
7 538 973 1107 1237 1691 1900 10609
7 570 950 976 984 1018 1081 3713
7 3653 4988 4990 5477 8717 9787 11460
7 1418 2853 2874 2881 3702 6904 11475
7 304 460 469 479 695 1043 4657
7 394 478 480 539 700 1033 2232
7 3374 4138 5535 5807 6440 8479 11494
7 842 1405 1407 2586 4447 6097 11502
7 2844 4167 5324 5537 6813 7926 11514
7 997 1801 1874 1876 1883 2012 9022
7 511 1028 1035 1136 1368 1498 5847
7 1171 1504 1663 1844 2348 2358 4105
7 908 950 969 973 1177 1341 9030
7 322 458 459 460 534 693 6178
7 2604 5177 5973 6021 7219 11540 11551
7 343 492 518 522 673 683 2005
7 3021 6176 6689 6761 10323 11560 11571
7 423 608 612 708 712 851 1746
7 1942 2266 2387 2401 3467 3627 11580
7 845 932 937 1032 1101 1334 5507
7 848 1381 1504 1722 3430 5301 11591
7 323 458 460 462 532 685 4704
7 1736 3377 4146 4401 6039 7346 11601
7 2337 3339 3851 3852 4640 5998 11611
7 473 673 675 680 698 899 2506
7 324 394 460 512 640 783 2067
7 360 538 663 673 679 784 3356
7 1228 1928 1948 2522 3221 3656 7717
7 2874 6814 6904 7108 7929 8178 11633
7 1943 3403 3406 3408 3702 6414 11640
7 1064 1455 2262 3180 3665 7204 11652
7 950 1360 1363 1403 1794 2331 8147
7 323 397 493 500 894 1114 11662
7 866 1645 2065 2617 3407 4301 5995
7 703 1237 1397 1504 1805 3405 9861
7 536 1423 1427 1672 2447 3153 10798
7 527 1034 1036 1177 1663 2161 7176
7 295 314 319 322 327 380 963
7 319 354 455 492 674 793 3185
7 1403 5537 7934 7941 9200 11264 11698
7 527 866 950 973 1405 1758 4285
7 612 1088 1089 1142 1391 1472 3826
7 2822 4874 4877 5072 7886 11264 11715
7 1903 3437 4081 4375 5038 8222 11731
7 1380 2047 2068 3066 3418 3993 9704
7 433 675 677 680 781 1038 3341
7 1107 1506 1507 1660 2801 5307 11749
7 1910 2079 2262 2590 3447 4973 11758
7 527 952 956 1366 1496 1910 7023
7 426 950 960 1053 1088 1381 4163
7 2553 6213 6611 6614 7226 8266 11775
7 1406 3090 3338 3672 4670 6458 11785
7 854 1508 1802 1879 3334 4285 11793
7 807 1171 1176 1186 1237 2065 4730
7 712 1005 1060 1194 1285 1289 4054
7 11815 11821 11822 11823 11826 11829 11840
7 556 1461 1956 1999 3390 3783 11847
7 305 695 1043 1374 1919 2086 5031
7 1104 1701 1997 1998 2344 3177 10297
7 729 1368 1376 1404 2062 4360 11864
7 512 905 963 1089 1366 1454 7172
7 952 1235 1374 1763 2131 3080 7200
7 296 700 703 706 989 1043 3916
7 2457 3090 3380 4005 6586 8694 11891
7 1954 2657 2671 3656 5238 6861 11905
7 520 684 691 695 897 1146 3173
7 327 691 709 1035 1286 1292 9912
7 334 904 950 991 1089 1455 6814
7 296 358 372 449 460 539 2422
7 797 1029 1082 1136 1173 1186 3783
7 3486 6275 6765 9225 11133 11922 11933
7 305 343 353 372 459 519 4097
7 934 1177 1254 1341 1663 2364 5931
7 1179 2195 2199 2227 2599 2827 8049
7 1409 2556 2559 2560 2755 3868 10884
7 476 1498 1535 1587 3281 4592 10739
7 360 430 465 475 498 528 1400
0
7 6420 10320 10667 10721 10725 10729 11966
7 511 805 806 914 1864 2133 4142
7 2324 3332 4637 4810 7652 11976 11987
7 305 326 343 418 479 529 2079
7 12007 12013 12014 12015 12018 12021 12032
7 525 680 681 685 770 1033 11538
7 5426 8266 8268 9943 12045 12048 12059
7 356 517 522 524 538 683 2068
7 1244 2028 2150 2647 3207 3501 12071
7 848 1330 1397 1636 3205 5995 12088
7 480 674 676 687 980 1366 5622
7 423 691 697 716 1074 1367 10814
7 458 680 695 778 788 1438 12108
7 310 336 338 343 455 466 1033
7 227 426 433 441 695 960 2580
7 561 2036 2763 3058 3429 3795 12120
7 319 460 464 492 536 673 1443
7 460 680 683 684 770 1025 4704
7 343 635 695 716 959 1496 4956
7 1095 1634 1781 2612 3380 4367 11775
7 450 781 785 963 3530 7387 12145
7 1942 2407 2521 2609 3633 6276 12155
7 458 695 898 1177 2020 2789 8512
7 7943 11661 12170 12171 12174 12177 12188
7 465 674 675 679 784 1033 1682
7 492 898 921 1025 1366 1663 12097
7 947 1664 1701 1845 1991 3191 12204
7 985 1349 1363 1403 1706 2454 6916
7 859 1113 1403 1455 1717 2454 12217
7 2424 3107 3158 3533 3559 4449 12228
7 2641 4086 4093 4277 5847 7603 12239
7 4960 9820 9923 10886 12246 12249 12260
7 673 960 1405 1510 1804 3051 9312
7 5238 6902 7015 8592 11862 12273 12284
7 1949 3298 3601 3622 4935 8707 12298
7 1000 2585 2755 3297 4093 5921 12310
7 806 1843 1845 1846 2191 2920 10688
7 1177 1916 1999 2047 2853 4022 11355
7 837 938 956 1109 1184 2364 6700
7 1759 2830 2963 3180 4392 5191 10485
7 2081 8202 8208 10294 12340 12343 12354
7 187 936 950 989 1046 1064 4046
7 2294 3465 3956 4224 7702 8381 12368
7 608 942 984 1039 1107 1373 6781
7 7775 12384 12385 12386 12389 12392 12403
7 6769 10866 12410 12411 12414 12417 12428
7 889 1230 1237 1381 1506 1623 3721
7 695 2375 2380 2506 3425 5127 12444
7 921 1100 1105 1330 2029 2955 10549
7 621 870 992 1064 1818 2028 3374
7 1794 2765 2770 2777 3434 4081 12457
7 801 825 832 834 942 1095 2364
7 4640 8517 8518 8522 9167 11397 12472
7 473 942 1034 1038 1502 1758 6720
7 458 539 540 677 1033 1440 7685
7 521 960 1081 1393 2117 2578 9664
7 2471 3250 3253 3397 3817 5786 12057
7 760 1167 1391 1392 1928 2554 11607
7 1035 1197 1265 1532 1844 2415 4729
7 323 540 695 785 894 1455 5117
7 683 891 1373 1600 1956 2134 12509
7 296 460 479 525 542 695 3567
7 1892 3092 3187 3421 3982 6679 12521
7 684 1088 1089 1097 1400 2068 6311
7 343 519 525 529 538 781 2076
7 1387 2515 2522 2562 3620 3662 8022
7 700 1090 1141 1349 1388 1677 4956
7 604 847 850 851 1100 1403 4095
7 3581 3607 4072 4478 6886 9689 12545
7 1122 2431 2463 2588 3189 4810 12552
7 7507 11088 11546 11549 12053 12561 12572
7 845 1107 1230 1397 1865 2191 9028
7 673 904 1028 1237 1449 1581 4394
7 380 492 517 520 538 680 2077
7 1405 2604 2609 2612 2983 3701 12586
7 527 722 728 729 1080 1144 12594
7 595 950 973 984 992 1070 4224
7 1933 2653 2901 3111 3605 5231 12605
0
7 1403 2767 3265 3433 9296 12624 12635
7 2328 3703 3816 5322 8179 12643 12654
7 1004 1890 2014 2475 2917 3844 12666
7 593 984 987 988 992 1010 3243
7 3414 6635 8918 9023 9274 11138 12684
7 227 608 703 889 973 1389 5673
7 10427 12697 12698 12699 12702 12705 12716
7 1518 2332 2365 2920 3202 5403 11198
7 953 2418 2429 2524 3061 3673 11801
7 681 1170 1171 1184 1369 1849 6621
7 3222 5527 6097 6282 7862 8475 12737
7 294 505 527 529 1053 1461 3795
7 295 431 527 540 748 894 3465
7 12745 12751 12752 12753 12756 12759 12770
7 336 456 459 461 473 791 3687
7 728 1114 1403 1418 1835 2881 8074
7 2849 5537 6040 6231 6814 7929 11700
7 192 516 729 842 950 1052 11861
7 536 1114 1423 1466 2032 3153 12793
7 836 1110 1122 1220 1403 1959 4187
7 959 1491 1664 2164 3602 6185 12808
7 12817 12823 12824 12825 12828 12831 12842
7 950 1240 1263 1276 1404 1791 8592
7 1080 2511 2918 3243 4555 5781 12854
7 783 1400 1455 1720 3173 3719 10743
7 684 1763 1784 1883 2052 3464 12868
7 1113 1786 2454 3099 5136 6944 12878
7 914 1122 1170 1392 1440 2351 8154
7 422 859 898 1088 1391 1961 12890
7 431 854 1053 1381 1630 2404 9362
7 430 677 859 953 1039 1415 4576
7 862 1691 1728 2511 3242 5923 11545
7 950 1110 1122 1136 1363 1691 8140
7 956 1136 1230 1397 1788 2191 9111
7 854 2511 2567 4622 10364 11450 12927
7 1173 1508 1845 1857 2795 3336 7599
7 2036 2504 3251 3602 4217 6594 12941
7 314 343 346 380 469 525 1675
7 522 1368 1438 1547 1919 2205 7604
7 901 1363 1403 1418 1998 2478 12954
7 336 492 534 536 673 695 2964
7 2284 3864 4519 6803 8230 10375 12976
7 415 433 434 498 683 976 3180
7 2261 4123 4358 5527 6761 8268 12992
7 1504 1872 2014 2473 3399 4071 11550
7 973 1845 1903 1913 2337 2614 11205
7 527 1066 1089 1100 1415 1624 3431
1 13014
7 455 663 673 695 1237 3153 13017
7 711 973 1101 1113 1235 1403 3363
7 1150 2522 2562 2565 4069 5674 13026
0
7 848 948 1032 1035 1177 1330 4731
7 1096 2331 2641 2820 3566 3678 10719
7 3099 7005 7486 7694 10639 11258 13054
7 327 475 480 492 538 674 1038
7 516 963 1081 1089 1291 1701 9723
7 722 942 1101 1235 1360 1794 5427
7 727 1089 1113 1235 1503 2262 8393
7 8705 10164 11026 11564 13072 13075 13086
7 423 532 534 598 889 1038 3452
7 460 638 674 695 1000 1435 5407
7 626 748 754 894 1366 1726 6124
7 282 527 529 683 780 902 9400
7 973 1692 1845 1864 1991 2365 7481
7 444 1089 1107 1374 1704 2068 10739
7 319 450 455 465 673 680 1676
7 2489 2671 4755 5289 7312 8576 13112
7 1403 2516 2518 2522 3257 3808 13123
7 1512 2950 3202 4189 6162 7742 13136
7 1926 3674 4285 5503 11355 13143 13154
7 1100 1950 2124 2252 2573 3620 12566
5 6089 9237 11768 13166 13169
7 908 1089 1234 1381 1755 1825 11364
7 971 1444 1581 1588 2586 3051 10680
7 493 809 845 921 1025 1171 2939
7 519 685 695 781 1234 1452 4596
7 422 603 609 612 1039 1381 2588
7 911 1272 1329 1402 1852 2355 4861
7 338 452 455 460 680 897 4468
7 455 695 781 793 921 1105 6397
7 327 458 460 517 522 789 2957
7 319 517 518 519 674 897 3287
7 441 712 849 894 1233 1415 3451
7 415 435 444 527 626 1100 4300
7 460 680 693 698 793 1421 4701
7 325 455 458 460 518 673 1919
0
7 290 310 312 319 343 449 1450
7 872 1193 1231 1403 1959 2469 7725
7 899 1571 2112 2250 2452 2814 13211
7 311 892 904 1919 1922 3463 10659
7 821 1176 1237 1369 2491 2920 13225
7 1624 2136 2266 2393 2563 2808 10840
7 13244 13250 13251 13252 13255 13258 13269
7 548 727 728 842 950 1233 4526
7 464 536 538 540 674 708 3665
7 515 701 848 1046 1381 1503 4310
7 712 1039 1360 1403 1547 2127 4167
7 1212 2942 3112 3380 3651 4521 13289
7 1532 3361 3751 4786 5797 6624 13302
7 2752 4201 4251 4511 6132 8889 13314
7 3327 6586 6922 7167 9673 11890 13328
7 988 1006 1010 1018 1877 1883 5136
7 1151 1763 1929 2404 2795 3221 13339
7 6921 10078 11528 11714 13346 13349 13360
7 1622 4691 4963 5031 6099 9467 13371
7 327 478 479 520 668 1033 4468
7 612 889 1039 1081 1230 1493 8292
0
7 1761 6026 6034 6036 6944 7312 13386
7 371 709 746 850 960 1052 3575
7 418 695 703 710 953 1039 3185
7 492 540 959 1036 1184 1191 2963
7 2458 3327 3407 3663 4100 4110 11890
7 2250 2946 3433 4375 5175 8220 13411
7 704 909 927 1025 1351 1504 4081
7 1235 1835 3407 3444 6967 8633 13426
7 538 905 1034 1171 1180 1446 4179
7 7643 11639 11692 11700 13436 13439 13450
7 517 1435 1438 1450 3058 3783 13459
7 498 799 969 1039 1136 1691 13467
7 913 1113 1123 1240 1341 1363 3701
7 492 681 708 1023 1033 1670 7117
7 1634 2556 2559 2758 3723 4577 9416
7 909 1171 1177 1179 1504 1844 2830
7 527 1039 1097 1381 1961 2409 4009
7 1624 3138 3212 3221 3993 6080 13485
7 317 452 455 460 537 674 2079
7 3801 7941 8602 9054 13493 13496 13507
7 845 1125 1255 1334 1663 2355 10626
7 936 1815 1939 2390 2512 3078 6171
7 1959 3407 3661 3716 5140 8716 13528
7 687 1026 1031 1038 1174 1179 4178
7 2712 2999 3038 4777 6978 8161 13542
7 312 346 455 458 492 537 1442
7 491 970 973 1097 1388 1431 5853
7 2455 4626 5298 6491 7985 10340 13556
7 294 412 414 480 531 898 1845
7 475 674 675 679 684 1368 7600
7 3736 13572 13573 13574 13577 13580 13591
7 426 520 534 710 1039 1082 2645
7 1235 3104 3852 4093 5620 7042 13599
7 506 720 911 921 973 1107 3687
7 1849 2588 2617 2691 3271 4008 13609
7 498 534 601 674 1082 1237 4301
7 1641 2830 3037 3566 3661 6321 13394
7 1622 2696 2999 3242 3613 4669 13625
7 450 673 674 675 695 963 3687
7 495 921 957 973 1171 1179 2765
7 887 1738 1767 1771 3176 3618 11021
7 1933 2903 2910 3195 5482 6189 13640
7 727 1089 1230 1415 1624 2262 13027
7 528 973 1230 1366 1641 2161 11847
7 532 680 784 788 1675 2074 7715
7 2766 4454 5789 6785 8226 8823 13666
7 1142 2562 2587 2590 3374 4955 11329
7 460 675 680 698 1023 1415 2768
7 520 709 748 962 1088 1100 7172
7 527 850 854 859 1081 1391 4040
7 1784 3176 4224 4764 6728 7364 13694
7 294 343 347 349 460 540 1391
7 748 1879 1928 1937 2068 2515 13701
7 938 1343 1349 1351 1363 1516 7263
0
7 2452 3780 4093 4964 10892 13716 13727
7 458 536 537 673 681 698 4704
7 530 1072 1232 1424 1440 1864 12806
7 908 1416 1417 1495 1875 2472 7617
7 492 677 710 759 976 1038 3151
7 616 854 858 1141 1510 1961 4438
7 596 710 1081 1088 1381 1934 4035
7 2560 3262 3317 3320 3617 6104 13754
7 527 1039 1080 1081 1232 1375 4360
7 3695 6489 6490 6494 9459 13745 13772
7 675 788 903 1033 1450 1687 9610
7 1403 2055 2161 3228 3441 4555 13790
7 324 452 455 460 478 528 1368
7 969 1172 1230 1366 1403 1857 3870
7 433 697 973 1039 1107 1506 4032
7 770 1446 1532 1627 2195 5186 13804
7 512 1368 1401 1461 1845 2509 5359
7 708 1385 1391 1415 1757 3671 11973
7 1874 4270 4351 4367 6586 9932 13825
7 495 701 759 960 1122 1375 3998
7 319 380 455 460 470 635 4468
7 598 1142 1176 1230 1405 1752 4721
7 1476 2504 3037 3282 3451 5306 9697
7 13494 13843 13844 13845 13848 13851 13862
7 989 1216 1244 1289 1877 2511 10865
7 745 919 923 928 1240 1342 2841
7 327 460 492 517 673 695 1664
7 1039 1493 1503 1511 2383 3284 6171
7 721 1496 1751 1762 2036 2506 13876
0
7 2524 3229 3429 3871 4176 5318 13889
7 380 635 673 695 1000 1368 13896
7 296 455 517 519 781 1043 13903
7 538 1033 1420 1443 1851 3341 13913
7 446 1081 1097 1100 1391 1754 8071
7 973 1657 1663 1991 3037 3099 7858
7 3343 4387 4759 6564 7296 10175 13933
7 431 703 942 960 1381 1403 4621
7 818 1170 1182 1186 1967 2830 5841
7 915 1340 1403 1504 1794 2766 5647
7 1037 1857 2065 2526 3058 4718 12336
7 369 1192 1234 1237 1571 2074 7462
7 469 680 683 691 788 1170 10013
7 460 950 1023 1033 2052 2169 13964
7 1240 1413 1417 1509 1961 2606 7937
7 1176 1381 1532 2065 2567 3037 8668
7 305 372 394 452 538 894 5664
7 675 1025 1029 1034 1082 2420 5833
7 322 346 380 455 517 673 3103
7 214 593 606 709 868 988 1807
7 312 371 401 455 482 530 3783
7 903 2064 2161 3089 3949 6588 13990
7 312 371 452 455 469 517 1023
7 336 480 492 530 894 1234 5471
7 1141 3099 3221 3273 6801 8037 14001
7 380 465 469 475 534 681 4465
7 296 464 475 520 593 698 3109
7 4621 8386 8477 9621 14000 14015 14026
7 1697 2425 2585 2648 3794 5322 14039
7 491 716 799 1012 1461 1985 6472
7 305 320 327 336 380 459 1571
7 504 2191 2413 2903 3526 7553 14050
7 300 460 469 480 527 681 1240
7 593 703 1089 1146 1929 2124 7580
7 322 460 462 492 529 536 1845
7 921 1845 1999 2507 2815 3969 14062
7 1153 1669 2117 2821 3301 3640 10871
7 1736 2596 2656 2671 3598 6927 14076
7 322 478 695 904 1043 1825 5365
7 338 455 458 460 480 498 1670
7 14091 14097 14098 14099 14102 14105 14116
7 417 520 522 526 675 683 1763
7 1177 2172 2372 2715 4409 5188 14126
7 963 1381 1472 1476 1768 2262 7685
7 1170 1680 1973 2507 3363 4032 14137
7 532 946 950 1025 1038 1171 1844
7 3653 5479 5505 5515 8715 10035 14152
7 612 1089 1145 1152 1654 2262 11366
7 487 859 866 960 1074 1098 2646
7 1163 1518 1983 1986 6364 12659 14176
7 371 492 512 530 695 900 4093
7 914 2175 2364 2369 3493 4086 14186
7 519 1088 1090 1092 1389 1623 3374
7 691 1447 2066 2070 4927 5353 14196
7 2743 4409 4573 4855 5602 9684 14210
7 635 1511 2049 2331 5114 7372 14220
7 5923 8432 8479 9943 10571 11237 14233
7 527 1005 1063 1064 1085 1142 6584
7 14243 14249 14250 14251 14254 14257 14268
7 869 1698 1730 1875 3243 3844 14275
7 14297 14303 14304 14305 14308 14311 14322
7 1413 3090 3429 3444 6402 7005 14333
7 3008 3928 4014 4827 4834 8084 14346
7 1955 3826 4030 4069 5917 8037 14357
7 504 597 701 770 1109 1425 14364
7 1815 3953 5921 6443 11927 14372 14383
7 371 869 950 990 1052 1095 14096
7 434 842 849 1066 1098 1367 5765
7 3320 6484 6756 12295 14397 14400 14411
7 418 527 532 538 708 845 2169
7 371 534 536 894 1036 1237 4388
7 343 460 469 480 522 536 1443
7 1371 2463 2507 2718 3263 4515 14427
7 187 868 871 891 992 1066 3912
7 673 2957 3282 3350 4397 5412 14436
7 480 942 1232 1234 2968 3345 8600
7 299 323 325 326 349 479 2526
7 850 1085 1158 1204 1942 2586 11213
7 482 687 698 770 957 1038 2588
7 438 952 1081 1086 1391 1805 12999
7 455 538 663 673 685 957 3058
7 799 1097 1146 1189 1368 1403 7172
7 597 1096 1237 1403 2549 3180 10276
7 340 460 496 538 686 788 8727
7 1368 2594 2632 2641 3210 3851 12441
7 343 522 525 536 640 781 2079
7 726 1197 1240 1351 1403 1536 4695
7 3416 4188 5299 8979 9633 10443 14485
7 323 517 519 528 674 904 1920
7 294 354 358 462 677 1450 8758
7 486 908 1066 1090 1175 1373 4671
7 526 1034 1038 1180 1581 3059 7600
7 1035 1330 1338 1341 1363 1630 4960
7 532 1391 1536 1766 2968 4380 6932
7 418 601 842 849 946 1100 2755
7 710 1231 1381 1391 1798 2328 6387
7 695 897 961 1383 1423 2076 7350
7 1010 1881 2511 2515 3166 4622 13993
7 598 1039 1081 1113 1634 2016 13986
4 14530 14536 14537 14538
7 482 807 894 963 1170 1186 3330
7 433 708 710 831 894 1100 5184
7 292 433 504 531 683 894 3438
7 527 962 1039 1088 1391 1624 5841
7 950 1368 1506 1511 1976 2122 4032
7 444 1107 1194 1283 1291 1312 7956
0
7 921 1454 1691 1696 3566 4657 14554
7 1216 1417 1460 1504 1805 2722 4447
7 304 338 343 346 522 695 3054
7 954 1988 1991 2604 3227 3722 12453
7 2648 2657 3477 4755 8309 10785 14572
7 480 538 698 700 908 963 2599
7 469 539 685 699 709 1081 4381
7 475 695 702 719 898 1435 3693
7 527 908 943 973 1039 1504 2991
7 2380 3816 4176 4707 7663 10424 14596
7 315 343 346 452 469 525 1444
7 433 623 703 709 1081 1142 4003
7 419 527 533 540 684 894 2119
7 663 1048 1438 1455 1593 2957 14607
7 480 1023 1025 1028 1036 2010 5625
7 889 1753 1956 2262 3182 4600 14623
7 303 320 327 338 449 460 1592
7 527 894 971 980 1235 1506 3333
7 748 1107 1397 1403 1959 1964 9791
7 2024 3444 3473 3692 4045 6230 14640
7 1773 5163 5685 6558 11543 14648 14659
7 390 473 519 525 906 2957 10662
7 326 522 529 537 693 904 2587
7 541 1100 1381 1415 1600 2552 6925
7 319 460 461 462 528 675 1675
7 1369 2640 2641 2820 3180 4640 11681
7 4117 4727 4788 5301 6647 11166 14688
7 480 626 842 850 1142 1372 5096
7 530 799 1034 1171 1177 1188 4171
7 739 1004 1107 1113 1404 2454 6902
7 938 1328 1349 1351 1363 1801 3582
7 217 1039 1109 1142 1386 1864 6127
7 1459 2430 2432 2434 2452 2881 6235
7 825 959 1168 1409 1542 2556 11529
7 344 519 520 526 695 897 3465
7 323 455 459 478 519 695 4610
7 608 908 923 943 973 1177 2332
7 326 904 1028 1033 1535 2205 10728
7 423 608 609 699 703 848 2511
7 711 859 865 950 1113 1240 9020
7 1233 1406 1459 1460 2112 2336 7752
7 412 700 709 727 1053 1234 4963
7 4716 5015 5016 5019 5995 10625 14748
7 460 529 530 538 695 894 5801
7 1074 3394 3395 3396 3411 8176 14764
0
7 1136 1702 1705 1905 3177 3960 10551
7 525 695 906 959 1370 1454 5413
7 294 319 327 338 349 460 695
7 459 517 525 537 674 695 1664
7 418 453 522 532 683 877 3665
0
7 957 1191 1392 1401 1858 1895 5812
7 1081 1866 2688 2958 3438 5352 14795
7 703 1235 1240 1369 1663 1864 3656
7 327 449 460 484 674 958 4601
7 3242 4526 5312 6316 10109 11204 14809
7 3810 6582 8557 9097 11524 13872 14826
7 506 809 823 837 1095 1207 3418
7 1230 1880 1895 2485 3631 4124 14837
7 2650 8908 10233 10747 10845 12697 14853
7 2466 3421 3702 3982 5788 9590 14860
7 922 1109 1110 1122 1213 1852 5319
7 6169 10427 10439 11090 12682 14868 14879
7 5860 11080 13790 14886 14889 14892 14903
7 977 1763 2025 2822 3363 3961 14912
7 1240 1363 1403 1406 1504 2250 5056
7 346 537 542 673 691 788 3367
7 969 1784 1845 2725 4042 4878 14927
7 1624 2590 3220 3808 6977 14934 14945
7 455 1033 1036 1420 2065 2919 10905
7 343 638 695 880 1043 1762 11622
0
7 527 1109 1155 1368 1510 1864 3438
7 322 452 455 458 526 540 1650
7 527 1366 1381 1391 1501 1763 4358
7 4037 6034 6042 6614 11107 11385 14974
7 705 942 950 957 1349 1677 6155
7 909 1240 1338 1342 1360 1663 3584
7 1235 1883 2443 2515 3820 5073 13362
7 14075 14116 14994 14995 14998 15001 15012
7 992 2536 2542 3050 3992 8475 15022
7 1630 2837 3099 3843 5253 6892 14782
7 542 887 894 952 1547 1763 3285
7 450 487 492 675 898 957 2793
7 438 950 1025 1089 1447 2614 15038
7 460 494 498 512 695 1023 10436
7 1942 3715 4011 4104 4711 6021 10454
7 349 456 463 480 505 904 3637
7 683 950 992 1005 1063 1070 2511
7 6688 14619 15058 15059 15062 15065 15076
7 948 1513 1651 1988 2777 3368 13549
7 520 685 697 710 971 1186 2819
7 2668 3919 5190 6439 7542 9642 15094
7 1107 3173 3180 3253 5021 10579 15107
7 695 793 894 992 1600 4176 15117
7 1212 1524 1880 1964 2360 2476 6001
7 532 677 681 685 1038 1097 2957
7 859 1604 1611 2068 2211 3280 11969
7 315 449 455 460 695 899 3153
7 1036 1672 1800 1846 2646 3332 13235
6 4397 15143 15144 15145 15148 15151
7 300 315 317 318 326 397 695
7 4214 7234 7819 7830 11323 15156 15167
7 948 2322 2323 2324 3949 6895 15176
7 3031 3783 3852 3870 4344 5098 15185
7 1518 2991 3433 3698 5053 6230 15193
7 697 866 1063 1066 1155 1961 9840
7 292 426 447 455 527 585 3037
0
7 859 1240 1781 1963 2596 3576 11361
7 1854 2903 3425 4095 4523 4884 15211
7 455 517 536 640 680 781 3356
7 2727 4408 4515 4963 6926 10545 15224
7 2315 4363 4526 6785 6803 7200 15233
7 464 889 1029 1034 1180 1192 4139
7 593 1036 1100 1107 1237 3090 8303
7 459 640 781 957 1237 1664 15244
7 418 449 463 533 845 1053 4622
7 418 530 532 534 683 710 3077
7 455 525 534 538 683 1023 4381
7 684 1107 1126 1374 1772 1975 5817
7 1949 2522 3048 3257 3624 4011 15256
7 460 526 529 540 683 697 3251
7 703 1097 1385 1387 1399 1968 4934
7 532 982 1072 1234 1374 2365 13721
7 478 674 680 695 1033 2528 15275
7 3281 6742 6760 9117 11026 13337 15285
7 612 1230 1403 1495 1506 1962 7868
7 1101 1402 1403 1404 1991 2332 4674
7 3986 7936 9363 9365 9598 9604 15304
7 493 1043 1095 1342 2164 2956 15315
7 1826 4282 4624 6012 7054 11102 15327
7 1929 3211 3304 3566 4107 4348 13082
7 1407 2767 2814 2835 3433 3845 6230
7 511 919 921 942 973 1330 2365
7 942 2777 3265 3274 3526 5138 15346
7 968 1508 1511 1649 1973 2571 11046
7 1396 2100 2635 2784 3960 6355 15362
7 722 908 909 950 1117 1240 1970
7 428 703 709 712 973 1137 2564
7 2011 3045 3816 4285 4526 5115 15374
7 6822 13978 15381 15382 15385 15388 15399
7 1504 3165 3601 4401 5660 6924 12268
7 845 956 969 973 1122 1375 9113
7 532 886 887 894 1089 1366 4831
7 305 338 368 369 373 460 1089
7 894 1956 2110 2160 2443 2618 7591
7 15055 15418 15419 15420 15423 15426 15437
7 3808 8716 8718 9224 10496 11460 15451
7 15465 15471 15472 15473 15476 15479 15490
7 310 460 479 527 635 963 7835
7 6967 13048 13051 13056 13763 15502 15513
7 1039 2727 3464 3916 6121 11354 15528
7 318 455 458 460 540 683 4603
7 308 346 453 455 469 521 2005
7 710 1506 1973 2515 2795 3236 9415
7 849 1052 1063 1064 1088 1375 3243
7 1140 1942 1949 2256 2580 3566 14460
7 536 1032 1035 1082 1171 1900 6647
0
7 2515 5879 6026 6042 6619 8312 15555
7 944 1107 1110 1170 1518 2017 8056
7 455 476 482 487 531 675 2970
7 683 1447 1496 1510 2161 3081 7685
7 1697 2648 2679 2755 4947 5530 15572
7 1122 1401 1954 1960 2585 2791 12412
7 770 1028 1039 1088 1389 1502 5030
7 458 542 593 640 880 1028 3282
7 1179 1661 1669 1844 2188 2199 4885
0
7 1438 2424 2552 2588 2827 4020 9695
7 223 527 703 709 896 1962 5297
7 1089 2455 2558 2604 3702 4438 14526
7 684 1604 1999 2047 3385 5560 15600
7 950 1801 1959 2331 2882 3205 8413
7 3020 5923 6614 8257 10384 11216 12965
7 1772 3089 3782 3792 4621 5555 10402
7 323 380 455 458 469 520 1038
7 1114 1360 1630 1696 2297 3379 8238
7 9213 10110 10380 11928 14864 15624 15635
7 399 519 526 674 905 2509 15643
0
7 809 1844 1861 1959 2696 2903 13801
7 799 908 914 984 1095 1170 7476
7 1839 11692 11714 13357 15129 15659 15670
7 327 453 458 460 526 687 4100
7 1211 1938 2068 2124 3620 4366 13518
7 435 697 748 848 1023 1146 3181
7 322 460 492 496 674 695 2003
7 518 781 788 793 1032 1443 12098
7 455 526 534 640 698 793 9451
7 3736 4996 5556 5749 7594 9444 15706
7 338 450 453 455 482 521 1895
7 956 1824 1959 1962 2463 2718 13170
0
7 1091 1663 1726 2724 3379 4717 15720
7 1370 2328 2343 2344 2920 3831 15727
7 460 542 629 673 781 957 2417
7 12694 12701 12702 12704 12718 15735 15746
7 295 527 609 703 950 1081 2795
7 4860 11100 11108 11671 15609 15756 15767
7 327 479 492 493 522 538 1675
7 1373 3813 4167 4818 7674 10692 15782
7 1265 1926 1942 2504 2810 3465 9001
7 447 699 700 701 848 973 2586
7 466 894 1029 1031 1096 1192 4139
7 204 228 231 418 613 703 3297
7 1029 1472 1671 1921 2587 2962 11332
7 608 850 859 908 973 1113 4275
7 460 538 640 673 680 781 2528
7 3221 6092 6584 7509 8620 9244 15811
7 598 894 976 980 1391 1919 6012
7 299 314 326 338 517 695 3423
7 1349 1417 1630 1748 2766 2844 5719
7 2207 2956 3089 3195 4232 5000 15651
7 3391 8663 8668 9691 10485 14497 15836
7 290 300 304 346 412 459 1089
7 540 1146 1180 1237 1391 2582 6311
7 423 677 697 700 712 957 1973
7 371 952 992 1052 1095 1385 4982
6 308 394 460 462 539 2068
7 3792 5030 5411 5853 6733 10410 15861
7 4030 6617 6618 7310 14526 15868 15879
7 1369 2619 2820 3221 3423 3678 6460
7 2061 3460 4390 5650 8634 15150 15898
7 487 534 702 708 1039 1186 3180
7 412 727 849 894 1405 2261 15906
7 541 889 1088 1089 1723 2120 7842
7 6177 10164 11216 11218 11225 12501 15924
7 294 314 316 319 324 343 899
7 908 969 1032 1035 1330 1360 3185
1 3424
7 344 783 793 894 1604 2506 15692
7 346 526 537 538 675 691 2637
7 710 1113 1146 1237 1360 1511 4683
7 609 973 1080 1107 1412 1943 10885
7 1107 1786 1809 2118 3598 4277 11109
7 1600 2504 3287 3465 7869 9333 15958
7 527 999 1113 1366 2012 5655 15969
7 475 1434 2506 3058 3461 5823 13012
7 310 336 338 346 460 520 1033
7 319 452 455 458 492 526 1234
7 4140 8713 9704 10117 12759 15608 15990
7 492 673 958 973 1366 2410 8525
7 1231 1511 1630 2106 2835 3221 9234
7 799 1035 1171 1176 1197 1636 3407
7 500 674 894 909 1089 1234 5319
7 4765 6928 9349 9897 12389 16005 16016
7 296 319 322 323 449 519 1571
7 334 424 452 455 492 536 1600
7 433 700 894 923 1039 1415 3090
7 423 623 701 703 908 1230 4683
7 228 431 433 596 616 748 1415
7 424 898 972 1028 1434 1441 7138
7 1042 1675 1731 2781 7241 10680 16035
7 697 1066 1142 1370 1704 1778 4887
7 1029 1381 1877 1959 2645 3673 7644
7 292 691 879 880 894 1366 3429
7 1417 2347 2365 2448 2853 3698 12595
7 2036 3267 3429 3812 6258 7135 16055
7 2932 4905 5461 6730 8911 10145 16069
7 834 1171 1188 1197 1504 2135 6100
7 418 540 673 683 849 1080 3244
7 700 1004 1010 1067 1357 1455 4910
7 460 688 711 727 859 1233 3051
7 16094 16100 16101 16102 16105 16108 16119
7 10122 13755 13757 13758 16127 16130 16141
7 524 877 897 902 1038 2007 6107
6 537 686 781 784 899 1449
7 1423 2511 3040 3053 4401 7372 16155
7 1207 1932 1939 1943 3243 3733 10964
7 16176 16182 16183 16184 16187 16190 16201
7 748 1493 1962 1968 2567 3059 13761
7 453 695 783 789 904 2007 5410
7 3566 4105 4107 4109 4117 5508 11571
7 948 1351 1357 1360 1522 1977 3434
6 16225 16231 16232 16233 16236 16239
7 1248 1351 1355 1360 1512 1518 16244
7 3479 4101 4426 8716 9570 11236 16256
7 2682 4298 4780 5591 8417 11344 16269
7 458 538 673 675 695 899 2010
7 5681 11468 11541 11635 13082 16278 16289
7 1959 3667 3670 4690 6400 6727 16298
7 608 1095 1110 1237 2429 2534 10025
7 12756 16315 16316 16317 16320 16323 16334
6 1416 2835 3433 5036 5563 16342
7 572 1113 1397 1418 1811 1834 16346
7 326 519 521 528 894 1496 9659
7 681 1184 1189 1237 2819 4207 9764
7 323 399 449 453 478 519 1388
7 3149 5072 5505 5758 6612 8884 16367
7 691 1369 1380 1845 1975 2830 10892
7 894 1409 1501 1696 2122 2751 10918
7 845 1177 1342 1403 1780 1959 5722
7 360 492 537 673 698 793 2921
7 310 505 532 880 942 1005 4868
7 16398 16404 16405 16406 16409 16412 16423
7 2522 3755 3808 5291 6092 8471 14237
7 3187 5680 6026 6034 8660 16378 16445
7 1717 3435 3703 3864 4580 7719 16458
7 850 2571 2679 2718 2999 6026 16471
7 1406 2250 2328 2767 2851 3444 6040
7 4160 8418 8423 8516 9554 10220 16485
7 4742 16265 16492 16493 16496 16499 16510
7 1039 1680 1763 2250 2594 3423 11722
0
7 311 353 455 459 517 882 9659
7 308 343 404 449 492 540 2077
7 806 1186 1217 1385 1532 3374 10362
7 847 1393 1403 1440 1663 2164 7596
7 372 538 668 673 695 793 7137
7 296 430 484 490 520 536 1366
7 976 1008 1074 1080 2918 3243 9105
7 2084 3448 3450 3453 5213 8854 16534
7 524 695 780 892 961 1089 2504
7 2250 3569 7129 7248 9237 12586 16546
7 950 1162 1204 2392 2564 3616 16553
7 416 532 534 536 950 1176 5841
7 5678 14382 15794 16560 16563 16566 16577
7 295 323 343 360 677 789 2506
7 371 461 480 492 524 674 3180
7 697 1370 1374 1381 1623 1975 5711
7 1039 1640 1660 1757 3037 3666 15796
7 7594 10554 10557 10559 10566 16594 16605
7 2621 2882 3997 4112 7114 8627 16614
7 1835 6084 6548 10370 15914 16622 16633
7 492 1028 1564 1921 4472 4930 16641
7 712 2250 2610 2837 3993 7033 15098
7 1081 2116 2118 2256 2580 3432 7038
7 492 677 950 973 1031 1039 2588
7 675 1170 1177 1191 1446 1845 10031
7 612 1235 1380 1391 2262 2918 12618
7 1102 1134 1240 1397 2404 4187 12940
7 480 697 748 770 1187 1389 6995
7 1532 2195 2368 2830 4145 4664 11018
7 1396 3186 3222 3263 4298 5426 15545
7 1455 2284 2286 2309 2612 3826 16679
7 1008 1404 1454 1504 1877 2029 4042
7 16687 16693 16694 16695 16698 16701 16712
7 848 1233 2005 2647 3010 4215 14431
7 3252 4503 4934 5737 10109 11903 16730
7 3502 8198 8856 9955 9966 14585 16746
7 801 1174 1175 1191 1788 1845 8157
7 1232 1759 1766 1767 3354 4709 16758
7 699 1032 1038 1039 1504 2161 6392
7 2106 2605 3221 3304 4115 4360 16771
6 16780 16786 16787 16788 16791 16794
7 1493 3336 4692 5200 6392 6624 15695
7 1795 2472 2515 3244 6597 10393 16818
7 944 1513 1660 1769 2355 2824 16826
7 383 921 927 946 1370 1763 4963
7 526 799 801 850 1066 1095 2522
7 1026 1647 1664 1675 2633 3173 15101
7 1039 1503 1506 1511 2116 3334 16839
7 430 536 609 612 674 889 4134
7 3221 4115 4133 4270 4711 6310 16847
7 973 1746 1752 1757 2766 3354 8899
7 324 476 479 485 541 832 3280
7 889 1939 2410 3058 4669 6863 16863
7 1089 2526 3182 3449 3756 4890 8883
7 883 2164 2424 2427 2617 3280 6122
7 854 1088 1101 1194 2392 2814 14816
7 460 538 640 673 680 698 2781
7 476 695 777 899 1050 1593 6257
7 3616 6702 7505 7507 9621 10327 16891
7 343 460 519 522 674 784 3687
7 1081 1768 1961 1971 2124 2401 9493
7 295 316 324 343 595 701 6242
7 482 683 710 714 973 1366 3678
7 913 1349 1351 1360 1769 2331 4690
7 1931 2893 2896 2901 3280 6211 13798
7 8707 10164 10460 11219 15456 16914 16925
7 1815 2478 2585 2647 2680 3477 12412
7 293 310 327 372 469 635 1105
7 977 1237 1240 1340 1492 2071 7372
7 3477 8309 9746 10228 11769 16938 16949
7 2315 6807 6815 6816 8224 8253 16958
7 600 1089 1100 1112 1381 1699 7712
7 1240 1403 1794 1799 2328 2345 4375
7 314 517 519 528 683 880 3109
7 677 973 1381 1502 1763 4524 16974
7 2594 3604 3869 3997 6092 7042 16981
7 746 1552 1691 1696 3008 3498 13920
7 419 526 528 539 778 1089 5665
7 915 969 1171 1330 1663 1911 4087
7 933 1349 1351 1355 1406 2326 5329
7 852 1966 2211 2328 2575 3425 9767
7 680 786 793 894 1419 2576 8925
7 17000 17006 17007 17008 17011 17014 17025
7 2211 2903 2910 3195 4491 6487 17036
7 1631 2522 2797 2808 3195 3485 17043
7 848 1504 1623 1869 2383 2521 3705
7 2392 3721 4112 4600 9074 12101 17056
7 748 963 971 1094 1503 1746 6078
7 952 1857 2588 2656 2830 4141 14624
7 2207 6758 7967 9667 12813 17070 17081
7 712 1233 1381 1391 1407 1630 8392
7 418 527 531 673 700 1177 4722
7 748 1136 1171 1209 1787 1999 8030
7 2003 2485 2899 2907 6479 8171 17100
7 834 940 945 969 1110 1265 3646
7 2585 3567 4625 5078 6440 6927 17113
7 491 1095 1170 1461 1779 3029 10145
7 12828 17126 17127 17128 17131 17134 17145
7 2651 4918 7527 9439 10234 17152 17163
7 1195 1518 1524 2458 3704 7179 13083
7 698 908 909 915 1035 1360 2119
7 434 848 887 894 1088 1391 2612
7 415 534 608 703 1177 1397 3346
7 882 1721 1763 1815 2161 2763 17175
7 480 1039 1043 1081 1405 1508 4888
7 843 988 989 992 1074 1835 3427
7 933 1389 1401 1403 2157 2743 5973
7 7627 17189 17190 17191 17194 17197 17208
7 1385 1400 2068 3180 3949 4501 17215
7 319 450 455 459 522 668 1449
7 1767 4093 4296 4393 7100 8071 15837
7 435 542 593 683 703 973 2113
7 320 452 455 458 522 673 1442
7 957 1845 1863 1895 2774 2921 6338
7 517 683 698 788 1038 1447 17232
7 430 992 1081 1142 2580 4033 9269
7 1010 3252 3603 4496 17241 17244 17255
7 522 1034 1038 1461 3851 4636 17265
7 1968 2657 2661 2671 4232 4753 16890
7 768 1053 1097 1122 1803 2349 9949
7 1738 2585 3112 4148 6613 10690 17285
7 317 517 519 698 1066 2010 4816
7 427 697 748 849 1089 1381 3222
7 460 593 683 684 880 971 4704
7 422 683 848 854 1081 1391 3363
7 7752 10324 10467 12152 12574 14022 17304
7 3425 5128 6320 6855 8190 11102 17318
7 295 311 325 326 460 519 1604
7 346 492 520 522 673 695 1391
7 683 904 960 1089 1375 3084 7127
7 492 674 675 676 698 953 5801
7 681 1172 1176 1177 1189 1493 5191
7 948 1461 1630 1651 1895 2331 4355
7 1859 2830 3361 3566 3639 4022 11037
7 616 1089 1415 1624 2393 3975 17329
7 2116 3754 3757 3764 4791 6120 17339
7 720 1082 1095 1100 1136 1695 5530
7 911 1147 1525 1694 1815 2661 11583
7 6907 8957 9482 10127 16680 17355 17366
7 1879 3099 3222 3243 3255 6274 17376
7 1882 2429 2534 2841 3267 3845 12152
7 927 1095 1105 1330 1999 2941 6948
7 492 680 687 693 784 1025 2523
7 991 1801 1877 1903 3395 4963 17394
7 2506 4053 4247 4707 5642 8445 17010
7 728 1366 1367 1369 1510 1934 4112
7 479 897 1000 1067 1397 1595 4471
7 334 455 458 460 519 691 1611
7 1347 2941 2943 2946 4521 6162 17414
7 455 675 897 899 1450 2483 6551
7 936 1368 1455 1482 1699 2612 7108
7 534 698 770 821 1043 1501 14185
7 387 512 525 526 676 695 3783
7 1702 3168 3207 4071 4802 8207 17433
7 5544 8261 9569 10362 14350 17442 17453
7 695 2007 2052 2914 3452 4059 10385
7 534 1034 1035 1036 1171 1366 6171
7 536 973 1037 1082 1240 1446 4225
7 323 680 779 783 1421 2008 5127
7 492 1012 1050 1189 1857 2526 17470
7 285 529 532 593 851 976 1883
7 695 1234 1237 1672 1798 3105 6393
7 700 854 859 909 950 1171 2331
7 1053 1960 1964 2357 3149 4176 17481
7 680 1034 1050 1096 1450 2377 6171
7 1058 1704 1818 1827 2024 2696 17492
7 972 1403 1415 1600 2592 3431 10449
7 1055 1883 1891 2507 4526 7172 17507
7 435 1230 1503 1504 1511 1757 8997
0
7 1146 2567 2580 2801 3438 3691 17059
7 299 338 371 372 480 538 1447
7 308 510 511 548 950 1571 6161
7 2366 7880 8140 8291 9548 10486 17529
7 6161 12197 12813 14075 15132 15823 17544
7 603 1366 1381 1415 1506 2116 5307
7 1406 2722 2766 2767 2835 2879 7937
7 1453 2641 2957 3061 3783 5144 17555
7 17562 17568 17569 17570 17573 17576 17587
7 511 850 858 1066 1375 2331 6414
7 232 505 527 608 850 1142 3998
7 5072 11002 12412 13262 16364 17596 17607
7 4098 7735 8127 8129 8133 8151 15609
