0
0
0
0
0
0
0
0
0
0
0
0
0
0
0
0
0
0
0
0
0
0
0
0
0
0
0
0
0
0
0
0
0
0
0
0
0
0
0
0
0
0
0
0
0
0
0
0
0
0
0
0
0
0
0
0
0
0
0
0
0
0
0
1 0
0
0
0
0
0
1 0
1 0
1 0
0
0
1 0
0
0
1 0
0
0
0
0
0
0
0
0
0
0
1 0
0
0
0
0
0
0
0
0
0
0
0
0
0
0
0
0
0
0
0
0
0
0
0
0
1 1
0
0
0
0
0
1 1
1 1
1 1
0
0
1 1
0
0
1 1
0
0
0
0
0
0
0
0
0
0
1 1
0
0
0
0
0
0
0
0
0
0
0
0
0
0
0
0
0
1 2
0
0
0
0
0
1 2
1 2
1 2
0
0
1 2
0
0
1 2
0
0
0
0
0
0
0
0
0
0
1 2
0
0
0
0
0
2 1062 1368
0
0
0
0
1 1117
0
0
0
0
0
0
0
0
1 3
0
0
1 1609
0
0
1 3
1 3
1 3
0
0
1 3
0
1 1314
1 3
0
1 1433
0
0
0
0
0
1 1574
0
0
1 3
4 434 507 1035 1105
4 59 842 1609 1655
0
0
1 1609
3 199 371 1889
0
0
0
0
0
0
0
0
0
0
0
0
0
0
0
0
0
1 4
0
0
0
0
0
1 4
1 4
1 4
0
0
1 4
1 112
0
1 4
0
0
0
0
0
0
0
1 40
0
0
1 4
0
0
0
0
0
0
3 503 537 1163
0
0
1 1869
3 153 466 640
0
0
1 228
3 307 1188 1619
0
5 68 125 1397 1510 1660
4 390 590 829 1776
11 294 470 498 737 809 1111 1238 1261 1384 1450 1632
10 222 592 698 932 980 1112 1602 1722 1770 1836
17 5 239 394 446 454 466 642 643 723 887 1005 1011 1082 1297 1321 1651 1714
0
2 386 531
4 339 1371 1615 1880
15 93 132 144 218 229 439 448 466 534 561 586 776 1327 1504 1619
0
4 5 64 317 839
2 5 1418
15 5 68 131 153 227 236 466 665 674 675 681 739 947 1404 1619
8 669 792 1000 1014 1024 1311 1325 1548
0
1 5
9 22 138 809 818 917 1557 1623 1710 1881
0
16 5 21 139 153 359 537 791 803 903 921 1034 1188 1553 1643 1698 1776
11 267 310 378 466 573 654 809 942 1191 1709 1836
8 140 141 218 471 1188 1235 1315 1317
0
11 68 197 218 356 533 888 980 1137 1615 1632 1782
5 90 469 1412 1501 1504
3 339 1632 1770
8 313 328 390 636 726 1228 1504 1830
5 311 592 756 1504 1556
24 75 124 127 397 495 592 619 746 757 760 809 980 981 1037 1166 1182 1188 1285 1426 1450 1632 1644 1651 1818
7 372 394 566 723 1325 1418 1821
4 5 392 394 834
14 64 68 131 537 839 840 956 980 1313 1329 1333 1476 1591 1651
29 64 131 285 304 317 352 388 394 446 498 592 652 654 665 707 717 829 887 964 975 1080 1371 1383 1437 1580 1651 1692 1722 1867
9 64 466 498 705 968 1277 1632 1760 1770
11 217 307 363 386 446 448 498 537 1186 1371 1836
17 83 153 218 317 448 654 665 829 839 1024 1371 1424 1439 1504 1615 1690 1836
54 43 44 121 131 138 144 197 216 239 254 267 317 318 339 365 373 387 390 427 439 441 446 448 463 465 502 543 586 636 641 654 665 674 675 797 809 811 887 888 917 932 980 1009 1155 1181 1207 1291 1325 1418 1450 1457 1588 1604 1776
0
1 6
0
0
0
0
10 45 68 128 144 339 829 887 1010 1652 1856
1 6
16 6 115 197 209 439 600 675 723 791 932 1034 1114 1140 1318 1325 1643
1 6
37 35 71 125 144 213 215 222 227 267 359 386 439 586 636 637 669 674 675 698 723 726 791 814 891 905 932 1034 1179 1334 1404 1418 1450 1548 1595 1615 1643 1880
0
2 6 1378
0
0
58 6 9 11 22 93 125 131 138 140 141 197 212 227 239 267 339 390 420 470 577 586 592 627 636 669 674 698 726 739 746 751 756 792 817 818 839 888 903 917 958 1014 1024 1034 1039 1085 1137 1188 1261 1366 1380 1404 1412 1473 1632 1710 1722 1768 1770
5 22 328 378 1436 1635
0
27 22 50 239 241 307 328 356 470 642 698 726 739 756 792 887 918 1137 1235 1313 1404 1412 1469 1557 1619 1636 1643 1837
1 1261
1 809
10 27 150 531 652 675 756 1261 1371 1450 1490
0
2 169 681
0
2 1014 1709
9 6 297 394 397 561 611 903 981 1384
0
4 125 358 640 1028
0
2 1011 1384
0
6 64 530 969 1019 1697 1722
0
0
0
0
1 902
0
0
3 760 792 1548
3 938 1306 1548
0
26 39 105 116 259 294 332 359 386 640 652 669 739 760 798 838 903 908 1211 1315 1317 1345 1361 1365 1622 1723 1880
20 51 93 141 216 250 331 397 446 469 470 531 561 640 650 1011 1014 1311 1713 1776 1880
1 1548
0
0
0
0
2 7 247
0
16 140 285 317 359 397 791 932 980 1094 1137 1285 1296 1313 1320 1325 1580
0
0
5 98 124 561 642 1753
1 7
1 7
1 7
1 1861
1 216
1 7
1 1423
0
1 7
0
4 948 968 1311 1623
0
0
3 252 975 1504
0
4 372 498 1583 1692
0
1 1315
1 509
2 7 213
1 1710
0
2 269 365
0
0
0
0
0
5 94 1238 1443 1619 1629
0
1 1238
3 1142 1184 1811
1 1720
6 8 124 174 236 942 1336
15 134 294 324 765 888 1024 1212 1364 1389 1452 1520 1521 1609 1665 1800
8 186 228 258 307 643 876 1414 1786
0
0
5 29 640 1128 1177 1833
9 8 529 704 960 1032 1160 1440 1621 1654
6 8 31 139 279 1652 1656
1 8
7 320 445 583 992 1035 1241 1510
1 1831
3 8 770 1542
0
8 223 422 729 1019 1130 1714 1757 1824
5 8 1112 1129 1302 1655
0
11 236 402 988 1035 1142 1279 1396 1397 1413 1653 1655
5 89 578 1142 1362 1810
9 163 416 575 707 789 1184 1590 1820 1877
0
0
2 1374 1487
1 754
0
2 1035 1183
1 8
0
3 1165 1184 1400
0
1 1299
5 507 796 803 1510 1607
0
24 131 138 144 225 231 267 311 328 363 631 654 674 746 771 818 1011 1188 1418 1457 1501 1520 1651 1692 1710
16 139 197 216 227 356 372 665 746 818 942 1041 1166 1248 1486 1595 1818
2 304 845
17 146 448 634 652 655 739 887 1179 1228 1277 1311 1317 1412 1476 1644 1652 1821
11 22 311 365 500 746 1452 1557 1588 1595 1676 1692
1 9
71 9 18 93 115 124 125 140 202 213 217 235 285 289 333 363 372 390 469 485 495 531 534 568 590 592 619 632 642 681 723 757 792 834 886 981 1034 1148 1166 1179 1180 1186 1228 1235 1277 1285 1297 1313 1315 1317 1334 1375 1437 1472 1476 1501 1510 1514 1522 1556 1557 1565 1580 1593 1595 1644 1652 1709 1818 1821 1856 1858
3 9 1114 1490
0
35 43 127 169 176 250 285 308 363 365 387 495 518 551 619 674 834 956 964 1033 1043 1075 1181 1186 1235 1266 1334 1476 1556 1570 1580 1588 1644 1683 1821 1856
18 9 44 83 218 356 590 756 793 956 1014 1114 1325 1437 1451 1519 1619 1709 1818
106 42 43 44 68 71 83 90 127 129 139 169 213 216 217 227 239 250 311 328 359 378 387 394 397 420 435 439 448 481 495 534 550 557 566 586 600 619 627 636 643 652 669 681 698 705 726 737 739 757 760 811 834 840 864 888 932 935 942 947 956 964 968 1011 1037 1038 1082 1161 1179 1181 1185 1186 1228 1257 1261 1277 1285 1291 1308 1327 1329 1334 1366 1378 1418 1426 1445 1450 1457 1488 1501 1525 1548 1553 1556 1588 1591 1600 1612 1623 1643 1667 1765 1768 1832 1836 1856
5 153 611 1114 1426 1723
15 9 64 75 217 222 267 382 502 600 705 964 1329 1384 1426 1623
5 44 155 304 1490 1520
5 420 1037 1196 1321 1517
4 1019 1045 1166 1320
4 26 304 1034 1608
0
2 158 746
39 40 43 71 115 138 169 222 259 294 332 420 441 446 454 465 498 502 600 621 652 654 675 688 705 816 817 902 947 1137 1307 1317 1320 1327 1366 1408 1412 1557 1580 1776
6 22 83 471 665 840 1285
0
1 378
6 9 471 967 1074 1114 1423
0
17 27 54 71 259 269 313 372 691 734 817 1019 1155 1239 1320 1321 1409 1642
4 1018 1565 1760 1766
0
12 285 573 817 840 845 948 1207 1277 1333 1437 1528 1692
13 228 533 566 723 947 1024 1082 1207 1371 1553 1604 1760 1855
36 40 85 90 115 119 121 225 269 286 313 348 441 458 503 537 611 811 834 902 948 1031 1155 1238 1318 1327 1334 1366 1370 1407 1416 1429 1490 1723 1736 1813 1880
2 284 472
7 797 1315 1373 1395 1565 1595 1771
1 842
2 1457 1714
4 10 50 503 1760
1 1385
6 427 503 1343 1486 1565 1628
0
0
1 1714
8 10 509 706 838 842 1236 1324 1805
90 10 15 27 35 50 75 90 121 127 128 140 141 143 161 169 197 208 219 225 229 236 250 259 269 293 317 326 330 331 359 376 387 388 397 408 427 441 451 455 462 465 501 509 553 576 577 619 634 636 640 643 683 771 791 800 803 814 827 835 903 958 981 1037 1046 1094 1140 1155 1213 1223 1235 1269 1291 1318 1329 1345 1486 1591 1604 1644 1646 1652 1697 1710 1723 1729 1732 1837 1839 1851 1868
7 10 179 894 975 1175 1533 1604
3 603 711 1488
2 1249 1284
5 10 225 902 1378 1591
0
10 427 819 924 927 1019 1142 1221 1245 1334 1488
1 10
2 975 1649
0
0
0
3 1326 1359 1397
16 35 47 91 173 339 434 507 691 707 735 803 881 1111 1490 1698 1889
4 324 424 1243 1460
0
1 229
0
3 10 198 1881
9 427 547 570 842 953 1022 1537 1881 1888
11 130 313 318 509 577 968 1003 1281 1345 1488 1861
0
0
2 27 1197
3 464 1117 1156
38 11 44 124 128 176 212 254 281 356 363 373 388 454 469 534 566 611 756 757 829 888 1028 1094 1181 1182 1220 1291 1297 1313 1317 1383 1451 1514 1615 1709 1782 1823 1830
10 11 105 169 282 495 926 958 1182 1186 1592
39 11 50 93 125 176 294 304 318 332 386 388 471 533 631 717 750 751 792 818 875 1014 1085 1176 1182 1297 1347 1383 1423 1436 1437 1583 1651 1690 1692 1768 1782 1830 1836 1856
22 162 261 420 439 465 626 707 737 876 1008 1094 1207 1241 1258 1321 1336 1436 1494 1580 1643 1714 1837
6 301 378 1076 1557 1595 1690
32 11 128 144 209 254 331 332 373 454 698 726 751 755 757 811 840 958 1028 1138 1181 1336 1366 1380 1404 1424 1452 1604 1768 1818 1821 1826 1837
0
6 627 760 1028 1670 1717 1723
28 11 127 289 305 373 392 485 502 551 619 631 634 641 705 751 797 814 1026 1082 1085 1137 1380 1412 1423 1449 1451 1522 1861
20 228 231 450 627 725 737 798 1336 1386 1436 1476 1525 1583 1588 1593 1636 1644 1754 1786 1861
46 35 146 229 257 434 444 539 562 583 585 617 771 798 802 846 876 886 915 979 983 991 1096 1111 1112 1146 1163 1184 1226 1259 1273 1327 1352 1364 1398 1410 1414 1419 1475 1477 1510 1553 1574 1602 1641 1800 1889
17 26 212 294 307 318 388 561 776 903 1019 1253 1277 1383 1426 1690 1782 1786
17 18 83 217 235 631 642 847 917 1024 1085 1111 1163 1329 1424 1445 1525 1869
13 586 595 691 798 838 935 1267 1315 1318 1345 1430 1445 1521
14 26 121 141 333 507 706 838 869 886 935 1238 1397 1565 1800
29 39 71 95 150 186 241 249 269 531 533 600 634 717 737 797 964 1160 1254 1340 1364 1388 1452 1499 1521 1527 1547 1698 1720 1869
3 324 1414 1520
21 146 297 691 803 886 935 956 1140 1160 1241 1245 1320 1365 1521 1522 1593 1628 1720 1811 1860 1865
1 231
35 11 43 75 90 116 141 212 324 331 385 387 465 641 669 751 771 784 817 978 1037 1118 1140 1196 1266 1329 1365 1366 1380 1514 1561 1652 1714 1720 1757 1866
28 18 26 127 231 254 285 289 304 441 470 485 492 495 573 641 839 905 911 942 1228 1235 1266 1424 1451 1469 1636 1671 1697
39 128 213 218 329 330 333 382 392 427 499 684 694 707 811 845 937 943 969 1028 1085 1094 1155 1196 1218 1298 1311 1364 1375 1378 1407 1445 1522 1604 1612 1636 1683 1713 1765 1880
14 50 140 551 717 757 834 876 905 948 1011 1075 1408 1623 1786
18 212 297 358 370 835 1075 1080 1112 1196 1213 1261 1414 1476 1525 1556 1620 1665 1710
6 297 382 902 1425 1630 1760
18 115 124 153 228 235 250 289 333 627 643 706 801 1082 1469 1485 1570 1600 1820
0
0
0
0
0
4 765 936 1195 1881
0
0
0
0
0
0
0
5 355 422 476 681 999
0
0
0
0
2 12 1036
0
0
0
0
0
1 12
1 12
1 12
1 944
0
2 12 1689
0
0
1 12
0
0
0
0
0
0
0
0
0
1 1510
1 12
0
0
0
0
0
0
18 29 56 186 223 371 382 688 765 907 1103 1314 1321 1328 1518 1570 1820 1832 1869
0
3 202 1097 1770
3 13 1271 1655
4 40 371 1359 1377
6 150 583 1160 1286 1393 1614
1 523
3 199 583 1780
3 908 1245 1389
1 13
5 13 223 908 1177 1884
3 13 440 1088
0
3 166 210 1314
1 13
15 223 402 478 563 688 700 960 1064 1105 1438 1440 1611 1686 1811 1889
8 348 578 579 1177 1440 1602 1638 1757
2 13 578
0
11 713 765 934 960 984 1177 1208 1342 1530 1734 1757
1 1609
2 29 778
0
5 134 578 1270 1655 1843
0
0
0
0
2 13 1070
0
3 906 1413 1654
2 896 908
0
5 601 931 1162 1184 1429
0
0
1 1600
0
0
0
0
0
10 116 386 435 642 1039 1285 1296 1350 1553 1776
0
0
5 138 217 392 1161 1473
0
14 71 116 202 387 388 534 968 1380 1514 1519 1570 1593 1612 1765
1 14
0
0
0
0
1 552
1 14
1 14
2 14 332
0
0
1 14
0
1 18
2 14 840
0
0
0
0
0
0
0
4 969 1148 1375 1415
0
0
1 14
0
10 121 139 209 313 481 631 791 1207 1713 1818
0
0
0
0
61 15 27 35 45 105 152 209 222 235 259 311 330 340 352 363 365 420 435 485 500 502 551 577 580 657 751 803 817 845 876 916 938 958 967 969 1037 1053 1093 1140 1148 1166 1186 1248 1266 1291 1296 1313 1369 1375 1469 1600 1612 1646 1665 1683 1697 1713 1765 1800 1821 1837
36 15 44 55 146 176 232 241 330 358 435 462 465 509 818 981 1031 1045 1155 1161 1182 1196 1228 1239 1245 1248 1383 1451 1457 1528 1583 1591 1649 1723 1757 1768 1839
36 15 18 43 88 90 96 128 241 308 373 462 469 472 481 634 706 811 814 857 967 988 1045 1239 1248 1257 1275 1312 1336 1426 1486 1565 1636 1683 1733 1839 1858
4 195 1031 1839 1861
16 186 229 250 500 529 707 988 1075 1130 1269 1384 1499 1621 1722 1732 1783
1 15
4 540 969 1045 1239
33 212 231 308 331 352 372 441 462 472 481 550 600 632 967 988 1026 1033 1038 1094 1166 1179 1185 1254 1257 1307 1514 1528 1612 1765 1790 1851 1867 1873
17 15 26 143 219 235 472 488 935 1026 1109 1223 1266 1320 1327 1499 1691 1840
0
38 21 39 236 310 333 445 471 568 626 627 776 891 905 938 958 1028 1038 1081 1142 1163 1307 1336 1397 1452 1491 1521 1522 1525 1556 1566 1665 1771 1782 1820 1823 1832 1833 1838
13 21 309 450 597 1008 1038 1084 1125 1239 1414 1523 1576 1832
11 269 634 734 938 964 1026 1176 1375 1408 1494 1499
3 308 1378 1671
9 85 176 358 755 1031 1233 1373 1588 1851
1 1667
0
2 352 867
16 143 307 310 492 776 852 1008 1009 1032 1307 1348 1469 1636 1660 1694 1856
1 15
4 956 1185 1424 1851
0
90 35 45 51 85 93 115 129 202 213 216 225 254 318 326 328 330 390 463 500 502 531 537 550 551 568 576 590 632 641 683 705 734 750 767 793 798 819 829 839 891 894 902 914 947 1000 1008 1033 1035 1039 1043 1068 1080 1082 1140 1148 1161 1176 1180 1212 1248 1291 1296 1333 1345 1391 1404 1409 1436 1437 1445 1449 1450 1451 1473 1488 1497 1501 1504 1528 1591 1615 1676 1683 1713 1717 1766 1837 1861 1864 1870
0
18 94 450 566 643 728 797 891 1032 1279 1494 1509 1525 1590 1621 1658 1724 1736 1831
31 85 133 139 261 282 310 313 373 376 450 492 557 755 819 857 916 967 1185 1257 1266 1321 1373 1407 1593 1697 1765 1809 1823 1830 1839 1860
8 99 281 402 584 1408 1440 1607 1747
16 219 281 308 422 637 948 1005 1087 1407 1443 1607 1621 1653 1666 1800 1871
20 41 179 201 266 402 554 630 637 688 710 759 793 843 935 1197 1284 1359 1607 1654 1770
7 16 239 536 892 938 1409 1628
30 21 94 261 283 371 434 457 562 673 704 720 842 921 977 1005 1105 1212 1302 1328 1413 1440 1456 1526 1542 1574 1602 1609 1654 1811 1820
1 1216
1 1479
4 148 530 588 1005
0
17 16 132 163 219 576 750 771 819 857 886 960 1196 1223 1282 1364 1396 1628
14 16 401 527 530 860 1009 1211 1258 1314 1408 1413 1443 1542 1574
19 16 229 456 585 603 704 765 770 1212 1241 1269 1271 1390 1396 1494 1521 1558 1637 1771
4 188 1149 1441 1667
17 47 342 483 503 530 562 637 722 936 960 997 1183 1198 1542 1621 1730 1799
1 16
1 1771
0
8 16 561 714 715 833 1032 1039 1324
0
1 686
1 1409
5 163 438 585 1243 1845
2 119 1293
5 120 936 1096 1157 1541
0
1 112
0
1 1381
11 16 45 47 186 908 1158 1195 1252 1443 1629 1667
6 758 918 1096 1115 1195 1854
15 109 150 281 355 366 546 681 688 706 765 921 936 1002 1096 1117
0
0
0
0
0
0
0
0
1 398
2 770 1431
0
0
0
0
0
3 17 939 1290
3 847 1211 1785
0
25 47 66 94 132 261 316 323 411 458 573 670 713 847 1112 1162 1258 1262 1420 1590 1655 1675 1736 1796 1801 1831
0
0
1 17
1 17
1 17
1 1162
0
1 17
0
0
4 17 633 1269 1284
1 1078
1 699
0
0
0
0
0
0
1 1828
0
11 17 835 847 1026 1038 1280 1359 1373 1569 1736 1860
0
0
0
0
0
1 549
6 18 75 227 463 793 1766
5 533 550 611 1033 1786
2 83 1867
3 942 1163 1717
23 42 129 236 358 463 485 501 621 655 674 988 1041 1085 1176 1180 1297 1380 1514 1519 1592 1600 1612 1671
1 631
6 42 968 1124 1635 1676 1867
15 27 51 241 472 540 553 626 814 845 969 1045 1254 1671 1768 1851
2 1041 1080
3 42 533 1790
0
13 18 146 553 632 911 1033 1254 1275 1307 1378 1469 1592 1823
5 51 470 1181 1676 1722
0
2 917 1114
0
20 116 471 485 500 501 534 550 655 857 911 981 1180 1185 1497 1592 1593 1635 1697 1713 1790
0
0
1 33
1 1012
0
13 29 179 476 515 545 711 1221 1324 1376 1430 1586 1648 1754
0
5 479 779 1072 1745 1754
0
0
4 82 570 658 736
2 345 1022
8 193 570 668 848 854 1022 1057 1711
8 161 232 248 540 731 926 996 1395
0
3 1175 1460 1585
1 19
0
1 528
0
1 865
0
1 19
1 19
2 19 1303
0
0
12 19 82 96 215 255 476 570 696 781 827 1192 1860
0
1 1460
1 19
2 1072 1435
0
0
1 288
0
1 82
1 1396
4 82 808 1072 1760
0
7 396 467 491 549 1072 1664 1803
1 19
1 1119
8 187 201 563 587 861 904 1059 1460
0
0
0
2 201 753
13 31 179 223 320 412 530 703 950 1117 1195 1362 1389 1429
2 177 1814
1 20
14 60 167 407 563 578 638 962 1092 1175 1230 1364 1520 1546 1696
1 796
6 348 628 637 682 1088 1712
19 163 194 440 445 662 738 796 822 963 1030 1152 1197 1440 1590 1607 1742 1794 1810 1833
11 89 215 277 770 1183 1362 1389 1559 1629 1665 1831
23 20 89 95 158 185 320 324 478 529 563 704 796 869 1088 1211 1259 1372 1429 1611 1703 1754 1888 1889
6 20 501 732 960 1088 1869
2 20 1789
2 679 896
16 95 272 422 440 478 505 589 836 995 1129 1134 1259 1270 1764 1833 1871
3 20 424 478
0
0
3 20 1270 1888
19 201 312 395 440 708 895 898 940 1049 1128 1130 1259 1343 1441 1500 1512 1611 1667 1871
0
0
1 1131
0
0
5 135 296 416 735 1441
5 29 976 983 1343 1509
0
6 98 246 247 286 1314 1368
3 20 1354 1361
1 1070
2 286 1368
1 1189
0
0
0
1 21
5 568 737 938 1452 1670
0
2 21 1660
12 54 202 310 576 729 887 1473 1570 1660 1698 1782 1832
0
3 611 1709 1812
3 55 365 1763
0
0
1 1547
5 492 1250 1485 1547 1810
0
14 281 297 348 450 712 1067 1105 1160 1208 1417 1517 1630 1757 1761
1 21
3 416 1081 1368
3 801 1191 1717
0
48 75 121 279 306 317 320 385 391 438 458 463 481 557 655 729 875 882 918 921 975 1080 1112 1162 1183 1311 1318 1365 1395 1396 1397 1414 1419 1445 1485 1497 1547 1549 1608 1614 1629 1635 1649 1653 1660 1690 1695 1790 1810
0
3 112 249 1574
13 228 462 577 632 918 1008 1179 1182 1391 1436 1670 1855 1858
16 40 62 301 318 361 466 557 717 864 1043 1046 1128 1238 1409 1486 1656
15 26 55 209 231 326 356 553 967 1190 1501 1632 1671 1683 1766 1858
1 1345
5 22 263 431 936 1139
4 51 917 1163 1670
4 657 734 1275 1316
24 131 132 215 241 254 352 378 382 392 394 448 517 800 864 1010 1093 1191 1333 1383 1424 1439 1490 1676 1838
3 1003 1218 1583
7 129 235 408 435 518 1423 1449
0
22 24 41 375 402 438 511 585 688 729 955 1173 1268 1385 1407 1410 1438 1541 1586 1611 1633 1654 1809
11 41 602 637 775 1216 1225 1480 1541 1649 1809 1871
0
9 157 268 341 594 672 915 1178 1243 1846
0
3 686 1222 1772
7 60 114 160 1022 1127 1346 1586
4 620 1304 1787 1809
0
0
0
4 60 189 1290 1537
1 23
23 130 155 174 282 458 476 632 686 694 724 793 832 864 1046 1069 1175 1180 1243 1249 1330 1402 1537 1753
1 1464
10 226 280 374 686 743 807 843 1290 1438 1653
0
0
1 23
9 23 292 467 507 555 694 1216 1753 1850
4 23 108 897 1290
0
0
1 23
1 962
3 190 1788 1815
3 23 354 1015
2 486 773
3 1062 1231 1859
2 288 962
3 1059 1263 1432
0
2 528 1803
0
23 45 252 259 288 355 461 591 694 816 823 841 896 916 1064 1072 1074 1157 1302 1370 1479 1537 1538 1698
7 60 148 288 402 514 1410 1438
6 133 148 221 933 1564 1752
6 23 119 368 459 555 1803
7 133 148 438 576 1340 1389 1753
2 555 1047
8 41 102 555 1152 1493 1506 1678 1841
0
47 31 48 80 98 163 167 202 252 275 355 439 464 585 606 630 686 772 869 941 944 955 974 983 992 1010 1062 1097 1117 1122 1132 1195 1308 1340 1361 1399 1441 1479 1487 1491 1541 1577 1602 1719 1720 1732 1871 1881
0
12 59 174 347 418 562 896 991 1004 1374 1485 1622 1797
10 39 73 81 249 683 750 1108 1130 1212 1839
2 98 1405
6 478 578 598 789 796 915
8 186 552 658 991 1059 1133 1546 1596
30 24 143 176 207 266 330 333 350 396 397 602 607 614 630 648 711 733 819 842 916 1249 1373 1375 1454 1479 1486 1519 1600 1621 1822
3 24 1457 1646
10 24 232 252 694 821 1039 1120 1213 1435 1449
25 47 162 199 249 335 407 422 434 445 603 622 735 762 802 878 927 992 1035 1053 1076 1211 1284 1302 1343 1838
3 130 1391 1717
4 24 894 1258 1398
25 28 130 358 388 469 483 609 621 626 683 739 801 881 891 894 980 1003 1041 1156 1248 1338 1395 1407 1553 1796
0
2 24 800
2 137 927
0
3 248 789 1539
15 133 179 286 490 711 779 843 955 1221 1278 1470 1546 1633 1787 1803
2 266 1236
7 604 802 1174 1419 1494 1796 1832
3 754 1656 1875
46 96 97 208 266 281 371 375 457 528 549 584 602 628 630 827 927 936 943 955 983 1097 1105 1145 1149 1164 1236 1243 1249 1253 1279 1300 1410 1438 1537 1542 1546 1607 1611 1638 1646 1732 1759 1771 1783 1820 1866
0
0
11 24 188 210 704 735 944 1142 1269 1614 1715 1869
7 210 429 483 795 852 1467 1777
0
0
3 1031 1419 1614
0
1 1527
2 188 672
8 210 430 881 944 1064 1097 1103 1586
3 112 400 1048
1 69
1 1103
6 651 925 1103 1203 1314 1814
9 188 257 421 523 638 1005 1062 1289 1814
4 112 257 709 1361
3 25 1010 1852
23 247 257 416 450 467 530 556 617 638 716 725 881 918 1070 1097 1103 1368 1483 1491 1497 1622 1814 1824
0
0
4 112 210 395 449
0
2 25 952
1 25
2 25 1641
6 247 706 1056 1161 1296 1855
0
1 25
0
6 177 395 504 1102 1431 1666
12 25 63 162 175 246 400 617 638 997 1352 1491 1698
1 1203
0
3 400 1715 1740
0
10 210 257 400 449 527 1103 1203 1392 1666 1825
1 232
4 814 859 1324 1868
0
0
0
1 25
0
5 421 449 725 944 1203
0
0
0
0
14 129 282 726 816 905 911 1223 1257 1308 1317 1416 1488 1522 1590
0
21 54 155 195 329 435 467 483 492 501 801 816 926 1038 1046 1175 1216 1312 1340 1416 1487 1851
9 85 376 540 621 755 835 926 1233 1755
0
12 289 301 331 376 953 1093 1416 1439 1569 1570 1656 1729
7 329 1012 1312 1517 1608 1610 1659
0
8 26 297 308 326 472 1233 1608 1732
10 54 96 143 458 962 1152 1561 1592 1633 1747
20 116 301 355 787 797 937 948 1026 1034 1045 1075 1207 1223 1275 1298 1308 1439 1472 1528 1643
18 164 219 359 536 684 691 886 924 979 1074 1218 1312 1386 1430 1517 1826 1865 1873
25 99 119 162 225 248 314 491 552 554 572 658 753 779 784 838 953 1009 1079 1152 1387 1561 1633 1648 1809 1865
11 99 329 536 979 1213 1365 1416 1472 1502 1518 1865
5 33 491 924 1305 1866
22 33 385 595 684 755 835 876 988 1074 1155 1160 1233 1269 1340 1373 1386 1499 1580 1670 1747 1823 1826
40 146 199 279 324 456 480 496 566 738 802 846 875 924 937 1064 1130 1177 1198 1208 1212 1221 1226 1241 1273 1279 1292 1393 1398 1410 1433 1555 1569 1628 1653 1707 1725 1732 1747 1756 1813
0
0
2 932 1657
15 39 293 658 793 800 903 947 1000 1005 1297 1333 1473 1533 1813 1860
1 27
1 845
5 222 286 710 1062 1197
1 603
1 1415
1 590
5 305 413 1766 1868 1873
0
9 206 503 523 617 1117 1211 1361 1559 1622
14 177 198 370 424 770 885 913 992 1111 1129 1443 1520 1828 1872
1 28
2 28 1876
1 28
0
2 877 1874
1 28
2 464 997
0
1 28
11 59 198 199 257 416 710 714 1352 1491 1509 1559
12 98 449 527 710 725 907 910 973 1062 1070 1352 1559
0
21 94 130 135 198 284 286 320 473 539 617 638 833 1146 1362 1368 1385 1509 1658 1754 1830 1888
6 91 247 400 925 1666 1855
0
0
5 270 635 925 1097 1491
0
4 246 421 1267 1527
2 28 152
10 173 284 464 523 722 1032 1343 1446 1715 1814
0
1 173
0
0
0
13 89 223 407 527 562 850 866 1096 1123 1273 1638 1665 1715
36 47 92 134 279 340 395 422 456 507 575 584 585 642 735 759 789 860 944 1076 1156 1208 1259 1271 1273 1299 1374 1393 1408 1413 1455 1602 1731 1769 1813 1824 1833
14 29 33 403 714 865 889 924 1012 1241 1245 1312 1561 1845 1866
2 780 852
0
4 147 583 1352 1372
2 371 1374
0
19 59 134 174 348 539 854 984 992 1084 1128 1258 1271 1347 1398 1559 1569 1630 1764 1810
40 55 173 446 539 552 563 568 650 729 750 754 827 852 907 984 1003 1010 1084 1146 1156 1158 1165 1173 1252 1328 1342 1487 1547 1548 1575 1619 1630 1649 1717 1762 1780 1786 1831 1838 1843
13 40 106 109 119 201 344 603 649 798 927 1087 1347 1385
4 195 248 366 1598
3 433 890 1347
1 29
3 194 522 1796
29 56 66 183 325 370 396 451 452 467 523 620 710 711 736 753 767 825 1040 1072 1361 1460 1533 1586 1622 1686 1754 1805 1845 1850
5 529 1153 1377 1608 1873
14 46 445 451 672 869 875 1084 1226 1236 1299 1376 1499 1526 1828
5 89 194 907 1343 1362
0
23 31 155 174 306 416 438 575 714 777 846 1069 1088 1146 1171 1184 1258 1299 1389 1396 1425 1518 1780 1845
12 135 167 288 491 579 808 915 962 1149 1157 1531 1764
1 1735
1 114
4 108 114 167 1001
12 30 56 148 282 464 576 650 680 1069 1180 1776 1850
0
28 143 179 208 528 549 554 570 699 779 802 808 865 943 989 1064 1092 1165 1243 1279 1400 1420 1431 1496 1518 1523 1564 1638 1639
1 426
11 56 424 456 579 699 808 1059 1359 1433 1464 1475
14 41 53 60 99 396 628 699 796 1119 1132 1464 1564 1686 1803
1 30
3 30 98 1780
19 30 95 96 135 401 407 672 1049 1126 1149 1158 1222 1393 1431 1441 1611 1637 1641 1689
5 552 975 1115 1118 1581
0
2 30 263
5 302 451 810 828 1541
0
1 30
0
5 184 429 440 543 606
17 263 478 510 554 579 628 712 861 1090 1119 1127 1132 1284 1464 1546 1568 1828
4 258 651 915 1222
2 340 896
2 114 1230
3 132 598 1523
0
0
0
1 30
0
0
0
3 438 606 1735
0
13 248 479 700 865 904 953 1012 1132 1133 1221 1448 1801 1845
3 429 778 1542
0
1 31
1 1560
5 606 908 1087 1270 1319
17 31 412 434 444 638 759 860 984 1256 1286 1352 1413 1429 1433 1658 1824 1889
0
1 1096
1 1342
12 66 320 610 713 906 1008 1328 1376 1590 1620 1637 1879
1 1846
0
1 399
2 906 1150
1 1204
1 1342
3 31 401 1331
1 575
2 1475 1509
0
0
3 567 770 1372
0
1 272
0
1 1719
1 1344
0
1 157
0
1 1078
1 1435
0
16 161 479 509 700 759 854 1109 1127 1303 1307 1339 1395 1564 1586 1733 1805
27 54 133 476 554 624 736 779 781 784 870 904 954 996 1109 1175 1218 1225 1249 1340 1430 1561 1648 1664 1787 1801 1865 1871
7 33 345 668 847 934 1278 1840
4 490 848 1012 1135
6 85 329 540 937 1233 1745
6 33 232 490 603 1385 1745
13 195 366 490 784 848 926 996 1192 1286 1310 1648 1720 1840
27 341 488 595 620 691 700 711 736 830 832 838 848 955 979 1015 1043 1058 1152 1225 1337 1430 1438 1696 1733 1800 1811 1840
1 668
8 96 191 206 1016 1225 1233 1249 1571
7 374 515 684 1218 1386 1517 1620
2 54 865
3 748 781 1303
1 668
11 345 490 496 515 755 870 880 1059 1109 1213 1691
1 483
16 33 161 545 633 721 731 779 854 904 996 1012 1303 1395 1494 1628 1711
4 82 491 730 1736
7 366 406 545 697 827 1430 1664
8 488 496 800 870 1376 1691 1840 1868
1 340
7 488 515 668 1213 1454 1733 1745
6 496 657 870 1306 1517 1608
2 511 1189
5 605 824 997 1400 1764
1 1808
0
11 162 283 312 345 424 602 832 1079 1381 1648 1664
1 34
0
0
2 56 927
0
0
4 34 504 1372 1719
1 34
1 34
7 108 221 312 699 861 1460 1673
0
2 34 1801
1 166
1 1589
3 34 1199 1498
2 618 1464
0
0
2 1289 1403
1 1711
0
1 934
1 1119
0
1 934
1 34
0
0
0
0
1 970
0
20 120 312 444 581 583 662 704 861 1067 1092 1133 1208 1252 1253 1278 1286 1461 1530 1654 1877
5 457 679 1189 1390 1647
8 499 620 708 844 1267 1273 1370 1746
13 120 166 185 584 597 712 728 1183 1195 1442 1667 1742 1799
16 174 204 261 305 455 592 1173 1176 1306 1318 1370 1443 1527 1644 1649 1870
21 35 58 290 299 348 385 455 650 708 852 940 1004 1149 1157 1158 1217 1242 1419 1456 1481 1734
0
34 122 306 427 451 455 595 655 708 848 860 892 924 926 934 939 943 977 996 1067 1093 1148 1192 1245 1306 1365 1377 1518 1519 1620 1637 1686 1691 1777 1870
1 499
2 80 682
49 80 99 108 109 120 158 190 201 263 293 296 340 355 370 375 382 490 499 513 536 554 580 630 672 686 738 753 775 816 925 935 940 941 1122 1222 1290 1309 1327 1381 1441 1456 1468 1480 1512 1541 1735 1777 1781 1866
0
0
0
2 1029 1289
1 440
0
0
2 667 1680
1 512
1 873
2 36 190
2 514 628
0
1 1015
2 48 1230
0
1 36
1 36
1 36
0
1 843
1 36
1 1122
0
16 36 48 80 187 215 283 368 375 453 514 543 555 689 1079 1606 1803
0
2 190 226
1 258
0
0
0
4 160 368 941 1178
0
0
0
2 36 1122
1 858
0
0
0
0
0
3 240 520 1400
0
1 997
5 464 528 556 580 1009
0
4 69 258 722 877
5 181 240 877 997 1289
3 240 409 843
2 1156 1400
1 1009
1 240
0
2 199 877
2 37 805
0
0
0
0
0
1 37
2 37 240
1 37
2 862 874
0
1 37
0
0
1 37
0
1 1400
0
1 240
0
0
0
0
0
0
1 37
0
0
0
0
1 528
0
3 48 459 1432
5 280 663 694 767 1178
14 67 148 354 479 555 743 1030 1069 1152 1387 1537 1633 1787 1850
0
0
4 221 354 582 743
5 38 262 580 962 1230
1 486
0
0
5 292 743 832 1387 1480
0
5 38 354 396 1304 1777
9 38 108 113 280 288 955 1015 1222 1387
14 38 273 377 457 459 651 720 826 937 940 1290 1480 1533 1696
2 275 1263
1 102
1 38
0
1 1857
2 38 572
27 48 80 221 266 275 300 375 459 467 486 514 602 628 651 689 712 738 773 904 1048 1087 1263 1432 1479 1616 1772 1788
0
21 102 109 151 248 275 321 368 428 572 689 808 823 898 1216 1263 1381 1432 1678 1680 1772 1788
1 292
0
0
3 572 1680 1788
0
8 292 418 689 722 775 823 1666 1678
0
2 38 280
33 41 48 102 135 160 167 196 263 272 275 283 296 302 375 418 459 511 514 617 620 773 823 974 1157 1198 1480 1581 1633 1637 1678 1680 1772 1809
0
0
19 302 418 419 505 651 667 720 769 773 841 974 1048 1132 1139 1222 1263 1387 1432 1468
0
1 200
25 157 444 598 633 747 833 892 894 991 1003 1031 1046 1162 1253 1278 1477 1547 1641 1646 1660 1714 1771 1854 1865 1884
13 39 66 166 305 376 622 679 731 735 758 1032 1362 1854
19 51 150 209 249 640 758 864 953 1002 1138 1239 1277 1281 1296 1376 1379 1399 1475 1859
14 157 207 366 570 682 781 789 1109 1192 1427 1456 1626 1694 1854
12 94 284 294 445 710 775 833 1449 1599 1658 1724 1753
2 595 1367
1 1429
4 1064 1081 1385 1605
8 398 867 1000 1004 1165 1523 1527 1724
12 59 95 173 249 407 881 1273 1284 1546 1559 1838 1888
1 1002
0
1 39
0
5 529 685 987 1694 1734
32 118 278 482 568 575 597 713 728 759 906 963 992 1067 1129 1173 1177 1197 1226 1271 1302 1310 1338 1390 1425 1477 1659 1724 1780 1783 1799 1831 1884
0
2 326 1391
0
10 412 429 671 778 821 1282 1526 1622 1711 1817
3 392 518 1433
4 336 802 1086 1526
4 188 1087 1236 1692
10 132 261 412 593 815 1105 1347 1569 1736 1815
0
35 60 162 185 268 269 306 335 451 458 622 754 867 869 890 891 941 984 1078 1128 1259 1261 1282 1299 1374 1388 1390 1398 1477 1614 1620 1734 1799 1810 1833 1837
6 443 519 537 1078 1127 1454
2 1076 1712
1 323
1 40
3 380 1540 1738
15 268 374 486 487 543 732 977 1030 1092 1133 1420 1689 1735 1811 1855
0
1 1526
5 622 1019 1084 1124 1817
9 206 323 731 767 810 1281 1454 1568 1815
6 272 505 579 785 1178 1531
60 80 104 109 137 163 185 206 226 233 263 268 296 302 354 456 457 491 505 511 594 630 658 672 702 732 738 807 826 841 898 940 974 982 1048 1049 1088 1100 1115 1119 1139 1149 1168 1189 1198 1276 1278 1302 1304 1376 1377 1381 1420 1468 1530 1531 1696 1712 1781 1815 1875
9 421 588 732 836 1002 1122 1431 1531 1740
11 137 177 500 523 950 983 1053 1095 1286 1629 1813
17 265 283 591 594 661 667 689 703 826 836 892 994 1442 1468 1704 1788 1885
8 120 123 206 584 608 950 1536 1799
0
8 167 344 398 778 828 1017 1435 1695
0
0
3 41 45 1638
2 1309 1356
2 398 893
16 277 788 846 921 1130 1146 1183 1252 1257 1282 1425 1653 1655 1843 1875 1884
4 682 781 1268 1688
13 66 168 272 589 591 594 688 808 1268 1309 1403 1616 1661
5 137 946 1115 1139 1689
3 501 771 1790
4 42 550 1298 1472
2 1185 1867
0
6 42 894 978 1118 1391 1672
1 1267
1 1359
0
1 978
0
1 553
0
1 1236
1 309
0
3 42 1642 1656
5 285 856 1161 1220 1409
0
0
9 293 352 588 916 1033 1138 1220 1415 1573
0
10 204 420 518 619 717 929 1075 1127 1267 1712
3 152 267 1656
11 43 129 289 339 498 573 626 636 905 1235 1821
7 387 492 911 1037 1298 1366 1592
4 219 751 1174 1412
0
10 301 325 532 540 600 833 1218 1280 1733 1866
9 44 71 641 911 1348 1487 1566 1823 1880
0
9 55 127 152 495 551 811 1093 1671 1818
13 128 310 455 588 657 715 734 1188 1220 1275 1384 1858 1873
0
1 1176
2 715 1886
10 124 125 481 680 767 772 1003 1402 1449 1740
14 91 252 366 836 867 973 1010 1049 1080 1124 1415 1666 1739 1859
0
0
1 857
2 1434 1442
2 1403 1442
11 444 758 821 915 999 1111 1281 1324 1805 1826 1841
0
0
0
1 45
3 311 776 1118
0
0
0
2 246 270
0
3 984 1338 1610
0
1 46
1 46
5 46 801 918 1287 1338
1 195
0
1 46
1 588
0
3 46 552 1859
0
0
0
0
0
1 473
0
0
1 1120
1 1777
9 46 69 738 895 1208 1292 1675 1750 1840
0
10 136 270 277 601 662 822 847 890 1268 1530
6 442 991 1039 1293 1566 1690
0
2 953 1018
0
0
6 185 511 679 1477 1695 1860
3 1074 1569 1783
15 73 161 194 312 323 456 480 527 716 1158 1197 1292 1756 1796 1877
28 266 275 283 374 556 591 662 703 807 819 841 846 954 963 977 1144 1216 1225 1304 1403 1410 1468 1545 1664 1740 1747 1794 1877
2 47 597
12 73 99 547 989 1067 1279 1399 1419 1530 1558 1756 1884
1 989
7 73 444 575 995 1135 1539 1813
1 1309
8 208 562 703 1053 1270 1475 1566 1854
9 341 1292 1350 1399 1539 1637 1647 1756 1877
3 160 1169 1680
4 211 813 1493 1752
1 459
0
1 1263
2 572 858
8 514 858 1107 1344 1508 1564 1680 1808
0
0
2 48 813
4 418 813 858 1678
0
3 629 1498 1808
7 56 520 556 680 745 941 1846
0
1 813
0
0
1 49
1 187
8 187 545 1079 1200 1280 1310 1711 1737
0
0
3 851 1018 1439
10 49 234 312 340 708 743 807 860 1381 1388
2 49 341
2 49 368
0
0
1 49
2 544 1435
1 244
1 49
0
1 858
10 91 309 499 589 625 669 718 1138 1198 1485
1 82
0
0
0
1 1785
0
0
1 49
0
0
0
0
0
0
1 50
0
1 1729
0
0
0
0
0
0
6 665 1190 1306 1325 1651 1881
0
1 50
0
0
1 736
0
0
0
0
4 462 1093 1174 1386
0
0
0
0
0
1 1018
1 1174
1 51
0
0
4 153 215 683 1418
2 1415 1766
0
1 1855
0
0
0
0
10 279 480 557 810 1081 1425 1497 1640 1652 1875
1 52
0
0
10 332 386 465 652 882 913 1500 1576 1635 1836
2 325 913
0
1 52
1 52
1 52
0
3 763 1500 1856
1 52
0
0
1 52
0
0
1 882
0
0
0
3 822 1206 1247
12 161 258 560 645 670 707 750 931 1067 1347 1724 1794
9 134 480 1146 1193 1227 1252 1398 1471 1843
0
1 52
1 1280
0
0
15 95 151 414 457 505 759 826 1129 1387 1484 1581 1616 1647 1799 1841
3 65 220 1793
0
0
5 164 354 1040 1224 1393
1 53
4 53 325 1030 1648
1 53
0
0
2 53 1725
5 133 206 764 1246 1253
0
2 53 407
0
1 976
1 780
1 1755
0
1 1539
2 816 1476
3 780 1493 1841
0
1 620
2 53 1342
0
0
1 1300
0
0
3 989 1725 1752
5 282 496 621 848 1571
0
22 81 341 403 476 483 515 624 696 753 854 904 954 979 1015 1046 1230 1300 1456 1480 1598 1712 1787
11 198 212 403 700 784 1047 1120 1291 1451 1519 1755
1 835
1 54
0
0
3 870 1331 1571
2 1223 1334
1 1610
5 145 892 978 1502 1870
1 55
0
9 715 734 791 1137 1254 1426 1604 1657 1755
1 1166
5 270 421 728 1087 1479
1 150
1 762
3 88 1339 1707
1 372
1 1045
0
1 55
2 504 792
0
1 1275
0
0
0
8 243 580 943 1131 1132 1221 1402 1785
1 1164
0
3 151 639 1846
4 69 680 724 1845
10 188 336 362 396 577 606 1402 1581 1695 1785
3 520 1323 1567
5 504 520 722 821 1354
2 1780 1859
2 344 897
5 56 897 1001 1047 1156
2 1448 1862
0
9 119 181 204 284 370 714 1165 1658 1874
3 130 939 1448
1 1048
0
0
0
0
0
0
0
1 57
0
1 587
3 135 1049 1702
1 419
0
2 57 1124
3 57 906 1812
5 57 473 601 778 963
2 277 1630
0
1 57
4 713 754 1162 1598
3 398 429 508
2 57 1131
2 567 610
1 1354
2 522 1657
0
0
2 539 897
0
7 335 601 670 696 810 965 1332
0
3 828 1250 1829
1 57
0
0
1 184
1 670
0
0
6 766 875 885 960 1759 1796
1 921
1 1616
2 58 690
1 58
2 58 1293
3 385 1286 1759
2 437 1417
2 58 1299
2 881 1173
0
7 58 889 890 1282 1725 1759 1877
3 598 983 1074
5 371 385 860 1060 1746
0
1 1210
4 584 729 1293 1473
11 1004 1125 1204 1336 1467 1477 1485 1707 1753 1783 1812
0
0
3 279 1388 1746
3 1250 1746 1819
3 58 1338 1769
3 780 1752 1772
1 342
1 1250
5 155 563 777 1523 1579
1 1422
1 893
0
1 59
0
7 81 181 184 194 762 777 1658
3 349 721 1805
4 102 158 238 1696
6 336 777 778 893 1040 1512
4 69 181 198 716
0
6 724 772 833 1125 1260 1470
0
6 369 401 828 882 1126 1639
3 59 353 1801
4 171 633 1133 1745
0
0
3 432 850 1122
0
0
16 109 226 300 316 486 648 732 841 895 898 937 974 1071 1157 1304 1781
6 296 522 594 663 775 1751
0
3 505 712 836
5 151 374 916 1390 1870
6 251 316 647 663 804 1781
2 873 1502
11 280 321 428 663 667 823 873 952 1432 1577 1852
4 60 184 522 995
1 1828
1 1053
5 591 775 977 1374 1403
0
2 268 1314
2 662 889
1 1639
0
2 61 1689
0
0
0
7 177 398 1231 1360 1775 1812 1846
0
2 61 878
4 61 709 1070 1874
1 61
0
0
1 61
0
1 1596
3 61 1173 1333
3 336 893 1534
3 63 582 1874
0
0
0
0
0
0
1 1689
4 1115 1217 1728 1814
1 61
0
0
1 1587
0
0
0
3 62 364 1057
11 62 232 255 706 731 954 1079 1225 1340 1571 1585
22 62 207 402 479 682 700 708 787 1047 1057 1135 1145 1164 1238 1281 1329 1330 1470 1694 1733 1745 1822
2 1057 1502
0
2 62 207
7 187 399 668 827 900 1109 1244
2 895 939
2 62 1298
2 1178 1464
0
1 1513
0
0
13 164 403 488 614 624 684 830 865 1135 1278 1305 1797 1868
2 325 1454
2 255 1842
0
5 295 572 824 842 1585
1 62
1 1822
12 321 350 360 412 585 869 1022 1164 1267 1433 1456 1475
4 350 536 696 1092
2 157 1455
1 609
0
7 63 149 166 646 651 709 1794
1 63
0
3 97 405 1144
1 63
5 335 337 489 952 1283
2 1268 1354
4 63 709 925 952
10 204 424 556 635 666 1203 1289 1659 1740 1852
0
3 995 1262 1848
3 97 1461 1498
3 401 449 1392
2 395 1849
8 635 885 952 1125 1203 1481 1869 1876
1 635
0
4 504 527 610 925
1 63
1 449
0
1 1102
2 724 1876
4 97 342 460 1083
0
2 105 609
7 602 758 1454 1461 1595 1822 1841
0
0
1 826
0
4 256 784 943 1561
0
0
7 113 300 487 837 986 1145 1852
0
2 300 1448
1 626
0
0
1 650
2 990 991
1 1787
1 113
1 1145
0
0
3 190 350 1058
0
0
10 115 250 305 502 866 1000 1138 1186 1191 1614
2 573 1383
4 64 390 1610 1729
1 1191
0
0
0
5 399 622 885 1170 1606
0
4 913 970 1078 1262
7 84 391 411 931 1204 1328 1535
0
3 795 920 1773
5 391 529 728 822 1673
3 65 1098 1251
4 65 411 1271 1854
2 65 795
0
2 763 1262
3 65 159 1589
3 1231 1673 1761
0
1 65
8 89 411 961 1042 1372 1489 1560 1606
8 391 765 822 907 913 972 1638 1673
0
1 347
0
0
4 713 763 795 970
5 344 762 1055 1524 1560
2 855 1171
1 889
1 65
0
3 782 1007 1568
1 1358
5 692 999 1081 1417 1549
0
0
17 66 160 258 321 549 624 763 1119 1189 1232 1420 1577 1585 1596 1659 1685 1696
3 547 1568 1872
8 511 861 1128 1226 1270 1309 1509 1769
5 896 1530 1574 1596 1675
1 1512
5 733 844 1420 1498 1872
1 547
4 720 826 940 1789
1 1303
7 473 610 670 850 1526 1675 1827
0
4 66 158 679 1541
2 622 1769
0
7 104 345 810 1339 1539 1558 1621
1 733
5 159 335 1523 1694 1724
1 1399
5 67 221 555 824 1678
1 67
4 67 114 168 379
0
0
1 67
2 419 1344
0
2 67 1324
1 1344
0
4 419 773 1405 1493
0
0
9 147 507 510 828 1047 1164 1300 1405 1531
0
0
2 88 689
0
2 67 824
1 1001
3 648 1001 1139
11 189 486 520 725 773 999 1058 1330 1576 1801 1850
0
0
0
4 430 586 1591 1802
1 68
7 93 333 756 857 958 1557 1742
1 363
5 470 801 1670 1676 1864
1 1867
0
8 309 698 797 809 888 1416 1683 1830
4 69 87 423 1543
3 709 952 1641
1 303
2 1102 1144
0
5 246 252 859 875 1393
1 1564
1 941
0
2 557 1043
0
1 69
1 680
2 1421 1874
1 1467
0
1 745
5 380 745 786 1029 1070
2 1069 1740
0
0
2 650 1118
1 70
0
0
7 137 164 165 1036 1136 1293 1662
0
1 852
1 70
3 70 582 589
1 70
0
0
2 70 599
0
0
8 70 113 122 211 736 987 1058 1576
0
1 1350
0
0
7 430 499 590 683 1125 1308 1864
1 437
1 189
1 1276
0
0
1 70
0
2 821 859
1 1627
1 1002
0
1 1316
9 197 463 621 623 976 996 1305 1310 1472
2 840 1348
2 800 968
13 326 361 901 906 987 1028 1084 1165 1262 1500 1589 1623 1817
0
2 441 1348
2 88 1777
0
0
5 72 105 914 1254 1306
0
2 1085 1391
3 760 1094 1710
0
5 105 990 1024 1228 1380
1 72
2 72 1061
2 72 291
0
1 1716
1 72
2 749 1000
3 152 408 767
1 72
1 831
0
2 609 914
0
0
0
0
0
0
0
1 72
1 1540
0
0
0
0
0
3 329 1647 1748
1 73
0
0
2 73 1549
0
3 597 1190 1442
2 716 1820
0
3 305 471 725
5 866 1731 1756 1844 1884
2 1076 1331
2 1639 1731
3 433 1414 1809
1 1630
3 73 429 936
3 323 1399 1695
0
7 347 581 890 1171 1328 1589 1769
0
0
1 1198
2 74 428
0
1 777
1 1004
0
1 1022
2 74 1081
2 74 1664
4 74 233 510 1193
0
0
2 74 193
0
1 238
1 74
3 194 238 730
0
0
0
0
0
1 238
1 1029
0
0
1 74
1 211
0
0
2 428 1815
0
2 100 238
2 776 1549
12 247 278 437 455 655 979 1253 1276 1316 1566 1747 1812
0
1 75
6 733 844 1120 1533 1712 1763
0
0
2 243 454
2 246 648
5 144 278 281 1308 1364
1 76
0
1 1337
0
0
1 1346
1 76
2 76 544
3 76 314 452
0
0
1 76
0
0
1 76
1 327
0
0
3 191 244 1571
0
0
8 157 207 341 832 1057 1092 1133 1326
0
0
1 191
6 76 544 913 1016 1280 1737
2 721 854
0
0
3 255 1016 1571
0
0
0
0
0
5 138 361 654 1138 1439
0
2 1617 1798
0
0
0
7 361 656 718 844 1500 1789 1792
0
0
0
0
1 77
0
0
0
0
0
1 77
1 77
1 77
0
1 384
3 77 787 1016
0
0
1 77
0
2 532 948
0
0
0
0
1 111
0
0
0
1 77
0
0
0
0
0
0
0
0
10 342 437 513 1190 1215 1468 1704 1707 1718 1730
1 78
2 92 1171
0
0
1 380
3 670 1560 1731
1 78
2 78 92
1 78
0
2 1143 1629
15 78 208 430 484 569 754 931 973 990 1158 1252 1338 1342 1417 1734
0
1 159
1 78
2 961 1193
0
0
0
1 411
0
0
0
0
0
1 78
0
0
0
0
0
0
0
2 1141 1739
0
1 1739
0
0
0
0
0
0
0
2 79 1063
0
0
2 414 1581
0
0
1 79
1 79
2 79 414
0
0
1 79
0
0
2 79 414
1 1739
0
0
0
0
0
3 539 1516 1779
0
0
0
1 79
0
0
1 1506
1 1506
2 1023 1506
0
4 315 719 873 1788
4 151 190 262 302
21 104 122 191 262 296 300 316 418 426 594 661 743 803 841 914 1101 1390 1599 1704 1781 1789
1 671
0
18 104 122 256 321 375 426 532 587 671 702 974 1153 1350 1577 1772 1841 1871 1888
13 80 137 591 637 661 663 671 702 732 823 1107 1438 1531
0
0
2 226 702
1 1442
3 293 966 1145
0
1 81
0
0
1 81
2 595 1599
2 1001 1599
3 81 768 1781
0
1 1661
3 104 789 954
1 1828
0
2 479 1127
0
0
3 154 160 898
10 114 147 168 658 682 843 897 1178 1230 1752
1 81
2 226 1872
1 954
2 147 933
2 233 1498
0
0
1 933
10 102 122 300 368 721 933 1015 1059 1072 1346
6 106 1107 1164 1527 1537 1661
2 824 1882
0
3 82 193 1737
2 753 1346
0
1 260
1 1337
0
0
1 1068
1 83
2 213 1873
0
0
3 497 1068 1411
0
0
4 159 306 1292 1794
0
1 84
1 84
3 84 391 961
0
0
4 84 284 434 1231
0
4 347 1719 1764 1795
3 84 1193 1843
0
0
0
0
0
0
2 431 861
3 581 961 1769
0
0
4 84 1129 1204 1735
0
0
1 1042
0
3 431 728 1226
2 1646 1761
3 334 496 872
0
1 1326
3 85 92 794
2 934 1079
0
2 169 1600
1 1108
0
2 195 1312
1 525
1 1011
1 86
4 588 1050 1573 1763
2 553 1323
0
2 164 1763
0
7 86 97 681 859 1108 1686 1849
2 86 1434
7 86 243 314 582 657 741 1090
1 1434
0
4 86 165 546 1434
1 546
1 165
1 86
2 165 525
0
2 518 525
1 525
1 165
2 1481 1549
2 106 644
0
0
1 978
3 86 661 1661
0
0
0
3 1190 1265 1434
2 156 922
6 510 676 1048 1049 1126 1431
3 745 1237 1575
1 87
2 87 1006
4 87 453 1214 1808
0
1 272
1 87
0
7 273 299 426 431 1090 1367 1596
1 87
1 890
1 1463
0
0
2 605 1189
0
1 1077
2 1268 1751
1 1144
0
2 87 1102
1 1498
0
4 453 605 1139 1775
0
0
0
0
3 88 693 1858
0
2 1461 1802
1 88
1 701
0
1 1167
0
1 1192
0
0
0
0
0
1 88
0
0
0
0
0
0
10 175 450 500 567 627 1136 1287 1606 1640 1717
0
13 155 328 604 611 818 898 967 1068 1293 1635 1642 1722 1853
7 324 480 772 1330 1339 1367 1876
2 648 895
2 1281 1583
0
13 173 270 400 712 846 1123 1131 1134 1289 1392 1440 1491 1672
2 482 1231
4 724 731 867 876
3 494 581 742
10 567 610 788 1086 1262 1392 1481 1558 1563 1751
2 89 1168
1 866
3 134 346 1168
2 433 798
0
3 788 1042 1794
14 453 478 581 601 786 822 970 1086 1150 1168 1524 1700 1754 1793
1 1851
5 90 307 834 1108 1295
0
4 1305 1371 1762 1868
0
2 1528 1612
0
0
1 91
3 421 556 709
0
3 91 1686 1849
0
2 608 1483
0
3 262 355 608
1 635
0
0
3 401 608 1483
0
0
1 91
0
0
0
1 1377
1 395
0
3 118 1425 1573
2 411 993
4 92 399 544 1078
0
5 187 697 1017 1224 1435
1 92
2 730 1575
2 1017 1224
3 265 1017 1272
0
9 94 118 159 323 699 795 1086 1150 1256
1 1193
3 166 1542 1719
1 1150
1 327
6 327 433 1134 1310 1675 1879
1 92
0
0
3 278 1539 1703
0
2 327 1171
2 265 820
5 158 587 663 807 1789
1 1790
0
1 1076
0
6 347 1035 1560 1731 1824 1879
0
1 1620
0
0
12 106 118 336 696 850 920 1056 1323 1568 1775 1804 1829
4 950 1174 1372 1607
6 352 758 864 1256 1424 1610
8 643 1090 1177 1244 1373 1573 1732 1797
1 177
4 95 990 1256 1471
0
2 542 1875
0
4 547 1379 1707 1784
0
3 931 1332 1512
1 96
2 244 545
2 1016 1407
0
2 191 624
0
0
10 168 205 233 379 579 786 957 1095 1405 1575
2 892 1748
2 97 1309
2 460 482
0
4 431 703 1042 1095
1 1730
0
6 460 1040 1095 1739 1810 1859
0
2 1145 1487
0
0
10 97 186 447 515 720 766 786 976 1244 1763
2 748 1549
3 123 482 1626
1 673
1 1727
0
0
0
1 98
1 408
0
0
0
0
0
1 1379
2 830 1755
4 103 379 428 510
1 1540
0
1 1636
0
0
3 99 280 1427
8 350 536 832 1051 1153 1379 1427 1886
0
0
0
3 830 1241 1659
2 1343 1502
4 863 1029 1742 1775
5 238 855 1323 1406 1567
1 855
2 855 1462
2 100 1807
1 100
4 100 855 863 1098
1 863
1 863
6 100 344 649 747 1332 1797
6 649 747 855 1007 1406 1827
0
1 100
0
5 314 452 722 1827 1846
0
0
0
0
0
0
2 863 1495
0
1 100
5 649 1007 1167 1332 1827
0
1 930
0
0
0
0
2 220 357
2 1567 1703
1 1775
0
4 101 727 730 1682
0
0
0
1 183
0
3 101 567 1455
1 101
1 101
2 810 1244
0
1 101
0
0
7 101 220 777 920 1247 1585 1874
0
0
0
0
0
0
0
0
0
0
1 101
0
0
0
0
1 1234
0
1 793
2 487 1337
0
0
6 295 452 721 1367 1596 1703
0
0
0
4 102 522 1403 1885
1 181
2 211 1598
1 1470
0
4 242 609 1515 1555
0
0
0
0
0
0
1 103
1 103
1 103
0
0
1 103
0
1 512
1 103
2 1349 1815
0
1 541
0
0
0
0
0
2 799 1695
1 1201
1 103
0
4 1017 1056 1389 1567
0
0
1 1224
0
1 104
1 251
1 151
3 878 1036 1812
1 251
3 349 1071 1249
10 120 414 546 780 836 1255 1304 1616 1759 1885
9 251 292 349 702 769 1100 1536 1704 1885
1 1257
0
4 661 768 804 1071
1 104
0
0
4 122 265 904 1822
1 768
0
4 895 1071 1493 1538
0
1 140
0
4 308 938 1657 1765
0
1 105
1 1540
0
0
0
1 291
1 1043
0
1 1568
1 106
1 1486
0
8 106 433 489 633 1135 1204 1558 1602
0
1 1793
2 183 452
0
1 193
3 560 989 1879
0
2 480 858
1 118
0
1 106
0
2 1193 1793
0
1 1606
0
0
0
7 108 164 262 288 1190 1536 1764
6 295 314 403 428 487 1330
0
0
6 275 302 362 719 804 873
4 207 880 1494 1691
9 488 614 880 883 927 931 1153 1427 1626
1 1331
2 985 1467
1 325
1 1752
1 108
2 179 295
6 406 559 624 880 1016 1573
0
0
12 406 554 697 872 1060 1225 1246 1303 1694 1737 1797 1842
1 350
1 589
3 321 651 769
1 648
6 109 489 1536 1647 1688 1885
0
3 185 1484 1730
0
0
0
4 513 639 1290 1849
0
0
2 951 1616
0
0
0
0
1 1116
0
2 110 1704
0
3 946 1058 1661
0
0
0
1 110
1 110
1 110
0
0
1 110
0
0
1 110
0
0
0
0
0
0
0
4 391 526 703 763
2 946 971
0
2 110 596
0
0
3 489 513 1885
1 430
4 769 946 1115 1434
2 1577 1727
0
0
1 687
2 532 535
1 111
1 111
2 111 782
1 718
0
1 111
1 1773
1 718
2 111 410
1 1773
0
0
2 220 1802
0
3 782 1098 1773
0
12 183 244 316 412 782 882 920 1251 1326 1513 1585 1792
2 384 879
0
1 111
1 1802
0
0
2 1251 1792
2 410 718
0
1 112
1 1864
2 862 877
0
2 175 1102
6 337 409 437 1123 1715 1734
1 1472
4 1057 1107 1192 1599
3 113 1697 1822
0
0
2 113 362
0
0
0
0
0
0
0
1 1663
0
0
1 113
1 255
0
0
3 490 545 1175
0
4 696 838 1850 1857
4 147 379 897 1199
3 510 933 1857
3 168 741 824
0
3 741 1215 1857
0
0
1 221
4 114 211 512 1169
1 544
0
2 251 647
0
2 200 1069
2 1533 1617
9 139 684 787 1181 1369 1415 1423 1499 1886
1 1455
0
0
1 309
1 1610
3 145 1060 1213
3 116 425 1140
0
2 145 293
1 374
4 145 634 1370 1388
0
2 217 1565
0
0
1 117
0
0
0
0
0
1 117
1 117
1 117
0
1 1095
1 117
0
0
1 117
0
0
0
3 662 1410 1508
0
0
0
0
0
0
1 117
3 1234 1247 1703
0
0
0
0
0
0
0
2 118 406
3 170 1357 1785
0
4 161 208 704 1742
0
1 201
0
0
0
1 301
0
1 118
0
1 1578
2 298 959
0
0
0
0
4 172 184 609 730
1 181
0
2 349 1805
1 119
2 549 1507
0
1 345
0
0
0
12 277 299 347 452 472 673 1246 1287 1300 1310 1510 1725
1 1234
0
1 1672
0
0
1 702
0
1 1543
0
2 120 265
1 1524
0
3 365 714 1483
3 1053 1174 1667
0
1 1672
1 1404
1 121
0
0
7 377 1036 1220 1305 1375 1642 1761
3 607 1386 1675
1 757
2 1108 1886
0
0
1 606
0
1 987
0
0
1 781
0
1 122
0
0
1 509
1 647
0
2 403 1521
2 123 1231
1 123
1 1004
1 1566
1 123
0
1 1838
1 123
0
0
0
4 204 1316 1579 1617
6 467 994 1006 1356 1518 1653
0
3 460 907 1083
0
0
0
1 123
0
0
8 210 290 1126 1154 1300 1319 1484 1848
0
0
0
1 1313
2 501 1242
1 1870
0
1 1050
0
2 1321 1782
0
1 1098
3 264 1199 1829
0
0
0
0
0
0
1 126
0
0
0
0
0
1 126
1 126
1 126
0
0
1 126
0
0
1 126
0
0
0
0
3 380 484 1227
0
0
0
0
0
2 126 850
0
0
0
0
2 1693 1872
0
3 222 469 1269
0
6 304 675 978 1118 1148 1501
0
0
1 129
0
1 1050
0
0
0
0
0
1 370
1 1545
3 451 770 1392
2 358 373
2 862 1862
0
1 837
0
1 130
6 291 306 1008 1124 1496 1755
0
0
3 837 1250 1260
5 148 189 837 1001 1448
2 533 748
0
13 132 278 815 891 973 1060 1142 1377 1427 1496 1628 1723 1817
4 136 330 608 1590
2 1417 1762
1 342
0
3 981 1212 1633
1 1738
2 1083 1701
0
2 633 1090
0
1 1047
0
0
0
10 384 535 543 616 794 849 1251 1617 1792 1793
0
0
0
0
0
2 547 605
3 848 1107 1169
3 738 779 939
1 133
2 1030 1577
0
4 292 404 1029 1862
1 794
0
1 1379
2 685 1535
2 685 1227
0
0
0
0
0
1 614
0
2 134 1471
10 673 970 1204 1227 1319 1613 1626 1647 1748 1758
7 184 504 560 1110 1738 1831 1848
1 788
0
0
0
1 1405
1 1276
1 1295
1 256
0
1 135
0
0
1 578
2 249 1558
0
0
1 136
1 136
0
5 597 639 1131 1247 1458
11 136 601 635 748 1103 1123 1354 1559 1673 1715 1848
4 270 829 1665 1751
0
1 136
0
1 299
0
1 1077
4 228 442 1136 1525
4 423 877 1743 1825
2 1077 1496
0
1 1848
0
4 136 344 1168 1524
0
0
0
0
1 1272
2 1367 1738
0
2 1100 1538
0
2 1662 1849
0
1 137
0
1 1244
0
3 432 680 1319
1 1538
0
3 202 243 878
0
0
0
4 1500 1760 1763 1773
3 880 1018 1529
4 376 1287 1369 1570
0
2 152 1292
1 1485
0
6 256 291 677 910 1182 1640
0
0
1 141
1 764
0
1 216
0
0
1 162
2 1056 1609
2 142 1055
0
0
1 1331
0
0
4 142 764 1535 1748
1 142
1 142
0
0
1 142
0
0
1 142
0
0
0
0
4 168 234 405 1272
0
0
5 384 535 763 1272 1363
0
0
2 142 764
0
1 193
0
3 405 1202 1214
0
0
3 487 711 1395
1 143
2 1023 1502
1 1419
5 175 522 566 995 1756
0
3 377 1135 1750
0
1 994
3 145 587 966
0
2 988 1298
1 145
1 1301
0
2 807 1370
1 1811
0
0
0
2 623 1369
0
0
1 145
3 290 1746 1759
2 425 623
4 690 817 969 1514
0
0
0
1 868
3 146 1200 1842
1 867
6 456 886 1149 1339 1467 1833
0
0
0
3 309 787 1469
2 379 1493
0
1 147
0
0
0
8 519 581 685 949 1070 1256 1347 1711
0
2 473 519
1 965
0
2 1581 1598
6 799 820 923 1006 1040 1199
2 147 419
0
0
1 820
1 1576
0
0
1 362
0
5 203 316 519 924 999
2 570 1618
1 837
1 788
4 149 423 639 1446
4 149 618 1446 1852
2 149 1446
2 233 1077
0
5 149 639 646 812 1144
0
3 512 580 618
1 149
1 972
0
2 786 977
2 423 972
7 660 796 976 1214 1217 1232 1648
2 768 972
0
2 405 453
1 1446
0
1 149
2 646 1104
0
1 1382
1 618
2 987 1460
0
0
3 214 1083 1463
2 607 625
4 525 1615 1626 1707
2 560 1634
4 1068 1513 1789 1835
1 150
2 715 1814
0
6 236 1036 1295 1356 1660 1662
1 963
2 1146 1875
2 277 1731
9 671 719 804 820 1100 1215 1508 1536 1688
5 262 513 719 1071 1678
1 1702
0
1 986
4 1397 1455 1475 1879
2 151 667
0
1 1276
0
0
7 223 769 799 1217 1356 1421 1704
0
0
1 990
1 1716
1 1762
1 1716
2 1183 1287
2 1160 1864
2 942 1716
0
0
1 152
0
0
0
1 1627
1 1642
0
1 1191
3 604 1125 1555
9 204 335 568 604 1063 1112 1436 1606 1640
0
1 961
0
0
0
0
0
2 799 1421
0
0
0
3 1406 1775 1778
0
1 1681
0
0
0
1 745
0
1 1793
1 1013
0
0
0
1 813
0
1 154
2 154 1346
1 154
0
0
1 154
2 327 1785
0
1 154
2 409 1029
1 1744
0
0
0
1 520
1 518
0
0
0
1 154
0
0
0
0
0
0
0
0
1 408
0
0
1 593
1 155
0
3 623 1326 1538
0
0
0
1 1041
1 165
0
1 1050
0
0
1 156
1 156
2 156 525
0
0
1 156
0
1 922
1 156
0
0
0
1 546
0
0
1 922
1 922
1 271
0
1 156
0
0
0
1 1050
0
1 299
0
0
0
0
9 645 883 1153 1246 1402 1535 1560 1677 1842
4 157 444 1082 1804
0
2 883 1718
0
1 697
0
0
1 459
2 720 1211
2 461 1512
0
0
0
0
1 1089
1 1432
0
1 1480
0
0
0
0
0
0
0
0
0
0
0
0
0
3 491 1332 1639
0
1 158
4 593 900 1055 1545
3 543 1120 1136
1 1825
3 647 850 1784
1 1098
0
1 1089
0
0
0
0
0
2 159 1247
0
0
2 1719 1767
1 1272
1 1250
1 575
6 484 589 871 1086 1171 1589
0
1 1055
0
2 159 1524
0
0
1 961
0
0
1 799
2 900 1461
0
3 380 593 1042
0
0
1 233
2 901 1490
0
2 788 1842
2 382 1331
1 933
0
2 215 794
0
2 248 721
1 1803
1 160
0
0
0
1 1199
0
4 295 406 945 1341
0
0
3 970 1007 1456
0
0
0
0
2 1232 1246
1 1086
1 1214
2 786 889
4 163 973 1196 1452
2 290 1725
2 844 1685
0
1 234
3 367 889 1685
3 342 766 1282
1 994
5 230 614 625 1108 1659
3 819 930 1170
0
0
2 164 691
5 166 399 1153 1626 1771
0
0
0
0
0
1 165
0
0
4 1114 1243 1248 1768
0
0
0
2 433 1879
6 245 257 409 610 790 1421
3 508 666 1409
0
1 1274
0
1 167
2 1508 1661
1 508
0
4 659 732 1095 1222
4 946 972 1463 1575
2 1101 1702
1 1808
2 646 1794
0
0
0
0
0
1 168
1 379
1 944
0
1 1489
4 283 768 849 1232
0
0
1 1124
0
2 1067 1795
2 512 1405
1 1224
0
1 170
1 170
1 170
0
1 820
1 170
0
0
2 170 1673
0
0
3 255 1240 1594
0
0
1 893
0
1 508
0
0
2 170 541
0
0
0
0
0
0
1 1200
2 171 730
1 171
2 171 1844
1 1700
2 859 1762
4 171 349 364 1844
0
0
1 171
0
1 535
0
1 1844
0
0
0
0
0
0
1 171
0
0
0
0
0
0
0
0
2 608 1265
0
2 172 1579
10 172 614 916 999 1012 1220 1315 1507 1861 1886
1 172
0
0
2 172 649
0
0
1 172
0
2 1579 1624
0
1 1323
3 209 1036 1111
0
0
1 313
0
0
2 172 1229
0
0
0
0
1 901
0
5 645 1168 1471 1551 1700
1 416
1 1459
0
1 1662
1 1605
3 173 346 910
0
3 1101 1411 1543
1 1077
0
0
1 1481
1 598
0
1 174
0
2 189 426
4 616 984 1358 1739
0
0
1 598
1 175
1 1599
0
1 175
0
0
0
0
0
0
0
0
0
1 1484
4 175 393 1102 1354
3 769 1536 1849
0
0
0
0
0
5 176 191 966 1379 1826
4 541 966 1242 1507
0
0
0
0
0
0
0
1 177
0
0
0
4 419 915 1141 1702
1 679
0
0
1 1017
2 866 1784
2 1278 1507
1 1295
0
0
0
0
0
0
1 180
0
0
0
0
0
1 180
1 180
1 180
0
0
1 180
2 251 859
0
1 180
0
0
0
0
0
0
0
0
0
0
1 180
0
0
0
0
0
0
0
1 405
2 349 1368
0
1 181
0
2 1005 1555
1 661
0
1 1495
0
1 544
0
0
0
0
1 244
1 794
1 1357
0
0
0
0
0
1 182
0
0
0
0
0
1 182
1 182
1 182
0
0
2 182 211
0
1 183
1 805
6 666 670 802 1316 1506 1817
2 183 737
1 380
1 901
1 1360
0
0
2 484 1063
0
0
1 692
5 593 805 821 1448 1540
3 183 369 1467
1 666
1 336
0
0
0
0
0
1 1330
0
0
0
0
0
3 184 764 1843
0
0
0
0
1 862
0
3 616 1083 1463
0
0
0
1 1532
0
0
0
1 185
0
1 1483
3 987 1227 1730
0
0
0
2 1727 1784
3 645 1284 1889
0
0
0
1 742
3 431 482 1413
0
2 660 1006
0
0
4 630 686 815 1244
1 1226
1 616
2 1489 1524
0
0
1 1357
0
0
0
2 559 697
1 187
1 1573
1 348
2 1058 1842
0
0
0
0
0
0
0
2 1358 1625
0
3 1279 1339 1399
1 1824
0
4 529 883 900 1271
0
2 930 1478
0
1 728
3 493 719 1259
0
5 337 513 604 1470 1740
1 188
0
3 646 795 1421
2 823 1062
0
0
0
0
0
1 189
2 576 1853
1 997
0
0
0
0
1 1864
0
0
0
1 189
0
0
0
0
0
2 1150 1358
0
4 377 772 1144 1862
1 1089
0
0
1 190
0
0
1 837
0
2 234 815
6 775 804 873 986 1071 1216
2 206 872
0
1 872
0
2 1051 1346
1 1787
0
1 193
2 685 697
0
1 191
8 587 930 1051 1056 1242 1265 1345 1819
2 541 602
2 1088 1513
0
1 1014
1 1891
0
2 1214 1588
1 1681
0
0
1 1489
3 297 954 1677
0
2 1535 1677
0
2 192 1677
1 1214
0
3 1727 1795 1854
0
0
3 192 1748 1758
1 192
3 192 1428 1677
0
0
1 192
0
0
3 192 815 1143
1 1461
0
0
1 508
1 783
0
0
0
1 413
1 1758
6 192 312 447 628 774 1757
0
0
0
1 949
2 1517 1608
1 1645
1 1797
1 1022
0
0
1 1737
1 965
0
1 1829
0
1 364
1 193
0
1 364
0
0
0
0
2 225 805
1 346
2 242 1705
2 194 567
0
1 992
0
0
0
4 278 951 1198 1605
0
1 497
0
1 1430
0
0
1 195
1 880
5 690 1295 1411 1497 1872
0
4 232 399 668 1233
1 1218
2 383 830
1 196
2 196 512
1 196
0
1 548
1 196
2 1119 1735
1 1382
2 196 1169
0
0
0
1 629
0
0
0
0
0
0
1 196
1 1201
0
0
0
0
1 741
2 229 1691
0
0
1 715
1 487
0
0
2 517 1505
1 1742
0
1 1136
0
1 198
0
0
1 617
0
3 1063 1097 1260
2 882 1866
0
0
1 199
0
0
0
4 582 745 1617 1827
0
0
1 200
1 200
0
0
1 200
0
0
1 200
0
0
0
0
1 1853
0
0
0
2 693 1201
0
1 200
0
0
0
1 667
0
0
0
0
1 298
0
0
0
0
0
0
0
2 1283 1758
1 203
2 203 559
1 203
0
1 1611
1 203
2 1051 1639
0
1 203
0
0
1 1534
0
0
5 528 983 995 1170 1543
0
0
0
0
1 203
1 447
0
0
0
0
1 1819
0
2 1682 1738
1 820
2 346 1184
5 273 685 870 976 1245
0
2 327 354
1 204
0
0
0
0
0
2 736 1197
0
0
1 205
1 205
1 205
0
0
1 205
0
0
1 205
0
0
0
0
0
0
0
0
0
0
1 205
0
0
0
0
0
0
0
0
0
0
0
1 1507
0
1 939
0
1 1535
1 207
0
1 1283
1 273
2 693 893
0
2 625 1841
0
0
3 866 1143 1477
0
3 1002 1273 1748
0
0
1 1516
1 208
0
1 1589
2 1040 1283
0
0
0
0
0
0
1 234
3 986 1215 1781
0
1 425
1 425
0
1 1388
2 1408 1522
0
0
0
0
0
1 1301
4 425 550 623 1365
0
1 1627
0
1 1060
1 1819
1 1093
0
0
2 1369 1503
0
1 489
0
3 965 1545 1672
0
1 244
0
0
0
0
1 1515
2 1337 1349
1 844
1 211
0
0
0
0
0
0
0
0
0
0
0
0
0
0
2 910 1681
0
1 214
1 214
1 214
0
0
1 214
0
0
1 214
0
3 673 1270 1575
0
0
1 922
0
0
1 440
0
0
3 214 950 1403
0
2 362 1050
0
0
0
0
1 1255
0
0
0
0
0
0
0
0
0
0
1 1320
1 534
1 771
6 632 755 905 1179 1207 1285
0
0
1 1855
4 254 607 723 1729
0
1 218
0
0
0
1 1089
0
0
1 310
1 219
0
0
0
0
0
0
1 220
0
2 849 1792
2 220 849
0
0
0
1 1825
0
0
0
0
1 1817
0
2 220 1743
0
0
0
0
0
0
0
1 1201
0
0
0
3 221 1367 1515
0
0
0
1 1141
0
2 1199 1857
1 828
1 1513
3 235 690 1783
0
7 672 712 1195 1458 1516 1543 1876
0
0
0
0
0
0
0
0
0
0
0
0
0
0
1 224
0
0
0
0
0
1 224
1 224
1 224
0
0
1 224
0
0
3 224 1123 1276
0
0
0
0
0
0
0
0
0
0
1 224
0
0
0
0
0
0
1 1349
0
0
3 226 799 1130
1 1224
0
0
1 1702
0
1 693
0
1 517
0
0
1 245
0
0
0
0
1 1018
1 227
0
0
1 1176
0
0
0
6 259 492 645 692 1417 1795
1 1457
0
2 462 1556
0
1 531
0
0
0
0
1 1437
0
0
0
0
0
0
0
0
0
0
3 1302 1322 1579
4 666 1134 1392 1520
0
1 1534
1 1804
1 1237
0
0
1 230
1 230
1 230
0
0
1 230
0
1 1826
2 230 1023
0
0
4 657 966 1073 1427
0
0
0
0
0
0
0
1 230
0
0
0
0
0
0
1 231
0
2 947 1402
0
0
1 631
0
0
0
1 1737
0
0
0
0
2 1247 1761
1 994
1 1385
1 263
0
2 233 1531
0
0
0
0
0
1 884
0
1 234
3 447 1637 1654
2 315 768
0
1 766
1 298
0
0
2 1685 1772
1 1206
1 1750
2 234 813
0
1 1381
0
0
0
0
0
1 1185
0
0
6 626 902 964 1038 1266 1832
0
0
2 1411 1853
1 239
1 1746
2 237 377
4 260 298 1489 1758
2 260 447
1 815
1 377
0
2 237 1444
2 237 1598
3 237 750 1305
0
2 260 542
2 237 1286
1 1800
0
3 237 340 447
0
0
3 488 900 1428
0
1 1079
1 996
1 1152
0
0
0
1 237
0
0
0
0
2 499 620
0
1 1706
0
0
0
0
0
0
1 238
0
0
0
2 264 1827
0
2 1167 1406
0
0
0
1 1301
0
3 240 724 862
0
0
1 1260
2 423 1650
1 409
0
0
0
1 241
0
0
1 361
0
0
0
2 242 1234
1 242
1 560
1 1682
1 242
0
0
1 242
0
1 1200
0
2 406 1428
0
0
1 1844
0
0
0
1 242
0
0
0
0
0
0
2 243 1862
0
0
1 243
0
0
1 437
0
4 337 432 1023 1090
0
3 432 676 748
1 914
0
0
2 243 1830
0
1 1605
0
0
0
1 878
0
0
0
0
1 1357
0
0
0
2 934 1547
1 244
0
1 1357
0
0
0
1 794
2 245 514
1 245
0
0
1 245
0
0
1 245
0
0
0
0
0
0
0
0
1 1349
0
1 245
0
0
2 923 1603
1 1178
0
0
0
0
1 246
0
1 1698
0
1 524
0
0
1 656
1 985
0
0
2 247 985
2 477 1470
0
0
0
0
0
2 265 1513
1 1571
0
1 1658
1 1813
0
1 1762
2 731 833
0
0
1 804
0
0
0
0
0
1 251
0
0
0
0
1 1663
0
0
0
1 252
1 1666
0
1 425
0
0
0
0
0
1 1807
0
0
0
0
0
0
1 442
0
1 1348
0
0
4 532 733 920 1729
0
1 417
0
3 622 1526 1743
1 1055
0
0
0
0
0
0
0
0
0
0
0
1 1567
0
1 926
0
1 872
0
1 255
0
4 445 692 901 1256
3 649 1039 1087
1 676
1 443
0
3 256 1052 1387
0
0
6 256 1206 1443 1515 1753 1852
2 291 1265
0
0
0
0
0
0
0
0
3 291 749 990
1 256
0
0
1 615
0
0
0
0
1 1622
1 625
1 559
0
1 483
0
1 945
0
1 945
0
0
1 258
0
0
1 1594
0
0
0
2 367 1617
0
0
0
0
0
0
1 260
0
0
1 260
0
0
0
0
1 1444
2 909 1444
0
0
1 1444
0
3 260 894 1496
0
0
0
0
0
0
0
1 261
3 784 1569 1624
3 782 1000 1206
1 787
1 405
1 846
0
1 1688
0
2 315 986
0
0
0
0
0
0
1 262
1 925
0
0
1 546
0
0
0
4 505 594 671 1508
0
0
2 747 1468
1 264
1 264
0
0
1 264
0
0
1 264
1 494
0
0
0
0
0
0
3 985 1693 1890
1 1481
0
1 264
0
0
2 424 1804
0
0
1 538
0
1 764
0
0
1 871
0
0
0
0
0
1 265
0
0
0
1 1429
0
1 1507
0
0
0
1 266
0
0
0
0
1 367
1 541
0
0
0
0
2 268 407
3 582 780 1350
2 563 1543
0
1 1080
0
0
0
0
2 542 808
1 852
1 268
0
0
3 369 1068 1867
1 1835
0
0
1 830
0
1 742
1 337
0
2 1126 1203
1 270
3 639 646 1538
0
1 1232
0
0
0
1 1886
1 299
0
1 271
1 271
1 271
0
0
1 271
0
0
1 271
0
0
0
0
0
0
0
1 1422
0
0
1 271
0
0
0
0
0
0
0
0
3 272 579 1215
0
3 660 923 957
0
0
0
0
1 273
0
4 298 743 937 1396
1 273
1 1280
0
1 1337
0
1 1495
2 1060 1840
0
0
0
0
1 273
0
0
0
1 1750
0
0
0
0
0
0
0
0
0
0
1 274
0
1 1716
0
0
0
1 274
1 274
1 274
0
0
1 274
0
0
1 274
0
0
0
0
0
1 1098
0
0
0
0
1 274
0
2 1007 1054
0
0
0
0
2 353 719
0
0
0
0
0
0
0
0
0
1 1484
0
0
1 276
0
0
0
0
0
1 276
1 276
1 276
0
0
1 276
0
0
1 276
0
0
0
0
0
0
0
0
0
0
1 276
0
0
0
0
0
0
0
1 1167
1 494
1 1700
0
0
0
0
1 277
1 1574
2 556 1237
1 1382
0
4 762 871 963 1428
0
0
0
0
1 1287
2 989 1884
0
0
0
0
2 278 1458
0
0
0
0
0
1 1295
3 690 1464 1649
0
2 279 367
3 542 1101 1323
0
1 951
1 430
0
0
0
2 280 1788
0
0
0
0
0
0
0
2 435 577
0
0
1 282
0
0
1 408
0
0
0
0
0
0
0
0
1 1455
2 284 1348
0
0
0
0
1 881
1 1281
0
1 461
1 286
1 572
1 461
2 305 1333
1 826
0
1 733
0
0
1 287
0
0
0
0
0
1 287
1 287
1 287
0
1 353
1 287
0
0
1 287
0
0
0
0
0
0
0
0
0
0
1 287
0
0
0
0
0
0
1 1107
0
0
1 329
1 1161
1 289
1 503
1 1676
1 1624
1 1369
1 1449
0
0
1 290
0
0
1 290
0
0
0
0
3 519 801 869
0
2 1027 1738
1 1157
0
0
1 290
0
1 442
0
0
0
0
0
0
0
0
0
1 831
1 831
0
0
0
1 291
0
1 677
0
1 831
0
0
0
0
0
1 292
1 303
0
0
1 1663
0
0
0
0
1 293
0
0
0
0
1 1318
0
1 295
0
0
0
3 783 941 945
0
1 1341
0
0
2 616 1251
0
1 295
0
0
0
0
0
0
0
0
0
0
1 296
0
0
0
0
0
1 599
0
1 1170
0
2 1341 1693
0
2 625 962
2 298 1677
0
0
0
0
1 871
0
1 1341
0
0
0
1 298
0
0
0
0
0
0
0
2 1110 1143
0
1 883
2 1567 1845
0
0
0
0
2 618 949
1 299
4 526 951 982 1116
0
0
0
0
0
0
2 300 1863
0
0
1 862
0
0
0
0
0
0
2 301 825
1 1579
2 825 1594
0
0
0
1 1576
0
0
1 1688
2 315 689
0
1 302
0
0
0
0
0
0
1 303
1 303
0
0
1 303
0
0
1 303
1 552
0
0
0
0
0
0
0
0
0
2 303 1682
0
1 389
0
0
0
0
0
0
0
0
1 1349
0
0
0
2 517 717
0
0
0
0
0
0
1 306
0
0
0
0
0
0
2 599 1242
0
1 1031
0
1 485
1 1416
0
0
0
1 847
0
0
0
1 309
0
0
0
0
0
0
0
0
3 561 677 1853
1 438
0
0
0
1 1304
0
0
3 311 885 1627
0
0
0
0
1 1641
0
1 913
0
0
1 1545
0
3 497 530 599
0
2 361 1311
1 1786
1 314
0
0
0
0
0
0
1 1105
1 1150
0
0
1 314
1 1721
0
1 1701
1 1684
2 362 923
0
0
1 1422
1 315
0
0
1 315
0
0
0
0
0
0
0
0
0
0
1 315
0
0
0
0
0
0
0
0
0
0
1 1724
1 316
0
0
0
0
0
0
4 318 320 414 1616
0
0
1 1696
0
0
0
0
0
0
0
0
0
1 319
0
0
0
0
1 1743
1 319
1 319
1 319
0
0
1 319
0
0
1 319
0
0
1 1594
0
0
0
0
0
0
0
1 319
1 1693
0
0
0
0
0
0
2 346 1362
0
0
0
0
0
1 321
0
0
0
0
1 493
1 493
0
0
1 322
1 1123
0
0
0
0
2 322 1077
1 322
3 322 504 1463
1 1255
0
1 322
1 666
0
1 322
0
0
1 1200
0
0
1 871
3 749 1445 1839
1 323
0
1 874
0
0
1 949
0
0
0
0
1 1454
0
0
1 325
0
1 1523
0
0
0
0
0
1 1642
0
1 508
0
0
1 326
0
0
0
0
2 496 1312
0
0
0
1 334
1 334
1 334
0
5 327 874 1303 1398 1720
0
0
0
0
0
3 930 953 1051
0
0
0
0
0
2 1236 1624
0
0
0
1 460
0
0
1 1466
1 331
0
1 879
0
0
0
0
0
0
0
0
0
0
1 332
0
0
0
0
1 1563
0
1 540
0
1 603
1 334
0
0
1 334
0
0
0
2 872 874
0
0
0
0
0
0
1 334
0
0
0
0
0
0
0
0
0
0
0
1 335
0
0
1 692
0
0
0
1 1358
0
0
0
3 782 1056 1360
0
4 453 1131 1351 1578
1 336
0
0
2 357 901
0
1 473
0
1 1015
0
1 337
0
0
0
0
0
0
0
0
0
0
1 337
0
0
0
0
0
0
1 644
0
0
0
0
0
0
0
0
0
0
1 338
0
0
0
0
0
1 338
1 338
1 338
0
0
3 338 957 1815
0
0
1 338
0
0
0
0
0
0
0
0
0
0
1 338
0
0
0
0
0
0
0
3 976 1030 1444
1 807
0
2 708 966
0
0
2 660 1498
0
1 772
1 341
0
0
0
0
0
0
0
3 766 1534 1614
0
0
0
0
1 342
0
0
0
2 957 1489
0
0
0
2 343 910
4 1210 1563 1701 1703
0
0
0
0
1 343
1 343
1 343
4 647 1210 1478 1701
0
2 343 1210
0
0
2 343 965
2 1116 1704
0
2 1478 1563
0
0
0
0
1 493
0
0
1 343
1 884
0
0
0
0
0
0
0
1 344
0
0
0
0
0
0
0
0
0
0
1 345
0
1 560
0
0
0
0
0
1 1796
1 346
1 1227
0
0
0
1 1728
0
0
0
0
1 1172
1 346
0
4 494 1613 1700 1784
0
0
0
0
2 950 1110
0
2 347 1206
1 1664
1 920
0
0
2 664 1272
0
0
1 1670
0
0
0
0
1 409
0
0
1 349
1 790
0
0
0
3 517 790 1844
1 1555
2 403 1763
0
3 350 865 1162
0
0
1 1433
0
0
0
0
3 418 629 1201
1 663
0
0
1 353
0
0
1 353
0
0
1 353
0
0
0
0
0
0
0
0
0
0
1 353
0
3 426 693 1479
0
0
0
0
0
2 1881 1883
2 1169 1857
0
0
0
0
1 900
0
1 1465
1 482
4 1231 1292 1865 1873
1 519
0
1 673
0
1 959
1 1631
2 356 956
0
0
0
0
0
0
1 1120
0
0
1 357
2 357 1251
0
0
1 357
0
0
1 357
0
0
0
0
0
0
0
0
0
0
1 357
0
0
0
0
1 1773
0
1 993
0
1 360
2 360 758
1 360
0
0
1 360
0
0
1 360
0
0
0
0
0
0
3 1421 1508 1536
1 1116
0
0
1 360
1 1434
0
0
0
0
0
0
1 1770
0
0
1 384
0
0
0
0
0
1 361
0
0
0
0
0
1 1766
1 1662
0
0
0
1 605
0
0
3 362 432 542
0
0
0
0
0
0
0
0
1 1848
1 1013
1 1042
0
0
0
0
0
2 645 1110
1 871
1 776
0
0
1 917
0
1 364
0
0
1 364
0
0
0
0
0
0
0
0
0
0
1 364
0
0
1 835
0
0
0
1 1758
3 545 1084 1620
0
0
0
0
1 1458
1 366
0
0
1 1835
1 1246
0
0
0
1 367
0
0
1 367
0
0
0
0
0
0
0
0
0
1 1822
1 367
0
0
0
0
0
0
0
0
1 368
0
0
0
0
0
0
2 369 1540
0
0
1 369
1 656
0
1 369
0
0
1 1344
0
0
0
0
0
0
0
1 369
0
0
0
0
0
0
1 370
1 497
0
1 413
0
0
0
0
1 1390
0
0
0
1 374
2 1747 1750
1 1870
0
0
0
1 1180
1 682
0
1 1685
0
1 1356
0
1 376
0
0
0
0
0
1 383
0
0
1 377
2 972 1888
0
0
0
0
0
2 378 1021
0
0
0
0
1 656
0
0
0
0
0
1 379
0
0
0
0
0
0
0
1 1495
4 618 754 949 1804
1 380
0
1 1360
0
0
0
0
0
0
0
1 383
1 383
0
0
1 383
0
0
2 383 994
0
1 1626
0
0
0
0
0
0
0
0
1 383
0
0
1 1324
0
0
0
2 687 879
2 410 879
3 384 410 656
1 1802
1 879
0
0
0
2 535 1363
2 532 687
0
1 1792
0
3 384 879 1274
1 1274
1 1237
0
0
1 1274
1 849
1 385
0
0
0
0
0
0
0
0
0
0
0
0
1 389
1 389
1 389
0
0
1 389
0
1 629
1 389
0
0
0
0
0
0
0
0
0
0
1 389
0
0
0
0
0
0
0
0
0
0
0
1 391
0
0
0
0
2 616 919
0
1 392
1 1728
0
0
1 1858
0
0
0
1 393
1 393
1 393
1 1422
1 463
1 393
1 644
0
1 393
1 1301
0
1 644
0
0
0
0
0
0
0
1 393
0
0
0
0
1 729
0
0
2 940 1459
1 789
2 1352 1613
0
3 1006 1202 1283
0
2 413 1316
0
0
0
0
0
1 1136
1 395
0
2 400 1751
0
0
0
0
0
1 396
0
0
0
0
0
0
0
1 993
1 1693
2 398 1829
4 647 993 1478 1578
0
0
2 747 1625
1 1625
2 923 1563
0
1 1109
0
0
3 399 1200 1750
0
1 931
0
0
0
0
0
0
0
0
1 1104
0
0
0
0
1 401
0
0
0
0
0
0
2 1428 1561
0
0
0
0
1 404
1 404
1 404
0
0
1 404
0
0
1 404
0
0
0
0
0
0
0
0
0
0
3 404 541 741
0
0
1 825
0
0
0
0
2 411 1083
0
0
0
0
0
1 405
0
0
1 1492
1 959
0
0
0
0
0
0
0
0
0
1 406
1 1059
0
1 1767
0
0
0
0
0
0
0
0
0
1 716
0
1 595
0
0
0
1 408
0
1 1074
0
0
0
1 885
1 843
0
1 1685
1 1260
0
1 1663
0
0
2 409 1624
0
0
0
0
0
0
1 410
0
1 1529
1 410
0
0
0
0
0
0
0
0
0
0
1 410
0
1 1363
0
1 1798
0
1 1529
3 923 959 1143
0
0
0
1 1013
0
0
0
2 526 1066
1 484
1 412
0
0
0
0
0
0
0
1 413
0
2 638 1064
1 413
0
0
3 790 1255 1516
0
0
0
0
0
0
0
1 413
0
0
0
0
0
0
0
1 1319
0
2 1141 1516
0
0
0
1 1779
0
0
1 414
0
0
1 951
3 971 1010 1116
1 1779
1 1779
1 415
0
0
0
0
1 1544
1 415
1 415
1 415
0
0
1 415
0
0
1 415
0
0
0
0
0
0
0
0
0
0
1 415
0
0
0
0
0
0
0
0
0
0
0
0
1 1835
0
0
0
0
1 417
2 417 1007
1 417
1 1761
0
1 417
0
0
1 417
1 727
0
1 727
0
0
0
0
0
0
0
1 417
0
0
0
0
0
0
1 1089
1 569
0
0
0
0
1 1484
0
0
2 493 1506
0
0
0
0
0
0
4 419 676 1054 1431
0
4 457 526 946 971
0
0
1 1847
0
0
0
0
1 421
0
0
0
1 1048
0
0
1 422
0
1 1205
2 679 1202
0
1 1545
1 1425
1 1515
2 1332 1804
1 1650
0
0
1 623
1 1388
0
0
0
0
1 425
0
0
0
0
0
0
2 1126 1210
0
0
0
2 873 1850
0
0
0
0
1 426
0
1 841
0
0
0
0
1 428
0
0
0
0
0
0
2 1217 1554
0
1 429
0
0
0
0
0
0
0
1 1471
1 1234
0
0
1 676
0
0
2 430 612
0
0
0
0
0
0
0
0
0
0
3 569 861 1736
0
0
1 431
0
0
0
0
1 742
0
2 1154 1356
0
1 432
1 816
0
0
0
0
0
0
1 1054
0
0
1 432
0
0
0
0
1 991
0
0
0
0
0
0
0
0
1 433
1 1730
0
1 735
0
0
1 1731
0
0
0
2 1242 1784
0
0
0
0
0
0
0
0
0
0
0
1 1534
0
0
0
0
1 436
0
0
0
0
0
1 436
1 436
1 436
0
0
1 436
0
0
1 436
0
0
0
0
0
0
0
0
0
0
1 436
0
0
0
0
0
0
1 694
0
0
0
0
0
0
0
1 437
1 1819
0
0
0
0
0
0
1 718
2 971 1859
0
0
0
0
0
1 1727
0
0
1 1223
0
0
2 442 883
0
0
1 442
0
0
0
1 1838
0
1 1718
0
0
0
0
1 442
1 1662
0
1 1713
1 1656
0
0
1 443
1 443
0
0
1 443
0
0
1 443
2 805 856
0
0
0
0
0
0
0
0
0
1 443
0
0
0
0
0
0
0
1 1202
0
1 895
1 684
1 460
4 1003 1258 1376 1876
0
0
0
1 979
0
0
1 1808
0
1 447
0
0
0
0
0
0
0
1 449
0
0
0
0
0
1 635
0
0
0
0
2 1004 1516
0
0
0
1 973
0
0
0
0
0
0
1 452
0
0
0
0
0
0
0
1 957
0
0
0
0
0
0
1 993
1 453
0
0
0
0
0
0
1 1505
1 481
0
0
0
0
0
2 455 1657
0
0
0
0
0
0
1 1718
0
0
1 511
0
0
0
1 569
1 458
0
1 693
0
0
0
0
2 854 1263
0
0
0
0
0
0
1 710
0
0
0
0
0
0
0
1 460
0
0
0
0
0
0
0
0
1 461
0
1 604
1 461
0
0
1 800
0
0
2 494 1301
0
1 464
0
0
0
0
0
0
0
0
0
0
0
1 1625
1 468
2 1167 1210
0
1 863
0
0
1 468
1 468
1 468
0
0
1 468
0
0
1 468
0
0
0
0
0
0
1 676
0
0
0
1 468
0
0
0
0
0
0
0
0
0
1 965
0
0
0
1 1391
0
0
0
0
0
0
0
1 473
0
0
0
0
0
1 1260
0
1 474
0
0
0
0
0
4 474 1350 1672 1777
1 474
1 474
0
0
1 474
0
0
1 474
0
1 624
0
0
0
0
1 1041
0
0
0
1 474
0
0
0
0
0
0
0
0
0
0
0
0
0
0
0
0
0
0
0
0
0
0
1 475
0
0
0
0
0
1 475
1 475
1 475
0
0
1 475
0
0
1 475
0
0
0
0
0
0
0
0
0
0
1 475
0
0
0
0
0
0
0
0
1 476
0
0
0
0
0
0
0
0
1 477
1 477
1 477
0
0
2 477 1306
0
0
1 477
0
0
0
0
0
0
0
0
0
0
2 479 1586
0
0
0
0
2 523 1164
0
0
0
0
1 1154
0
0
0
1 480
1 778
0
0
0
0
0
0
0
0
0
0
0
1 703
0
1 1767
0
2 1091 1767
0
1 1613
0
0
1 482
0
0
0
0
0
0
0
0
0
0
0
0
0
1 484
1 1807
0
0
0
0
0
0
0
0
0
1 484
0
0
0
0
1 1495
0
0
0
0
0
0
1 486
0
0
0
1 1326
1 700
0
0
0
1 487
0
0
0
0
0
0
0
0
0
0
0
0
0
0
0
1 489
0
0
0
0
0
1 1328
0
0
0
0
1 489
0
0
0
0
0
1 1549
0
1 515
4 687 825 1594 1726
0
1 1712
0
0
1 1135
2 1239 1386
0
0
1 1051
1 1138
0
0
0
0
1 493
0
0
0
0
1 884
0
1 884
1 1268
0
0
1 493
0
0
0
0
0
0
1 1816
0
1 494
0
0
0
0
0
0
0
0
0
0
1 494
0
0
1 1219
1 1659
0
0
0
0
0
0
1 870
1 1023
1 497
0
0
1 497
0
0
0
0
0
0
1 1411
0
0
0
1 497
0
0
0
0
0
0
1 1605
0
0
0
0
0
0
1 641
0
0
0
3 1075 1338 1566
1 659
0
0
0
0
0
0
0
1 1154
0
0
0
0
0
0
0
1 1063
0
0
0
0
0
1 508
0
0
0
1 1780
0
0
1 1254
0
2 510 970
0
1 1702
0
0
0
0
0
1 1189
0
0
0
0
0
0
0
0
0
1 1891
0
1 512
0
0
0
0
1 1169
0
0
0
0
0
0
0
1 513
0
3 908 1442 1834
0
0
0
0
0
0
0
0
0
0
0
0
0
0
0
0
0
0
0
0
0
0
1 1065
0
0
0
1 516
0
0
0
0
0
1 516
1 516
1 516
0
0
1 516
0
0
1 516
0
0
0
0
0
0
0
0
0
0
1 516
0
0
0
0
0
0
0
0
1 517
0
0
0
0
0
1 1505
0
0
0
0
1 517
0
0
0
0
0
1 1505
0
0
1 518
0
1 1553
0
0
0
0
0
0
2 910 1630
0
0
0
0
0
0
0
1 519
0
0
0
0
0
0
0
1 1300
1 520
0
0
1 1110
0
0
0
0
0
1 1530
1 1640
0
0
0
1 522
0
0
0
0
0
0
1 1882
0
0
0
0
0
1 985
1 524
1 524
2 524 573
0
0
1 524
0
0
1 524
0
0
0
0
0
0
0
0
0
0
1 524
0
0
0
0
0
0
0
0
0
1 525
0
0
0
0
0
0
0
0
1 526
1 951
0
1 526
2 971 1116
0
0
0
0
1 982
0
1 1532
2 1309 1885
1 596
1 526
0
2 982 1229
0
1 1044
0
0
0
0
0
1 527
0
0
0
0
0
0
1 1400
0
0
0
0
0
0
0
0
0
0
1 1798
0
1 656
1 667
1 532
0
0
0
0
0
0
0
0
1 535
0
0
0
0
1 1237
0
0
0
0
0
1 535
0
0
0
0
0
0
1 536
0
0
0
0
0
0
0
0
0
0
1 538
1 538
1 538
0
0
1 538
0
0
1 538
0
0
0
0
1 1086
0
0
0
0
0
1 538
0
1 1801
0
0
0
0
0
0
2 1319 1358
0
0
0
0
1 539
0
0
0
0
0
0
1 1016
0
0
0
0
0
0
1 1564
0
0
0
0
0
1 541
0
0
0
0
0
0
1 759
1 542
2 1299 1819
0
0
1 1115
0
0
0
0
0
0
1 542
1 783
0
1 1357
1 856
0
0
0
1 596
0
0
1 543
0
0
0
0
0
0
0
0
1 701
0
1 544
0
0
0
0
0
0
0
0
0
0
0
0
0
0
0
2 546 659
0
0
0
0
0
0
0
1 1891
1 548
2 548 1891
1 548
0
0
2 548 1891
0
0
2 548 564
0
0
0
2 1132 1882
0
0
0
0
0
0
2 548 974
0
0
0
1 1891
0
0
2 605 1127
0
1 549
1 1745
0
0
0
1 1234
0
0
0
0
1 551
0
0
0
0
3 621 922 1802
0
0
0
0
1 1446
0
1 971
1 1101
0
1 553
1 929
0
0
1 814
0
0
0
0
1 1835
0
0
0
0
0
0
2 593 727
1 1744
0
0
0
2 831 1061
0
0
0
0
1 1862
1 1061
0
0
0
1 557
0
0
0
0
0
0
0
1 1215
0
1 986
0
2 558 1779
0
1 1255
0
0
0
2 558 1141
1 558
1 558
0
0
1 558
0
0
2 558 1581
0
0
0
0
0
0
0
0
0
0
1 558
0
0
0
1 1779
0
0
0
2 559 1578
0
0
1 559
1 1863
0
0
0
0
2 993 1027
0
2 1027 1143
0
0
1 559
0
0
0
0
0
0
0
0
0
0
0
0
0
0
0
1 560
0
0
0
1 1882
1 1208
0
0
0
0
0
0
1 762
0
1 562
1 810
1 1518
0
0
0
0
0
2 1406 1778
0
0
1 1563
0
0
0
1 564
1 564
1 564
0
0
1 564
0
0
1 564
0
0
0
0
0
0
0
0
0
0
1 564
0
0
0
0
0
0
0
0
1 565
1 644
0
0
0
0
1 565
1 565
1 565
0
0
1 565
0
0
1 565
0
0
0
1 659
0
0
0
0
0
0
1 565
0
0
0
0
0
0
0
0
0
1 567
0
1 1063
1 766
0
0
0
1 1322
0
0
0
1 569
0
1 1799
3 569 690 1158
0
0
0
0
0
0
0
0
0
0
1 839
0
0
0
0
1 574
0
0
0
1 1577
0
1 574
1 574
2 574 1682
1 1705
0
1 574
0
0
2 574 1705
0
0
0
0
0
0
0
0
1 1351
0
1 574
0
0
0
0
0
0
0
0
0
0
1 1853
0
0
0
0
0
0
0
0
0
0
0
0
0
0
0
0
0
0
1 580
0
0
0
0
0
0
1 1700
0
2 581 692
0
2 1110 1483
0
2 907 1322
0
2 949 1351
1 701
0
0
0
0
0
0
1 582
0
0
0
0
0
0
1 583
0
0
0
0
1 890
0
0
1 584
0
0
0
0
0
0
0
0
0
1 1043
0
0
0
1 1705
1 1073
1 1073
1 587
0
0
1 1073
0
0
1 1646
0
0
0
0
1 588
0
0
1 648
0
0
0
0
0
0
0
1 589
0
0
0
0
0
0
0
0
0
0
1 590
0
0
0
0
1 1459
0
0
1 591
0
0
0
0
0
0
0
0
0
0
0
0
0
0
0
2 593 1167
0
0
0
1 709
0
0
0
0
0
0
0
0
0
0
0
3 596 1054 1122
0
0
1 596
0
0
1 596
0
1 1370
0
1 1229
0
0
0
0
0
0
1 596
0
0
0
0
0
0
1 597
0
0
0
1 1613
0
0
0
0
1 598
0
1 1727
0
0
0
0
1 599
1 1217
1 1627
1 599
0
0
0
0
0
0
0
0
0
0
1 599
0
0
0
0
0
0
0
0
1 601
0
0
0
0
1 1701
0
0
1 1618
0
0
0
0
2 1310 1618
0
0
0
0
0
0
0
0
0
0
0
0
1 604
0
0
0
0
0
0
0
0
0
0
0
0
1 1006
0
0
0
1 605
0
0
0
0
0
0
1 1159
2 701 783
2 1055 1774
0
0
0
0
0
1 1645
0
1 1341
3 1232 1551 1681
2 783 945
1 1551
0
0
0
0
0
0
0
1 606
1 1378
0
0
0
0
0
0
1 607
0
0
1 607
0
0
0
0
0
0
0
0
0
0
1 607
0
0
0
0
0
0
0
0
0
2 851 1384
1 608
0
0
0
0
0
1 878
1 609
0
0
0
0
0
0
1 610
0
0
0
0
0
0
0
0
1 612
1 612
1 612
0
0
1 612
0
0
1 612
0
0
0
0
0
0
0
0
0
0
1 612
0
0
0
0
0
0
0
0
0
0
0
0
1 613
0
0
0
0
0
1 613
1 613
1 613
1 1255
0
1 613
0
0
1 613
0
0
0
0
0
0
0
0
0
0
1 613
0
0
0
0
0
0
1 857
1 614
0
0
0
0
0
0
1 1716
0
1 1744
0
1 615
2 615 677
1 615
0
0
1 615
0
0
1 615
0
0
0
1 749
0
0
0
0
0
0
1 615
0
0
0
0
0
1 1762
1 1693
0
0
0
0
1 1201
0
0
1 616
0
0
0
0
0
0
1 1759
0
0
0
0
0
0
0
0
1 1462
0
0
1 1663
0
1 618
0
0
0
0
1 1104
0
0
0
0
0
0
1 1790
0
0
0
0
0
0
0
0
0
0
0
0
0
0
0
1 623
0
0
0
1 914
0
0
0
0
0
0
1 892
0
0
0
0
1 1847
1 625
0
0
0
0
0
0
0
0
0
0
0
0
0
0
0
1 629
0
0
1 629
0
1 1382
0
0
0
0
0
0
0
0
1 629
0
0
0
0
0
0
0
0
1 1877
0
0
0
1 1606
0
0
0
0
0
0
0
1 633
0
0
0
0
0
0
0
0
0
0
1 1441
0
1 952
1 1104
0
0
0
0
1 1092
0
1 955
0
0
0
0
0
0
1 639
0
0
0
0
0
0
0
0
0
0
0
0
0
0
0
1 644
1 1229
0
0
0
0
0
0
0
0
0
1 644
0
1 790
0
0
0
0
0
0
0
1 1795
0
0
0
0
0
1 645
0
0
0
0
0
0
0
0
0
0
0
0
1 646
0
0
0
1 1459
0
1 662
0
1 702
0
0
1 747
1 1715
0
1 647
0
0
0
1 1133
0
1 1546
0
0
0
1 1529
0
0
1 899
0
0
1 649
0
0
0
0
0
0
0
1 650
0
0
0
0
0
0
0
0
0
0
1 655
0
0
0
0
0
0
0
0
0
0
0
0
0
0
0
0
1 656
0
0
0
0
0
0
0
2 657 1073
0
0
0
0
0
0
0
0
0
1 658
0
0
0
0
0
0
1 659
0
0
1 659
0
0
0
0
0
0
0
0
0
0
1 659
0
1 982
0
0
0
0
1 660
0
1 769
1 660
0
0
0
0
1 1582
0
1 799
0
0
0
1 660
0
0
0
0
1 1551
1 1013
0
1 661
0
0
0
0
0
0
1 1647
0
0
2 1172 1718
0
0
0
0
0
0
1 1613
0
0
1 664
1 664
1 664
0
0
1 664
0
0
1 664
0
0
0
0
0
0
0
0
0
0
0
0
0
2 666 1824
0
0
0
0
1 1104
0
0
0
0
0
0
0
0
0
0
0
0
0
0
0
1 671
0
0
0
0
0
1 1100
0
0
0
0
0
0
0
0
0
1 673
0
0
0
1 836
0
1 1053
0
0
0
0
0
0
0
0
0
0
0
0
0
1 676
0
0
0
0
0
0
1 1640
0
1 677
0
0
1 677
0
0
0
0
0
0
0
0
0
0
2 677 1650
0
0
0
0
0
0
0
0
0
0
0
0
1 1129
1 1532
1 678
1 1532
0
0
0
0
1 678
1 678
1 678
0
0
1 678
0
0
1 678
0
0
0
0
0
0
0
0
0
0
1 678
0
0
0
0
0
0
0
0
0
0
1 1163
0
0
0
0
0
1 680
0
0
0
0
0
0
0
1 725
1 1558
1 1224
0
0
0
1 683
1 734
0
0
0
0
0
0
0
0
0
0
0
0
1 685
0
0
0
0
1 1807
0
0
0
0
2 687 1594
0
0
1 687
1 825
0
0
1 1593
0
0
0
0
0
0
1 687
1 1274
0
0
0
0
0
0
0
2 921 1206
0
0
0
0
0
0
2 690 930
0
0
0
0
0
0
0
1 1847
0
0
0
0
0
0
0
0
0
0
2 692 1769
0
0
0
0
0
0
0
0
0
0
0
0
0
0
1 693
0
0
0
0
0
0
0
0
0
0
0
0
0
0
0
0
0
0
1 696
0
0
0
0
1 781
0
0
0
1 697
0
0
0
0
0
0
0
0
0
1 699
0
2 777 1882
0
0
0
0
0
1 1705
0
0
0
0
0
0
1 701
0
0
2 701 849
0
0
0
0
1 1863
1 1681
0
0
0
0
1 701
0
0
0
0
0
0
0
0
1 804
0
0
0
0
0
2 742 1463
0
0
0
0
0
0
0
1 1532
0
0
0
0
0
1 1532
0
1 705
0
0
0
1 1275
0
0
0
0
0
0
0
0
0
0
2 1322 1767
0
0
0
0
0
0
0
0
0
0
0
1 1382
0
1 713
0
0
0
0
0
0
1 1495
1 714
0
0
0
0
0
1 856
0
0
1 715
0
1 716
0
0
0
0
2 1690 1709
0
1 851
0
0
2 851 1076
1 718
0
1 1798
0
0
0
0
0
1 1202
0
0
0
1 719
0
0
0
0
0
0
2 720 1349
0
0
0
0
1 1089
0
1 1618
0
0
0
1 1573
0
1 1287
0
0
0
0
0
0
2 987 1645
1 721
0
0
0
0
0
0
0
1 722
0
0
0
0
0
0
0
0
0
1 1156
0
1 724
0
0
0
0
0
0
0
0
0
0
0
0
0
1 727
0
0
1 727
0
0
0
1 1778
0
0
0
0
0
0
1 727
0
0
0
0
1 906
0
0
0
0
0
1 1691
0
0
1 1789
0
0
0
0
1 730
0
0
0
0
0
0
0
0
0
0
0
0
0
0
1 945
0
0
0
2 733 1420
0
0
0
0
0
0
0
0
0
0
0
0
0
0
0
0
0
0
1 898
0
0
0
0
0
0
0
0
0
1 1052
0
1 741
0
0
0
1 933
0
0
0
0
0
0
1 741
0
0
0
0
0
0
1 1509
1 742
0
0
0
0
0
0
0
0
0
0
1 742
0
0
0
0
0
0
0
0
1 977
0
1 744
0
0
0
0
0
1 744
1 744
1 744
0
0
1 744
0
0
1 744
0
0
0
0
0
0
0
0
0
0
1 744
0
0
0
0
0
0
0
0
2 423 1650
0
0
0
0
0
1 745
0
0
0
0
0
0
0
0
1 1009
0
1 746
0
0
0
0
0
0
0
0
1 1052
0
0
0
0
0
0
1 747
0
1 1283
0
0
0
0
1 748
0
0
0
0
0
2 1027 1351
0
0
0
0
1 748
1 1828
0
0
0
0
0
1 1744
1 749
0
0
1 749
0
0
0
0
0
0
1 1744
0
0
0
1 749
0
0
0
0
0
0
0
0
0
1 752
0
0
0
0
0
1 752
1 752
1 752
0
0
1 752
0
0
1 752
0
0
0
0
0
0
0
0
0
0
1 752
0
0
0
0
0
0
1 547
1 1307
0
0
0
0
0
0
1 753
0
0
0
0
1 1686
0
0
0
0
0
1 1733
0
0
0
1 1341
0
0
0
0
0
0
0
0
0
0
0
0
0
0
0
0
0
0
0
0
0
0
0
0
0
1 761
0
0
0
0
0
1 761
1 761
1 761
0
0
1 761
0
0
1 761
0
0
1 1205
0
0
0
0
0
0
0
1 761
0
0
0
0
0
0
0
0
0
0
0
0
0
1 762
0
0
0
0
0
0
0
0
3 763 1458 1743
1 1582
0
0
0
0
0
0
1 1645
0
1 764
0
0
1 1669
0
0
0
0
1 1847
1 884
0
0
0
0
0
0
0
0
1 766
0
0
0
0
0
0
0
2 1663 1805
0
0
0
1 767
0
0
0
0
0
0
0
0
0
0
0
1 768
0
0
3 1159 1631 1774
0
0
0
0
0
0
0
0
0
0
1 1301
0
0
1 772
0
0
0
0
0
0
1 773
0
0
0
0
0
0
0
1 850
1 774
1 774
1 774
0
0
1 774
0
0
1 774
0
0
0
0
0
1 830
0
0
0
0
1 774
0
0
0
0
0
0
1 1705
0
0
0
0
0
0
0
1 1778
0
0
0
0
1 1462
1 1807
0
0
0
0
0
0
0
0
0
0
0
0
1 780
0
0
0
0
0
0
0
0
0
0
0
0
0
0
0
0
0
0
1 822
0
1 782
0
0
0
0
0
0
0
2 783 1377
0
0
0
0
0
0
0
0
0
0
1 783
0
0
0
0
0
0
1 1061
0
0
2 785 1001
1 785
1 785
0
0
1 786
0
0
0
0
0
0
0
0
0
0
0
1 787
0
0
0
0
0
2 868 1021
0
1 788
1 959
2 909 1834
1 880
0
1 1767
0
1 860
0
0
0
1 790
0
0
0
1 877
0
0
1 1237
0
0
0
1 790
0
0
0
0
0
0
0
0
0
0
0
1 794
0
0
0
0
0
2 1711 1863
0
1 1134
0
0
1 795
0
0
1 1728
0
0
0
0
1 1141
0
0
0
0
1 1582
0
0
0
1 1578
1 1864
0
0
0
0
0
0
0
1 1751
0
0
0
0
0
0
0
1 805
1 1579
0
0
0
0
0
0
0
1 1624
0
1 805
0
0
0
0
0
0
0
0
0
0
0
1 1411
0
1 874
2 1106 1465
0
0
0
0
0
0
0
0
1 1488
0
0
1 1465
0
0
0
2 812 1382
1 812
1 812
0
0
1 812
1 1875
0
1 812
0
0
1 1489
0
0
0
0
0
1 1774
0
1 812
0
0
0
0
1 1834
0
0
0
0
1 813
0
0
0
0
0
0
0
0
0
0
0
0
3 827 1060 1618
1 1882
0
0
0
0
0
1 815
0
0
0
1 1551
0
0
0
0
0
0
0
0
0
0
0
0
0
0
0
0
0
0
0
1 820
0
0
0
0
0
0
0
1 821
0
0
0
0
0
0
0
0
0
0
0
0
0
0
0
0
1 824
0
0
0
1 1515
0
0
0
1 1069
0
1 1448
0
0
1 1726
0
0
1 1726
0
1 1726
0
1 825
0
0
0
0
1 1726
0
0
1 909
0
1 1351
0
0
0
0
0
0
0
1 1496
0
0
0
0
0
0
0
0
0
1 828
0
0
0
0
0
0
0
0
0
0
0
0
0
1 831
0
0
0
0
0
1 943
0
0
0
0
1 831
0
0
0
0
0
0
0
1 832
0
0
1 1444
1 1230
0
0
0
0
0
0
0
0
0
0
0
0
2 875 1154
0
0
0
0
0
0
1 837
0
0
0
0
0
0
0
0
0
0
0
0
1 1191
0
0
1 1423
0
0
0
0
1 1021
0
0
1 844
0
0
0
0
0
0
0
0
0
2 1174 1657
1 845
0
0
0
0
0
0
1 1057
0
1 1829
0
1 1605
0
0
0
0
0
0
0
0
0
0
0
0
1 849
0
0
0
0
0
0
0
0
0
0
0
0
0
1 1153
0
1 1021
1 851
0
0
2 851 1021
0
0
2 868 1439
1 1021
0
0
0
0
0
0
1 851
0
0
2 1018 1165
0
0
0
1 1124
0
0
1 853
1 1462
0
0
0
0
1 853
1 853
1 853
0
0
1 853
0
0
1 853
0
0
0
0
0
0
0
0
0
0
1 853
0
0
0
0
0
0
0
0
0
0
0
0
1 855
1 1406
0
0
0
0
0
0
1 856
0
0
1 856
0
0
1 978
0
0
0
0
0
0
0
1 856
0
0
0
0
0
0
0
1 1032
0
0
0
1 858
0
0
0
0
0
0
0
0
0
0
1 859
0
0
0
0
0
0
0
0
0
0
1 1193
0
0
0
0
1 1462
0
0
0
0
0
0
1 862
0
0
0
0
0
0
0
0
0
0
0
1 863
1 1289
1 1066
0
0
0
0
1 1331
0
0
1 864
0
0
0
0
0
0
0
0
0
1 1017
2 866 1638
1 1052
0
0
0
0
0
2 1265 1694
0
1 867
0
0
0
0
0
0
1 868
0
0
1 868
1 1472
0
1 868
0
0
0
0
0
0
0
0
0
0
1 1695
0
0
0
0
0
0
0
0
0
1 871
0
0
0
0
0
0
0
0
0
1 872
0
0
0
0
0
0
0
0
0
0
1 874
0
0
0
0
0
0
0
0
0
0
1 874
0
0
0
1 1673
0
0
0
0
0
0
0
0
0
0
0
0
0
0
0
0
0
0
0
0
0
0
0
0
1 878
0
0
0
0
0
0
0
0
0
0
0
0
1 1890
0
0
0
0
0
0
0
1 879
0
0
0
0
0
0
0
1 1737
0
0
1 1250
0
0
0
0
2 1159 1529
0
0
0
1 882
0
0
0
0
0
0
1 1842
0
0
0
0
1 883
0
0
0
1 1539
0
0
0
1 884
0
0
0
0
0
0
0
0
0
0
1 884
0
0
0
0
0
0
0
0
0
0
0
1 885
0
0
0
0
0
0
1 1466
1 889
0
0
0
0
0
0
1 1091
0
1 1465
0
0
0
0
0
0
0
0
0
1 1603
0
2 1534 1835
1 893
0
0
0
1 1478
1 1603
1 1639
0
0
0
0
0
0
0
0
0
0
0
1 896
0
0
0
0
0
0
1 897
0
0
0
0
1 1013
0
0
0
0
1 1104
1 899
1 899
1 899
0
0
1 899
0
0
1 899
0
0
0
0
0
0
0
0
0
0
1 899
0
0
0
0
0
0
0
1 1428
0
1 900
0
0
0
0
0
0
0
0
0
0
0
0
0
1 901
0
0
0
0
0
0
0
0
0
0
0
0
0
0
0
1 1107
0
0
0
0
0
1 1458
1 1145
0
0
0
0
0
0
0
1 1372
0
0
3 909 1578 1631
0
1 1631
2 909 1774
0
0
1 909
0
0
1 1631
0
0
0
0
0
0
0
1 909
0
0
1 1681
1 1351
0
0
0
0
0
0
0
0
0
0
1 910
0
0
0
0
0
0
0
0
0
1 1154
0
0
0
0
0
3 912 982 985
0
0
0
0
0
1 912
1 912
1 912
0
0
1 912
0
0
1 912
0
0
0
0
0
0
0
0
0
0
1 912
0
0
0
0
0
0
0
0
0
0
0
0
0
0
0
0
0
0
1 914
0
0
0
0
0
0
0
0
0
0
0
0
0
0
1 1505
0
0
1 918
0
0
1 1256
0
0
1 1610
0
0
0
1 919
1 919
1 919
0
0
1 919
0
0
2 919 1682
0
0
0
0
0
0
0
0
0
1 1555
2 1058 1170
0
1 920
0
0
0
1 1512
0
0
1 1173
0
1 1342
0
0
0
0
0
0
0
0
0
0
1 922
0
0
0
0
0
0
0
1 1478
0
1 923
0
0
0
0
0
0
0
0
0
1 1073
0
0
0
0
0
0
0
1 930
0
0
0
0
0
0
0
0
0
0
0
0
0
0
0
0
0
0
0
0
0
1 939
0
0
0
0
0
0
0
0
0
0
0
0
0
0
0
0
0
0
0
0
0
0
1 1134
0
0
0
0
0
0
0
0
0
2 945 1551
0
0
0
0
0
0
0
1 1684
0
0
0
0
0
0
1 946
0
0
0
0
0
0
0
0
0
0
0
0
0
0
0
0
0
0
1 949
0
0
0
0
0
0
0
1 950
0
0
0
0
0
0
0
0
0
0
0
1 951
0
0
0
0
0
0
0
0
0
1 1459
0
0
0
1 1205
1 1435
0
0
0
0
0
0
0
0
1 1026
0
1 957
1 1684
0
1 1422
0
1 1131
1 1091
0
0
1 1091
1 1144
1 957
0
0
0
0
0
0
0
0
1 959
0
0
0
1 1159
0
0
0
0
0
0
2 959 1677
0
0
0
0
0
0
0
0
1 961
0
0
1 1846
0
0
0
0
0
0
0
1 963
0
0
0
0
0
0
0
0
0
1 965
0
0
0
0
0
1 1078
0
0
0
1 966
0
0
0
0
0
0
0
0
0
0
1 1473
0
0
0
0
0
0
0
0
0
0
1 971
0
1 1684
0
0
0
1 1219
1 972
0
0
0
0
0
0
0
0
0
0
0
1 973
0
0
0
0
0
0
0
0
1 1044
1 975
0
0
0
0
0
0
0
0
1 1603
0
0
0
0
0
0
0
0
0
1 1427
0
0
0
0
0
0
0
0
0
0
2 1219 1587
0
0
0
0
0
1 982
0
2 1116 1219
0
0
0
0
0
0
0
0
0
0
0
0
0
2 1205 1587
1 985
0
0
0
0
0
0
1 1707
0
0
0
0
0
0
0
0
1 986
0
0
0
0
0
0
0
0
0
0
0
0
0
0
0
0
0
1 989
0
0
0
0
0
0
0
0
1 990
0
0
0
0
0
0
0
0
0
1 1172
1 1778
0
0
0
0
0
2 993 1040
0
0
0
0
0
0
0
0
0
1 994
0
0
0
0
0
0
0
1 995
0
0
0
0
0
0
0
1 1108
0
0
0
0
0
0
0
0
0
0
0
0
0
1 998
0
0
0
0
0
1 998
1 998
1 998
0
0
1 998
0
0
1 998
0
0
0
0
0
0
0
0
0
0
1 998
0
0
0
0
0
0
2 999 1253
0
0
0
0
0
0
0
0
0
0
0
0
0
1 1117
1 1054
0
1 1002
0
0
0
0
0
0
0
0
0
0
0
0
0
0
0
0
0
0
0
0
0
0
0
0
0
2 1202 1214
1 1006
0
0
0
0
0
0
0
0
0
0
0
1 1743
0
1 1007
0
0
0
0
0
0
0
0
0
0
0
0
0
0
0
0
1 1013
0
0
0
0
1 1360
1 1582
0
0
0
0
1 1013
0
0
0
0
0
0
0
0
0
0
0
0
0
0
0
0
0
0
0
0
0
0
0
0
0
0
0
0
0
0
0
0
1 1021
0
0
1 1500
0
0
0
1 1282
0
0
1 1023
0
0
0
0
0
0
0
0
0
0
1 1023
0
0
0
0
0
0
0
0
0
0
0
0
0
0
0
0
0
0
0
1 1025
0
0
0
0
0
1 1025
1 1025
1 1025
0
0
1 1025
0
0
1 1025
0
0
0
0
0
0
0
0
0
0
1 1025
0
0
0
0
0
0
0
0
0
0
0
0
1 1027
0
0
1 1027
0
0
0
0
1 1091
0
0
0
1 1077
0
1 1027
0
0
0
0
0
0
0
0
0
0
0
1 1029
0
0
0
0
0
0
0
0
0
0
0
0
0
0
0
0
1 1030
0
0
0
0
0
0
0
0
1 1046
1 1592
0
0
1 1795
0
0
0
0
0
0
1 1033
0
0
0
0
0
0
0
0
0
0
0
1 1036
0
0
0
0
0
0
0
0
0
0
0
0
0
0
0
0
0
0
0
0
0
0
0
0
1 1041
0
0
0
0
0
0
2 1834 1849
0
0
1 1042
0
0
0
0
0
0
0
0
0
0
0
0
0
0
1 1044
1 1044
0
0
1 1044
0
0
1 1044
0
0
0
0
0
0
0
0
0
0
1 1044
0
0
0
0
0
0
0
0
1 1883
0
0
0
0
0
0
1 1047
0
0
0
0
0
0
0
0
0
0
0
0
1 1049
0
0
0
0
0
0
0
0
0
0
1 1050
0
0
0
0
0
0
0
0
0
0
1 1051
0
0
0
0
0
0
1 1052
0
0
1 1052
0
0
0
0
0
0
0
0
0
0
1 1052
0
0
0
0
0
0
0
1 1545
0
0
0
0
1 1054
0
0
0
0
0
0
0
0
0
0
1 1054
0
0
0
0
0
0
0
0
0
0
1 1363
0
0
1 1055
0
0
0
0
0
0
0
0
0
0
0
1 1056
0
0
0
0
0
0
0
0
0
0
0
0
0
0
0
0
0
0
0
0
0
0
0
0
0
1 1305
0
0
0
1 1061
0
0
1 1061
0
0
0
0
0
0
0
0
0
0
1 1061
0
0
0
0
0
0
0
0
0
0
0
0
0
1 1063
0
0
0
0
0
0
0
0
0
0
0
0
0
0
0
1 1065
1 1065
1 1065
0
0
2 1065 1650
0
0
1 1065
0
0
0
0
0
0
0
0
0
0
1 1065
0
0
0
0
0
0
1 1066
1 1066
3 1568 1775 1890
0
1 1066
0
0
1 1066
0
0
0
0
0
0
0
0
0
0
1 1066
0
0
0
0
0
0
0
0
0
0
0
0
1 1379
0
0
1 1068
0
0
0
0
0
0
0
0
1 1405
0
0
0
1 1071
0
0
0
0
0
0
0
0
0
0
0
0
0
0
1 1073
0
0
0
0
0
0
0
0
0
0
0
0
0
0
0
0
0
0
0
0
0
0
0
0
0
0
0
0
1 1631
0
0
0
0
0
0
0
1 1081
0
0
0
0
0
0
0
0
0
0
0
1 1083
0
0
0
0
0
0
0
0
0
0
0
0
0
0
0
0
0
0
0
0
0
0
0
1 1089
0
0
0
0
0
0
1 1090
0
0
0
0
0
0
0
0
1 1091
0
0
0
0
1 1171
0
0
0
0
0
1 1091
0
1 1834
0
0
0
0
0
0
0
0
0
0
0
2 1095 1718
0
0
0
0
0
0
0
1 1096
1 1661
0
0
0
0
0
0
0
0
0
1 1098
0
0
0
0
0
0
0
0
0
0
0
0
1 1734
0
0
0
0
0
1 1100
0
0
0
0
0
0
0
0
0
0
1 1100
0
0
0
0
0
0
0
1 1101
0
0
0
0
0
0
0
0
0
0
1 1101
0
0
0
0
1 1344
0
0
0
0
0
0
1 1102
0
0
0
0
0
0
0
0
0
0
0
0
0
0
0
1 1465
0
1 1104
0
0
0
0
0
0
0
0
0
1 1601
0
0
2 1106 1462
1 1106
1 1106
0
1 1601
2 1106 1601
0
1 1601
1 1106
0
0
0
0
0
0
0
0
0
0
1 1106
0
1 1601
0
0
0
0
0
0
0
0
0
0
0
0
0
0
0
0
0
0
1 1110
0
0
0
0
0
0
0
1 1113
0
0
0
0
0
1 1113
1 1113
1 1113
0
0
2 1113 1687
0
0
2 1113 1645
0
0
0
0
0
0
0
0
0
0
1 1113
0
0
0
0
0
0
0
0
0
0
0
0
0
0
0
0
0
0
0
0
0
0
1 1118
0
0
0
0
0
0
0
0
0
0
0
0
1 1267
0
1 1120
0
0
0
0
2 1798 1883
0
0
0
1 1121
0
0
0
0
0
1 1121
1 1121
1 1121
0
0
2 1121 1806
0
0
1 1121
0
0
0
0
0
0
0
0
0
0
1 1121
0
0
0
0
0
0
0
0
0
0
0
1 1123
0
0
0
0
0
0
0
0
0
0
0
0
0
1 1125
0
0
0
0
0
0
0
0
0
1 1126
0
0
0
0
0
0
0
0
0
0
0
1 1128
0
0
0
0
0
0
0
0
0
0
0
0
0
0
0
0
0
0
0
0
0
0
0
0
0
0
0
0
0
0
0
0
0
0
0
0
1 1134
0
0
0
0
0
0
0
0
0
0
0
0
1 1735
1 1136
0
0
0
0
0
0
0
0
0
0
0
0
1 1139
0
0
0
0
0
0
0
0
0
0
1 1578
0
0
0
0
0
0
0
0
0
0
1 1141
0
0
0
0
0
0
0
0
0
0
0
0
0
0
0
1 1143
0
0
0
0
0
0
1 1374
0
0
0
0
0
0
0
0
0
0
0
0
1 1642
0
1 1147
0
0
1 1148
0
0
0
0
0
0
0
0
1 1150
1 1252
0
0
0
0
0
0
0
0
0
0
0
0
0
0
0
0
0
0
0
0
1 1554
0
0
1 1554
0
0
1 1154
0
1 1554
0
0
0
0
0
0
0
0
0
0
0
0
0
0
0
1 1159
0
0
1 1159
0
0
0
0
0
0
2 1535 1684
1 1808
0
0
1 1159
0
0
0
0
0
0
0
0
0
0
0
0
0
0
0
0
0
0
0
0
0
0
0
0
0
1 1167
0
0
0
0
0
0
0
0
0
0
1 1168
0
0
0
0
0
0
0
0
0
0
0
0
1 1169
0
0
0
0
0
0
1 1170
0
0
0
0
0
0
0
0
0
0
1 1170
0
0
0
0
0
0
0
0
0
0
0
1 1172
0
0
1 1172
1 1596
0
0
0
0
0
0
0
0
0
0
0
0
0
0
0
0
0
0
0
0
0
0
0
0
0
0
0
0
0
0
0
0
0
0
0
0
0
0
0
0
1 1190
0
0
0
0
0
0
0
0
0
0
0
0
0
1 1192
0
0
0
0
0
0
0
0
0
1 1502
0
0
0
0
0
0
0
0
1 1194
0
0
0
0
0
1 1194
1 1194
1 1194
0
0
1 1194
0
0
1 1194
0
0
0
1 1890
0
0
0
0
0
0
1 1194
0
0
0
0
0
0
0
0
0
0
0
0
0
0
0
0
0
0
0
1 1199
0
0
0
0
0
0
0
0
0
0
0
0
1 1200
0
0
0
0
0
0
0
0
0
0
0
1 1201
0
0
0
0
0
0
0
0
0
0
0
0
0
1 1202
0
0
0
0
0
0
0
0
1 1529
0
1 1204
0
0
0
0
0
0
1 1205
0
0
1 1205
0
0
0
0
0
0
0
1 1587
0
0
1 1205
0
1 1481
0
0
0
0
0
0
0
0
1 1206
0
0
0
0
0
0
0
0
0
0
0
0
0
0
1 1210
0
0
0
0
0
0
0
1 1246
0
0
0
0
0
0
0
0
0
0
0
0
0
0
0
0
1 1215
0
0
0
0
0
0
0
0
0
0
0
0
0
0
1 1217
0
0
0
0
0
0
0
0
0
1 1219
0
0
1 1219
0
0
0
0
0
0
0
0
0
0
1 1219
0
0
0
0
0
0
0
0
1 1220
0
0
0
0
0
0
0
1 1221
0
0
0
0
0
0
0
0
0
0
0
0
0
0
0
0
0
1 1227
0
0
0
0
0
0
0
1 1229
1 1288
0
1 1229
0
0
0
0
0
0
0
0
0
0
1 1229
0
0
0
0
0
0
0
0
0
0
1 1589
0
0
0
0
0
0
0
0
0
1 1232
0
0
0
0
0
0
0
0
0
0
0
0
0
1 1234
0
0
0
0
0
0
1 1493
0
0
0
0
0
0
1 1237
0
0
0
0
0
0
0
0
0
0
0
0
0
0
0
1 1240
1 1240
1 1240
0
0
1 1240
0
0
1 1240
0
0
0
0
0
0
0
0
0
0
1 1240
0
0
0
0
0
0
0
1 1242
0
0
0
0
0
0
0
0
0
1 1244
0
0
0
0
0
0
0
0
0
0
0
0
0
0
0
1 1247
0
0
0
0
0
0
0
0
0
0
0
0
0
0
1 1251
0
0
0
0
0
0
0
0
0
0
0
0
0
0
0
0
0
0
0
0
0
0
0
0
0
1 1255
0
0
0
0
0
0
0
0
0
0
0
0
0
0
0
0
0
0
0
0
0
0
0
0
0
0
0
1 1260
0
0
0
0
0
0
1 1262
0
0
0
0
0
0
0
0
0
0
0
0
0
0
1 1265
0
0
0
0
1 1527
0
0
0
0
0
1 1265
0
0
0
0
0
0
0
0
0
0
0
0
0
0
0
0
0
1 1274
0
0
0
0
0
0
0
0
1 1272
1 1669
0
1 1669
1 1669
0
0
1 1675
0
1 1554
0
0
0
0
0
0
0
0
1 1274
0
0
0
0
0
0
0
0
0
0
0
0
0
0
0
0
0
2 1276 1466
0
0
0
0
0
0
0
1 1773
0
0
1 1585
0
0
1 1280
0
0
0
0
0
0
0
0
0
0
0
0
0
0
0
0
0
0
0
0
1 1283
0
0
0
0
0
0
0
0
0
0
0
0
0
0
0
0
0
1 1288
1 1288
1 1288
0
0
1 1288
0
0
1 1288
0
0
0
0
0
0
0
0
0
0
1 1288
0
0
0
0
0
0
0
0
0
1 1459
0
0
0
1 1293
0
0
0
0
0
0
0
0
0
0
0
0
1 1295
0
0
0
0
0
0
1 1296
0
0
0
0
0
0
1 1297
0
0
0
0
0
0
0
0
0
1 1298
0
0
0
0
0
0
1 1785
0
0
0
0
0
0
0
0
0
0
0
0
1 1301
0
0
0
0
0
0
0
0
0
0
0
0
0
0
0
0
0
0
0
0
0
0
0
0
0
0
0
0
0
0
1 1308
0
0
0
0
0
0
0
0
0
0
0
0
0
1 1544
0
0
0
0
0
0
0
1 1393
0
0
0
1 1316
0
0
1 1392
0
0
0
0
0
0
1 1322
1 1319
0
0
0
0
0
0
0
0
0
0
0
0
0
1 1322
0
0
0
0
0
0
1 1834
0
0
0
1 1322
0
0
0
0
0
0
0
0
0
0
0
0
1 1323
0
0
0
0
0
0
0
0
0
0
1 1326
0
0
0
0
0
0
0
0
0
0
0
1 1330
0
0
0
0
0
0
0
0
0
0
0
0
2 1482 1883
1 1332
0
0
0
0
0
0
0
0
0
0
0
0
0
0
1 1335
0
0
0
0
1 1361
1 1335
1 1335
1 1335
0
0
1 1335
0
0
1 1335
0
0
0
0
0
0
0
0
0
0
2 1335 1482
0
0
0
0
0
0
0
0
0
1 1337
0
0
0
0
0
0
0
0
0
0
1 1339
0
0
0
0
0
0
0
0
0
0
0
0
0
0
1 1341
0
0
0
0
0
0
0
0
0
0
0
0
0
0
0
0
0
0
0
0
0
0
0
1 1344
0
0
0
0
0
0
0
0
1 1860
1 1346
0
0
0
0
0
0
0
0
0
1 1348
0
0
0
0
0
0
0
0
0
0
0
0
0
1 1349
0
0
0
0
0
0
0
0
0
1 1350
0
0
0
0
0
0
0
0
0
0
0
0
1 1351
0
0
0
1 1700
0
0
0
0
0
1 1353
0
0
0
0
0
1 1353
1 1353
1 1353
0
0
1 1353
0
0
1 1353
0
0
0
0
0
0
0
0
0
0
1 1353
0
0
0
0
0
0
1 1354
0
0
0
0
0
0
0
0
0
0
0
0
0
0
0
0
0
0
0
0
0
1 1355
0
0
0
0
0
1 1355
1 1355
1 1355
0
0
1 1355
0
0
1 1355
0
0
0
0
0
0
0
0
0
0
1 1355
0
0
0
0
0
0
0
0
0
0
1 1356
0
0
0
0
0
0
0
0
0
0
0
0
1 1357
0
0
0
1 1863
0
0
0
0
0
0
1 1358
0
0
0
0
0
0
1 1359
0
0
0
0
0
0
0
1 1360
0
0
0
0
0
0
0
0
0
1 1721
1 1360
0
0
0
0
0
0
0
0
0
0
0
0
0
1 1363
0
0
1 1363
0
0
0
0
0
0
0
0
0
0
1 1363
0
0
0
0
0
0
0
0
0
0
0
0
0
0
0
1 1367
0
0
0
1 1742
0
0
0
0
1 1369
0
0
0
0
0
0
0
0
0
0
0
0
0
0
0
0
0
0
0
0
0
0
0
1 1560
0
0
0
0
0
0
0
0
0
0
0
0
0
0
0
0
0
0
0
0
0
0
0
0
1 1382
0
0
0
0
0
0
0
0
0
0
0
1 1618
0
0
0
0
0
0
0
0
0
0
0
0
0
0
0
0
0
0
0
0
0
0
0
0
0
0
0
0
2 1575 1625
0
0
0
1 1394
0
0
0
0
0
1 1394
1 1394
1 1394
0
0
0
0
0
0
0
0
0
0
0
0
0
0
0
1 1402
0
0
0
0
0
0
0
0
0
0
0
0
0
0
0
0
0
1 1406
0
0
0
0
0
0
0
0
0
0
0
0
1 1744
0
0
0
0
0
0
0
0
0
0
1 1411
0
0
0
0
0
0
0
0
0
0
1 1415
0
0
0
0
0
0
0
0
0
0
0
1 1492
0
0
0
1 1417
1 1797
0
0
0
0
0
0
0
0
0
0
0
0
0
0
0
1 1421
0
0
0
0
0
0
0
1 1422
0
0
0
0
0
0
0
0
0
0
1 1422
0
0
0
0
0
0
0
0
0
0
0
0
0
0
0
0
0
0
0
0
0
0
0
0
0
0
0
0
1 1428
0
0
0
0
0
0
0
0
0
0
0
0
0
0
0
0
0
0
0
0
0
0
0
0
0
0
0
0
0
0
0
0
0
0
0
0
0
0
0
0
0
0
0
0
0
0
0
0
0
0
0
0
0
0
0
0
0
0
0
1 1444
0
0
0
0
0
0
0
0
0
0
0
0
0
0
0
1 1446
0
0
0
0
0
0
0
0
0
0
0
0
0
0
0
0
0
1 1484
0
0
0
0
0
0
0
0
0
0
0
0
1 1455
0
0
0
0
0
0
0
0
0
0
0
0
0
1 1458
0
0
0
0
0
0
1 1764
0
0
0
0
0
0
0
0
0
1 1459
0
0
0
0
0
0
0
0
0
0
1 1461
0
0
0
0
0
0
0
0
0
0
0
0
0
0
0
1 1462
0
0
0
0
0
0
1 1463
0
0
0
1 1582
0
0
0
1 1465
0
0
0
0
0
0
0
0
0
0
1 1465
0
0
0
0
0
0
1 1466
0
0
1 1466
0
0
1 1466
0
0
0
0
0
0
0
0
0
0
1 1466
0
0
0
0
0
0
0
0
1 1467
0
0
0
0
0
0
0
0
0
0
0
0
0
0
1 1470
0
0
0
0
0
0
1 1471
0
0
0
0
0
0
0
0
0
0
1 1471
0
0
0
0
0
0
0
0
0
0
0
0
0
0
0
0
0
0
0
0
0
0
0
0
0
0
0
0
1 1478
0
0
0
0
0
0
0
0
0
0
0
0
0
0
0
0
0
0
0
1 1482
1 1482
0
0
1 1482
0
0
1 1482
0
0
0
0
0
0
0
0
0
0
1 1482
0
0
0
0
0
0
0
0
0
1 1483
0
0
0
0
0
0
0
0
0
0
0
0
0
0
0
1 1487
0
0
0
0
0
0
0
0
0
0
0
0
0
0
0
0
1 1550
0
0
1 1492
1 1492
0
0
1 1492
0
0
1 1492
0
0
0
0
0
0
0
0
0
0
1 1492
0
0
0
0
0
0
0
0
0
0
0
0
0
0
0
0
0
1 1495
0
0
0
1 1730
0
0
1 1755
0
0
0
0
0
1 1496
0
0
0
0
0
0
0
0
0
1 1497
0
0
0
0
0
0
0
0
0
0
0
1 1587
0
0
1 1883
0
0
0
0
0
0
0
0
0
0
1 1503
1 1503
1 1503
0
0
1 1503
0
1 1627
1 1503
0
0
0
0
1 1505
0
0
0
0
0
0
0
0
0
0
1 1505
0
0
0
0
0
0
0
0
1 1506
0
0
0
0
0
0
0
0
1 1507
0
0
0
0
0
0
0
1 1508
0
0
0
0
0
0
0
0
0
0
0
0
0
0
0
0
0
1 1513
0
0
0
0
0
0
0
0
0
0
0
0
1 1515
0
0
0
0
0
0
0
0
1 1516
0
0
0
0
0
0
0
0
0
0
1 1519
0
0
0
0
0
0
0
0
0
0
0
1 1524
0
0
0
0
0
0
0
0
0
0
0
0
0
0
0
0
0
0
1 1528
0
0
0
0
0
0
0
0
0
1 1529
0
0
0
0
0
0
0
0
0
0
0
0
0
0
0
0
0
0
1 1532
0
0
0
0
0
0
0
0
0
0
1 1533
0
0
0
0
0
0
0
0
0
0
0
1 1534
0
0
0
0
0
0
0
0
0
0
0
0
0
0
0
0
0
0
1 1538
0
0
0
0
0
0
0
0
0
0
0
0
0
0
0
1 1540
0
0
0
0
0
0
0
0
0
0
0
1 1543
0
0
0
0
0
0
1 1544
1 1544
0
0
1 1544
0
0
1 1544
0
0
0
0
0
0
0
0
0
0
1 1544
0
0
0
0
0
0
0
0
0
0
0
0
0
0
0
0
0
0
1 1550
1 1550
1 1550
0
0
1 1550
0
0
1 1550
0
0
0
0
0
0
0
0
0
0
1 1550
0
0
0
0
0
0
0
0
0
0
0
0
0
1 1551
0
0
0
0
1 1774
0
0
0
0
0
0
0
0
1 1552
0
0
0
0
0
1 1552
1 1552
1 1552
0
0
1 1552
0
0
1 1552
0
0
0
0
0
0
0
0
0
0
1 1552
0
0
0
0
0
0
0
0
0
0
0
1 1554
0
0
0
0
0
0
0
0
0
0
1 1554
0
0
0
0
0
0
0
0
0
0
0
0
0
0
1 1555
0
0
0
0
0
0
0
0
0
0
0
0
0
0
0
0
1 1738
0
0
0
0
0
0
0
0
0
1 1563
0
0
0
0
0
0
0
0
0
0
0
0
0
0
0
0
1 1567
0
0
0
0
0
0
0
0
0
0
0
0
0
0
0
0
0
0
0
0
0
0
0
0
0
0
0
1 1576
0
0
0
0
0
0
0
1 1645
2 1603 1891
0
0
0
0
0
0
0
0
0
0
0
0
0
0
1 1582
0
0
0
0
0
0
0
0
0
0
1 1582
0
0
0
0
0
0
0
1 1583
0
0
0
0
0
0
0
1 1617
0
0
0
0
0
0
0
1 1587
0
0
0
0
0
0
0
0
0
0
1 1587
0
0
0
0
0
0
0
0
0
0
0
0
0
0
0
0
0
0
0
0
0
1 1635
0
0
1 1750
0
0
0
0
0
0
0
0
0
0
1 1594
0
0
0
0
0
0
0
0
0
0
0
0
0
1 1598
0
0
0
0
0
0
1 1599
0
0
0
0
0
0
0
1 1601
0
0
0
0
0
0
0
0
0
0
1 1601
0
0
0
0
0
0
0
0
0
1 1603
0
0
0
0
0
0
0
0
0
0
1 1603
0
0
0
0
0
0
0
0
0
0
0
0
0
0
1 1605
0
0
0
0
0
0
0
0
0
0
0
1 1721
0
1 1725
0
0
0
0
0
0
0
0
0
0
0
0
0
0
1 1613
0
0
0
0
0
0
0
0
0
0
0
1 1883
0
0
0
0
0
0
0
0
0
0
0
0
1 1618
1 1819
0
0
0
0
0
0
0
0
0
0
0
0
0
0
0
0
0
0
0
0
0
0
0
1 1624
0
0
0
0
0
0
1 1625
0
0
0
0
0
0
0
0
0
0
1 1625
0
0
0
0
0
0
0
0
0
0
0
0
0
0
0
0
0
0
1 1627
0
0
0
0
0
0
0
1 1629
0
0
0
0
0
0
0
1 1728
0
0
0
0
0
0
0
0
0
1 1631
0
0
0
0
0
0
0
0
0
0
0
0
0
0
0
0
0
0
0
0
0
0
0
0
0
0
0
0
0
0
0
0
0
1 1640
0
0
0
0
0
0
0
0
0
0
1 1641
0
0
0
0
0
0
0
0
0
0
0
0
0
0
0
0
0
0
0
0
1 1645
0
0
0
0
0
0
0
0
0
0
0
0
0
0
1 1650
0
0
0
0
0
0
0
0
0
0
1 1650
0
0
0
0
0
0
0
0
0
0
0
0
0
0
0
0
0
0
1 1657
0
0
0
0
0
0
0
0
0
0
0
0
0
0
0
0
0
0
0
1 1662
0
0
0
0
0
0
0
0
0
0
0
0
0
1 1663
0
0
0
0
0
0
0
0
0
0
0
0
0
0
0
0
0
0
0
0
0
0
0
0
1 1668
0
0
0
0
0
1 1668
1 1668
1 1668
0
0
1 1668
0
0
1 1668
0
0
0
0
0
0
0
0
0
0
1 1668
0
0
0
0
0
0
0
1 1669
0
0
1 1669
0
0
0
0
0
0
0
0
0
0
1 1669
0
0
0
0
0
0
0
0
0
0
0
0
0
1 1672
0
0
0
0
0
0
0
0
0
0
0
0
0
0
0
0
0
0
0
0
1 1674
0
0
0
0
0
1 1674
1 1674
1 1674
0
0
1 1674
0
0
1 1674
0
0
0
0
0
0
0
0
0
0
1 1674
0
0
0
0
0
0
0
0
0
0
0
0
0
0
0
0
0
0
0
0
0
0
0
1 1679
0
0
0
0
0
1 1679
1 1679
1 1679
0
0
1 1679
0
0
1 1679
0
0
0
0
1 1680
0
0
0
0
0
0
0
0
0
0
0
1 1681
0
0
0
0
0
0
0
0
1 1706
0
0
0
1 1682
0
0
0
0
0
0
0
0
1 1684
0
0
0
0
0
0
0
0
0
0
1 1684
0
0
0
0
0
0
0
0
1 1685
0
0
0
0
0
0
0
0
0
0
0
0
0
0
0
0
1 1687
1 1687
1 1687
0
0
1 1687
0
0
1 1687
0
0
0
0
0
0
0
0
0
0
1 1687
0
0
0
0
0
0
0
1 1688
0
0
0
1 1689
0
0
0
0
0
0
0
0
0
0
0
0
0
0
0
0
0
1 1890
0
0
1 1693
0
0
0
0
0
0
0
0
0
0
1 1701
0
0
0
0
0
0
0
0
0
0
0
0
0
0
0
0
0
0
0
1 1699
0
0
0
0
0
1 1699
1 1699
1 1699
0
0
1 1699
0
0
1 1699
0
0
0
0
0
0
0
0
0
0
1 1699
0
0
0
0
0
0
0
0
0
0
0
0
0
0
0
0
0
0
0
0
0
1 1701
0
0
0
0
0
0
0
0
0
0
0
0
1 1702
0
0
0
0
0
0
0
0
0
0
0
0
1 1703
0
0
0
0
0
0
0
0
0
0
0
0
0
1 1705
0
0
0
0
0
0
1 1706
1 1706
0
0
1 1706
0
0
1 1706
0
0
0
0
0
0
0
0
0
0
1 1706
0
0
0
0
0
0
0
0
0
0
0
0
0
0
0
0
0
0
0
0
0
0
0
1 1716
0
0
0
0
0
0
0
0
0
0
0
1 1718
0
0
0
0
0
0
1 1719
0
0
0
0
0
0
1 1721
0
0
1 1721
0
0
1 1721
0
0
0
0
0
0
0
0
0
0
1 1721
0
0
0
0
0
0
0
0
0
0
0
0
0
0
0
0
1 1726
0
0
0
0
0
0
0
0
0
0
1 1726
0
0
0
0
0
0
0
0
1 1727
0
0
0
0
0
0
0
1 1728
0
0
0
0
0
0
0
0
0
0
1 1728
0
0
0
0
0
0
0
1 1729
0
0
0
0
0
0
0
0
0
0
0
0
0
0
0
0
0
0
0
0
0
0
0
0
0
0
0
0
0
0
0
0
0
0
0
0
0
1 1739
1 1847
0
0
0
0
0
0
1 1741
0
0
0
0
0
1 1741
1 1741
1 1741
0
0
1 1741
0
0
1 1741
0
0
0
0
0
0
0
0
0
0
1 1741
0
0
0
0
0
0
0
0
0
0
0
0
0
0
0
0
0
1 1743
0
0
0
0
0
0
0
0
0
0
0
0
0
0
0
1 1744
0
0
0
0
0
0
0
0
0
0
0
1 1746
0
0
0
0
0
0
0
0
0
0
0
0
1 1748
0
0
0
0
0
0
0
0
1 1749
0
0
0
0
0
1 1749
1 1749
1 1749
0
0
1 1749
0
0
1 1749
0
0
0
0
0
0
0
0
0
0
0
0
0
0
0
0
0
0
0
0
0
0
0
1 1751
0
0
0
0
0
0
0
1 1752
0
0
0
0
0
0
0
0
0
0
0
0
1 1756
0
0
0
0
0
0
0
1 1758
0
0
0
0
0
0
0
0
0
0
0
0
0
0
0
1 1761
0
0
0
0
0
0
0
0
0
0
0
0
0
0
0
0
0
0
0
0
0
0
0
0
0
0
1 1827
1 1767
0
0
0
0
0
0
0
0
0
0
0
0
0
0
0
0
0
0
0
0
0
0
1 1774
0
0
0
0
0
0
0
0
0
0
1 1774
0
0
0
0
0
0
0
0
0
0
0
0
1 1778
0
0
0
0
0
0
0
0
0
0
1 1778
0
0
0
0
0
0
0
0
1 1779
0
0
0
0
0
0
0
0
0
0
0
0
0
0
0
1 1783
0
0
0
0
0
0
1 1784
0
0
0
0
0
0
0
0
0
0
0
0
0
0
0
0
0
0
1 1791
0
0
0
0
0
1 1791
1 1791
1 1791
0
1 1853
1 1791
0
0
1 1791
0
0
0
0
0
0
0
0
0
0
1 1791
0
0
0
0
0
0
0
0
0
0
1 1792
0
0
0
0
0
0
1 1793
0
0
0
0
0
0
0
0
0
0
0
0
1 1795
0
0
1 1879
0
0
0
0
0
0
0
0
0
0
1 1798
0
0
0
0
0
0
0
0
0
0
1 1798
0
0
0
0
0
0
0
0
0
0
0
0
0
0
0
0
0
0
1 1802
0
0
0
0
0
0
0
0
0
0
0
0
1 1804
0
0
0
0
0
0
0
0
0
0
0
0
1 1806
1 1806
1 1806
0
0
1 1806
0
0
1 1806
0
0
0
0
0
0
0
0
0
0
1 1806
0
0
0
0
0
0
1 1807
0
0
0
0
0
0
0
0
0
0
1 1807
0
0
0
0
0
0
0
0
0
0
0
1 1812
0
0
0
0
0
0
0
0
0
0
0
0
0
1 1816
1 1816
1 1816
0
0
1 1816
0
0
1 1816
0
0
0
0
0
0
0
0
0
0
1 1816
0
0
0
0
0
0
1 1817
0
0
0
0
0
0
0
0
0
0
0
0
0
0
0
0
1 1823
0
0
0
0
0
0
0
0
1 1825
0
0
1 1825
0
0
0
0
0
0
0
0
0
0
1 1825
0
0
0
0
0
0
0
0
0
1 1826
0
0
0
0
0
0
0
0
0
0
0
0
0
0
0
0
0
0
0
1 1829
0
0
0
0
0
0
0
0
0
0
0
0
0
0
0
0
0
0
1 1834
0
0
0
0
0
0
0
0
0
0
0
0
0
1 1835
0
0
0
0
0
0
0
0
0
0
1 1843
0
0
0
0
0
0
0
0
0
1 1844
0
0
0
0
0
0
0
0
0
0
0
0
0
0
0
1 1847
0
0
0
0
0
0
0
0
0
0
1 1847
0
0
0
0
0
0
0
0
0
1 1848
0
0
0
0
0
0
0
0
0
0
0
0
0
0
0
0
0
1 1852
0
0
0
0
0
0
0
0
0
0
0
0
0
0
0
0
0
0
0
1 1857
0
0
0
0
0
0
0
0
0
0
0
0
0
0
0
0
0
0
1 1862
0
0
0
0
0
0
0
0
1 1863
0
0
0
0
0
0
0
0
0
0
1 1863
0
0
0
0
0
0
0
0
0
0
0
0
0
0
0
0
1 1868
0
0
0
0
0
0
0
0
0
0
1 1872
0
0
0
0
0
0
0
0
0
0
1 1874
0
0
0
0
0
0
0
0
0
0
0
0
0
0
1 1876
0
0
0
0
0
0
0
0
0
0
0
0
0
0
0
0
0
0
0
0
0
1 1882
0
0
0
0
0
0
0
0
0
0
0
0
0
0
1 1883
0
0
0
0
0
0
0
0
0
0
1 1886
0
0
0
0
0
0
1 1887
0
0
0
0
0
1 1887
1 1887
1 1887
0
0
1 1887
0
0
1 1887
0
0
0
0
0
0
0
0
0
0
1 1887
0
0
0
0
0
0
0
0
1 1890
0
0
0
0
0
0
0
0
0
0
1 1890
0
0
0
0
0
0
0
0
0
0
0
0
0
0
0
0
1 423
0
0
0
0
0
0
0
