8 46 56 65 71 79 81 86 90
8 96 106 115 121 129 131 136 140
8 47 149 158 164 172 174 179 183
8 148 194 203 209 217 219 224 228
8 233 243 252 258 266 268 273 277
8 61 289 298 304 312 314 319 323
8 83 290 331 337 345 347 352 356
8 361 371 380 386 394 396 401 405
8 153 410 419 425 433 435 440 444
8 83 295 450 456 464 466 471 475
8 183 401 487 493 501 503 508 512
8 61 304 372 519 527 529 534 538
8 544 554 563 569 577 579 584 588
8 148 227 598 604 612 614 619 623
8 155 634 643 649 657 659 664 668
8 61 318 522 675 683 685 690 694
8 59 372 704 710 718 720 725 729
8 82 738 747 753 761 763 768 772
8 61 294 460 654 779 781 786 790
8 497 803 812 818 826 828 833 837
8 66 430 846 852 860 862 867 871
8 61 285 334 703 881 883 888 892
8 61 289 319 346 525 695 899 903
8 23 913 922 928 936 938 943 947
8 61 635 953 959 967 969 974 978
8 53 984 993 999 1007 1009 1014 1018
8 83 322 492 537 957 1024 1029 1033
8 184 298 450 515 942 1034 1042 1046
8 49 509 1019 1056 1064 1066 1071 1075
8 82 211 435 799 1084 1086 1091 1095
8 146 968 1107 1113 1121 1123 1128 1132
8 47 220 505 1100 1144 1146 1151 1155
2 206 1166
8 192 491 807 1082 1177 1179 1184 1188
8 221 1103 1200 1206 1214 1216 1221 1225
8 59 223 415 527 950 1081 1233 1237
8 17 1244 1253 1259 1267 1269 1274 1278
8 30 1289 1298 1304 1312 1314 1319 1323
8 834 1252 1336 1342 1350 1352 1357 1361
8 83 222 419 953 1369 1371 1376 1380
8 50 148 322 597 1386 1388 1393 1397
8 23 430 712 948 1403 1405 1410 1414
8 155 304 635 786 1425 1427 1432 1436
8 282 300 343 469 695 899 1419 1444
8 224 294 449 463 680 781 1028 1450
8 61 259 469 727 1456 1458 1463 1467
8 83 308 1391 1476 1484 1486 1491 1495
8 53 222 598 748 1142 1385 1503 1507
8 167 908 1205 1328 1512 1514 1519 1523
8 349 830 1532 1538 1546 1548 1553 1557
8 61 300 460 519 1564 1566 1571 1575
8 61 304 517 789 1580 1582 1587 1591
8 148 563 1603 1609 1617 1619 1624 1628
8 153 598 1506 1637 1645 1647 1652 1656
8 201 372 492 1032 1237 1532 1664 1668
8 83 319 680 1089 1675 1677 1682 1686
8 25 371 701 1109 1692 1694 1699 1703
8 107 1409 1716 1722 1730 1732 1737 1741
8 157 612 1415 1751 1759 1761 1766 1770
8 48 181 304 1088 1778 1780 1785 1789
8 153 556 848 943 1518 1795 1800 1804
8 74 1147 1813 1819 1827 1829 1834 1838
8 203 491 1171 1845 1853 1855 1860 1864
8 53 984 1018 1870 1878 1880 1885 1889
8 61 288 311 324 521 537 1919 1923
8 148 597 1929 1935 1943 1945 1950 1954
8 167 491 847 1367 1961 1963 1968 1972
8 701 948 1340 1979 1987 1989 1994 1998
8 52 284 294 322 517 680 1811 2006
8 27 527 989 1695 2013 2015 2020 2024
8 155 1105 2035 2041 2049 2051 2056 2060
8 61 292 371 475 681 963 1443 2066
8 361 1904 2076 2082 2090 2092 2097 2101
8 149 426 973 1508 2112 2114 2119 2123
8 148 809 2130 2136 2144 2146 2151 2155
8 151 286 324 536 957 1438 2161 2165
8 770 840 2172 2178 2186 2188 2193 2197
8 272 2209 2218 2224 2232 2234 2239 2243
8 406 1130 2253 2259 2267 2269 2274 2278
8 157 2287 2296 2302 2310 2312 2317 2321
8 157 726 1035 1265 1663 1805 2330 2334
8 146 714 1207 2339 2347 2349 2354 2358
8 223 701 806 832 1669 2128 2366 2370
8 155 295 343 470 880 1432 2008 2378
8 153 616 2262 2387 2395 2397 2402 2406
8 184 327 492 698 1179 1237 2412 2416
8 184 978 2425 2431 2439 2441 2446 2450
8 435 1212 2022 2458 2466 2468 2473 2477
8 83 304 1234 2071 2488 2490 2495 2499
8 66 221 527 1080 1949 2409 2514 2518
8 61 293 327 492 683 698 2504 2526
8 61 282 943 1547 2536 2538 2543 2547
8 184 626 1849 2414 2559 2561 2566 2570
8 49 282 314 455 729 781 1240 2575
8 60 198 418 748 1381 1391 2116 2581
8 148 222 706 1113 2473 2511 2588 2592
8 50 464 701 1032 1237 1661 1914 2599
8 186 428 1369 1892 2608 2610 2615 2619
8 58 192 469 954 1115 1379 2324 2627
8 182 458 957 1110 2617 2633 2638 2642
8 610 1736 2647 2653 2661 2663 2668 2672
8 454 2673 2684 2690 2698 2700 2705 2709
8 192 720 1090 1360 2684 2715 2720 2724
8 13 1242 2730 2736 2744 2746 2751 2755
8 151 859 1796 2331 2762 2764 2769 2773
8 83 308 387 1894 2083 2091 2781 2785
8 167 597 1182 2585 2797 2799 2804 2808
0
8 192 701 937 1240 2816 2818 2823 2827
8 90 556 859 1351 1801 2161 2833 2837
8 677 2844 2853 2859 2867 2869 2874 2878
8 242 1620 2883 2889 2897 2899 2904 2908
8 49 153 371 985 1005 1017 2168 2915
8 371 704 1663 2047 2926 2928 2933 2937
8 182 815 927 1125 2634 2943 2948 2952
8 151 289 346 480 906 1050 1461 2958
8 155 296 452 640 1420 1449 2635 2966
8 580 1235 2975 2981 2989 2991 2996 3000
8 58 759 1400 2585 3009 3011 3016 3020
8 57 184 498 1035 1787 2602 3028 3032
8 59 383 727 1240 3038 3040 3045 3049
8 61 289 397 531 973 1237 2506 3057
8 83 845 1663 2331 3062 3064 3069 3073
8 48 211 1510 3079 3087 3089 3094 3098
8 61 289 338 455 683 698 1043 1956
8 61 282 294 356 529 695 1432 2079
8 244 3112 3121 3127 3135 3137 3142 3146
8 83 295 338 492 539 680 1000 2079
8 83 296 455 522 698 793 1420 2964
8 61 319 522 906 1587 1851 2966 3158
8 8 286 680 963 3163 3165 3170 3174
8 61 289 312 327 453 517 882 1450
8 50 221 412 904 1455 1759 2506 3182
8 184 483 701 969 1861 2369 3202 3206
8 120 210 439 1088 3211 3213 3218 3222
8 48 505 908 1113 2429 2925 3230 3234
8 31 621 2274 3240 3248 3250 3255 3259
8 151 505 978 1418 2429 2610 3267 3271
8 61 289 316 449 695 904 2068 3277
8 91 294 327 460 1038 1438 2161 3151
8 83 292 319 455 695 1441 2079 2970
8 61 289 319 492 695 897 1675 3292
8 200 1197 3300 3306 3314 3316 3321 3325
8 83 360 530 957 1391 1848 2819 3333
8 149 283 315 338 695 977 1592 2525
8 149 432 2065 2968 3344 3346 3351 3355
8 201 319 460 674 1237 1504 2819 3363
8 148 222 1142 2359 3372 3374 3379 3383
8 16 480 821 946 1680 1905 2936 3388
8 200 1197 2466 3396 3404 3406 3411 3415
8 82 201 430 729 1943 3037 3424 3428
8 170 908 1360 1798 2767 2953 3437 3441
8 284 380 680 1449 3447 3449 3454 3458
8 59 215 290 326 695 897 1461 2504
8 50 969 3067 3494 3502 3504 3509 3513
8 61 319 473 1100 2781 3284 3522 3526
8 350 2436 3532 3538 3546 3548 3553 3557
8 148 310 1107 1369 2755 3086 3565 3569
8 90 221 527 1780 2873 3593 3598 3602
8 101 1154 1942 2383 3615 3617 3622 3626
8 228 832 1035 1512 2574 2951 3645 3649
8 82 282 541 1186 1919 2122 2582 3633
8 74 224 710 1035 1400 1795 2801 3659
8 153 412 492 848 1746 1805 3354 3667
8 178 505 1366 2036 3151 3429 3675 3679
8 259 673 2422 2438 3535 3540 3553 3686
8 45 227 956 1367 2617 3010 3526 3692
8 148 430 919 1104 1418 1884 2604 3699
8 212 940 1524 2604 3419 3704 3709 3713
8 61 283 371 469 538 698 1973 2958
8 153 1196 3646 3727 3735 3737 3742 3746
8 181 1082 2723 3754 3762 3764 3769 3773
8 252 983 3778 3784 3792 3794 3799 3803
8 55 166 556 1089 3181 3327 3812 3816
8 58 167 512 1088 1919 1975 3821 3825
8 53 852 1397 3334 3835 3837 3842 3846
8 184 296 475 674 1043 1446 3104 3853
8 56 187 984 1405 3181 3271 3858 3862
1 3433
8 167 480 508 842 1122 1845 2724 3571
8 283 3871 3880 3886 3894 3896 3901 3905
8 45 214 1363 1782 3033 3265 3912 3916
4 2559 3927 3936 3942
8 57 505 1389 2903 3952 3954 3959 3963
8 52 232 1217 1802 3794 3968 3973 3977
8 157 527 859 1403 3691 3983 3988 3992
8 53 220 431 677 973 1142 1961 3051
8 486 799 1109 1532 2830 3011 4017 4021
8 59 505 848 989 1801 2332 4041 4045
8 66 327 1095 3177 4054 4056 4061 4065
8 342 831 938 1267 2950 3379 4073 4077
8 480 806 1532 2328 4083 4085 4090 4094
8 831 4102 4111 4117 4125 4127 4132 4136
8 167 748 963 2800 4142 4144 4149 4153
8 148 435 859 1503 2727 3180 4159 4163
8 285 424 691 1176 2820 3304 4172 4176
8 11 1250 1513 4183 4191 4193 4198 4202
8 61 293 319 343 519 640 1234 2781
8 61 282 716 1066 3026 4212 4217 4221
8 27 184 480 1039 1401 1704 4226 4230
8 911 948 1982 4236 4244 4246 4251 4255
8 157 272 776 859 1663 1964 2369 3641
8 61 294 478 695 1235 1403 2164 4264
8 82 845 3715 4273 4281 4283 4288 4292
8 66 971 1389 1877 3705 4297 4302 4306
8 216 1504 3393 4315 4323 4325 4330 4334
8 64 482 1081 1403 2115 2177 3858 4339
8 184 455 1107 1848 3074 3783 4347 4351
8 164 412 603 1510 3998 4357 4362 4366
8 282 298 343 673 1438 2004 3525 4394
8 53 187 729 984 1074 1233 2250 3243
8 497 940 1532 2724 4402 4404 4409 4413
8 83 300 455 536 695 793 1446 3295
8 61 293 346 460 1450 1906 2082 2783
8 206 1141 4424 4430 4438 4440 4445 4449
8 33 293 459 904 1632 2009 2970 4455
8 61 295 343 450 899 1593 3283 4461
8 83 294 343 462 693 898 2010 4466
8 49 284 303 326 1095 1504 4472 4476
8 61 323 520 708 1447 2070 3663 4484
8 82 599 1959 2899 4494 4496 4501 4505
8 146 908 946 1349 3203 3734 4513 4517
8 83 251 321 469 1367 1502 2161 3334
8 157 221 435 608 1113 1375 2511 4526
8 192 4534 4543 4549 4557 4559 4564 4568
8 61 300 458 496 1177 1446 2483 4581
8 146 500 973 1794 2769 2950 4078 4587
8 83 293 311 450 906 1432 3461 4595
8 49 91 292 526 992 1370 2504 3465
8 63 282 418 527 1089 1824 3361 4604
8 397 1855 4095 4631 4639 4641 4646 4650
8 155 318 455 537 1012 1504 3360 4657
8 203 487 698 1011 2599 2830 3291 4663
8 82 936 1622 2604 4130 4577 4672 4676
8 220 1240 2609 4080 4684 4686 4691 4695
8 83 319 492 673 1400 1496 3061 4701
8 59 284 334 492 793 894 3167 4610
8 406 1857 4712 4718 4726 4728 4733 4737
8 95 822 1809 2149 2755 4742 4747 4751
8 61 282 305 346 1762 2528 3359 4756
8 8 38 1285 1293 1323 1326 4233 4763
8 282 304 455 675 1444 2004 4768 4772
8 167 1081 3036 4778 4786 4788 4793 4797
8 83 595 1816 3276 4807 4809 4814 4818
8 371 816 1559 2903 4823 4825 4830 4834
8 66 1109 3825 4840 4848 4850 4855 4859
8 55 186 976 1470 2538 3265 4864 4868
8 57 168 480 1000 3243 3948 4875 4879
8 192 506 832 1091 1532 1548 3008 4082
8 59 184 706 960 1496 1883 3151 3604
8 176 301 431 492 684 899 1450 3282
8 700 1339 2016 2767 4096 4893 4898 4902
8 45 184 477 959 2718 3425 4907 4911
2 426 4919
8 61 293 343 537 1419 1448 2528 4922
8 192 510 1034 2199 4944 4946 4951 4955
8 6 390 1915 3287 4965 4967 4972 4976
8 45 153 942 992 1366 1763 3390 4046
8 12 184 746 1288 3207 3633 4777 4995
8 61 294 380 492 961 1234 3719 5001
8 300 1179 2411 4720 5012 5014 5019 5023
8 33 289 593 748 1528 1919 3826 5031
8 170 909 1360 2538 5036 5038 5043 5047
8 157 701 950 1240 1407 2327 3444 5052
8 48 1778 3792 5058 5066 5068 5073 5077
8 192 1107 1797 2774 5083 5085 5090 5094
8 82 406 845 973 2331 3490 5100 5104
8 83 289 317 343 479 519 695 2957
8 82 469 1083 1403 5115 5117 5122 5126
8 83 224 426 492 748 807 1237 1532
8 61 593 1081 1677 3692 3844 5135 5139
8 285 680 4705 5149 5157 5159 5164 5168
8 146 430 870 1402 3473 4576 5173 5177
8 224 685 1663 4352 5187 5189 5194 5198
8 280 5204 5213 5219 5227 5229 5234 5238
8 192 909 1252 1351 1513 1518 2327 3439
8 564 5249 5258 5264 5272 5274 5279 5283
8 167 423 1089 1723 4683 5289 5294 5298
8 202 1036 1460 2571 5303 5305 5310 5314
8 59 289 492 1081 2838 3184 5319 5323
8 181 700 1035 1359 2777 3184 5319 5331
8 83 294 533 729 1237 1391 1919 2331
8 83 305 537 1023 2504 3522 5338 5342
8 82 406 834 1360 1864 1964 2881 4045
8 59 184 683 1370 2793 3181 5351 5355
8 59 294 327 458 673 695 1033 1466
8 27 228 505 969 1289 1704 5360 5364
8 64 5224 5373 5379 5387 5389 5394 5398
8 184 795 909 943 1403 1895 2364 4096
8 83 311 462 542 1454 2919 5406 5410
8 59 528 1731 3666 5421 5423 5428 5432
8 318 673 2087 3287 5438 5440 5445 5449
8 9 828 1095 1357 3698 3730 5455 5459
8 160 349 675 1438 3356 4093 5464 5468
8 50 203 300 469 608 683 1081 1664
8 66 720 1959 2826 5475 5477 5482 5486
8 153 624 908 1403 2766 3441 5493 5497
8 83 294 469 541 1177 1586 2453 5502
8 220 1636 3653 4711 5510 5512 5517 5521
8 39 577 1289 3248 5527 5529 5534 5538
8 512 910 1357 1905 4051 4053 5483 5546
8 282 452 542 1033 3638 4470 5552 5556
8 182 913 1334 1403 3433 4517 5564 5568
8 9 1306 2727 5574 5582 5584 5589 5593
8 61 293 343 466 899 942 2506 3339
8 61 294 680 1367 2500 3282 4655 5600
8 83 371 1039 1391 3662 5606 5611 5615
8 59 240 295 419 709 897 1763 3429
8 83 318 492 686 1171 1240 1798 4464
8 283 492 963 2010 4604 5626 5631 5635
8 49 294 372 698 1547 2067 3687 5641
8 61 292 327 460 2506 3720 5648 5652
8 160 371 948 1230 1857 1962 3430 5516
8 59 277 343 512 946 1679 2766 5661
8 64 697 1623 2661 5668 5670 5675 5679
8 832 1519 3433 5564 5691 5693 5698 5702
8 61 283 1006 2328 3437 4893 5710 5714
8 61 288 312 327 525 536 695 1442
8 61 289 419 528 1494 2882 4260 5721
8 968 4187 5734 5740 5748 5750 5755 5759
8 64 167 593 894 1366 1778 3464 5765
8 228 913 1363 1959 3438 4373 5572 5773
5 417 1367 5782 5788 5796
8 61 520 1039 1503 2701 4144 5800 5804
8 49 222 447 536 1146 1235 1973 2921
8 224 482 1182 1636 2936 4669 5813 5817
8 282 343 675 1031 3180 4926 5826 5830
8 204 1381 2199 2573 4456 5007 5839 5843
8 61 289 327 449 783 880 2007 3156
8 153 319 675 1036 2599 3282 4704 5850
8 61 300 526 674 1023 1121 2575 5856
8 251 308 460 536 1443 1604 4482 5863
8 184 308 380 522 2626 5127 5872 5876
8 83 320 460 542 1366 1369 1845 2936
8 697 1532 3927 5839 5889 5891 5896 5900
8 53 414 1097 1874 3751 4625 5908 5912
8 50 611 1391 1826 4146 5917 5922 5926
8 53 984 1884 4810 5935 5937 5942 5946
8 1696 5955 5964 5970 5978 5980 5985 5989
8 61 286 303 334 519 536 904 1763
8 184 433 687 1190 2065 2966 4713 5995
8 184 796 1032 1537 2936 4105 6002 6006
8 153 432 1155 2250 4632 5294 6015 6019
8 126 4039 6027 6033 6041 6043 6048 6052
8 75 603 1113 1949 3627 5426 6057 6061
8 153 483 894 1197 3062 3336 6068 6072
8 191 1092 3243 4300 6081 6083 6088 6092
8 153 420 1081 2392 3619 4178 6097 6101
8 59 209 505 889 1374 1845 3429 4526
8 66 983 1902 3029 4089 5132 6113 6117
8 83 487 1053 1916 3177 3682 6122 6126
1 79
8 61 289 338 690 1547 2005 2439 3961
8 195 1334 2684 6136 6144 6146 6151 6155
8 23 832 948 1340 1701 1961 2634 4669
8 71 228 572 950 1405 1418 2331 3276
8 83 289 319 459 906 1587 2970 6180
8 270 1830 3195 6189 6197 6199 6204 6208
8 59 215 455 687 1081 1423 1759 3218
8 59 283 315 380 538 674 898 1368
8 59 890 2346 6217 6225 6227 6232 6236
8 151 282 1400 2211 6242 6244 6249 6253
8 222 901 1999 3388 5952 6258 6263 6267
8 61 294 327 458 793 1023 1444 6284
8 239 807 2139 4153 6294 6296 6301 6305
8 61 283 338 458 904 980 1455 6311
8 59 486 953 1188 2328 3045 5844 6319
8 239 1766 4378 5321 6330 6332 6337 6341
8 192 813 1035 1351 3012 3643 6346 6350
8 50 1064 2024 6355 6363 6365 6370 6374
8 6 166 950 1240 3176 3425 5115 6381
8 50 206 435 703 1098 1385 1752 1962
8 203 294 327 455 906 1028 1571 2115
8 61 294 455 525 963 1025 1681 4176
8 214 492 1032 1504 3296 3659 6389 6393
8 157 726 911 1265 1403 1512 1805 2545
8 61 380 518 1028 3508 4963 6402 6406
8 224 973 1663 4071 4723 5182 6411 6415
8 61 289 319 472 1442 2068 5863 6422
8 157 955 2001 2942 4521 4677 6429 6433
8 53 612 1700 3138 5073 5800 6439 6443
2 71 1370
8 83 286 480 593 1403 1502 3151 5555
8 397 1034 5192 6452 6460 6462 6467 6471
8 272 1604 2236 3320 6480 6482 6487 6491
8 83 300 579 1235 2161 3180 4605 6498
8 59 282 304 371 683 729 1446 2065
8 61 292 343 492 680 695 1026 2067
8 61 294 346 519 673 675 880 1240
8 597 2830 6034 6511 6519 6521 6526 6530
8 59 283 295 343 904 1028 1709 2524
8 83 612 1096 1943 3221 4115 6538 6542
8 83 293 326 638 1587 2005 4472 6549
8 57 635 4871 6557 6565 6567 6572 6576
8 61 286 304 323 469 519 898 1571
8 61 423 984 1081 3756 6588 6593 6597
8 23 483 911 1110 2354 2767 4587 6605
8 83 295 327 380 538 674 788 1043
8 57 412 747 1414 2656 4146 6611 6615
8 325 807 1183 2554 5841 6311 6622 6626
8 49 161 989 1010 2539 2551 5948 6632
8 53 187 896 1786 3181 4351 6638 6642
8 148 292 495 701 950 973 1240 2331
8 219 530 1177 1857 3391 4711 4971 6647
8 11 1095 4184 6654 6662 6664 6669 6673
8 50 599 2274 3410 5657 6678 6683 6687
8 227 1090 1844 3007 5844 6692 6697 6701
8 61 527 854 1113 2109 2586 4227 6706
8 251 344 538 2626 5852 6711 6716 6720
8 9 37 1304 3692 6591 6726 6731 6735
8 265 2164 2901 6478 6745 6747 6752 6756
8 78 596 1392 1942 2795 3613 6168 6762
8 52 227 973 1389 3215 4624 6769 6773
8 55 868 1704 6588 6784 6786 6791 6795
8 146 859 1769 2308 6801 6803 6808 6812
8 20 3484 6819 6825 6833 6835 6840 6844
8 53 167 593 992 1403 1698 1883 3912
8 114 1928 6617 6862 6870 6872 6877 6881
8 157 701 1103 1363 2946 3401 4511 6892
8 157 908 1403 1988 4576 6620 6900 6904
8 184 318 371 469 675 681 1034 1669
8 61 706 992 1404 2589 2913 6910 6914
8 53 184 444 854 1391 1805 4065 6921
8 232 1089 2027 3406 11903 12070 17622 17626
8 25 147 511 1109 2354 2471 3512 6926
8 83 701 3341 4378 5471 6909 6935 6939
8 170 921 1349 2463 6944 6946 6951 6955
8 59 203 372 498 597 701 1107 1403
8 23 909 1360 2157 2943 2953 4375 6962
8 66 430 1089 1385 2727 3751 6967 6971
8 59 515 1401 2262 6644 6977 6982 6986
8 153 604 1634 2463 6104 6991 6996 7000
8 57 901 2053 4812 7009 7011 7016 7020
8 153 697 1368 2567 6098 7025 7030 7034
8 59 201 419 703 1375 1389 1768 2567
8 83 327 512 674 1664 1772 4051 7039
8 1117 7052 7061 7067 7075 7077 7082 7086
8 151 1112 1837 2250 6125 7092 7097 7101
8 157 498 812 946 1360 2364 4257 7107
8 61 285 312 338 538 680 894 1455
8 151 423 703 859 1403 2328 3191 5537
8 50 289 380 492 898 1370 1663 4378
8 282 424 2524 5432 7125 7127 7132 7136
8 34 898 3251 7142 7150 7152 7157 7161
8 176 349 710 1366 1643 1973 3218 7167
8 82 221 485 960 1503 2107 2718 6297
8 61 282 308 327 517 520 894 1679
8 244 1504 3407 4683 5328 5516 7179 7183
8 61 287 312 327 469 480 695 1435
8 53 593 1004 1064 2916 4039 6587 7191
8 59 318 593 698 1028 1089 1968 3180
8 61 289 609 1117 1407 1483 2612 7199
8 46 214 1118 2718 3754 6120 7209 7213
8 160 851 1414 2522 7218 7220 7225 7229
4 61 283 327 522
8 251 354 675 1237 3452 5642 7239 7243
8 148 412 729 1109 1630 1962 2837 3445
8 184 505 832 1342 1864 2766 6439 7251
8 47 283 512 921 1999 3180 6406 7258
8 146 834 1248 1349 1519 1960 2881 7263
8 161 1088 1932 3092 7269 7271 7276 7280
4 53 296 1063 5364
8 83 312 528 680 2004 2526 4600 5642
8 151 288 338 781 3054 3295 4926 6573
8 8 160 859 1074 1291 1482 4910 7300
8 61 294 356 520 698 793 1383 1919
8 61 251 289 304 326 372 519 1043
8 45 430 847 1025 1403 1694 1883 4375
8 610 2924 7313 7319 7327 7329 7334 7338
8 61 288 327 517 1038 1547 2781 3295
8 83 285 300 372 897 1023 1921 2919
8 59 286 319 519 1234 1366 1696 2587
8 39 318 498 681 1230 1446 2331 4022
8 9 227 1285 1968 6730 6736 7356 7360
8 221 5114 7368 7374 7382 7384 7389 7393
8 3986 7407 7416 7422 7430 7432 7437 7441
8 214 492 670 921 1895 2641 7446 7450
7 49 894 5442 7459 7467 7469 7474
8 148 430 799 855 1391 1495 1961 2801
8 39 510 828 1330 2933 3064 4723 7478
8 59 424 1110 1624 3037 7483 7488 7492
8 83 315 465 680 1571 1587 3338 7498
8 56 434 1712 2619 7503 7505 7510 7514
8 34 475 807 1025 1699 3169 3820 7519
8 115 1146 2393 3956 7528 7530 7535 7539
8 61 300 469 673 899 1023 2065 7544
8 66 908 945 1397 2777 3388 4996 7551
8 49 215 1704 2815 5096 6138 7556 7560
8 198 424 973 1191 3077 3870 4711 6071
8 201 729 2250 2879 7576 7578 7583 7587
8 224 531 1029 1176 1663 1845 2823 3390
8 192 530 970 1101 1663 2211 2815 7179
8 61 325 542 887 2010 2079 3367 5031
8 601 1459 4674 6047 7611 7613 7618 7622
8 66 697 3144 6092 7631 7633 7638 7642
8 61 294 336 460 675 695 1038 1919
8 214 770 1174 1192 2597 2599 4885 7648
8 155 2008 2426 6380 7658 7660 7665 7669
8 57 283 302 325 537 695 1370 1786
8 83 349 695 1240 2377 2966 3780 7169
8 83 286 505 695 1438 1746 2161 3051
8 83 317 538 851 1449 1864 2523 7680
8 83 295 340 525 906 1028 1447 4471
8 59 160 371 487 1070 1095 3844 7688
8 47 219 1066 1698 3243 3258 3949 7693
8 146 700 973 1403 1864 2814 4265 5294
1 283
8 58 177 383 531 1095 1109 1372 4506
8 78 866 2560 3741 6919 7042 7706 7710
8 83 325 475 512 1237 1369 2921 3783
8 21 909 1360 2454 3471 4079 7555 7719
8 220 613 950 1403 2256 3195 4039 7725
8 5 832 1267 3401 4196 7730 7735 7739
8 93 579 1407 2879 6040 7270 7748 7752
8 192 825 1035 1349 2128 2364 3643 5543
8 83 462 980 1191 3693 4178 7025 7760
8 4944 7772 7781 7787 7795 7797 7802 7806
8 151 340 1567 5606 7815 7817 7822 7826
8 155 296 670 1440 4601 6107 7239 7835
8 59 448 1696 3390 7841 7843 7848 7852
8 15 481 1289 1698 3983 4957 7857 7861
2 61 7867
8 82 700 1233 1802 4685 5719 7871 7875
8 6 221 710 1074 1805 2688 4884 7881
8 256 1613 6424 7889 7897 7899 7904 7908
8 251 712 2427 2441 3553 5031 7914 7918
8 200 576 2876 6904 7930 7932 7937 7941
8 53 176 848 1080 3166 4224 7947 7951
8 29 200 845 1107 1375 1769 3423 4766
8 59 216 434 1096 2387 3221 3639 4917
8 53 222 505 712 1081 1235 1839 6768
8 59 286 308 455 1466 1754 3359 4708
8 174 469 1632 2886 6489 7964 7969 7973
8 50 289 327 532 961 1571 2957 3465
8 61 283 312 517 897 1370 3360 5994
8 235 1604 2896 3762 7982 7984 7989 7993
8 221 492 937 1240 2967 4718 6007 8000
8 57 155 286 325 950 1052 1370 1696
8 76 1840 5802 8011 8019 8021 8026 8030
8 53 197 871 1089 4232 8035 8040 8044
8 284 464 681 1026 1453 1857 3037 7648
8 23 945 3203 4094 8053 8055 8060 8064
8 59 796 3598 5322 8072 8074 8079 8083
8 49 282 880 1397 4042 6287 8090 8094
8 770 836 1548 2554 3928 5016 8101 8105
8 167 487 1035 1532 3033 4144 5801 8110
8 285 459 1235 2766 5253 5642 8117 8121
8 59 222 683 1965 4473 4476 7172 12546
8 26 1360 6004 8130 8138 8140 8145 8149
8 146 497 797 1107 3499 4095 8154 8158
8 155 321 492 778 1423 1446 3040 5621
8 151 327 469 673 1672 2528 4983 8168
8 13 228 718 1089 1779 2648 4232 7829
8 224 349 679 899 3053 4176 8179 8183
8 157 371 759 1122 1397 1630 2777 8188
8 157 911 933 948 1335 1346 1403 3388
8 45 593 1010 1525 2617 3244 5136 6116
8 83 317 540 898 3053 3828 8210 8214
8 75 2292 8226 8232 8240 8242 8247 8251
8 156 1219 3020 4984 8262 8264 8269 8273
8 184 710 1864 3424 8278 8280 8285 8289
8 61 287 305 383 898 921 4773 6996
8 148 221 593 952 2346 4300 8299 8303
8 47 220 804 850 1977 2136 4059 8309
8 832 4206 8143 8318 8326 8328 8333 8337
8 1233 4675 8346 8352 8360 8362 8367 8371
8 61 283 419 517 1234 1381 2513 3620
8 52 697 1387 2515 4351 4617 7863 8381
8 50 283 526 877 1400 1919 3048 4009
4 206 859 3569 7255
8 176 482 530 821 1663 1864 2830 4021
0
8 466 837 1265 1355 2365 2724 3641 8061
8 61 282 316 748 3089 3280 6101 8401
8 412 4783 8411 8417 8425 8427 8432 8436
8 148 418 593 1154 1956 2068 3189 5307
8 83 300 536 880 1502 2079 4051 8444
8 83 288 371 673 2020 2082 4812 8449
8 146 221 492 616 1110 1849 2511 6929
8 146 220 850 1122 3235 3698 4680 6012
8 66 224 712 1334 3869 5096 8462 8466
8 59 626 1385 2514 4300 4626 8471 8475
8 63 928 1340 2431 6374 6433 8485 8489
8 53 184 435 600 1387 1971 5949 8496
8 75 222 729 1233 2262 2879 7255 8504
8 148 222 700 908 1329 1363 1503 1994
8 61 288 305 343 674 695 1442 2504
8 82 699 1532 2575 5332 5995 8517 8521
8 83 338 942 1450 2962 3336 8528 8532
8 59 424 1083 2040 5056 5119 8539 8543
8 61 282 304 695 3463 4474 8550 8554
8 170 729 973 1504 2767 3363 7075 8562
8 61 286 300 323 460 517 695 1592
8 58 959 1401 3633 8567 8569 8574 8578
8 157 700 1235 1417 2766 2833 4167 5537
8 184 371 675 1237 3336 3611 5621 8587
8 505 711 3051 8592 8600 8602 8607 8611
8 47 430 962 1505 3814 4528 8469 8618
8 146 424 1100 1758 4339 5113 8623 8627
8 91 1791 2064 5662 8637 8639 8644 8648
8 151 298 371 469 686 781 1038 2587
8 52 423 953 1736 3808 3982 8471 8657
8 192 799 921 1197 2128 2364 3031 4518
8 66 323 521 1047 1367 1696 5368 8667
8 58 383 1455 3465 8672 8674 8679 8683
8 39 511 1692 3201 8689 8691 8696 8700
8 59 505 969 1141 4807 8643 8724 8728
8 223 469 1461 4472 8739 8741 8746 8750
8 66 880 1880 2542 4046 5037 8757 8761
8 184 426 1691 2091 4035 4351 8105 8768
8 50 221 1389 1968 3951 4161 5930 8775
8 61 293 369 517 1450 1587 2087 3520
8 181 3890 8511 8784 8792 8794 8799 8803
8 2299 8253 8816 8822 8830 8832 8837 8841
8 165 397 1368 3218 4139 4646 8163 8849
8 369 1985 8854 8860 8868 8870 8875 8879
8 190 626 3612 4010 8483 8885 8890 8894
8 53 197 701 1052 1375 1388 3376 8899
8 55 603 1525 3417 8904 8906 8911 8915
8 83 296 324 460 534 540 1232 1447
8 170 700 937 1232 1672 2065 4378 5624
8 282 338 480 1026 2420 2967 3360 8922
8 50 223 1046 1400 2122 2524 3655 7289
8 234 463 2483 3526 8932 8934 8939 8943
8 214 807 1177 1959 3938 4456 6319 8178
8 82 720 1672 4355 8518 8951 8956 8960
8 83 394 526 963 2005 2076 2779 5451
8 61 289 368 526 697 877 2079 3453
8 228 703 908 1122 1360 1524 3439 5038
8 155 1255 2726 6516 8979 8981 8986 8990
8 151 505 708 973 1461 1762 3665 4831
8 61 300 460 529 785 1496 4469 5828
8 83 312 460 788 1012 1788 3687 7234
8 6 327 1095 1788 4973 8617 9007 9011
8 83 318 458 532 788 1189 2525 5624
8 53 976 1790 1884 3844 5708 6795 9019
8 155 293 321 343 519 538 1023 3360
8 61 220 506 712 1252 1403 1959 2526
8 29 184 950 1005 1286 1369 3912 9028
8 593 1114 1804 3394 5790 8090 9035 9039
8 59 203 323 372 522 673 1081 2115
8 61 298 346 537 2031 2067 4802 9046
8 52 285 304 455 695 781 906 2068
8 58 282 325 492 716 1028 2504 4069
8 151 1407 2882 6566 9055 9057 9062 9066
8 211 526 2400 3998 9071 9073 9078 9082
8 45 856 1999 3705 7173 8694 9091 9095
8 148 747 2332 3604 6995 9100 9105 9109
8 170 724 1240 2168 3701 4081 6165 9115
8 47 323 1611 2671 5224 5238 9121 9125
8 61 283 479 1235 2037 4802 8644 9133
8 66 701 999 1349 1882 1890 2332 3439
8 155 294 325 452 525 539 1446 3280
1 155
8 83 289 316 327 475 492 899 3461
8 61 296 460 894 4378 4483 9140 9144
8 272 1028 2505 6425 9150 9152 9157 9161
8 83 296 685 1450 4810 4817 8729 9169
8 13 364 834 1043 2774 3368 9175 9179
8 336 2039 5049 8362 9189 9191 9196 9200
8 742 1360 3470 6001 9210 9212 9217 9221
8 576 1070 1794 2448 4898 5695 9101 9229
8 66 423 976 1504 3090 3296 5184 9111
8 170 832 1360 1801 2770 3063 4375 9238
6 206 1600 9243 9249 9257 9259
8 61 289 308 327 479 519 1442 4208
8 35 853 2918 3962 7358 9023 9267 9271
8 157 913 1330 1801 5038 5569 6890 9277
8 203 534 814 1183 2588 2703 3741 8081
8 61 292 312 371 674 894 1441 2079
8 50 200 1053 1743 2515 3166 3816 4622
8 221 945 1504 2332 5567 6231 9288 9292
8 157 701 942 1113 1504 2250 3445 9297
8 191 431 1678 3221 6543 7924 9304 9308
8 61 286 318 343 469 517 695 963
8 61 288 312 338 538 685 2037 5350
8 66 1114 2606 6902 9317 9319 9324 9328
8 289 1911 3464 8859 9340 9342 9347 9351
8 244 9357 9366 9372 9380 9382 9387 9391
8 53 430 960 1501 3982 4232 6586 9396
8 27 296 1286 1695 4762 7301 9404 9408
8 61 224 327 460 865 1095 1455 3047
8 146 701 914 1416 2560 2724 3864 9027
8 61 294 519 963 3273 3465 6721 9422
8 83 397 677 1180 3336 4291 5635 9427
8 156 685 2410 3374 6166 6321 9432 9436
8 49 372 834 923 1272 1360 2328 6385
8 221 898 3595 7594 9449 9451 9456 9460
8 148 228 506 701 969 1035 1393 1959
8 221 909 1333 1357 2328 2726 3589 6895
8 264 894 1758 4524 9306 9467 9472 9476
8 50 223 485 534 1368 1397 2641 4112
8 83 1158 2361 4955 9484 9486 9491 9495
8 83 1000 3466 4582 8303 9501 9506 9510
8 151 399 695 942 1338 1675 4225 9515
1 4583
8 82 501 1035 1865 3613 4086 7481 9529
8 460 1082 1532 3571 4838 6628 9534 9538
8 59 283 314 346 682 906 1450 2564
8 148 435 845 1110 3222 3691 9544 9548
8 203 474 799 1177 2211 2365 4408 9554
8 406 1172 2645 8706 9566 9568 9573 9577
8 151 936 1794 2335 3440 3672 6187 9583
8 191 569 850 1510 3242 3432 6584 9588
8 59 216 548 850 1504 1919 2262 3438
8 151 288 346 469 898 1033 4468 9608
8 59 365 493 675 1191 1235 1509 2596
8 83 215 417 520 697 850 1234 2068
8 214 527 942 1237 2329 2963 5647 8996
8 45 296 1010 1876 2916 3248 5136 9620
8 59 435 868 1064 1525 1705 5361 9626
8 59 475 498 969 1788 1850 2823 6674
8 90 364 950 1349 2814 3181 3975 6015
8 148 410 615 1381 2390 3374 6919 9637
8 59 322 871 1100 3201 3801 8091 9645
7 224 492 788 1675 4983 5833 9650
4 66 227 1063 2113
8 83 294 380 539 1854 2425 3948 6179
8 222 325 1611 2894 7968 9658 9663 9667
8 494 1360 2332 3434 8065 8761 9675 9679
8 82 221 858 1966 3578 4931 8562 9686
8 214 805 1197 2364 4014 4410 9053 9707
8 10 151 866 1357 3178 3962 7172 9715
8 49 283 305 338 517 542 695 4606
8 66 533 950 1891 5132 6484 9723 9727
8 52 223 843 1064 2518 3663 8382 9733
8 251 294 321 346 537 674 788 1042
8 131 758 4187 8197 9744 9746 9751 9755
8 148 427 950 1677 2607 3221 4003 6104
8 148 286 593 908 1914 2766 5294 8501
8 82 748 1391 2682 4834 4908 9770 9774
8 184 506 1095 1401 2562 2587 4885 7599
8 45 527 1067 1404 2534 2763 3603 8758
8 261 325 1360 2164 8671 9784 9789 9793
8 184 317 519 903 2447 3829 8179 9799
8 59 197 593 976 1504 1886 4600 9805
8 184 480 848 1177 2415 2936 3668 7723
8 59 259 304 526 950 1400 3465 5031
8 59 527 950 1349 1507 2106 2832 5324
8 59 282 321 371 472 537 789 1565
1 83
8 192 1095 2729 4206 9824 9826 9831 9835
8 55 989 3243 7003 9843 9845 9850 9854
8 170 834 943 1338 2332 2814 4258 5329
8 89 1834 9865 9871 9879 9881 9886 9890
8 27 625 2011 2455 6817 9896 9901 9905
8 82 293 321 450 897 899 6458 9916
8 148 677 1374 5056 9921 9923 9928 9932
8 23 430 1790 3243 9939 9941 9946 9950
8 368 1197 2355 8870 9961 9963 9968 9972
8 61 322 528 953 2504 3144 4219 8504
8 83 296 372 525 781 1025 1435 1466
8 371 2305 9982 9988 9996 9998 10003 10007
8 203 809 909 1240 3199 4086 10018 10022
8 52 223 521 1391 2585 3261 5802 6611
8 176 327 640 1026 1237 1438 3059 5833
8 245 296 320 349 532 685 1571 2526
8 83 294 325 517 684 898 1432 3360
8 153 498 950 1461 2820 3058 5543 10033
8 59 360 799 1170 1951 3869 7108 9596
6 61 288 323 460 2506 5653
8 6446 10054 10063 10069 10077 10079 10084 10088
8 66 412 1097 1949 8699 10093 10098 10102
8 228 611 1630 1959 4026 4503 10107 10111
8 203 809 2556 3323 6259 7492 10117 10121
8 148 211 423 612 850 960 1506 3221
8 177 441 1755 4686 10128 10130 10135 10139
8 83 469 701 1401 3287 4967 10147 10151
8 700 1351 2357 3408 4900 4989 10159 10163
8 157 950 1404 2881 4196 4674 7614 10169
8 148 223 596 849 1374 1415 2392 3222
8 61 321 453 536 1421 1650 4266 4730
8 57 505 984 2507 7005 8643 10176 10180
8 66 908 992 1363 2767 3181 8892 10187
8 406 2712 5477 10196 10204 10206 10211 10215
8 157 498 943 1370 2326 2331 2839 4375
8 52 266 323 691 3200 4525 6185 10222
8 75 615 1409 1781 3374 4030 6908 10228
8 75 231 1076 1409 3808 4232 6678 10171
8 184 501 821 1107 1401 1850 2936 6926
8 157 609 1100 1769 10238 10240 10245 10249
8 59 494 1035 1369 3670 4455 7492 10254
8 261 1928 2086 2903 10259 10261 10266 10270
8 406 3661 4410 8706 10278 10280 10285 10289
8 7 327 759 1176 2115 2641 3330 6401
4 497 911 4677 10299
8 82 866 2456 2617 4275 5177 9899 10304
8 282 478 1440 2957 5643 7685 10312 10316
8 193 609 1929 3223 6026 6765 10229 10324
8 148 222 593 1081 2357 2507 5801 8504
8 29 1005 3912 6785 10335 10337 10342 10346
8 61 290 312 380 674 676 1025 4663
8 61 288 312 368 537 683 1510 2504
8 49 294 512 777 1450 1496 2052 3027
8 272 837 2556 3643 6298 8084 10354 10358
8 78 435 1081 1948 4166 7172 10365 10369
8 157 228 556 850 1397 1415 1962 4275
8 64 292 458 532 1370 1400 1782 4158
8 53 247 457 530 1370 1786 2205 3967
8 586 1214 2797 3473 5177 6026 9207 10380
8 203 305 536 1043 2526 3061 6108 8846
8 184 460 684 1025 2066 3057 5028 8388
8 59 223 710 1039 1391 1399 3180 4600
8 59 200 418 505 703 709 1089 3037
8 151 1240 1903 3433 4900 5038 9112 10394
8 83 716 2032 4158 10403 10405 10410 10414
1 701
8 157 681 1113 1536 4086 4718 5647 8507
8 146 430 909 1109 2354 3037 5114 5125
8 61 285 300 319 372 460 1370 10432
8 120 498 1182 1736 3089 3721 5487 10438
8 83 298 343 522 695 784 1420 2076
8 191 1074 4697 10445 10453 10455 10460 10464
8 832 1343 1515 1527 6137 7205 10470 10474
8 282 303 372 675 1028 1189 2970 10480
8 148 534 2331 4080 5521 6007 10490 10494
8 151 368 538 1025 1894 1917 3634 10499
8 155 304 452 478 793 906 1604 4740
8 61 292 312 450 698 898 2003 3360
8 83 368 512 708 1848 2035 3265 6165
8 157 935 2942 3433 6428 7720 10514 10518
8 145 480 1011 1698 4097 5814 9130 10526
8 82 418 968 1932 3262 4011 6585 10532
8 93 722 950 1360 2448 2604 2991 6965
8 31 776 1401 1996 3207 4762 7829 10543
8 47 483 1704 6674 10552 10554 10559 10563
8 6 720 1351 1630 1974 2596 5175 7258
8 51 224 534 1089 2696 3112 7372 10579
8 146 706 1240 1786 5662 10040 10587 10591
8 58 252 300 334 880 976 1811 5294
8 397 807 1192 2645 5824 5833 6468 10598
8 176 1761 2779 5451 10605 10607 10612 10616
8 192 811 969 1338 2941 2954 5543 10624
8 59 480 901 1370 1865 1895 4813 6052
8 59 292 325 460 673 894 1446 3037
8 83 327 530 1026 1680 2065 5809 10633
8 157 624 1233 1455 2837 4972 7945 10638
8 31 1057 2943 3177 5337 6004 10644 10648
8 59 283 399 531 1397 1801 2644 5486
8 52 285 305 343 906 1921 4478 10657
8 83 294 327 478 898 1000 1477 4225
8 206 908 1240 1504 2357 2777 6155 9861
8 59 201 371 511 973 1109 1506 2795
8 10 220 803 1261 2943 3508 4589 6812
8 214 501 1392 2211 4950 5518 10498 10672
8 83 295 455 673 1547 3153 10679 10683
8 148 423 712 1415 3109 3296 4011 5515
8 59 292 626 770 1736 2106 3721 6062
8 203 494 821 1177 1666 1857 2830 4178
8 202 1511 3317 4492 10674 10698 10703 10707
8 52 177 1366 2585 3808 4146 7226 10713
8 235 308 3281 9664 10727 10729 10734 10738
8 61 310 778 1089 3040 3090 5114 5127
8 17 6733 10748 10754 10762 10764 10769 10773
8 39 501 836 1186 2724 3693 6319 8263
8 75 1147 2131 2650 2668 3567 10782 10786
8 151 720 3425 9649 10797 10799 10804 10808
8 153 460 680 793 2819 3852 6007 10813
8 435 1197 1349 1522 4836 5007 8979 10820
8 71 473 1234 2429 5798 6121 10827 10831
8 176 418 923 1237 1961 2795 5507 10837
8 157 548 908 1230 2803 3221 6691 7827
8 8 1268 1322 3980 7363 10845 10850 10854
8 610 1950 2649 2655 7337 10230 10862 10866
8 83 296 492 921 3783 4707 8960 10876
8 203 522 836 1136 2047 2599 4984 9779
8 91 423 1407 2517 6077 7858 9820 10887
8 83 312 748 1455 4481 5424 10892 10896
4 83 522 4523 10901
8 82 232 593 1097 1962 2617 4178 10276
8 318 807 1174 1192 5624 5833 6649 10033
8 148 1404 3794 5513 6437 7858 10926 10930
8 770 1844 2415 4084 6306 8191 10936 10940
8 23 832 1405 2326 4187 4375 5042 9232
8 39 1283 1707 5891 10951 10953 10958 10962
8 83 292 532 1097 2968 3687 7196 10968
8 190 294 458 539 1146 1381 1508 3336
8 29 181 1064 1295 3692 4161 4600 10975
8 61 382 1095 3276 10980 10982 10987 10991
8 270 2212 3320 6477 6760 8399 11008 11012
8 282 469 1438 2827 5145 6171 8528 11017
8 52 93 638 992 1883 1888 4339 9399
8 59 371 959 1786 5557 7968 11028 11032
8 148 889 3037 4035 9642 10330 11040 11044
8 206 1403 5180 7616 11052 11054 11059 11063
8 61 785 1455 1926 7882 10073 11071 11075
8 149 224 460 534 1235 1240 3047 4178
8 61 286 308 334 459 517 680 1571
8 59 294 322 418 537 695 1623 3367
8 176 504 1173 1951 4105 4718 10836 11083
8 58 598 1150 1757 2513 5907 7841 11089
8 65 283 492 697 1455 1536 2431 4071
8 153 406 1034 1406 3342 4740 8522 11095
8 57 955 1699 1826 5674 6054 11101 11105
8 155 371 530 963 1461 1845 4348 6363
8 165 493 943 1850 2873 3296 6106 10377
8 148 310 727 952 2460 3327 7367 11123
8 156 760 1125 1734 3235 3591 9481 11130
8 83 538 969 1794 2763 2831 7263 10545
8 773 5237 9123 11141 11149 11151 11156 11160
8 204 596 2106 4035 6321 7565 11166 11170
8 60 921 2648 3952 9155 11175 11180 11184
8 83 311 380 496 1432 1443 4158 11191
8 61 289 319 371 536 708 963 1455
8 203 492 909 1186 1851 1865 2556 4086
8 83 293 460 683 1447 1477 3360 7237
8 83 412 972 1381 2262 2504 6611 11202
8 53 231 598 1098 3215 3822 6617 10639
8 59 206 500 624 1235 1403 4576 8731
8 219 2797 6277 11216 11224 11226 11231 11235
8 64 343 1095 4426 8592 11241 11246 11250
6 251 455 673 1023 1681 11255
8 607 11257 11266 11272 11280 11282 11287 11291
8 148 611 1109 1928 2554 2901 4403 10261
8 91 363 1848 2328 11299 11301 11306 11310
8 146 371 673 1101 1991 2136 3824 6812
8 61 296 677 957 1961 2135 3663 7166
8 66 285 316 529 992 1587 3909 11320
8 49 181 542 897 2587 3276 9398 11328
6 191 3230 9638 11338 11346 11348
8 243 1596 1935 2903 7507 9669 11355 11359
8 49 240 430 894 1755 1766 5662 11364
8 155 2427 3531 3552 11252 11370 11375 11379
8 64 1230 3630 5682 7507 8265 11385 11389
8 175 466 534 1039 1366 1397 3058 3869
8 53 181 990 1240 2332 2542 3692 5716
8 39 464 681 1026 1661 1671 3210 5315
8 39 325 534 973 1369 1663 2580 3038
0
3 61 521 1446
8 190 1374 3221 4093 10879 11398 11403 11407
8 189 420 1150 2262 3221 3361 6021 6691
8 61 286 305 338 537 635 957 1582
8 13 804 1205 2364 3928 4573 9177 11415
8 148 406 703 1222 2553 3304 4178 6460
8 82 319 466 534 973 1034 1180 1663
8 90 220 593 729 1117 1363 1763 3271
8 83 315 673 1174 2161 2803 4081 6164
8 61 296 480 685 899 1025 2506 3180
8 39 492 1035 1850 4870 7481 11425 11429
8 157 601 947 1342 2250 2722 5720 9296
8 23 776 969 1391 2366 2941 4188 10472
8 61 283 316 460 1244 2068 3287 4592
8 83 480 821 1237 3104 4870 9343 11444
8 46 200 595 984 1366 1882 2589 4522
8 776 1355 4262 5477 11451 11453 11458 11462
8 186 579 2766 2881 7923 7926 9119 11477
8 61 286 327 479 1446 1592 3454 7188
8 185 311 404 539 1446 1604 2079 3280
8 52 1501 3808 5807 11485 11487 11492 11496
8 91 609 1080 2586 8455 9396 10888 11504
8 566 1630 2874 5537 7941 8611 11512 11516
8 62 985 1010 1876 2917 3414 8354 11522
8 151 458 541 1136 1663 2575 5822 6252
8 203 714 1183 1844 2761 2777 4022 4374
8 59 454 921 973 1787 1902 4578 10829
8 61 294 327 460 697 1034 3663 8846
8 225 1495 3314 6021 11542 11544 11549 11553
8 61 296 452 522 781 788 1447 2528
8 148 1207 3639 6761 11562 11564 11569 11573
8 50 190 433 708 955 1092 1525 1975
8 148 623 1954 2401 3633 5426 9213 11582
8 168 418 909 1032 1360 1663 4718 5996
8 59 448 1142 1722 5800 6679 11589 11593
8 50 293 327 462 1028 1400 2504 7685
8 148 972 1949 4401 8542 10325 11586 11603
8 327 1672 2963 3852 7592 8514 11609 11613
8 155 327 517 680 1420 1438 2076 2957
8 83 293 338 512 905 1023 1766 2528
8 155 302 455 673 1036 1444 3105 5624
8 157 626 1403 2522 5482 5921 6683 11622
8 214 1121 3004 7108 8598 11478 11631 11635
8 51 850 2512 3408 6586 7941 11124 11642
8 167 593 1095 3180 8383 10639 11650 11654
8 157 724 1101 1403 2549 2841 4046 8354
8 66 292 338 500 1482 1788 3465 11664
8 53 406 1074 2617 4681 4711 5507 8507
8 153 469 831 1504 3419 4110 4723 10454
8 61 303 702 1672 3339 4740 8178 11676
8 185 406 685 1177 2641 3361 6007 10490
8 59 286 300 322 455 460 695 1033
8 83 292 334 492 894 1043 3153 3855
8 200 607 1418 7941 11689 11691 11696 11700
8 61 187 595 973 1823 2841 3414 6567
8 58 198 709 1142 1968 2504 3263 5030
8 261 677 2911 5072 11294 11708 11713 11717
8 700 1240 2538 4375 9587 11724 11729 11733
8 203 842 1663 3066 4178 4984 6543 10545
8 83 295 492 680 1237 1420 2964 3687
8 201 683 1391 1660 7047 11742 11747 11751
8 199 612 1919 2590 5482 8209 11756 11760
8 176 338 534 1366 2524 3361 5469 10385
8 58 193 533 1053 1389 1968 3691 4812
8 209 1414 2588 6614 9433 11206 11773 11777
8 206 688 2429 3672 7134 8851 11783 11787
8 153 426 1081 1879 4555 5307 9840 11795
8 211 493 1032 1186 2588 2827 4718 5624
8 10 147 869 1194 1525 1704 3404 4849
8 4260 11808 11817 11823 11831 11833 11838 11842
8 174 480 921 1999 4811 5847 11397 11849
8 50 286 368 1374 2096 2506 3453 9336
8 59 874 1168 1998 3993 4514 8531 11858
8 148 222 984 1404 5765 6644 10588 11866
8 61 289 683 1089 1919 2029 6985 7627
8 48 538 1057 1763 3090 3393 5078 10233
8 52 177 505 706 1234 1704 3138 7884
8 75 1122 2460 4005 11882 11884 11889 11893
8 148 758 2137 3656 10790 11898 11903 11907
8 49 292 526 695 1385 1400 2068 3949
8 58 185 353 1035 1704 4232 7691 10334
8 57 252 453 991 1755 1841 6244 8592
8 59 285 300 449 695 1438 1763 3423
8 203 492 801 1136 1240 1705 3062 4631
8 739 1968 4742 9225 11924 11926 11931 11935
8 61 287 314 372 640 781 904 6244
8 371 803 936 1341 2641 2946 5462 10519
8 294 1026 1844 2227 4082 4352 6628 11018
8 148 534 1914 2560 4178 5089 7171 11951
8 233 306 517 1587 7188 7887 10726 11957
8 66 227 372 475 673 973 1381 3037
1 868
8 241 1812 7896 10721 10735 10739 11842 11968
8 75 371 750 914 2556 2700 4089 4786
8 178 685 2599 4810 11978 11980 11985 11989
8 61 289 310 418 780 897 1922 2506
8 675 12000 12009 12015 12023 12025 12030 12034
8 282 452 673 685 1368 2821 6214 12040
8 216 2279 6167 9943 12050 12052 12057 12061
8 83 304 460 524 781 963 1237 3178
8 17 509 1286 2647 4765 10746 12069 12073
8 214 608 914 1636 12079 12081 12086 12090
8 184 296 519 687 1581 2005 3362 5801
8 59 219 435 716 1415 1623 6397 12101
8 155 315 517 778 1466 4207 12106 12110
8 59 288 314 343 522 673 899 1038
8 47 192 289 441 1089 1495 1926 4506
8 75 327 1096 3058 4956 7886 12118 12122
8 61 290 334 492 695 880 1036 2528
8 50 318 520 684 1050 1494 3285 5030
8 61 285 457 716 2049 2376 3797 7663
8 148 412 1125 2612 5950 6971 10429 12133
8 83 327 453 963 12108 12138 12143 12147
8 190 697 2124 2609 6993 8973 12153 12157
8 251 350 473 1177 3283 3338 6985 12165
8 577 2874 9683 12171 12179 12181 12186 12190
8 282 327 478 679 1038 1230 1664 2633
8 61 323 512 1025 2820 3218 8501 12196
8 50 745 1035 1845 5814 7007 12202 12206
8 66 492 995 1403 3227 3258 5363 12211
8 53 423 870 1455 4399 5120 9399 12219
8 285 1450 2434 3533 5144 5642 12226 12230
8 365 1800 3107 4277 8051 9046 12237 12241
8 148 1797 7023 10886 12251 12253 12258 12262
8 59 229 703 1510 3427 4045 6995 9591
8 145 1891 5935 8592 12275 12277 12282 12286
8 216 1712 2392 3622 12054 12291 12296 12300
8 64 401 1297 3297 7018 11407 12308 12312
8 192 499 1538 1846 3203 3513 9531 12317
8 371 795 1663 2047 4456 5801 10485 12323
8 146 681 908 1109 2951 3513 4883 12328
8 214 1036 1857 3180 5995 5998 10208 12334
8 83 1089 4966 10294 12345 12347 12352 12356
8 45 148 505 989 1113 1704 3692 8765
8 66 1052 2471 4224 10975 11250 12366 12370
8 66 223 677 1039 1504 1704 6582 12376
8 214 4097 7798 12386 12394 12396 12401 12405
8 418 1081 7000 12411 12419 12421 12426 12430
8 201 431 1034 1381 2106 2795 3363 5317
8 49 288 783 2506 6363 7654 12114 12446
8 66 706 928 1330 4235 4248 6398 12451
8 53 423 709 1064 2121 2465 3242 5950
8 701 1240 2328 2777 4375 4894 6965 12459
8 192 497 806 834 1171 1187 1663 4664
8 504 3851 7593 8522 11615 12237 12470 12474
8 201 349 538 1038 2436 2506 5621 12480
8 83 294 492 677 1500 1672 4610 7968
8 61 322 540 1393 2899 3654 7882 12489
8 593 1204 3181 3397 6277 6765 11207 12495
8 153 597 972 1392 3948 5841 8572 12303
8 228 531 1172 1532 2939 3643 4713 5507
8 52 293 460 785 2003 3049 3872 7882
8 49 222 691 1600 2524 3465 7948 12511
8 61 285 305 525 880 894 2504 4603
8 82 709 2261 3421 9590 11045 12519 12523
8 58 294 697 1097 3090 3180 5030 6919
8 61 296 452 529 894 1025 1442 2781
8 64 434 1400 2562 3946 3962 7175 8777
8 61 327 850 1349 1827 1874 2881 10909
8 59 221 700 851 1769 1815 3273 9111
8 221 1963 3584 4478 10575 12538 12543 12547
8 58 849 1696 2588 4813 7000 10953 12554
8 226 3223 8622 11549 12563 12565 12570 12574
8 192 528 851 1397 2774 3870 6071 12579
8 83 320 680 1237 1675 1919 4170 5849
8 83 296 455 520 684 894 2074 2087
8 157 609 1506 2612 4003 7607 11519 12588
8 59 214 703 729 1510 1786 12380 12596
8 52 204 606 984 1147 1801 3252 6597
8 216 1114 2121 3111 6026 7369 10109 12607
2 6081 12619
8 221 908 1998 3433 12626 12628 12633 12637
8 192 1101 2545 5322 12645 12647 12652 12656
8 55 423 1009 2475 6587 6639 12664 12668
8 53 166 726 988 1113 1801 2539 4229
8 66 2024 3814 9023 12675 12677 12682 12686
8 52 200 425 889 2392 2482 4035 8576
8 29 1066 12693 12699 12707 12709 12714 12718
8 372 825 1843 2920 5995 6675 9696 12723
8 91 424 1391 2524 4168 4524 9720 12729
8 184 482 1035 1184 2560 2641 6311 8668
8 598 1956 4524 6282 9252 11041 12735 12739
8 59 193 300 529 1919 2524 3677 4351
8 58 166 410 540 1000 1400 2068 4351
8 1037 9559 12747 12753 12761 12763 12768 12772
8 83 290 344 461 897 1072 3423 4890
8 60 533 894 1418 5031 5665 7492 9645
8 574 1417 2874 6231 7941 8598 11635 12782
8 47 147 232 842 1097 1240 6615 12788
8 61 294 671 1466 3350 3466 10399 12795
8 146 435 911 1220 2332 2478 3566 6026
8 61 300 1000 2164 7811 10424 12806 12810
8 213 6036 12819 12825 12833 12835 12840 12844
8 61 718 1101 1276 2881 4506 6967 10852
8 45 509 1525 3243 5788 6738 12852 12856
8 50 346 897 1720 4873 7091 8901 12862
8 49 283 992 1883 4603 6563 9508 12870
8 59 586 1381 3099 7108 8469 12876 12880
8 192 541 957 1392 2459 2798 6476 10626
8 83 227 598 1088 2262 2999 12888 12892
8 148 232 612 1381 5113 5292 8627 12898
8 59 198 527 953 1634 1758 2777 6582
8 156 426 1409 2511 6057 7219 9215 12907
8 157 776 969 1136 1801 2354 6536 11128
8 153 608 973 1397 2617 4095 7374 11135
8 70 469 1197 4622 12268 12920 12925 12929
8 222 498 1188 1857 3693 4171 6171 8668
8 50 383 2061 3602 8638 9189 12939 12943
8 61 289 322 380 674 680 1370 2504
8 91 288 677 1547 2968 3090 5664 11969
8 66 239 1110 1418 3196 3276 11817 12956
8 59 293 346 536 793 1023 2065 4388
8 148 506 2293 6803 12014 12969 12974 12978
8 53 283 424 498 1097 1370 2511 6085
8 90 958 3571 5527 11130 12985 12990 12994
8 153 854 1731 2473 4166 4685 9862 12999
8 179 530 1136 1913 3390 3783 6124 13004
8 59 222 609 1100 1755 1767 3090 5620
3 289 11835 13016
8 61 294 530 695 3797 4605 7548 13019
8 157 527 727 1113 1407 1746 3051 4008
8 53 448 1495 2565 6278 7221 12162 13028
1 13034
8 148 433 909 1035 1397 1663 4718 4738
8 83 501 1240 2820 4178 6122 6624 13040
8 221 1405 4039 7694 13045 13047 13052 13056
8 59 283 372 492 680 683 1025 1237
8 8 222 701 1089 2023 3166 6948 13061
8 157 601 726 1235 2331 2768 4285 8119
8 157 419 859 1235 3037 3181 7114 11340
8 423 3195 8710 11564 13077 13079 13084 13088
8 148 216 447 598 1107 1368 3077 4032
8 83 319 492 695 1446 1960 4658 7116
8 148 223 684 894 1738 2053 4524 8626
8 49 167 424 683 1066 1081 3678 10886
8 182 513 1122 1864 2835 3203 4095 8157
8 50 223 677 1374 3089 3280 7983 13101
8 176 294 327 465 695 1034 1581 4922
8 438 1090 2648 5289 10787 11601 13110 13114
8 167 435 1949 2522 5292 5426 12575 13125
8 5 1035 2417 4189 9307 11001 13134 13138
8 90 469 2250 5503 13145 13147 13152 13156
8 132 438 1495 2252 3627 6064 8500 13161
4 356 3090 6312 13166
8 61 260 919 1381 2262 2445 5336 13172
8 293 527 1045 1588 3290 4207 8354 13177
8 160 372 512 921 1240 1794 2765 3852
8 83 307 673 781 1919 2162 4207 5635
8 75 211 424 612 1506 1757 2256 4080
8 13 804 947 1402 2363 2370 4511 9177
8 83 303 354 460 1435 1450 2422 6551
8 61 296 517 793 1571 2029 5339 8444
8 61 290 343 517 963 1592 2504 3525
8 61 287 343 519 1089 1592 3180 3525
8 91 349 626 894 1506 1746 3151 5294
8 156 215 423 527 1409 1495 2511 6021
8 185 336 492 698 1449 2067 3425 13196
8 61 294 327 460 683 793 1033 2076
0
8 59 283 295 319 460 517 904 2009
8 148 608 1095 1403 2678 3438 5426 13205
8 191 492 977 2250 3394 3949 9913 13213
8 91 286 320 1919 4472 4480 8558 11966
8 203 492 969 1369 3853 5844 13223 13227
8 78 434 1934 2393 3627 4003 7507 12571
8 2129 13237 13246 13252 13260 13262 13267 13271
8 83 294 673 842 1405 2014 3282 6639
8 83 294 520 540 976 1237 3185 4301
8 148 228 540 1046 1507 1781 3663 6311
8 53 528 722 1403 2265 2769 3438 8116
8 153 845 1404 3380 4945 6433 11102 13291
8 203 687 2139 4786 7581 12749 13300 13304
8 157 1519 2949 4511 11001 13307 13312 13316
8 220 1193 4004 7167 12906 13321 13326 13330
8 53 169 991 1018 2454 2539 3181 5948
8 174 527 1366 2404 6170 6967 11213 13341
8 214 1948 9128 11714 13351 13353 13358 13362
8 153 911 1755 5031 10133 11110 13369 13373
8 83 294 372 520 1424 1447 3525 5561
8 148 221 623 1081 2517 4031 7038 11728
1 537
8 227 1111 2650 6036 10614 12827 13384 13388
8 45 192 444 850 1090 1240 1969 3610
8 64 223 423 710 1081 1234 3166 3221
8 83 224 506 1036 1237 1375 2641 4637
8 423 911 2604 3663 4129 5477 10374 13399
8 206 1402 2324 4375 8238 12513 13409 13413
8 45 227 726 1025 1694 1705 3665 6390
8 221 1108 1402 3444 9038 9877 13424 13428
8 285 464 687 1171 1664 1695 3783 6472
8 559 2874 7938 11700 13441 13443 13448 13452
8 185 350 687 1450 4922 7188 13457 13461
8 64 232 532 1039 1843 2679 8540 13469
8 90 700 931 1240 1403 1694 2545 4576
8 151 452 535 1023 2528 3367 5999 7685
8 23 497 1864 2758 5322 6899 8700 13480
8 192 801 969 1179 1854 1861 2601 2955
8 184 413 612 1381 2513 2562 3010 5028
8 193 596 1961 3221 6258 6691 11413 13487
8 61 292 327 460 695 906 2076 3849
8 559 1211 5260 9054 13498 13500 13505 13509
8 146 406 909 1334 2634 4184 9783 12206
8 201 612 1096 2390 3221 3633 5426 7827
8 221 799 2331 3716 11673 13521 13526 13530
8 167 512 770 1038 1698 2195 3177 6311
8 228 950 2835 4777 11511 12192 13540 13544
8 61 289 319 458 673 680 906 2087
8 149 371 540 1097 1502 2161 3993 7581
8 191 1948 3262 6491 10639 12681 13554 13558
8 66 224 325 480 957 1035 1663 2431
8 284 371 492 679 1444 1919 4769 10680
8 75 2684 13568 13574 13582 13584 13589 13593
8 59 221 480 710 1095 1389 2116 4795
8 184 915 1716 4093 8517 8952 12468 13601
8 151 372 512 921 1122 1845 2823 4344
8 156 946 2511 2691 5544 7621 10696 13611
8 66 327 518 674 1665 2415 4171 5304
8 189 1091 2410 3566 6458 6626 10718 13618
8 191 613 1954 3242 6203 9224 13623 13627
8 61 312 460 675 1450 1848 3452 4394
8 148 336 527 973 1237 1368 2135 3390
8 97 438 1366 1771 4121 5801 10322 11420
8 223 1611 1944 3195 10264 10268 13638 13642
8 52 221 953 1415 3050 3222 10439 13647
8 47 223 722 1366 2524 3296 7116 13106
8 282 382 538 788 2079 2526 5442 11849
8 257 2121 3222 6785 12676 13659 13664 13668
8 59 542 1366 2590 5358 6454 10042 13673
8 83 327 522 698 1446 1664 2262 3336
8 59 292 527 962 1391 2068 5115 12439
8 148 418 556 859 1477 1506 3180 5292
8 28 1268 2647 4764 10695 10975 13692 13696
8 61 224 300 349 683 729 1039 1604
8 78 434 1233 1937 2901 3614 7172 13703
8 221 834 1240 1351 1518 1522 3433 7266
2 1801 13711
8 371 957 3037 4964 13718 13720 13725 13729
8 61 315 462 673 788 1045 2523 13735
8 151 324 683 1424 2232 2956 10798 13741
8 153 727 1101 1495 2586 2772 5056 9583
8 184 323 527 759 1173 1192 2331 4891
8 191 434 626 1141 2266 2460 3620 6995
8 161 229 612 1088 2390 2515 3617 6099
8 184 850 2607 3320 8455 9493 13752 13756
8 148 221 709 1081 1403 1503 3432 6775
8 181 1592 4265 6494 13763 13765 13770 13774
8 184 338 679 1033 2424 2962 7124 13781
8 59 232 1416 3228 8036 11366 13788 13792
8 61 294 327 460 538 680 1033 1446
8 184 492 1082 1366 2191 2641 3571 4178
8 190 410 548 1039 1962 2262 3363 5317
8 167 480 1176 1627 5837 5887 13802 13806
8 64 356 685 1461 2607 3077 3680 8960
8 148 414 859 1415 4683 5294 8502 13636
8 191 860 2460 4367 12912 13818 13823 13827
8 59 228 534 960 1401 2135 3361 5927
8 83 294 324 460 675 1033 2625 5412
8 148 223 804 1230 2511 2641 4086 6007
8 417 748 1919 3282 6242 7581 8475 13420
8 883 7083 13839 13845 13853 13855 13860 13864
8 27 597 1005 1289 2983 3252 9069 13698
8 190 527 832 928 1355 1397 2644 3390
8 185 294 343 517 921 1025 1442 2079
8 148 492 1096 1511 4348 4983 5800 7565
8 61 283 785 1762 3295 6579 12482 13878
1 66
8 61 524 2644 3871 7239 9517 13887 13891
8 61 293 468 695 1919 2425 12480 13898
8 61 283 304 519 1571 2004 4598 13905
8 83 455 781 1443 4388 4701 13911 13915
8 148 416 697 1100 1767 2766 5331 9596
8 146 310 1107 1991 3173 4522 6988 10836
8 255 1746 3349 6564 11365 13926 13931 13935
8 83 292 527 960 1506 2119 3037 6583
8 364 797 823 1186 3012 3584 4838 12323
8 151 708 943 1504 2828 3665 4096 8448
8 327 534 1183 2526 5191 6458 10720 12964
8 61 293 387 1237 2079 2783 4965 13951
8 174 315 525 691 1440 2578 7970 13768
8 83 321 525 1033 3367 3906 13962 13966
8 148 712 1403 1509 2835 3421 6015 9456
8 59 761 1184 2065 3963 5304 7565 13042
8 224 288 312 452 1587 1919 3452 8664
8 184 372 682 1034 2957 3282 4963 5859
8 61 300 325 455 680 698 2005 4471
8 53 147 224 709 992 1004 1455 2454
8 83 290 327 455 673 899 3454 5188
8 49 412 1374 3089 7493 8763 13988 13992
8 192 296 318 455 525 673 698 1444
8 83 293 449 530 1675 1857 4208 7293
8 157 691 2285 3273 8821 12791 13999 14003
8 149 300 406 475 685 950 3013 7275
8 49 228 327 520 894 950 2076 3663
8 167 1926 4625 9621 14017 14019 14024 14028
8 58 511 1777 2648 10231 12802 14037 14041
8 178 310 534 1012 2823 3151 4393 7962
8 61 288 312 336 519 675 957 1675
8 221 469 1124 2903 8758 11425 14048 14052
8 59 203 371 480 700 724 1177 1403
8 75 226 609 1146 2515 3613 6277 12574
8 61 286 349 492 640 680 1360 2079
8 50 342 1142 2507 4071 5847 11957 14064
8 315 521 1446 2821 4951 5186 9451 13770
8 51 441 2015 2671 9532 10859 14074 14078
8 83 289 324 904 1920 2053 5031 7277
8 151 294 349 460 525 675 1446 2036
8 2804 14078 14093 14099 14107 14109 14114 14118
8 91 308 460 526 685 1023 1449 2010
8 192 796 1397 2715 7230 8204 14040 14128
8 83 371 1234 1476 2410 2590 7124 13999
8 184 527 1397 2507 4112 6003 11742 14139
8 83 458 708 1025 1237 1447 1672 2066
8 371 1538 4134 5515 11465 14145 14150 14154
8 50 201 683 1152 2596 3273 6170 14159
8 66 228 703 960 1230 1506 2511 3584
8 182 935 1240 1986 14167 14169 14174 14178
8 61 293 466 530 1466 1865 3783 6425
8 365 804 1338 2369 4984 8270 12324 14188
8 50 283 684 1092 1963 1971 2810 5030
8 83 460 1000 2070 7862 8671 14194 14198
8 30 1266 3380 4855 11361 14203 14208 14212
8 149 323 898 2331 7663 8179 14218 14222
8 626 3327 6281 9943 12261 13129 14231 14235
8 53 223 709 1064 1375 1704 3213 7172
8 1103 7608 14245 14251 14259 14261 14266 14270
8 66 505 1004 1875 4515 7005 12364 14277
8 5269 14290 14299 14305 14313 14315 14320 14324
8 16 709 1698 3444 9200 10580 14331 14335
8 800 2172 3645 4827 10024 12935 14344 14348
8 60 417 2552 4069 8483 11355 14355 14359
8 59 282 511 770 1959 3719 10104 14366
8 58 1387 2086 6443 14374 14376 14381 14385
8 47 149 482 990 1704 1784 9912 14391
8 120 219 439 1066 1391 1624 3691 6079
8 239 1964 4597 12295 14402 14404 14409 14413
8 50 200 433 538 1081 1230 1757 3092
8 83 285 455 894 1397 1672 4378 4718
8 83 294 380 480 538 673 1028 2377
8 153 435 1397 2718 5797 10203 14425 14429
8 48 87 232 891 1827 1883 3376 4042
8 149 291 906 3350 6571 12484 14434 14438
8 83 287 527 1234 3665 3905 7296 11099
8 176 288 305 326 542 894 1919 3451
8 148 603 858 1204 2613 3808 6584 14396
8 148 338 527 770 1176 1375 1911 3330
8 59 223 527 1086 2795 3869 11114 13820
8 185 300 464 673 1033 1438 1671 4704
8 39 224 950 1189 1939 2580 4303 14457
8 61 221 848 1403 3661 4114 8082 13617
8 185 305 351 538 1045 1449 4769 13177
8 184 491 1508 2641 4637 5317 10042 14470
8 61 300 460 536 793 1023 1443 2523
8 82 423 973 1351 2331 2718 4071 7172
8 153 1795 3490 8979 13403 14478 14483 14487
8 61 289 327 528 1043 1454 1824 3037
8 61 281 326 462 1819 1921 5031 10735
8 52 211 601 1090 1532 2354 3566 7000
8 184 424 534 1180 3092 3336 5825 10042
8 13 908 1110 1341 1801 2331 4187 6146
8 83 360 674 1766 4605 4718 6178 11650
8 148 200 480 849 1142 1503 2289 10096
8 59 418 950 1391 2801 3296 4207 14510
8 82 318 781 1383 2504 3173 5929 11467
8 35 526 1053 2515 6944 7491 10975 14518
8 59 187 685 1113 2534 3265 6588 14524
4 433 1341 14532 14538
8 83 327 488 963 1766 2169 3054 5510
8 59 228 444 831 1222 1504 4033 6012
8 61 204 418 531 963 980 2524 4351
8 200 426 748 1088 2580 3604 4522 10525
8 165 569 1039 1511 2507 2768 3438 9868
8 4 157 701 1283 1877 3207 6405 8694
2 282 14551
8 34 424 1100 1696 4982 5315 14552 14556
8 201 848 1235 1504 2776 2837 3917 6012
8 61 288 310 346 783 963 2447 4266
8 148 430 1122 2604 4519 6897 10424 14562
8 412 1736 2650 4755 10868 13111 14570 14574
8 71 282 492 700 1029 1177 2328 3203
8 176 323 501 699 1191 1366 2524 6007
8 83 315 536 719 1455 2010 3295 8171
8 83 327 593 973 1650 1664 2575 5107
8 61 1114 2447 4707 13126 14589 14594 14598
8 61 289 322 452 640 675 1237 1919
8 75 223 444 709 1391 1503 3037 6283
8 83 221 424 540 1039 1089 1503 2562
8 184 473 674 1455 3783 5109 13019 14609
8 155 319 536 1028 2964 3341 5192 6939
8 157 492 1089 2262 7131 8509 14621 14625
8 61 288 306 338 517 673 897 2006
8 167 419 609 980 1511 1755 3256 5182
8 201 441 960 1403 1972 2718 5720 11004
8 221 1233 2274 3692 8382 9623 14638 14642
8 90 976 2029 6558 14650 14652 14657 14661
8 83 298 453 525 3108 3536 7685 14667
8 83 293 346 537 1033 1592 1921 3454
8 75 410 894 1415 2803 3296 6397 8504
8 149 296 343 462 680 782 1450 2079
8 192 831 1461 2820 5098 5426 10872 14675
8 192 1230 4350 5301 12985 14681 14686 14690
8 148 229 515 850 1727 1965 3201 8505
8 203 406 681 1171 1397 1857 3661 6625
8 50 176 936 1113 2588 3265 4956 14702
8 192 832 943 1351 1966 2345 3577 5363
8 47 166 223 1142 2274 2621 3869 11113
8 192 859 1687 2434 3433 3535 5145 7546
8 148 626 837 1409 2566 3926 10914 14715
8 58 289 419 526 1383 1600 3178 5610
8 83 295 327 478 899 1368 2781 6425
8 214 397 701 943 1239 1397 2329 3363
8 233 306 462 1033 3277 3281 7896 12098
8 66 221 435 699 973 1230 1959 3862
8 66 412 729 950 1403 1883 6805 9713
8 170 724 1360 1460 2766 2879 5330 14732
8 50 191 418 727 1407 1624 3663 8506
8 406 2175 5008 5019 14166 14741 14746 14750
8 61 296 517 538 1053 1447 3360 12103
8 14 593 1367 3396 9006 12212 14762 14766
0
8 9 497 1283 1905 4078 4766 10548 14773
8 83 311 542 959 1919 3108 5111 7605
8 61 284 300 338 518 538 680 1043
8 49 320 462 537 788 1025 1446 2504
8 50 283 433 532 971 1095 2506 4602
1 989
8 203 504 1034 1401 2920 3072 4095 9810
8 59 426 1109 2958 10522 12437 14793 14797
8 200 310 799 1369 2106 2440 3304 4178
8 49 283 343 484 1103 1455 2506 8099
8 186 1504 3702 6316 11793 12668 14807 14811
8 843 1963 5788 9097 14817 14819 14824 14828
8 6 221 599 837 1636 1802 2925 6131
8 83 542 1401 2485 5182 6214 14787 14839
8 52 952 4761 10747 14844 14846 14851 14855
8 435 1151 2918 3982 9840 10865 13780 14862
8 148 806 938 1122 1991 2758 4522 6536
8 148 2520 8495 11090 14870 14872 14877 14881
8 67 3270 7468 14886 14894 14896 14901 14905
8 66 360 1210 2822 6012 6374 14910 14914
8 221 859 1252 1406 2332 2770 3698 5719
8 83 311 455 673 1025 1449 2523 4922
8 59 500 1103 2725 8643 14920 14925 14929
8 75 697 1709 3808 14936 14938 14943 14947
8 155 321 462 1420 4388 4701 8932 14953
8 61 294 519 880 2899 3279 8094 14959
1 5542
8 64 221 703 1368 2454 2552 2763 5317
8 59 292 338 458 702 1036 1447 3180
8 148 417 609 1391 2068 2524 3567 8391
8 626 1727 4680 6614 12842 14256 14972 14976
8 149 374 711 957 1857 2250 3698 6902
8 175 700 914 1342 2327 2575 3574 6133
8 64 709 1820 2515 6996 9869 13347 14989
8 55 1704 14086 14995 15003 15005 15010 15014
8 61 688 1067 3050 11325 11706 15020 15024
8 157 921 2331 3843 8358 8597 12777 15029
8 83 294 683 952 1956 2524 3106 3451
8 83 315 455 675 1066 1379 2164 3520
8 50 289 460 1089 3374 4481 11594 15040
8 83 296 482 512 1033 1177 8163 15046
8 221 1112 2522 4104 6856 7218 10277 13296
8 83 286 449 480 1035 1235 2506 4817
8 61 289 701 1005 1088 1094 2478 4813
8 197 2409 11794 15059 15067 15069 15074 15078
8 146 500 1125 1988 4586 8457 12437 15084
8 59 221 527 710 1389 1500 2598 3822
8 157 1089 3376 6439 12554 13333 15092 15096
8 184 675 1391 3253 12106 13196 15105 15109
8 61 346 779 992 6186 7346 15115 15119
8 214 859 1355 1964 2678 3393 4426 10706
8 193 310 540 685 1391 1483 2262 3363
8 63 279 1067 2068 4606 6257 10729 15129
8 61 286 327 460 904 1921 2781 3356
8 192 681 1192 1846 4718 5875 12205 15137
6 311 1845 5609 15145 15153 15155
8 61 288 302 318 456 465 534 1050
8 65 2507 4301 7830 15158 15160 15165 15169
8 59 511 1100 2324 7352 8311 15174 15178
8 402 1970 3065 3870 6126 7764 15183 15187
8 556 1265 1524 3698 7179 7613 12639 15195
8 75 225 849 1066 3243 3810 7172 12855
8 49 192 327 455 695 1095 1864 3425
2 455 6628
8 59 419 955 1963 3585 4475 7883 15205
8 164 506 2588 4095 6066 9439 10997 15213
8 83 319 460 640 1036 2005 3054 6007
8 14 950 3170 4963 11531 14792 15222 15226
8 153 992 2324 6785 8253 8729 15231 15235
8 148 327 492 1034 1368 2410 3332 7565
8 157 282 674 1107 3347 4381 4718 11085
8 83 325 475 957 2506 3156 4643 15246
8 61 220 423 533 1095 1374 3180 6582
8 83 318 458 534 980 1037 1391 3783
8 155 327 460 538 1432 1446 3341 4418
8 59 356 697 1374 2418 2585 5065 7197
8 82 740 2282 3257 6092 9931 15014 15258
8 52 317 519 540 897 1234 3037 5410
8 50 201 960 1387 2567 2585 4617 5928
8 59 318 673 1234 4035 5315 9726 15266
7 83 323 519 695 4266 4482 15273
8 261 1368 3640 9117 15276 15278 15283 15287
8 157 422 854 1495 2108 2122 6092 8504
8 157 832 1265 1404 2767 2844 4285 5093
8 221 3113 5231 9365 11817 11831 15302 15306
8 151 300 537 1342 6008 6476 15313 15317
8 75 604 2691 6012 11264 12828 15325 15329
8 189 746 2400 3566 6310 6679 12772 13722
8 206 859 2112 2835 4096 4375 6040 8584
8 170 371 701 942 1397 1794 2331 2921
8 83 459 977 3274 7238 11320 15344 15348
8 193 422 1081 1649 2795 3671 7025 11420
8 59 1000 2079 2784 8197 14157 15360 15364
8 160 564 729 950 1360 1403 1798 2324
8 64 200 527 712 1230 1367 1942 4003
8 157 1235 2379 4285 5180 8592 15372 15376
8 401 3484 8424 15382 15390 15392 15397 15401
8 191 877 1879 4401 7503 8458 10886 12881
8 59 224 851 973 1769 2337 6586 10249
8 65 310 542 894 1373 1443 3105 6505
8 59 289 314 369 468 519 673 3287
8 91 431 1418 2160 3037 3451 5664 8393
8 1539 10259 15414 15420 15428 15430 15435 15439
8 153 1415 4626 9224 13077 15444 15449 15453
8 2882 15458 15467 15473 15481 15483 15488 15492
8 49 289 322 527 1423 3602 5860 14888
8 97 1738 8910 13056 15504 15506 15511 15515
8 46 223 1976 3916 12606 15521 15526 15530
8 91 294 338 460 692 695 2010 5621
8 61 287 322 455 532 695 1393 2068
8 167 227 1081 2515 3608 3949 6259 12886
8 48 181 871 1064 1525 1704 2522 6443
8 148 435 1367 2256 3982 6057 9702 15540
8 7 286 540 1082 1919 2086 3330 8206
0
8 52 1943 4360 6042 11338 12412 15553 15557
8 220 812 969 1170 2358 4071 7492 8578
8 83 289 458 487 821 904 1663 5492
8 61 327 700 1510 3525 4351 5148 8532
8 177 768 2133 2755 6297 8190 14036 15574
8 95 597 1385 1960 3144 3465 7883 15579
8 50 521 806 1088 2077 2227 4600 7485
8 59 292 518 640 1234 1420 2523 5412
8 460 1026 1272 1844 2598 2601 4664 5844
2 176 12270
8 211 807 1532 2588 4093 5424 8258 12230
8 53 193 410 709 2511 2586 4227 7367
8 75 597 1711 2604 5381 6617 9741 15592
8 282 492 921 2047 10549 11198 15598 15602
8 206 727 1230 2331 3328 3407 6310 9862
8 156 1409 3750 8257 11221 11224 11889 15609
8 52 697 2086 3792 7018 7507 8774 11594
8 59 289 326 458 537 673 1023 1919
8 148 845 1207 1696 3864 4576 7608 15617
8 148 2266 9225 11928 15626 15628 15633 15637
8 59 312 455 674 4467 5030 10392 15645
0
8 192 504 1090 1959 2956 3643 9586 14399
8 66 304 845 984 1389 1522 5765 8022
8 63 978 9877 13357 15661 15663 15668 15672
8 83 289 343 460 695 1023 3390 5113
8 200 596 1360 2124 6057 6765 11757 15680
8 50 289 452 848 1389 1604 2809 4097
8 61 294 327 496 877 952 1494 3693
8 83 318 536 793 1669 3180 8388 15688
8 203 296 491 640 963 1038 3180 15035
8 300 1389 4097 5749 15697 15699 15704 15708
8 61 294 354 455 530 534 1675 2506
8 148 406 1107 1962 3438 3951 9352 15714
1 83
8 14 826 1177 2724 4753 7880 12067 15722
8 53 868 1663 2344 3834 3836 6110 15729
8 83 327 492 673 1038 1419 2076 3180
8 147 5362 12696 12704 15737 15739 15744 15748
8 66 204 418 703 1122 1234 2580 4910
8 500 3419 7712 11671 15758 15760 15765 15769
8 61 294 343 493 674 680 1028 2087
8 93 593 2524 4818 12987 15775 15780 15784
8 218 674 1330 2504 3730 3825 5564 12251
8 53 221 527 701 1101 1403 2168 3721
8 201 349 527 1031 1238 1766 3671 4708
8 51 167 219 418 842 1080 1815 5236
8 185 368 1034 1921 3422 5800 8473 15798
8 148 430 727 908 1240 1495 3663 12058
8 282 319 480 673 963 1036 2005 4266
8 78 1624 3632 7509 10885 12986 15809 15813
8 61 325 683 980 2262 2618 5664 8393
8 61 285 304 338 883 1043 2205 4472
8 170 701 1363 1748 3438 3700 5294 6904
8 50 963 2221 3195 5766 6484 14398 15823
8 228 1370 6308 9691 15536 15829 15834 15838
8 59 251 293 346 462 479 684 1391
8 201 466 1027 1237 2820 3654 5801 15843
8 148 220 466 700 1107 1367 1864 2587
8 50 157 520 1052 1495 1501 3465 9548
7 83 286 321 462 2077 3293 15851
8 168 1066 3949 5853 12699 15854 15859 15863
8 597 2654 4932 7310 15870 15872 15877 15881
8 211 677 1857 3221 4035 4301 6310 6628
8 320 781 2780 5650 15889 15891 15896 15900
8 167 406 492 708 1237 1368 2065 3665
8 148 225 548 894 3194 4011 8455 15908
8 83 412 616 1089 3010 3280 6611 9702
8 189 2414 6761 11218 13622 15917 15922 15926
8 59 285 298 319 450 462 539 1435
8 224 495 916 1035 1504 1663 2337 4134
3 262 695 9184
8 83 293 536 894 3153 4612 8167 15934
8 59 295 455 538 1089 1391 1919 2970
8 66 223 960 1237 2106 2332 4351 13286
8 148 259 708 1107 2612 4003 8390 12987
8 160 504 1454 2118 5319 6324 9594 15948
8 61 540 1772 3465 11470 11933 15956 15960
8 59 197 728 1366 7853 8120 15967 15971
8 151 321 1028 3058 6257 8758 11828 15851
8 61 286 321 346 525 539 700 1240
8 61 293 327 458 538 680 1023 2005
8 714 3418 4711 10117 15981 15983 15988 15992
8 148 360 495 973 3058 4663 7005 10814
8 148 556 1391 2106 3663 4032 6171 11847
8 192 492 825 1176 1663 2366 3291 3870
8 83 419 519 909 1286 1973 3185 6397
8 9 1290 6400 9897 16007 16009 16014 16018
8 61 285 305 323 534 668 1366 2068
8 49 294 369 455 676 695 1025 2010
8 91 222 494 923 1504 1663 2524 3451
8 148 223 433 703 1415 1506 3620 6583
8 59 201 417 596 889 1039 1381 2068
8 80 302 519 1028 1491 2008 5127 10312
8 289 674 1050 2781 15899 16028 16033 16037
8 61 223 871 1370 1888 2801 3620 7213
8 82 447 1174 1959 6242 6467 7577 10602
8 51 189 310 880 1510 2068 3181 4358
8 239 1095 1989 2448 4167 5563 9101 16049
8 61 901 2392 3812 7917 9115 15278 16057
8 14 1060 3395 6730 10851 16062 16067 16071
8 39 506 908 1197 2327 2351 4022 6458
8 61 282 424 683 1089 1366 3180 4610
8 50 288 718 1067 2327 2560 3844 10506
8 151 318 534 727 1237 1407 2250 3637
8 5381 16087 16096 16102 16110 16112 16117 16121
8 194 5091 12136 13758 16132 16134 16139 16143
8 52 289 529 902 2506 3454 3872 8511
7 282 327 673 784 1681 2781 16031
8 149 635 2029 3053 7663 10340 16153 16157
8 83 737 1381 1943 5353 5907 10517 12691
8 7400 16169 16178 16184 16192 16194 16199 16203
8 167 426 1146 1968 3229 4032 8278 16209
8 49 317 517 789 2079 2506 4266 16214
8 193 1849 3639 4109 6167 6691 10625 16219
8 170 908 1334 1360 2327 2332 3408 4202
6 196 2360 16227 16233 16241 16243
8 701 937 1340 1360 2327 3439 5774 16246
8 193 2456 3716 8716 13072 13077 16254 16258
8 181 709 2798 5591 13273 15679 16267 16271
8 250 315 492 675 1025 1419 1919 3295
8 247 2250 6985 11635 16280 16282 16287 16291
8 31 599 3202 4690 9009 10647 16296 16300
8 39 228 850 1237 3189 3271 9237 16305
8 377 4911 16311 16317 16325 16327 16332 16336
5 157 966 1630 5036 16344
8 49 282 595 1418 2293 3466 10982 16348
8 178 295 449 528 1604 2439 7968 9664
8 222 478 687 1237 4663 5021 7546 15109
8 61 300 327 453 534 894 1237 2578
8 261 2150 3630 5758 10863 12500 16365 16369
8 75 414 748 1845 3566 3663 8081 11215
8 59 483 1182 1696 3691 4695 9455 16379
8 157 244 1107 1403 1965 3201 5368 11361
8 61 286 458 673 921 1237 1919 3356
8 61 247 449 880 1435 2168 4355 5409
8 1229 16391 16400 16406 16414 16416 16421 16425
8 327 977 3033 5291 8497 10639 12679 16430
8 64 1409 3630 6034 16436 16438 16443 16447
8 157 950 1990 3864 11080 13786 16456 16460
8 82 579 1090 2718 6061 15405 16469 16473
8 206 854 1416 2767 3812 4167 5053 6230
8 228 1240 4783 8516 14040 16478 16483 16487
8 95 2661 4939 16493 16501 16503 16508 16512
8 80 441 1233 2250 3907 4522 9515 13862
1 16520
8 83 288 324 459 899 1028 3452 16353
8 59 289 314 449 894 899 2074 2506
8 164 626 955 1385 4021 4813 8258 14351
8 272 541 909 1440 2332 3064 6491 11297
8 61 296 460 673 900 963 4170 9760
8 66 282 310 490 691 697 1089 2262
8 52 593 984 1080 3259 3865 8354 9840
8 282 673 2089 3453 9333 9352 15240 16536
8 52 289 529 892 1234 1455 2009 3251
8 196 849 2605 7248 14334 15270 16544 16548
8 47 527 1081 2392 4115 6281 14638 16555
8 61 228 433 536 1663 2065 3665 7478
8 148 2648 8312 16560 16568 16570 16575 16579
8 59 221 300 360 894 950 2009 3077
8 49 289 447 492 953 1444 2337 3663
8 52 419 1066 1381 2504 3465 5030 5800
8 148 437 1391 1757 4368 5421 8507 16587
8 272 5484 9444 10559 16596 16598 16603 16607
8 191 728 2844 4112 9589 10533 16612 16616
8 52 520 3571 10370 16624 16626 16631 16635
8 251 312 777 1921 5154 5863 11356 16643
8 64 282 1149 2837 7250 10838 14733 16649
8 202 426 1506 2256 3721 4632 6098 7582
8 59 294 530 973 1232 1349 2161 6311
8 282 492 687 1191 2420 2823 6131 13567
8 64 211 748 1391 3242 4032 8799 13373
8 23 803 1109 1397 4522 5662 10399 16660
8 23 364 492 770 2414 2939 5030 8138
8 327 805 1854 2830 5010 6278 8520 15226
8 48 877 1968 3263 9237 9943 12529 16673
8 58 378 1811 2309 3993 7468 15893 16681
8 83 855 1194 1504 2236 2429 3693 5056
8 395 8201 16689 16695 16703 16705 16710 16714
8 59 520 1033 2647 4917 5825 11594 16719
8 157 850 3273 5737 13321 14862 16728 16732
8 369 2083 4870 9955 16737 16739 16744 16748
8 224 513 914 1191 2365 2718 5822 10432
8 201 492 1746 1767 6330 8510 16756 16760
8 153 480 706 1039 3271 3347 5629 8522
8 204 724 2407 3304 5423 7831 16769 16773
6 221 7717 16782 16788 16796 16798
8 318 1036 1663 5200 7649 10033 13637 16804
8 52 1005 1823 3244 16809 16811 16816 16820
8 157 770 954 1769 3580 4008 9938 16828
8 52 288 512 946 1839 2036 4063 7005
8 58 227 697 850 1107 1122 1692 4093
8 185 492 1036 1675 3340 4176 13106 16028
8 82 228 1090 1511 4032 5317 11539 16841
8 75 227 444 612 1053 1109 3166 4808
8 194 1396 3601 4270 7581 8077 15203 16849
8 148 433 1081 1757 3665 4708 6582 12921
8 201 295 371 485 1035 1234 2211 3637
8 148 428 1509 3058 9245 13487 16861 16865
8 53 373 1696 3449 4978 6355 8854 16870
8 221 350 1369 2427 3533 3537 4178 6171
8 47 427 972 1194 3181 3663 12533 16878
8 83 300 492 673 1028 1036 1466 7278
8 185 308 541 899 1919 3061 4393 7188
8 78 1396 4653 7507 12053 14418 16889 16893
8 83 289 380 522 898 1112 2431 4808
8 59 423 1103 1971 2591 4009 7025 12365
8 52 282 300 343 1089 1835 3453 7995
8 148 310 527 714 1397 1630 2519 6259
8 170 704 1035 1360 2575 2771 4023 5563
8 211 1446 1944 2901 6755 8303 11359 16907
8 795 4410 8719 11219 16916 16918 16923 16927
8 192 955 2131 2647 4026 5224 12381 16292
8 59 279 295 372 691 708 1089 1496
8 61 369 1112 1340 2443 3043 5482 10743
8 148 1938 4618 10228 16940 16942 16947 16951
8 157 1142 6265 6816 8815 12968 16956 16960
8 75 232 604 1112 1727 1761 6611 14945
8 170 845 1351 1799 2767 2839 4081 6165
8 52 286 334 528 976 1089 1919 3367
8 59 371 700 1502 5629 7042 16972 16976
8 89 1097 3097 3997 8388 10042 11503 16983
8 64 227 833 1696 4030 4410 10212 16988
8 61 296 460 539 1107 1477 4468 6242
8 182 807 921 1330 1918 2047 2939 4966
8 157 832 944 1355 2328 2644 2824 6155
8 59 217 955 2328 3593 3633 6678 12057
8 83 327 778 894 3173 3829 7239 10877
8 67 13033 17002 17008 17016 17018 17023 17027
8 270 1928 2585 3195 6756 13640 17034 17038
8 66 845 1937 2808 4491 9439 15128 17045
8 47 423 854 1869 3037 3183 3620 6545
8 83 952 2809 4600 14604 16719 17054 17058
8 78 420 878 1094 3166 3256 5290 6919
8 211 480 1096 2656 4153 5573 9923 17065
8 232 1392 2647 9667 17072 17074 17079 17083
8 90 410 729 1391 2429 3421 4285 11235
8 148 224 423 673 1380 2820 3687 6166
8 7 423 1035 1209 2364 3177 4963 8997
8 155 521 2164 2907 10144 17093 17098 17102
8 192 704 913 969 1518 1663 3203 5995
8 66 1283 2671 5078 11264 12485 17111 17115
8 34 289 681 1461 4142 4963 6311 11865
8 191 5918 15327 17128 17136 17138 17143 17147
8 597 1930 2811 9439 17154 17156 17161 17165
8 221 832 1360 2458 8889 8895 11529 13614
8 50 228 703 915 1391 1493 1961 2768
8 157 228 616 894 1415 1624 2581 3181
8 59 219 419 703 1528 1759 2795 5107
8 198 427 1374 1815 3084 3805 6219 17177
8 148 221 598 1081 1763 1786 3794 7705
8 53 423 866 992 1877 2511 3227 5804
8 146 797 969 1403 2816 2946 3706 7739
8 75 4030 14354 17191 17199 17201 17206 17210
8 66 748 1389 3180 4507 5370 9532 17217
8 61 294 327 459 675 788 1442 3061
8 222 1366 1850 4393 8514 8954 12478 17224
8 83 294 492 683 1381 1503 1975 2768
8 83 293 327 458 675 685 1023 2005
8 185 480 1368 1895 2967 3783 5098 8111
8 83 327 673 788 1600 1681 9016 17234
8 66 222 444 1142 5096 5765 8458 10247
8 53 701 1122 4496 17246 17248 17253 17257
8 155 327 674 1461 4922 5561 17263 17267
8 66 1089 2648 2671 5035 8021 12057 17273
8 50 419 853 1122 2581 3166 8699 17279
8 59 469 1786 4148 11340 12262 16959 17287
8 49 289 327 698 2079 2526 4171 6242
8 49 200 434 849 1623 2119 2612 4935
8 52 292 520 684 1237 1623 3180 5030
8 66 222 433 854 1501 1746 2795 3694
8 206 2267 9191 12152 17295 17297 17302 17306
8 82 1720 3778 6855 16121 17311 17316 17320
8 63 286 300 326 537 891 1443 1921
8 83 292 455 522 698 748 1381 1509
8 61 295 709 1089 3429 3672 5665 8441
8 59 287 532 676 1366 1461 3367 6551
8 83 390 973 1177 2819 3064 4646 7654
8 157 708 1136 1651 2774 3031 4093 5331
8 216 1162 2552 3566 4343 6066 6628 11235
8 148 427 697 1624 4069 5765 9590 17331
8 160 948 2723 3764 10150 13296 17337 17341
8 8 371 921 1100 1705 2023 3207 6131
8 47 427 992 1694 3243 3376 8913 13157
8 187 3783 7959 10127 17357 17359 17364 17368
8 153 870 2274 3243 7468 10227 17374 17378
8 66 711 1884 2841 4047 5243 9948 17384
8 23 802 946 1330 3388 4052 5337 8445
8 282 327 673 693 1443 1449 2076 3289
8 14 401 1057 1903 5547 8911 17392 17396
8 245 927 3392 4707 9817 11715 15606 17402
8 222 465 882 1369 3361 3429 3949 6310
8 61 300 530 1067 1969 2809 4173 9689
8 52 295 346 460 898 1023 1446 9151
8 192 908 2128 2946 6892 7758 14188 17416
8 155 302 478 899 3454 3520 6107 7498
8 178 360 1138 1482 3085 3567 6170 9171
8 184 465 673 821 1845 2185 9867 17424
8 185 346 455 526 1033 1438 2092 4468
8 192 1136 1903 4071 9401 9722 17431 17435
8 754 2830 5843 10362 17444 17446 17451 17455
8 83 512 959 2914 6287 7819 9815 13982
8 184 424 683 1036 2509 3054 6069 10912
8 170 466 770 1082 1664 1848 3296 5809
8 65 288 460 783 2375 2380 4099 10743
8 204 327 673 1189 3452 3525 13106 17472
8 49 153 323 593 1043 1112 1504 2429
8 83 296 921 1672 3185 3668 5315 10116
8 83 423 718 909 1240 1360 1705 2765
8 91 504 1095 2357 5331 8501 15124 17483
8 83 452 698 1096 2417 2960 4139 6455
8 52 610 1064 1827 4224 6012 16389 17494
8 206 424 1039 1600 3988 4364 8448 12521
8 75 700 1095 2507 11214 13166 17505 17509
8 148 222 923 1504 3363 4368 8504 13684
0
8 164 748 1370 2801 4887 6091 12528 17520
8 59 286 308 372 695 906 1370 1919
8 49 282 314 548 1920 2766 4609 6420
8 228 874 3296 8291 12857 13265 17527 17531
8 75 3598 7596 14075 15825 17537 17542 17546
8 189 228 703 1415 2580 3086 3620 7038
8 170 859 1630 2767 3698 4167 6040 9114
8 283 458 2424 3061 5528 9167 16867 17557
8 1117 8251 17564 17570 17578 17580 17585 17589
8 148 202 614 1066 3263 3663 4227 7688
8 53 201 418 608 1385 1501 3438 5035
8 401 3309 5921 13262 17598 17600 17605 17609
8 5 1267 4517 8129 8328 8332 13136 17615
