3 63 71 74
3 113 121 124
3 156 164 167
3 201 209 212
3 250 258 261
3 296 304 307
3 329 337 340
3 378 386 389
3 417 425 428
3 343 456 459
3 485 493 496
3 343 519 522
3 561 569 572
3 596 604 607
3 641 649 652
3 492 675 678
3 702 710 713
3 745 753 756
3 455 654 675
3 810 818 821
3 844 852 855
3 310 703 876
3 308 346 453
3 920 928 931
3 908 959 962
3 991 999 1002
3 466 537 681
3 349 515 673
3 963 1056 1059
3 422 799 866
3 1105 1113 1116
3 424 1100 1139
0
3 796 1082 1172
3 1198 1206 1209
3 338 527 673
3 1251 1259 1262
3 1296 1304 1307
3 1334 1342 1345
3 371 953 1043
3 272 597 898
3 701 948 1110
3 460 786 1420
3 327 469 536
3 327 463 517
3 334 727 942
3 1097 1476 1479
3 505 748 960
3 950 1328 1349
3 1530 1538 1541
3 346 519 539
3 372 789 902
3 1601 1609 1612
3 1110 1637 1640
3 475 1032 1171
3 674 1089 1449
3 593 1109 1201
3 1714 1722 1725
3 1235 1751 1754
3 228 1088 1375
3 845 943 1110
3 1811 1819 1822
3 898 1845 1848
3 1005 1870 1873
3 302 324 360
3 1631 1935 1938
3 748 1367 1417
3 1330 1979 1982
3 292 322 334
3 986 1695 1782
3 2033 2041 2044
3 338 475 532
3 2074 2082 2085
3 953 1508 2107
3 2128 2136 2139
3 319 536 777
3 2170 2178 2181
3 2216 2224 2227
3 2251 2259 2262
3 2294 2302 2305
3 950 1265 1349
3 953 2339 2342
3 804 832 1187
3 326 470 529
3 1929 2387 2390
3 480 698 1026
3 2423 2431 2434
3 2011 2458 2461
3 675 2071 2483
3 434 1080 1098
3 315 492 536
3 505 1547 2531
3 1081 2414 2554
3 300 455 519
3 412 748 1066
3 532 1113 1375
3 675 1032 1113
3 973 1892 2429
3 383 954 1064
3 699 1110 1240
3 2159 2653 2656
3 2682 2690 2693
3 948 1360 1780
3 2634 2736 2739
3 1403 2331 2348
3 371 1894 2074
3 1090 2585 2792
0
3 928 1240 1341
3 729 1351 1403
3 2851 2859 2862
3 2237 2889 2892
3 262 985 990
3 1341 2047 2921
3 914 1125 1979
3 336 480 542
3 371 640 793
3 2973 2981 2984
3 1381 2585 2804
3 480 1035 1090
3 722 1240 1407
3 327 531 668
3 1237 2331 2364
3 1407 3079 3082
3 319 455 517
3 292 356 455
3 3119 3127 3130
3 319 492 525
3 334 522 538
3 460 906 1023
3 512 963 1066
3 304 327 343
3 300 904 1126
3 698 969 1171
3 418 1088 1624
3 865 1113 1360
3 1495 3240 3243
3 966 1418 2036
3 308 449 469
3 310 460 668
3 312 455 492
3 312 492 531
3 3298 3306 3309
3 492 957 1032
3 300 338 449
3 1672 2968 3339
3 452 674 788
3 1085 2359 2942
3 706 946 1105
3 1869 3396 3399
3 349 729 1368
3 1351 1798 2327
3 673 1449 2087
3 286 326 461
3 2354 3494 3497
3 463 1100 1772
3 2453 3538 3541
3 911 1369 1866
3 468 1780 1970
3 1938 2383 2562
3 914 1512 1959
3 492 1186 1503
3 520 1035 1197
3 435 848 950
3 1034 2036 2427
3 2036 2438 2442
3 606 1367 1869
3 845 1104 1360
3 1417 2604 2944
3 351 469 492
3 3008 3727 3730
3 1788 3754 3757
3 3026 3784 3787
3 505 1089 1375
3 417 1088 1100
3 1005 3334 3830
3 458 674 687
3 843 1405 1815
0
3 493 842 969
3 3878 3886 3889
3 1289 1782 2723
3 3934 3942 3945
3 1095 2903 3947
3 1121 1802 3026
3 850 1403 1501
3 419 677 727
3 837 1532 1849
3 711 989 1388
3 919 3177 3825
3 933 1267 1916
3 1179 2328 2601
3 4109 4117 4120
3 806 2800 3325
3 848 1503 1778
3 676 1176 1477
3 1360 4183 4186
3 314 343 450
3 510 1066 1664
3 232 1039 1063
3 1365 4236 4239
3 701 859 1090
3 455 695 880
3 3390 4273 4276
3 1234 1877 3089
3 2604 4315 4318
3 1052 1403 1407
3 957 1848 2191
3 492 1510 2262
3 336 673 899
3 606 984 995
3 1513 2724 2950
3 343 536 540
3 338 460 538
3 3421 4430 4433
3 338 904 1265
3 327 450 460
3 325 462 529
3 300 326 459
3 492 708 1034
3 1631 2899 4489
3 944 1349 1977
3 295 469 673
3 430 608 842
3 4541 4549 4552
3 449 496 695
3 923 1794 2335
3 304 450 460
3 289 526 542
3 300 527 677
3 3673 4631 4634
3 449 537 680
3 674 1011 1175
3 1403 2604 3397
3 1536 4080 4374
3 455 673 681
3 304 492 683
3 4710 4718 4721
3 1780 2149 2159
3 296 346 460
3 1283 1293 1303
3 346 675 784
3 2727 4778 4781
3 1691 3276 4802
3 1543 2903 3926
3 3692 4840 4843
3 868 1470 2016
3 378 1000 1067
3 807 1091 1136
3 532 960 1368
3 372 492 542
3 1799 2767 2953
3 397 959 1455
0
3 327 537 695
3 821 2199 2936
3 1900 3287 4960
3 527 992 1010
3 419 1288 1623
3 371 492 673
3 2371 4720 5007
3 520 748 1234
3 1334 2538 2814
3 901 1240 1360
3 3112 5058 5061
3 1406 2774 3047
3 701 973 1349
3 311 343 449
3 911 1403 1807
3 406 492 532
3 1070 1677 2511
3 3553 5149 5152
3 854 1402 1417
3 1342 4352 5182
3 5211 5219 5222
3 950 1351 1360
3 5256 5264 5267
3 849 1723 3037
3 1381 2571 3180
3 424 1081 1600
3 923 1359 1801
3 517 729 889
3 518 1023 1105
3 703 1360 1406
3 481 1370 1704
3 323 458 478
3 480 969 1046
3 5371 5379 5382
3 828 943 1101
3 455 542 1028
3 1235 3666 5416
3 2082 3287 4964
3 927 1357 2767
3 492 1438 2337
3 294 469 519
3 1861 2826 3653
3 865 1403 1795
3 354 541 889
3 3021 4711 5184
3 1235 3248 3561
3 1349 1905 2328
3 521 1033 1446
3 1117 1403 2327
3 2013 5574 5577
3 323 466 519
3 525 1367 1919
3 894 1391 2383
3 290 419 528
3 458 686 700
3 684 2010 2961
3 311 698 880
3 318 460 673
3 859 1230 1503
3 317 512 668
3 1035 2661 2815
3 2326 5564 5686
3 748 2328 2903
3 302 327 380
3 327 528 695
3 5732 5740 5743
3 426 894 1066
3 1351 1959 2331
3 5780 5788 5791
3 748 1503 2122
3 418 536 850
3 1095 1636 1858
3 492 1031 1383
3 2185 2573 3498
3 317 449 460
3 538 1036 1174
3 492 674 695
3 372 536 680
3 371 522 649
3 455 542 683
3 2411 5839 5884
3 960 1874 1975
3 1387 1826 2585
3 1874 4810 5134
3 5962 5970 5973
3 299 334 343
3 673 1190 1240
3 911 1537 1663
3 712 2250 3183
3 6025 6033 6036
3 1090 1949 2656
3 805 1197 1973
3 2518 4300 5765
3 952 2392 2580
3 480 889 1088
3 1779 3029 3757
3 957 1916 2641
0
3 323 690 904
3 1787 6136 6139
3 934 1340 1403
3 556 950 1033
3 314 459 517
3 2678 6189 6192
3 356 687 781
3 310 380 460
3 1864 6217 6220
3 898 2211 4773
3 1696 3388 4449
3 325 458 517
3 1843 4153 6289
3 327 458 673
3 729 1188 1369
3 3670 5321 6325
3 945 1351 1538
3 1786 6355 6358
3 540 1240 1704
3 232 703 973
3 320 455 475
3 327 525 675
3 923 1504 1798
3 908 1265 1349
3 492 1028 1367
3 1342 4071 4710
3 311 472 521
3 1979 2942 3368
3 1396 3138 3633
0
3 462 593 904
3 4180 6452 6455
3 2226 3320 6245
3 536 1235 1752
3 298 371 519
3 327 492 536
3 323 519 528
3 5593 6511 6514
3 293 343 455
3 894 1943 2387
3 321 638 904
3 3844 6557 6560
3 296 323 354
3 859 1081 1882
3 834 1110 1340
3 319 380 460
3 738 1414 1727
3 1149 2554 3678
3 985 1010 1067
3 709 1786 1881
3 433 701 908
3 1082 1857 2815
3 3207 6654 6657
3 1872 3410 3911
3 1188 3007 3653
3 845 1113 1375
3 492 2626 3520
3 1290 3692 4766
3 2895 6478 6740
3 748 1942 2270
3 842 1389 1864
3 1050 6588 6779
3 1630 2308 2766
3 6817 6825 6828
3 435 992 1063
3 4932 6862 6865
3 952 1363 1522
3 1363 1988 3381
3 343 469 520
3 989 1404 1677
3 430 854 960
3 2011 3406 4765
3 506 1109 1197
3 2964 4378 4388
3 1108 2463 3825
3 327 498 511
3 1351 2157 2634
3 977 1385 1727
3 984 2262 2880
3 901 2463 2609
3 1791 4812 6265
3 1092 2567 2795
3 227 703 960
3 460 674 906
3 7059 7067 7070
3 1753 2250 2918
3 720 946 1100
3 300 338 460
3 604 859 1121
3 327 492 537
3 1496 5432 7120
3 1392 7142 7145
3 527 1366 1461
3 426 960 1097
3 296 327 372
3 2617 4683 4712
3 300 327 452
3 995 1064 1881
3 526 698 889
3 492 1117 1237
3 1095 2718 2798
3 1265 2522 3410
3 296 522 2167
3 492 1237 1450
3 710 1109 1403
3 703 1342 1403
3 480 921 1032
3 945 1349 1360
3 1892 3092 5857
3 942 5364 7287
3 492 680 897
3 327 781 894
3 516 1074 1105
3 327 520 536
3 286 304 311
3 834 1025 1095
3 7311 7319 7322
3 315 517 675
3 294 372 537
3 312 519 683
3 481 681 784
3 1066 1968 3376
3 7366 7374 7377
3 7414 7422 7425
3 556 921 1171
3 4878 7459 7462
3 608 855 955
3 801 1330 1845
3 1039 1624 2507
3 460 680 894
3 1381 2619 4003
3 712 1025 1185
3 2262 3956 6770
3 455 673 781
3 935 1397 1794
3 1397 2815 3330
3 681 1191 1857
3 1874 2879 4399
3 969 1176 1184
3 834 1101 1187
3 537 887 1025
3 4040 6047 6895
3 2514 6092 7296
3 319 460 518
3 1039 1192 1661
3 2380 6380 7653
3 294 325 399
3 538 1240 1547
3 453 695 793
3 492 851 1025
3 327 525 673
3 282 487 712
3 1004 1698 1886
3 854 1403 1630
0
3 227 531 927
3 1727 3741 4127
3 402 512 674
3 1122 2454 2634
3 908 1403 1501
3 1249 3401 3722
3 1240 2879 3434
3 943 1349 1360
3 799 1191 1663
3 7779 7787 7790
3 904 5606 6120
3 458 1440 2440
3 1392 3390 5424
3 1283 1698 1999
0
3 1094 1802 2722
3 599 1074 1095
3 4870 7889 7892
3 2421 2441 3423
3 2873 6904 7925
3 709 1080 1503
3 812 1107 1286
3 423 1096 1380
3 360 712 842
3 298 455 532
3 1446 2886 4930
3 314 532 778
3 300 517 640
3 2886 3762 6484
3 702 1240 1865
3 282 325 480
3 5081 8011 8014
3 527 1089 1734
3 679 1026 1174
3 2745 4094 5108
3 2592 5322 6265
3 327 1397 3195
3 1542 2554 2951
3 799 1532 2598
3 729 2766 3548
3 511 1965 2594
3 4185 8130 8133
3 776 1107 1959
3 460 778 793
3 458 673 695
3 646 1089 1114
3 492 899 1429
3 701 1122 1171
3 927 948 1265
3 992 1525 1877
3 460 898 1600
3 8224 8232 8235
3 2827 4984 8257
3 1623 3424 4779
3 300 383 528
3 527 952 1080
3 608 850 1089
3 8136 8318 8321
3 8344 8352 8355
3 320 517 697
3 1158 2515 2688
3 455 877 1089
3 2262 7255 8390
3 511 821 1107
0
3 1035 1355 1517
3 311 748 1442
3 8409 8417 8420
3 435 1154 1381
3 492 880 946
3 343 673 897
3 434 616 845
3 609 1122 1402
3 673 1334 1691
3 1230 2514 2522
3 1333 2431 4232
3 426 600 1085
3 699 1233 1407
3 527 908 950
3 300 343 460
3 837 2575 3339
3 706 1450 1480
3 854 2040 2832
3 293 695 1049
3 942 1504 1805
3 295 323 343
3 1389 3633 3960
3 911 1417 1795
3 530 1237 1371
3 2876 8592 8595
3 684 1505 2112
3 955 1758 3821
3 2044 5662 8632
3 336 469 532
3 626 1736 2522
3 909 1197 1349
3 494 1047 1090
3 971 3465 4042
3 1194 3201 6262
3 950 1141 1696
3 957 4472 8734
3 1407 2542 3181
3 963 2091 2727
3 1146 1968 2515
3 354 517 778
3 6984 8784 8787
3 8814 8822 8825
3 957 3218 3673
3 4977 8860 8863
3 3195 4010 5482
3 527 1052 1066
3 1213 3417 5535
3 319 460 492
3 915 1232 1360
3 469 1026 1661
3 960 1400 1926
3 2065 3526 4388
3 1171 1959 2601
3 1547 4355 4983
3 520 963 1442
3 343 526 542
3 847 1122 1252
3 1524 6516 8974
3 701 973 1240
3 449 529 668
3 455 788 897
3 759 1788 2795
3 452 532 675
3 1070 1884 2539
3 317 343 460
3 338 712 847
3 845 1005 1066
3 1694 3394 3399
3 286 372 422
3 327 537 695
3 296 455 529
3 296 492 542
3 2444 6566 8345
3 1623 3998 4600
3 1869 3705 4045
3 1799 3604 6034
3 957 2168 2508
3 1090 2671 3787
3 372 1235 1909
3 988 1349 1363
3 323 452 460
0
3 311 327 449
3 452 894 1237
3 2211 6425 6478
3 673 1450 2431
3 804 1043 1403
3 3701 8362 9184
3 3407 6001 9205
3 1406 2448 2770
3 848 1504 1808
3 1329 1801 2332
3 6104 9249 9252
3 304 327 450
3 1877 3962 4622
3 1248 1801 3439
3 806 1183 1191
3 305 371 460
3 748 1743 1968
3 1385 2332 3433
3 911 1113 1240
3 703 3221 4438
3 304 343 449
3 304 338 349
3 2454 6902 6981
3 3287 8859 9335
3 9364 9372 9375
3 853 1501 1970
3 1105 1695 2023
3 304 460 556
3 847 1416 1845
3 492 963 1592
3 538 1180 1857
3 1380 3374 4090
3 718 923 950
3 2885 7594 9444
3 469 701 729
3 1265 1357 1406
3 1749 4524 5319
3 475 534 1034
3 1956 4955 5913
3 2483 4582 6155
3 538 942 959
0
3 821 1865 2585
3 1188 3571 4018
3 295 346 460
3 761 1110 1207
3 608 1177 1664
3 2487 8706 9561
3 1403 2335 2767
3 842 1510 2609
3 423 850 976
3 324 469 525
3 491 675 729
3 323 520 538
3 859 1237 1536
3 990 1876 2012
3 701 1064 1095
3 494 969 1095
3 889 1349 1797
3 612 1381 1726
3 716 1100 1704
3 716 1675 3427
3 992 2113 6712
3 323 539 898
3 1547 2894 2911
3 2326 3434 4040
3 703 1966 2617
3 1186 2364 2718
3 712 1357 1698
3 296 338 455
3 921 1891 2513
3 526 1064 1999
3 317 346 460
3 2682 8197 9739
3 697 1677 1932
3 430 908 1089
3 1187 2682 3026
3 807 1401 1844
3 851 1404 1794
3 957 2164 4930
3 475 903 1450
3 505 976 1081
3 804 1177 1576
3 294 526 532
3 848 1349 1403
3 304 371 452
0
3 2431 4206 6671
3 2514 7003 9590
3 923 1338 1536
3 9863 9871 9874
3 1525 2455 3483
3 319 450 453
3 1366 5056 6617
3 1182 3243 4812
3 2086 8870 9956
3 519 953 1089
3 343 525 536
3 9980 9988 9991
3 841 1240 1663
3 439 1391 1726
3 522 1026 1038
3 318 349 459
3 319 517 522
3 728 1461 1895
3 701 1170 1381
3 319 460 524
3 10061 10069 10072
3 960 1949 5301
3 1611 1959 2873
3 1641 3323 3975
3 418 612 710
3 1746 4686 6012
3 695 1401 1454
3 2345 3408 3716
3 1363 2881 3444
3 428 849 1053
3 449 536 708
3 950 2507 4071
3 935 1363 1988
3 4134 10196 10199
3 909 1370 1795
3 300 691 1466
3 1100 1781 2130
3 614 1409 1722
3 801 1107 1171
3 1083 1769 2766
3 821 1369 1416
3 1954 2903 5031
3 4128 8706 8717
3 536 1176 1664
2 1402 10299
3 2028 2617 3405
3 1033 2957 3367
3 1415 3223 3393
3 435 1081 1369
3 3692 6785 9066
3 310 380 492
3 305 368 455
3 459 777 921
3 2414 3643 3927
3 977 1948 2562
3 447 850 955
3 327 532 697
3 371 530 695
3 2751 3473 3630
3 492 1043 1189
3 542 1025 1476
3 527 1039 1107
3 310 505 534
3 1799 3433 4081
3 1296 4158 7149
0
3 923 1536 2575
3 832 1109 1351
3 294 319 327
3 1117 1736 1973
3 327 522 538
3 3399 10445 10448
3 1513 1527 3490
3 338 675 784
3 1389 4080 4123
3 469 1025 1240
3 343 478 536
3 308 450 519
3 498 708 957
3 2574 3433 3729
3 959 1698 2060
3 848 1932 1943
3 942 1360 1801
3 1194 1996 2366
3 1095 6674 7594
3 1342 1630 1898
3 492 1089 1188
3 1117 1786 1991
3 293 334 517
3 1177 2645 4180
3 2089 5451 8202
3 921 1338 2191
3 716 1370 1446
3 321 460 480
3 492 1026 1038
3 854 1455 1797
3 1903 3177 3392
3 371 531 1035
3 302 343 537
3 322 478 522
3 942 1504 1794
3 228 511 703
3 701 1261 1290
3 1232 2211 3667
3 451 673 784
3 527 1415 1504
3 529 770 1172
3 806 1177 1237
3 3195 4492 6495
3 1080 2585 3144
3 1535 9664 10722
3 691 1089 1235
3 10746 10754 10757
3 806 1186 1663
3 1950 2650 2653
3 1435 9649 10792
3 675 793 1458
3 1277 1522 1546
3 1012 2429 3756
3 709 1237 1536
3 837 1230 1961
3 1305 3980 4761
3 2647 2655 2668
3 460 921 1368
3 814 1136 1181
3 1080 2517 3869
3 690 1455 2513
3 3360 10901 10904
3 531 1097 1391
3 1171 1192 1669
3 3620 5513 5800
3 2411 4084 4951
3 1250 2326 2818
3 1305 5891 10426
3 519 1097 1746
3 419 539 673
3 1058 1295 2915
3 960 3276 4822
3 2904 6477 6480
3 1184 2827 3281
3 505 992 1375
3 894 1786 2903
3 2820 4035 5529
3 4680 7616 10128
3 1053 1926 5650
3 455 534 708
3 296 334 346
3 314 418 460
3 1082 1951 3664
3 1092 1757 2124
3 338 697 963
3 702 1406 1672
3 1414 1826 3739
3 493 963 1366
3 859 1850 2508
3 624 952 1124
3 928 1734 2355
3 859 1794 2354
3 9120 11141 11144
3 1849 4035 4727
3 2068 3952 4955
3 365 496 541
3 310 371 492
3 837 1186 1349
3 338 683 1023
3 623 1381 1721
3 593 1098 1943
3 371 624 727
3 5016 11216 11219
3 1064 4426 6025
3 537 1023 1443
3 11264 11272 11275
3 1053 1928 1943
3 695 2328 4813
3 527 1101 1123
3 673 957 1438
3 308 529 791
3 346 897 992
3 6545 11338 11341
3 1931 2903 4930
3 310 894 1415
3 2453 3552 4441
3 3380 5682 6619
3 498 1039 1082
3 988 1240 1876
3 518 1026 1176
3 498 973 1090
0
1 1440
3 2673 4093 5847
3 626 2262 2596
3 295 338 380
3 944 2364 2943
3 612 1222 1237
3 460 534 681
3 548 729 901
3 538 1174 1342
3 369 685 702
3 745 1850 3203
3 859 1342 1403
3 950 1391 1525
3 311 460 537
3 538 1237 1691
3 570 984 1018
3 3653 5477 8717
3 1418 2881 3702
3 304 479 695
3 394 539 700
3 3374 5807 6440
3 842 2586 4447
3 2844 5537 6813
3 997 1876 1883
3 511 1136 1368
3 1171 1844 2348
3 908 973 1177
3 322 460 534
3 2604 6021 7219
3 343 522 673
3 3021 6761 10323
3 423 708 712
3 1942 2401 3467
3 845 1032 1101
3 848 1722 3430
3 323 462 532
3 1736 4401 6039
3 2337 3852 4640
3 473 680 698
3 324 512 640
3 360 673 679
3 1228 2522 3221
3 2874 7108 7929
3 1943 3408 3702
3 1064 3180 3665
3 950 1403 1794
3 323 500 894
3 866 2617 3407
3 703 1504 1805
3 536 1672 2447
3 527 1177 1663
3 295 322 327
3 319 492 674
3 1403 7941 9200
3 527 973 1405
3 612 1142 1391
3 2822 5072 7886
3 1903 4375 5038
3 1380 3066 3418
3 433 680 781
3 1107 1660 2801
3 1910 2590 3447
3 527 1366 1496
3 426 1053 1088
3 2553 6614 7226
3 1406 3672 4670
3 854 1879 3334
3 807 1186 1237
3 712 1194 1285
3 11815 11823 11826
3 556 1999 3390
3 305 1374 1919
3 1104 1998 2344
3 729 1404 2062
3 512 1089 1366
3 952 1763 2131
3 296 706 989
3 2457 4005 6586
3 1954 3656 5238
3 520 695 897
3 327 1035 1286
3 334 991 1089
3 296 449 460
3 797 1136 1173
3 3486 9225 11133
3 305 372 459
3 934 1341 1663
3 1179 2227 2599
3 1409 2560 2755
3 476 1587 3281
3 360 475 498
0
3 6420 10721 10725
3 511 914 1864
3 2324 4810 7652
3 305 418 479
3 12007 12015 12018
3 525 685 770
3 5426 9943 12045
3 356 524 538
3 1244 2647 3207
3 848 1636 3205
3 480 687 980
3 423 716 1074
3 458 778 788
3 310 343 455
3 227 441 695
3 561 3058 3429
3 319 492 536
3 460 684 770
3 343 716 959
3 1095 2612 3380
3 450 963 3530
3 1942 2609 3633
3 458 1177 2020
3 7943 12171 12174
3 465 679 784
3 492 1025 1366
3 947 1845 1991
3 985 1403 1706
3 859 1455 1717
3 2424 3533 3559
3 2641 4277 5847
3 4960 10886 12246
3 673 1510 1804
3 5238 8592 11862
3 1949 3622 4935
3 1000 3297 4093
3 806 1846 2191
3 1177 2047 2853
3 837 1109 1184
3 1759 3180 4392
3 2081 10294 12340
3 187 989 1046
3 2294 4224 7702
3 608 1039 1107
3 7775 12386 12389
3 6769 12411 12414
3 889 1381 1506
3 695 2506 3425
3 921 1330 2029
3 621 1064 1818
3 1794 2777 3434
3 801 834 942
3 4640 8522 9167
3 473 1038 1502
3 458 677 1033
3 521 1393 2117
3 2471 3397 3817
3 760 1392 1928
3 1035 1532 1844
3 323 785 894
3 683 1600 1956
3 296 525 542
3 1892 3421 3982
3 684 1097 1400
3 343 529 538
3 1387 2562 3620
3 700 1349 1388
3 604 851 1100
3 3581 4478 6886
3 1122 2588 3189
3 7507 11549 12053
3 845 1397 1865
3 673 1237 1449
3 380 520 538
3 1405 2612 2983
3 527 729 1080
3 595 984 992
3 1933 3111 3605
0
3 1403 3433 9296
3 2328 5322 8179
3 1004 2475 2917
3 593 988 992
3 3414 9023 9274
3 227 889 973
3 10427 12699 12702
3 1518 2920 3202
3 953 2524 3061
3 681 1184 1369
3 3222 6282 7862
3 294 529 1053
3 295 540 748
3 12745 12753 12756
3 336 461 473
3 728 1418 1835
3 2849 6231 6814
3 192 842 950
3 536 1466 2032
3 836 1220 1403
3 959 2164 3602
3 12817 12825 12828
3 950 1276 1404
3 1080 3243 4555
3 783 1720 3173
3 684 1883 2052
3 1113 3099 5136
3 914 1392 1440
3 422 1088 1391
3 431 1381 1630
3 430 953 1039
3 862 2511 3242
3 950 1136 1363
3 956 1397 1788
3 854 4622 10364
3 1173 1857 2795
3 2036 3602 4217
3 314 380 469
3 522 1547 1919
3 901 1418 1998
3 336 536 673
3 2284 6803 8230
3 415 498 683
3 2261 5527 6761
3 1504 2473 3399
3 973 1913 2337
3 527 1100 1415
1 13014
3 455 695 1237
3 711 1113 1235
3 1150 2565 4069
0
3 848 1035 1177
3 1096 2820 3566
3 3099 7694 10639
3 327 492 538
3 516 1089 1291
3 722 1235 1360
3 727 1235 1503
3 8705 11564 13072
3 423 598 889
3 460 695 1000
3 626 894 1366
3 282 683 780
3 973 1864 1991
3 444 1374 1704
3 319 465 673
3 2489 5289 7312
3 1403 2522 3257
3 1512 4189 6162
3 1926 5503 11355
3 1100 2252 2573
3 6089 13166 13169
3 908 1381 1755
3 971 1588 2586
3 493 921 1025
3 519 781 1234
3 422 612 1039
3 911 1402 1852
3 338 460 680
3 455 793 921
3 327 517 522
3 319 519 674
3 441 894 1233
3 415 527 626
3 460 698 793
3 325 460 518
0
3 290 319 343
3 872 1403 1959
3 899 2250 2452
3 311 1919 1922
3 821 1369 2491
3 1624 2393 2563
3 13244 13252 13255
3 548 842 950
3 464 540 674
3 515 1046 1381
3 712 1403 1547
3 1212 3380 3651
3 1532 4786 5797
3 2752 4511 6132
3 3327 7167 9673
3 988 1018 1877
3 1151 2404 2795
3 6921 11714 13346
3 1622 5031 6099
3 327 520 668
3 612 1081 1230
0
3 1761 6036 6944
3 371 850 960
3 418 710 953
3 492 1036 1184
3 2458 3663 4100
3 2250 4375 5175
3 704 1025 1351
3 1235 3444 6967
3 538 1171 1180
3 7643 11700 13436
3 517 1450 3058
3 498 1039 1136
3 913 1240 1341
3 492 1023 1033
3 1634 2758 3723
3 909 1179 1504
3 527 1381 1961
3 1624 3221 3993
3 317 460 537
3 3801 9054 13493
3 845 1334 1663
3 936 2390 2512
3 1959 3716 5140
3 687 1038 1174
3 2712 4777 6978
3 312 458 492
3 491 1097 1388
3 2455 6491 7985
3 294 480 531
3 475 679 684
3 3736 13574 13577
3 426 710 1039
3 1235 4093 5620
3 506 921 973
3 1849 2691 3271
3 498 674 1082
3 1641 3566 3661
3 1622 3242 3613
3 450 675 695
3 495 973 1171
3 887 1771 3176
3 1933 3195 5482
3 727 1415 1624
3 528 1366 1641
3 532 788 1675
3 2766 6785 8226
3 1142 2590 3374
3 460 698 1023
3 520 962 1088
3 527 859 1081
3 1784 4764 6728
3 294 349 460
3 748 1937 2068
3 938 1351 1363
0
3 2452 4964 10892
3 458 673 681
3 530 1424 1440
3 908 1495 1875
3 492 759 976
3 616 1141 1510
3 596 1088 1381
3 2560 3320 3617
3 527 1081 1232
3 3695 6494 9459
3 675 1033 1450
3 1403 3228 3441
3 324 460 478
3 969 1366 1403
3 433 1039 1107
3 770 1627 2195
3 512 1461 1845
3 708 1415 1757
3 1874 4367 6586
3 495 960 1122
3 319 460 470
3 598 1230 1405
3 1476 3282 3451
3 13494 13845 13848
3 989 1289 1877
3 745 928 1240
3 327 517 673
3 1039 1511 2383
3 721 1762 2036
0
3 2524 3871 4176
3 380 695 1000
3 296 519 781
3 538 1443 1851
3 446 1100 1391
3 973 1991 3037
3 3343 6564 7296
3 431 960 1381
3 818 1186 1967
3 915 1504 1794
3 1037 2526 3058
3 369 1237 1571
3 469 691 788
3 460 1033 2052
3 1240 1509 1961
3 1176 2065 2567
3 305 452 538
3 675 1034 1082
3 322 455 517
3 214 709 868
3 312 455 482
3 903 3089 3949
3 312 455 469
3 336 530 894
3 1141 3273 6801
3 380 475 534
3 296 520 593
3 4621 9621 14000
3 1697 2648 3794
3 491 1012 1461
3 305 336 380
3 504 2903 3526
3 300 480 527
3 593 1146 1929
3 322 492 529
3 921 2507 2815
3 1153 2821 3301
3 1736 2671 3598
3 322 904 1043
3 338 460 480
3 14091 14099 14102
3 417 526 675
3 1177 2715 4409
3 963 1476 1768
3 1170 2507 3363
3 532 1025 1038
3 3653 5515 8715
3 612 1152 1654
3 487 960 1074
3 1163 1986 6364
3 371 530 695
3 914 2369 3493
3 519 1092 1389
3 691 2070 4927
3 2743 4855 5602
3 635 2331 5114
3 5923 9943 10571
3 527 1064 1085
3 14243 14251 14254
3 869 1875 3243
3 14297 14305 14308
3 1413 3444 6402
3 3008 4827 4834
3 1955 4069 5917
3 504 770 1109
3 1815 6443 11927
3 371 990 1052
3 434 1066 1098
3 3320 12295 14397
3 418 538 708
3 371 894 1036
3 343 480 522
3 1371 2718 3263
3 187 891 992
3 673 3350 4397
3 480 1234 2968
3 299 326 349
3 850 1204 1942
3 482 770 957
3 438 1086 1391
3 455 673 685
3 799 1189 1368
3 597 1403 2549
3 340 538 686
3 1368 2641 3210
3 343 536 640
3 726 1351 1403
3 3416 8979 9633
3 323 528 674
3 294 462 677
3 486 1090 1175
3 526 1180 1581
3 1035 1341 1363
3 532 1766 2968
3 418 849 946
3 710 1391 1798
3 695 1383 1423
3 1010 2515 3166
3 598 1113 1634
2 14530 14538
3 482 963 1170
3 433 831 894
3 292 531 683
3 527 1088 1391
3 950 1511 1976
3 444 1283 1291
0
3 921 1696 3566
3 1216 1504 1805
3 304 346 522
3 954 2604 3227
3 2648 4755 8309
3 480 700 908
3 469 699 709
3 475 719 898
3 527 973 1039
3 2380 4707 7663
3 315 452 469
3 433 709 1081
3 419 540 684
3 663 1455 1593
3 480 1028 1036
3 889 2262 3182
3 303 338 449
3 527 980 1235
3 748 1403 1959
3 2024 3692 4045
3 1773 6558 11543
3 390 525 906
3 326 537 693
3 541 1415 1600
3 319 462 528
3 1369 2820 3180
3 4117 5301 6647
3 480 850 1142
3 530 1171 1177
3 739 1113 1404
3 938 1351 1363
3 217 1142 1386
3 1459 2434 2452
3 825 1409 1542
3 344 526 695
3 323 478 519
3 608 943 973
3 326 1033 1535
3 423 699 703
3 711 950 1113
3 1233 1460 2112
3 412 727 1053
3 4716 5019 5995
3 460 538 695
3 1074 3396 3411
0
3 1136 1905 3177
3 525 959 1370
3 294 338 349
3 459 537 674
3 418 532 683
0
3 957 1401 1858
3 1081 2958 3438
3 703 1369 1663
3 327 484 674
3 3242 6316 10109
3 3810 9097 11524
3 506 837 1095
3 1230 2485 3631
3 2650 10747 10845
3 2466 3982 5788
3 922 1122 1213
3 6169 11090 12682
3 5860 14886 14889
3 977 2822 3363
3 1240 1406 1504
3 346 673 691
3 969 2725 4042
3 1624 3808 6977
3 455 1420 2065
3 343 880 1043
0
3 527 1368 1510
3 322 458 526
3 527 1391 1501
3 4037 6614 11107
3 705 957 1349
3 909 1342 1360
3 1235 2515 3820
3 14075 14995 14998
3 992 3050 3992
3 1630 3843 5253
3 542 952 1547
3 450 675 898
3 438 1089 1447
3 460 512 695
3 1942 4104 4711
3 349 480 505
3 683 1005 1063
3 6688 15059 15062
3 948 1988 2777
3 520 710 971
3 2668 6439 7542
3 1107 3253 5021
3 695 992 1600
3 1212 1964 2360
3 532 685 1038
3 859 2068 2211
3 315 460 695
3 1036 1846 2646
3 4397 15145 15148
3 300 318 326
3 4214 7830 11323
3 948 2324 3949
3 3031 3870 4344
3 1518 3698 5053
3 697 1066 1155
3 292 455 527
0
3 859 1963 2596
3 1854 4095 4523
3 455 640 680
3 2727 4963 6926
3 2315 6785 6803
3 464 1034 1180
3 593 1107 1237
3 459 957 1237
3 418 533 845
3 418 534 683
3 455 538 683
3 684 1374 1772
3 1949 3257 3624
3 460 540 683
3 703 1387 1399
3 532 1234 1374
3 478 695 1033
3 3281 9117 11026
3 612 1495 1506
3 1101 1404 1991
3 3986 9365 9598
3 493 1342 2164
3 1826 6012 7054
3 1929 3566 4107
3 1407 2835 3433
3 511 942 973
3 942 3274 3526
3 968 1649 1973
3 1396 2784 3960
3 722 950 1117
3 428 712 973
3 2011 4285 4526
3 6822 15382 15385
3 1504 4401 5660
3 845 973 1122
3 532 894 1089
3 305 369 373
3 894 2160 2443
3 15055 15420 15423
3 3808 9224 10496
3 15465 15473 15476
3 310 527 635
3 6967 13056 13763
3 1039 3916 6121
3 318 460 540
3 308 455 469
3 710 2515 2795
3 849 1064 1088
3 1140 2256 2580
3 536 1082 1171
0
3 2515 6042 6619
3 944 1170 1518
3 455 487 531
3 683 1510 2161
3 1697 2755 4947
3 1122 1960 2585
3 770 1088 1389
3 458 640 880
3 1179 1844 2188
0
3 1438 2588 2827
3 223 709 896
3 1089 2604 3702
3 684 2047 3385
3 950 2331 2882
3 3020 8257 10384
3 1772 3792 4621
3 323 458 469
3 1114 1696 2297
3 9213 11928 14864
3 399 674 905
0
3 809 1959 2696
3 799 984 1095
3 1839 13357 15129
3 327 460 526
3 1211 2124 3620
3 435 848 1023
3 322 496 674
3 518 793 1032
3 455 640 698
3 3736 5749 7594
3 338 455 482
3 956 1962 2463
0
3 1091 2724 3379
3 1370 2344 2920
3 460 673 781
3 12694 12704 12718
3 295 703 950
3 4860 11671 15609
3 327 493 522
3 1373 4818 7674
3 1265 2504 2810
3 447 701 848
3 466 1031 1096
3 204 418 613
3 1029 1921 2587
3 608 908 973
3 460 673 680
3 3221 7509 8620
3 598 980 1391
3 299 338 517
3 1349 1748 2766
3 2207 3195 4232
3 3391 9691 10485
3 290 346 412
3 540 1237 1391
3 423 700 712
3 371 1052 1095
3 308 462 539
3 3792 5853 6733
3 4030 7310 14526
3 1369 3221 3423
3 2061 5650 8634
3 487 708 1039
3 412 894 1405
3 541 1089 1723
3 6177 11218 11225
3 294 319 324
3 908 1035 1330
1 3424
3 344 894 1604
3 346 538 675
3 710 1237 1360
3 609 1107 1412
3 1107 2118 3598
3 1600 3465 7869
3 527 1366 2012
3 475 3058 3461
3 310 346 460
3 319 458 492
3 4140 10117 12759
3 492 973 1366
3 1231 2106 2835
3 799 1176 1197
3 500 909 1089
3 4765 9897 12389
3 296 323 449
3 334 455 492
3 433 923 1039
3 423 703 908
3 228 596 616
3 424 1028 1434
3 1042 2781 7241
3 697 1370 1704
3 1029 1959 2645
3 292 880 894
3 1417 2448 2853
3 2036 3812 6258
3 2932 6730 8911
3 834 1197 1504
3 418 683 849
3 700 1067 1357
3 460 727 859
3 16094 16102 16105
3 10122 13758 16127
3 524 902 1038
3 537 784 899
3 1423 3053 4401
3 1207 1943 3243
3 16176 16184 16187
3 748 1968 2567
3 453 789 904
3 3566 4109 4117
3 948 1360 1522
3 16225 16233 16236
3 1248 1360 1512
3 3479 8716 9570
3 2682 5591 8417
3 458 675 695
3 5681 11635 13082
3 1959 4690 6400
3 608 1237 2429
3 12756 16317 16320
3 1416 5036 5563
3 572 1418 1811
3 326 528 894
3 681 1237 2819
3 323 453 478
3 3149 5758 6612
3 691 1845 1975
3 894 1696 2122
3 845 1403 1780
3 360 673 698
3 310 880 942
3 16398 16406 16409
3 2522 5291 6092
3 3187 6034 8660
3 1717 3864 4580
3 850 2718 2999
3 1406 2767 2851
3 4160 8516 9554
3 4742 16493 16496
3 1039 2250 2594
0
3 311 459 517
3 308 449 492
3 806 1385 1532
3 847 1440 1663
3 372 673 695
3 296 490 520
3 976 1080 2918
3 2084 3453 5213
3 524 892 961
3 2250 7248 9237
3 950 2392 2564
3 416 536 950
3 5678 16560 16563
3 295 360 677
3 371 492 524
3 697 1381 1623
3 1039 1757 3037
3 7594 10559 10566
3 2621 4112 7114
3 1835 10370 15914
3 492 1921 4472
3 712 2837 3993
3 1081 2256 2580
3 492 973 1031
3 675 1191 1446
3 612 1391 2262
3 1102 1397 2404
3 480 770 1187
3 1532 2830 4145
3 1396 3263 4298
3 1455 2309 2612
3 1008 1504 1877
3 16687 16695 16698
3 848 2647 3010
3 3252 5737 10109
3 3502 9955 9966
3 801 1191 1788
3 1232 1767 3354
3 699 1039 1504
3 2106 3304 4115
3 16780 16788 16791
3 1493 5200 6392
3 1795 3244 6597
3 944 1769 2355
3 383 946 1370
3 526 850 1066
3 1026 1675 2633
3 1039 1511 2116
3 430 612 674
3 3221 4270 4711
3 973 1757 2766
3 324 485 541
3 889 3058 4669
3 1089 3449 3756
3 883 2427 2617
3 854 1194 2392
3 460 673 680
3 476 899 1050
3 3616 7507 9621
3 343 522 674
3 1081 1971 2124
3 295 343 595
3 482 714 973
3 913 1360 1769
3 1931 2901 3280
3 8707 11219 15456
3 1815 2647 2680
3 293 372 469
3 977 1340 1492
3 3477 10228 11769
3 2315 6816 8224
3 600 1112 1381
3 1240 1799 2328
3 314 528 683
3 677 1502 1763
3 2594 3997 6092
3 746 1696 3008
3 419 539 778
3 915 1330 1663
3 933 1355 1406
3 852 2328 2575
3 680 894 1419
3 17000 17008 17011
3 2211 3195 4491
3 1631 2808 3195
3 848 1869 2383
3 2392 4600 9074
3 748 1094 1503
3 952 2656 2830
3 2207 9667 12813
3 712 1391 1407
3 418 673 700
3 748 1209 1787
3 2003 2907 6479
3 834 969 1110
3 2585 5078 6440
3 491 1461 1779
3 12828 17128 17131
3 2651 9439 10234
3 1195 2458 3704
3 698 915 1035
3 434 894 1088
3 415 703 1177
3 882 1815 2161
3 480 1081 1405
3 843 992 1074
3 933 1403 2157
3 7627 17191 17194
3 1385 3180 3949
3 319 459 522
3 1767 4393 7100
3 435 683 703
3 320 458 522
3 957 1895 2774
3 517 788 1038
3 430 1142 2580
3 1010 4496 17241
3 522 1461 3851
3 1968 2671 4232
3 768 1122 1803
3 1738 4148 6613
3 317 698 1066
3 427 849 1089
3 460 684 880
3 422 854 1081
3 7752 12152 12574
3 3425 6855 8190
3 295 326 460
3 346 522 673
3 683 1089 1375
3 492 676 698
3 681 1177 1189
3 948 1651 1895
3 1859 3566 3639
3 616 1624 2393
3 2116 3764 4791
3 720 1100 1136
3 911 1694 1815
3 6907 10127 16680
3 1879 3243 3255
3 1882 2841 3267
3 927 1330 1999
3 492 693 784
3 991 1903 3395
3 2506 4707 5642
3 728 1369 1510
3 479 1067 1397
3 334 460 519
3 1347 2946 4521
3 455 899 1450
3 936 1482 1699
3 534 821 1043
3 387 526 676
3 1702 4071 4802
3 5544 10362 14350
3 695 2914 3452
3 534 1036 1171
3 536 1082 1240
3 323 783 1421
3 492 1189 1857
3 285 593 851
3 695 1672 1798
3 700 909 950
3 1053 2357 3149
3 680 1096 1450
3 1058 1827 2024
3 972 1600 2592
3 1055 2507 4526
3 435 1504 1511
0
3 1146 2801 3438
3 299 372 480
3 308 548 950
3 2366 8291 9548
3 6161 14075 15132
3 603 1415 1506
3 1406 2767 2835
3 1453 3061 3783
3 17562 17570 17573
3 511 1066 1375
3 232 608 850
3 5072 13262 16364
3 4098 8129 8133
