0
0
0
0
0
0
0
0
0
0
0
0
0
0
0
0
0
0
0
0
0
0
0
0
0
0
0
0
0
0
0
0
0
0
0
0
0
0
0
0
0
0
0
0
0
0
0
0
0
0
0
0
0
0
0
0
0
0
0
0
0
0
0
1 0
0
0
0
0
0
0
0
1 0
0
0
1 0
0
0
0
0
0
0
0
0
0
0
0
0
0
0
0
0
0
0
0
0
0
0
0
0
0
0
0
0
0
0
0
0
0
0
0
0
0
0
1 1
0
0
0
0
0
0
0
1 1
0
0
1 1
0
0
0
0
0
0
0
0
0
0
0
0
0
0
0
0
0
0
0
0
0
0
0
0
0
0
0
0
0
0
0
1 2
0
0
0
0
0
0
0
1 2
0
0
1 2
0
0
0
0
0
0
0
0
0
0
0
0
0
0
0
0
0
0
0
2 1062 1368
0
0
0
0
1 1117
0
0
0
0
0
0
0
0
1 3
0
0
1 1609
0
0
0
0
1 3
0
0
1 3
0
1 1314
0
0
1 1433
0
0
0
0
0
1 1574
0
0
0
4 434 507 1035 1105
3 59 842 1655
0
0
0
3 199 371 1889
0
0
0
0
0
0
0
0
0
0
0
0
0
0
0
0
0
1 4
0
0
0
0
0
0
0
1 4
0
0
1 4
1 112
0
0
0
0
0
0
0
0
0
1 40
0
0
0
0
0
0
0
0
0
3 503 537 1163
0
0
1 1869
3 153 466 640
0
0
1 228
3 307 1188 1619
0
5 68 125 1397 1510 1660
4 390 590 829 1776
11 294 470 498 737 809 1111 1238 1261 1384 1450 1632
10 222 592 698 932 980 1112 1602 1722 1770 1836
16 5 239 394 446 454 642 643 723 887 1005 1011 1082 1297 1321 1651 1714
0
2 386 531
4 339 1371 1615 1880
13 93 132 144 218 229 439 448 534 561 586 776 1327 1504
0
3 64 317 839
1 1418
12 5 131 227 236 466 665 674 675 681 739 947 1404
8 669 792 1000 1014 1024 1311 1325 1548
0
1 5
8 22 138 818 917 1557 1623 1710 1881
0
11 21 139 359 791 803 903 921 1034 1553 1643 1698
9 267 310 378 466 573 654 942 1191 1709
6 140 141 471 1235 1315 1317
0
6 197 356 533 888 1137 1782
4 90 469 1412 1501
0
6 313 328 636 726 1228 1830
4 311 756 1504 1556
20 75 124 127 397 495 619 746 757 760 809 981 1037 1166 1182 1188 1285 1426 1632 1644 1818
3 372 566 1821
2 392 834
9 68 840 956 980 1313 1329 1333 1476 1591
18 285 304 352 388 394 592 652 707 717 964 975 1080 1383 1437 1580 1651 1692 1867
6 64 705 968 1277 1632 1760
5 217 363 498 537 1186
9 83 153 218 1371 1424 1439 1504 1690 1836
34 43 44 121 131 216 254 317 318 365 373 387 427 441 446 448 463 465 502 543 641 654 665 797 809 811 980 1009 1155 1181 1207 1291 1457 1588 1604
0
1 6
0
0
0
0
9 45 68 128 339 829 887 1010 1652 1856
0
7 115 209 600 1114 1140 1318 1325
1 6
19 35 71 144 213 215 439 637 675 723 814 891 905 932 1179 1334 1418 1450 1595 1615
0
2 6 1378
0
0
28 9 11 131 197 212 267 339 390 420 577 586 592 627 636 674 751 817 839 958 1034 1039 1085 1188 1366 1380 1473 1768 1770
2 1436 1635
0
14 22 50 239 241 698 726 887 918 1404 1469 1619 1636 1643 1837
0
0
8 27 150 675 756 1261 1371 1450 1490
0
1 169
0
0
3 297 394 611
0
3 125 358 1028
0
0
0
6 64 530 969 1019 1697 1722
0
0
0
0
1 902
0
0
1 792
3 938 1306 1548
0
18 39 105 116 259 332 386 669 739 798 838 903 908 1211 1345 1361 1365 1622 1723
11 51 250 331 446 470 640 650 1014 1713 1776 1880
1 1548
0
0
0
0
2 7 247
0
10 317 359 397 791 932 1094 1137 1296 1320 1325
0
0
3 98 561 1753
0
0
1 7
1 1861
0
1 7
1 1423
0
0
0
1 948
0
0
1 252
0
2 498 1583
0
0
1 509
0
0
0
1 269
0
0
0
0
0
4 94 1443 1619 1629
0
0
3 1142 1184 1811
1 1720
3 8 174 1336
14 134 324 765 888 1024 1212 1364 1389 1452 1520 1521 1609 1665 1800
6 186 258 307 876 1414 1786
0
0
5 29 640 1128 1177 1833
8 529 704 960 1032 1160 1440 1621 1654
3 31 279 1656
1 8
5 320 445 583 992 1241
1 1831
3 8 770 1542
0
6 223 422 729 1130 1757 1824
2 1129 1302
0
6 402 988 1279 1396 1413 1653
4 89 578 1362 1810
7 163 416 575 789 1590 1820 1877
0
0
2 1374 1487
1 754
0
2 1035 1183
0
0
2 1165 1400
0
1 1299
2 796 1607
0
14 138 144 225 231 267 328 631 654 674 771 1011 1418 1651 1710
9 197 216 227 665 746 818 1041 1248 1486
1 845
8 146 448 634 652 655 739 1311 1412
5 22 500 746 1676 1692
0
36 18 93 124 125 140 202 235 289 333 372 390 485 531 568 632 642 723 792 886 1034 1148 1180 1313 1315 1317 1375 1472 1510 1514 1522 1557 1565 1593 1595 1652 1858
1 9
0
18 176 285 308 363 365 518 551 1033 1043 1075 1235 1266 1476 1570 1580 1644 1683 1821
10 9 218 356 756 793 1014 1451 1519 1709 1818
59 42 129 139 213 216 227 239 311 328 359 397 435 439 481 495 550 557 586 619 636 652 669 681 698 726 760 834 864 888 935 942 956 1011 1038 1161 1179 1185 1186 1228 1257 1261 1277 1285 1308 1334 1445 1488 1501 1525 1556 1588 1600 1612 1643 1667 1765 1832 1836 1856
2 153 1114
6 217 382 964 1384 1426 1623
2 44 155
2 1196 1517
2 1045 1166
3 26 304 1608
0
1 158
19 43 138 169 222 294 420 600 621 688 705 816 1137 1307 1317 1408 1412 1557 1580 1776
2 83 1285
0
1 378
3 967 1074 1114
0
10 54 71 372 691 734 1019 1239 1320 1409 1642
2 1018 1766
0
7 285 817 840 1277 1437 1528 1692
3 947 1024 1855
21 85 115 119 286 348 458 537 834 1031 1238 1327 1334 1366 1370 1407 1416 1429 1490 1736 1813 1880
2 284 472
5 1315 1373 1395 1595 1771
0
1 1457
2 10 1760
1 1385
4 503 1343 1565 1628
0
0
1 1714
4 706 1236 1324 1805
54 15 90 127 140 141 143 161 169 208 219 236 250 259 269 293 326 330 376 387 408 441 451 455 462 501 553 576 619 643 683 791 800 827 835 903 981 1037 1046 1155 1213 1223 1235 1269 1329 1644 1646 1652 1710 1723 1729 1732 1839 1851 1868
6 10 179 894 1175 1533 1604
2 603 711
2 1249 1284
4 10 225 902 1591
0
8 427 819 924 927 1019 1142 1221 1245
0
2 975 1649
0
0
0
2 1326 1359
7 47 91 173 735 803 881 1490
3 424 1243 1460
0
0
0
1 198
8 427 547 570 842 953 1022 1537 1888
7 130 313 509 968 1003 1281 1488
0
0
2 27 1197
2 464 1156
18 44 124 281 356 363 469 534 566 611 757 829 1181 1220 1291 1313 1615 1709 1823
5 282 495 926 1186 1592
17 11 50 93 294 304 386 388 471 750 818 875 1176 1182 1297 1347 1437 1856
13 162 261 420 465 626 707 1008 1094 1207 1258 1321 1494 1714
3 301 378 1076
19 11 128 332 454 755 757 811 840 958 1138 1181 1366 1404 1604 1768 1818 1821 1826 1837
0
5 760 1028 1670 1717 1723
10 127 305 373 502 705 751 1026 1082 1423 1449
12 228 450 627 725 737 1336 1386 1436 1476 1588 1754 1861
30 35 229 257 444 539 562 585 617 802 846 915 979 983 991 1096 1146 1184 1226 1259 1273 1327 1352 1398 1410 1419 1475 1477 1510 1553 1641
9 307 318 388 561 1253 1383 1426 1690 1782
9 83 217 631 642 847 917 1085 1111 1329
6 595 798 1267 1318 1345 1430
8 121 141 507 838 869 1238 1397 1565
18 71 95 249 269 531 533 600 634 737 797 964 1254 1340 1388 1452 1499 1527 1547
1 1520
9 691 803 886 935 956 1320 1521 1860 1865
0
21 43 75 90 212 324 331 385 387 465 751 771 784 817 978 1037 1118 1140 1380 1561 1720 1866
14 26 231 254 441 470 492 641 839 911 942 1228 1424 1451 1671
22 128 213 329 499 684 694 707 811 937 943 1028 1085 1094 1155 1218 1298 1311 1364 1378 1445 1522 1636
6 50 717 876 948 1623 1786
8 212 370 1112 1196 1414 1525 1556 1620
5 297 902 1425 1630 1760
10 115 228 250 289 333 627 643 801 1082 1485
0
0
0
0
0
3 936 1195 1881
0
0
0
0
0
0
0
4 355 476 681 999
0
0
0
0
2 12 1036
0
0
0
0
0
0
0
1 12
1 944
0
2 12 1689
0
0
0
0
0
0
0
0
0
0
0
0
0
0
0
0
0
0
0
0
8 56 382 907 1103 1321 1328 1518 1869
0
2 1097 1770
3 13 1271 1655
2 40 1377
4 1160 1286 1393 1614
1 523
2 583 1780
0
0
1 1884
3 13 440 1088
0
2 166 210
1 13
9 223 478 563 700 1064 1438 1611 1686 1889
2 579 1638
0
0
10 713 765 934 984 1177 1208 1342 1530 1734 1757
1 1609
1 778
0
4 578 1270 1655 1843
0
0
0
0
1 1070
0
1 906
2 896 908
0
4 601 931 1162 1184
0
0
0
0
0
0
0
0
2 1350 1553
0
0
1 392
0
7 116 534 968 1380 1514 1570 1593
1 14
0
0
0
0
1 552
0
0
2 14 332
0
0
1 14
0
1 18
0
0
0
0
0
0
0
0
1 1415
0
0
0
0
5 121 139 313 631 1207
0
0
0
0
37 27 35 152 209 222 235 259 311 340 365 485 502 551 577 580 657 845 876 916 958 969 1053 1093 1140 1166 1266 1291 1369 1375 1469 1600 1612 1697 1713 1765 1800 1837
18 55 146 176 232 330 435 509 981 1182 1196 1245 1383 1451 1457 1583 1591 1757 1768
19 15 18 88 96 241 373 469 634 706 814 857 1248 1275 1312 1336 1486 1636 1683 1733
3 195 1839 1861
6 186 229 1075 1384 1722 1783
1 15
4 540 969 1045 1239
12 231 331 462 481 967 988 1179 1514 1612 1765 1790 1873
9 26 235 472 488 935 1109 1266 1691 1840
0
18 236 333 471 905 1081 1142 1163 1397 1452 1491 1521 1522 1525 1566 1665 1782 1820 1838
10 309 597 1038 1084 1125 1239 1414 1523 1576 1832
4 938 1026 1375 1499
2 308 1378
4 176 358 1031 1233
0
0
2 352 867
6 776 852 1307 1348 1469 1694
0
2 1424 1851
0
32 202 225 254 318 330 500 551 590 641 767 798 914 947 1008 1035 1068 1148 1161 1248 1296 1345 1391 1436 1445 1488 1497 1501 1528 1683 1713 1864 1870
0
7 566 728 797 891 1509 1658 1724
12 85 133 310 450 967 1185 1257 1593 1697 1809 1830 1839
5 99 584 1408 1440 1747
8 308 948 1087 1407 1621 1666 1800 1871
11 41 201 266 402 554 630 688 710 759 843 1607
4 16 536 892 938
16 21 283 371 434 457 673 720 842 977 1440 1456 1526 1602 1654 1811 1820
1 1216
1 1479
3 148 588 1005
0
8 219 771 819 886 960 1282 1364 1628
7 401 527 860 1314 1408 1413 1574
9 16 456 765 1212 1241 1390 1494 1558 1637
3 188 1149 1441
13 342 483 503 530 637 722 960 997 1198 1542 1621 1730 1799
1 16
1 1771
0
5 714 715 833 1032 1039
0
1 686
1 1409
2 438 1845
1 1293
3 120 1157 1541
0
0
0
1 1381
7 45 186 908 1158 1252 1443 1667
3 758 1115 1854
10 109 150 281 366 546 688 706 936 1002 1096
0
0
0
0
0
0
0
0
1 398
1 1431
0
0
0
0
0
3 17 939 1290
1 1785
0
15 47 66 94 261 316 323 411 573 670 1112 1262 1420 1675 1796 1801
0
0
0
0
1 17
0
0
1 17
0
0
2 633 1269
1 1078
1 699
0
0
0
0
0
0
1 1828
0
8 847 1026 1038 1280 1359 1373 1569 1736
0
0
0
0
0
1 549
2 75 793
5 533 550 611 1033 1786
0
1 1163
7 358 463 485 988 1176 1297 1600
0
2 1124 1867
7 241 472 814 845 1045 1671 1851
1 1080
1 42
0
6 146 632 1033 1254 1307 1823
2 51 1676
0
1 917
0
7 116 500 550 857 1180 1185 1592
0
0
1 33
1 1012
0
6 29 515 545 1376 1586 1648
0
4 479 779 1072 1745
0
0
3 82 658 736
1 345
6 193 668 848 854 1057 1711
3 248 731 996
0
1 1585
1 19
0
1 528
0
1 865
0
0
0
2 19 1303
0
0
7 19 255 570 696 781 1192 1860
0
0
0
1 1435
0
0
1 288
0
0
1 1396
2 82 808
0
6 396 467 491 1072 1664 1803
0
1 1119
6 187 587 861 904 1059 1460
0
0
0
1 753
8 179 223 412 530 703 950 1117 1195
2 177 1814
1 20
11 60 167 407 578 638 962 1092 1230 1520 1546 1696
0
4 628 637 682 1712
12 163 194 662 738 822 963 1030 1152 1590 1607 1742 1794
6 277 770 1389 1559 1665 1831
11 185 324 563 704 796 1211 1372 1429 1703 1754 1889
4 501 732 1088 1869
2 20 1789
1 679
9 272 422 505 589 836 995 1134 1764 1833
2 20 478
0
0
0
13 201 312 395 440 708 895 898 940 1049 1259 1500 1512 1667
0
0
1 1131
0
0
2 135 296
2 29 976
0
2 246 1314
1 1354
0
0
1 1189
0
0
0
1 21
1 568
0
0
8 202 310 576 1473 1570 1660 1698 1832
0
1 1812
1 1763
0
0
0
2 492 1250
0
10 281 297 348 450 712 1067 1105 1160 1417 1761
0
1 1368
1 1717
0
24 306 320 391 463 481 655 882 921 975 1080 1162 1183 1318 1365 1396 1547 1549 1629 1635 1660 1690 1695 1790 1810
0
1 1574
5 462 577 632 918 1008
7 40 62 361 557 717 1409 1486
6 209 553 1190 1671 1766 1858
0
4 263 431 936 1139
2 51 1670
2 734 1316
8 132 215 352 382 392 517 1333 1676
1 1583
3 129 435 1423
0
13 24 375 402 511 585 729 955 1173 1268 1407 1611 1633 1654
6 602 775 1225 1480 1649 1871
0
7 157 268 341 594 672 1178 1846
0
2 1222 1772
5 114 160 1022 1127 1346
4 620 1304 1787 1809
0
0
0
1 189
1 23
12 458 476 724 793 832 864 1069 1175 1180 1243 1330 1402
1 1464
7 226 280 374 686 743 807 1653
0
0
0
4 292 507 555 1850
4 23 108 897 1290
0
0
1 23
0
3 190 1788 1815
2 354 1015
2 486 773
2 1231 1859
0
2 1263 1432
0
0
0
10 45 461 591 694 823 841 1072 1537 1538 1698
4 60 288 514 1438
4 221 933 1564 1752
2 368 459
5 148 438 576 1389 1753
1 1047
7 41 102 555 1493 1506 1678 1841
0
24 48 80 163 275 355 585 606 686 772 941 974 1117 1122 1132 1195 1399 1441 1541 1577 1602 1719 1720 1871 1881
0
7 347 418 562 896 1004 1485 1797
7 39 73 81 750 1108 1130 1212
2 98 1405
3 478 598 796
2 1133 1596
14 143 207 350 607 614 648 733 819 916 1373 1454 1479 1519 1822
0
7 24 252 694 821 1039 1120 1449
13 47 249 335 422 434 445 622 762 878 1211 1284 1302 1343
1 1717
2 24 1258
10 28 130 609 626 683 891 894 1041 1338 1395
0
0
1 137
0
1 1539
8 133 179 286 490 711 1278 1470 1803
0
3 604 1174 1494
1 1875
23 97 266 371 630 927 955 983 1105 1145 1164 1243 1249 1300 1410 1438 1537 1542 1546 1611 1646 1732 1759 1771
0
0
4 704 735 1269 1715
4 429 795 1467 1777
0
0
3 1031 1419 1614
0
0
0
5 210 430 944 1097 1586
3 112 400 1048
1 69
0
4 651 925 1103 1203
5 188 421 1005 1062 1289
3 112 709 1361
3 25 1010 1852
12 257 416 556 716 881 918 1097 1103 1368 1483 1497 1814
0
0
2 210 449
0
1 952
0
1 25
4 247 1056 1161 1296
0
1 25
0
2 504 1102
4 63 175 638 1491
0
0
1 1740
0
4 257 400 1392 1825
1 232
2 859 1324
0
0
0
0
0
2 944 1203
0
0
0
0
7 129 282 905 911 1223 1257 1590
0
10 467 483 492 501 801 816 1046 1175 1216 1340
7 85 540 621 755 835 926 1755
0
4 289 376 1416 1656
2 1610 1659
0
3 326 1608 1732
6 54 96 143 458 962 1592
9 301 355 787 1075 1223 1275 1308 1439 1528
5 164 219 691 1312 1517
11 119 162 314 572 838 1009 1079 1152 1387 1633 1809
6 329 1213 1365 1416 1502 1865
1 1305
8 755 835 1074 1233 1340 1499 1670 1823
20 199 480 496 802 924 1064 1130 1177 1221 1241 1279 1292 1410 1555 1628 1653 1707 1725 1747 1756
0
0
1 1657
6 39 658 800 1333 1473 1860
0
0
3 286 1062 1197
1 603
0
1 590
2 413 1766
0
4 206 617 1361 1622
7 770 885 913 992 1111 1443 1872
0
1 1876
1 28
0
2 877 1874
1 28
0
0
0
3 199 416 1491
9 98 449 710 725 910 973 1070 1352 1559
0
12 94 130 198 320 473 617 638 1362 1509 1754 1830 1888
4 247 400 1666 1855
0
0
2 270 635
0
0
0
6 464 523 1032 1343 1446 1814
0
0
0
0
0
8 89 527 562 850 866 1096 1123 1715
14 92 279 395 735 789 1208 1259 1273 1413 1455 1731 1769 1813 1833
8 33 403 889 924 1245 1312 1561 1866
1 780
0
3 147 583 1352
1 1374
0
12 59 134 174 348 992 1128 1258 1271 1398 1559 1569 1810
21 55 173 539 552 563 568 729 750 827 852 1003 1010 1156 1487 1547 1575 1630 1649 1762 1831 1838
8 106 119 201 344 603 649 927 1385
2 248 1598
3 433 890 1347
0
2 522 1796
12 183 325 452 467 523 710 711 825 1040 1460 1586 1622
4 529 1153 1608 1873
6 46 445 869 875 1084 1236
3 89 907 1362
0
11 31 155 174 438 714 777 1088 1146 1171 1299 1845
5 288 491 915 962 1531
1 1735
0
2 167 1001
5 30 148 282 464 680
0
12 528 549 570 779 802 989 1064 1279 1496 1518 1638 1639
1 426
6 56 424 456 808 1059 1359
7 41 53 60 99 396 699 1803
0
1 1780
11 30 95 96 135 407 672 1126 1149 1393 1431 1441
2 552 1581
0
1 30
5 302 451 810 828 1541
0
0
0
2 184 440
10 510 554 579 628 1090 1284 1464 1546 1568 1828
1 915
1 896
1 114
1 132
0
0
0
0
0
0
0
0
0
8 248 865 953 1012 1132 1221 1448 1845
0
0
1 31
1 1560
3 606 1270 1319
5 984 1256 1429 1433 1824
0
0
0
3 610 1328 1879
0
0
1 399
1 1150
1 1204
1 1342
1 1331
1 575
1 1509
0
0
1 567
0
0
0
0
1 1344
0
0
0
0
0
0
4 759 1339 1395 1564
13 54 133 476 554 624 779 870 954 1218 1249 1430 1561 1865
2 33 847
2 1012 1135
4 329 540 937 1233
2 232 1385
6 195 490 784 926 1310 1648
13 700 736 830 848 955 979 1043 1058 1152 1337 1430 1811 1840
0
4 191 1016 1225 1571
4 684 1218 1386 1517
1 865
1 748
1 668
5 490 880 1059 1109 1213
1 483
6 161 721 854 904 996 1303
4 82 491 730 1736
4 366 406 697 827
4 800 1376 1840 1868
1 340
5 488 515 668 1733 1745
2 496 870
0
4 605 824 997 1764
1 1808
0
6 162 345 424 602 1648 1664
1 34
0
0
1 56
0
0
1 1372
0
1 34
2 699 1673
0
2 34 1801
0
1 1589
2 1199 1498
2 618 1464
0
0
1 1403
0
0
0
1 1119
0
1 934
0
0
0
0
0
1 970
0
6 312 581 861 1208 1286 1461
1 1647
4 620 844 1273 1746
3 584 1183 1442
5 204 261 1176 1370 1527
13 58 290 299 385 650 852 1149 1157 1158 1217 1242 1419 1481
0
20 122 451 455 595 655 708 848 860 934 943 996 1093 1148 1306 1518 1519 1620 1637 1686 1691
0
0
20 99 108 120 263 340 370 499 513 536 630 672 753 816 925 1222 1290 1309 1468 1781 1866
0
0
0
1 1029
0
0
0
2 667 1680
1 512
1 873
1 36
1 628
0
0
0
0
0
0
1 36
0
1 843
1 36
0
0
7 80 215 375 453 555 689 1606
0
1 190
0
0
0
0
0
0
0
0
1 1122
1 858
0
0
0
0
0
3 240 520 1400
0
1 997
2 528 1009
0
1 258
2 181 1289
2 409 843
2 1156 1400
0
1 240
0
1 877
2 37 805
0
0
0
0
0
0
1 240
1 37
2 862 874
0
1 37
0
0
0
0
0
0
0
0
0
0
0
0
0
0
0
0
0
0
0
0
1 48
1 663
6 67 479 1069 1633 1787 1850
0
0
1 582
4 38 262 580 1230
0
0
0
2 743 832
0
3 354 396 1777
5 108 113 1015 1222 1387
9 38 273 377 457 826 937 940 1480 1533
0
0
1 38
0
1 1857
0
16 48 80 221 266 300 375 459 514 602 651 712 738 904 1087 1479 1616
0
11 109 151 275 321 368 428 808 1216 1263 1381 1432
0
0
0
2 572 1788
0
4 292 689 722 1666
0
1 280
17 102 135 167 196 263 275 283 459 514 620 823 1157 1480 1637 1678 1680 1772
0
0
9 418 419 651 769 773 1132 1263 1387 1432
0
1 200
11 444 747 894 991 1003 1046 1162 1253 1278 1641 1646
4 66 166 305 376
7 150 249 864 953 1376 1379 1475
10 157 366 781 789 1109 1192 1427 1456 1626 1854
7 284 775 833 1449 1599 1658 1753
2 595 1367
0
1 1605
4 1000 1165 1523 1527
7 59 95 173 407 881 1838 1888
0
0
0
0
3 529 685 987
16 118 278 482 575 713 759 906 1067 1129 1173 1197 1226 1271 1302 1724 1780
0
2 326 1391
0
4 429 671 1711 1817
1 1433
3 336 1086 1526
3 188 1087 1236
5 412 593 815 1347 1569
0
15 306 754 869 941 984 1128 1299 1374 1390 1398 1477 1614 1620 1734 1799
4 443 519 1078 1127
1 1076
0
0
3 380 1540 1738
7 486 487 543 1092 1133 1735 1855
0
1 1526
2 622 1084
3 731 767 1454
4 272 579 785 1178
32 104 109 185 206 233 268 296 302 354 456 457 505 511 658 702 738 940 974 982 1048 1100 1119 1168 1189 1198 1276 1278 1377 1381 1420 1696 1815
6 421 732 1002 1122 1431 1531
6 177 983 1095 1286 1629 1813
10 265 283 661 689 892 994 1468 1704 1788 1885
7 120 123 206 584 608 1536 1799
0
3 778 1017 1435
0
0
1 1638
1 1356
2 398 893
8 788 846 921 1146 1252 1282 1425 1884
3 682 781 1688
5 66 168 272 594 1661
5 137 946 1115 1139 1689
1 1790
2 42 1472
1 1867
0
2 1391 1672
1 1267
0
0
0
0
1 553
0
0
0
0
1 1656
1 856
0
0
3 293 916 1573
0
5 518 929 1127 1267 1712
0
2 573 626
2 911 1298
0
0
4 301 532 833 1733
1 1487
0
3 55 152 1093
8 455 588 657 734 1220 1275 1858 1873
0
0
1 1886
1 767
6 252 836 867 1049 1415 1739
0
0
1 857
1 1434
1 1442
6 444 758 1281 1324 1805 1826
0
0
0
0
2 776 1118
0
0
0
1 246
0
0
0
0
0
4 46 801 1287 1338
1 195
0
1 46
1 588
0
1 1859
0
0
0
0
0
0
0
0
0
1 1777
1 1750
0
3 136 1268 1530
2 442 991
0
0
0
0
4 185 511 679 1477
2 1074 1783
7 161 194 312 323 527 1158 1796
16 374 591 662 841 846 977 1144 1225 1304 1403 1468 1545 1664 1740 1747 1877
1 597
3 1067 1530 1884
0
1 73
1 1309
7 208 703 1053 1270 1475 1566 1854
4 1292 1399 1756 1877
3 160 1169 1680
2 211 813
0
0
0
1 572
3 1107 1508 1564
0
0
0
3 418 858 1678
0
1 629
3 556 745 941
0
1 813
0
0
1 49
0
6 187 545 1079 1200 1711 1737
0
0
2 851 1439
5 234 708 743 807 860
1 341
2 49 368
0
0
1 49
2 544 1435
1 244
0
0
1 858
7 91 499 625 718 1138 1198 1485
0
0
0
0
0
0
0
0
0
0
0
0
0
0
0
0
0
0
0
0
0
0
0
1 1306
0
0
0
0
1 736
0
0
0
0
1 1386
0
0
0
0
0
1 1018
1 1174
0
0
0
1 683
1 1415
0
0
0
0
0
0
7 279 557 1081 1425 1497 1640 1875
1 52
0
0
1 1635
0
0
0
0
1 52
0
1 763
1 52
0
0
0
0
0
0
0
0
0
2 1206 1247
4 258 560 645 1724
7 134 480 1193 1227 1252 1471 1843
0
0
1 1280
0
0
5 414 505 826 1129 1484
3 65 220 1793
0
0
2 1224 1393
0
2 325 1030
1 53
0
0
1 53
3 764 1246 1253
0
0
0
0
0
0
0
1 1539
0
1 1841
0
0
1 1342
0
0
0
0
0
1 989
2 496 621
0
10 341 515 753 854 979 1015 1230 1456 1712 1787
3 198 700 784
0
0
0
0
1 870
0
0
4 145 892 978 1870
0
0
3 715 1254 1755
0
3 270 421 728
0
0
0
0
0
0
0
0
0
0
0
0
0
3 243 580 943
0
0
2 639 1846
2 69 680
6 362 606 1402 1581 1695 1785
2 1323 1567
4 504 520 722 821
1 1859
0
0
1 1862
0
5 284 370 714 1165 1658
0
1 1048
0
0
0
0
0
0
0
1 57
0
0
2 1049 1702
0
0
1 1124
1 906
3 57 778 963
2 277 1630
0
1 57
2 713 754
3 398 429 508
0
0
0
0
0
0
2 539 897
0
4 601 810 965 1332
0
1 1829
0
0
0
0
1 670
0
0
2 766 875
0
1 1616
1 690
0
1 58
1 385
1 437
1 58
1 1173
0
4 890 1282 1725 1759
1 598
1 1060
0
1 1210
1 1293
2 1004 1783
0
0
1 1388
2 1746 1819
1 1338
3 780 1752 1772
0
1 1250
3 155 1523 1579
1 1422
0
0
0
0
1 194
2 349 1805
4 102 158 238 1696
1 777
2 69 181
0
1 1260
0
4 369 401 828 882
2 353 1801
4 171 633 1133 1745
0
0
1 432
0
0
8 226 486 732 841 898 974 1071 1304
4 296 594 775 1751
0
2 712 836
4 151 374 1390 1870
4 251 647 804 1781
0
4 280 663 667 823
2 184 522
1 1828
1 1053
3 591 977 1403
0
1 268
1 662
0
0
2 61 1689
0
0
0
5 177 1360 1775 1812 1846
0
0
1 1070
1 61
0
0
1 61
0
0
0
3 336 893 1534
1 1874
0
0
0
0
0
0
0
2 1115 1728
0
0
0
1 1587
0
0
0
1 364
4 731 954 1079 1571
6 62 479 682 1047 1281 1694
2 1057 1502
0
2 62 207
3 187 900 1244
2 895 939
1 1298
1 1178
0
1 1513
0
0
5 403 488 684 1135 1868
2 325 1454
1 1842
0
1 295
0
0
4 360 412 1022 1164
3 536 696 1092
1 157
0
0
4 149 166 646 1794
1 63
0
1 405
1 63
4 335 337 489 1283
2 1268 1354
3 709 925 952
6 204 556 666 1203 1289 1740
0
2 995 1848
0
2 401 449
2 395 1849
2 952 1125
1 635
0
1 504
0
0
0
0
1 724
3 97 460 1083
0
1 105
3 758 1822 1841
0
0
1 826
0
1 256
0
0
3 837 986 1852
0
2 300 1448
0
0
0
1 650
1 990
0
0
1 1145
0
0
2 190 350
0
0
4 305 1000 1138 1191
0
2 1610 1729
1 1191
0
0
0
3 622 885 1170
0
2 913 1078
3 84 1328 1535
0
2 920 1773
2 728 822
2 1098 1251
0
1 65
0
1 1262
2 65 159
0
0
0
5 411 961 1042 1372 1489
6 391 822 907 913 972 1673
0
0
0
0
1 795
4 344 762 1055 1524
1 855
1 889
0
0
2 782 1007
1 1358
2 692 1081
0
0
11 160 321 549 624 763 1189 1232 1420 1585 1659 1685
1 1568
3 861 1226 1309
1 1596
1 1512
1 1498
1 547
1 720
1 1303
5 473 610 670 1675 1827
0
2 158 679
1 1769
0
3 345 810 1539
0
2 335 1694
1 1399
1 221
0
3 67 114 379
0
0
1 67
0
0
0
1 1344
0
3 419 773 1493
0
0
5 828 1047 1164 1300 1531
0
0
0
0
1 824
0
2 1001 1139
4 520 725 999 1850
0
0
0
1 1802
0
0
0
0
0
0
1 309
3 87 423 1543
2 709 1641
1 303
0
0
1 246
0
0
0
1 1043
0
0
1 680
2 1421 1874
0
0
0
1 786
1 1069
0
0
1 1118
1 70
0
0
6 137 164 165 1136 1293 1662
0
0
0
1 589
1 70
0
0
2 70 599
0
0
3 113 1058 1576
0
0
0
0
2 1125 1308
0
0
0
0
0
0
0
1 821
1 1627
1 1002
0
0
3 623 1310 1472
0
0
3 901 1262 1500
0
1 1348
1 88
0
0
2 72 105
0
0
0
0
0
0
1 1061
2 72 291
0
1 1716
1 72
1 749
1 152
0
1 831
0
1 609
0
0
0
0
0
0
0
0
0
0
0
0
0
0
2 1647 1748
1 73
0
0
0
0
2 597 1442
1 716
0
0
2 1756 1844
1 1076
1 1639
0
0
0
2 323 1695
0
3 890 1589 1769
0
0
0
1 74
0
1 777
1 1004
0
0
0
0
1 74
0
0
1 74
0
0
0
0
0
0
0
0
0
1 238
0
0
0
0
0
0
0
2 428 1815
0
2 100 238
1 1549
2 1566 1812
0
0
3 733 1120 1533
0
0
1 454
1 648
0
1 76
0
0
0
0
0
0
0
1 76
0
0
1 76
0
0
0
1 327
0
0
1 1571
0
0
3 207 832 1057
0
0
0
1 1280
0
0
0
1 255
0
0
0
0
0
0
0
2 1617 1798
0
0
0
5 361 656 844 1500 1792
0
0
0
0
1 77
0
0
0
0
0
0
0
1 77
0
1 384
2 77 1016
0
0
0
0
0
0
0
0
0
1 111
0
0
0
0
0
0
0
0
0
0
0
0
6 342 437 1190 1215 1707 1718
1 78
1 1171
0
0
0
2 1560 1731
0
0
1 78
0
1 1143
8 78 208 430 484 569 931 1417 1734
0
0
0
0
0
0
0
1 411
0
0
0
0
0
0
0
0
0
0
0
0
0
1 1141
0
0
0
0
0
0
0
0
0
2 79 1063
0
0
1 1581
0
0
0
0
1 79
0
0
1 79
0
0
1 414
1 1739
0
0
0
0
0
2 1516 1779
0
0
0
0
0
0
0
0
2 1023 1506
0
3 315 719 873
2 151 302
7 191 300 316 914 1101 1781 1789
0
0
5 104 122 321 1350 1577
2 663 671
0
0
2 226 702
0
3 293 966 1145
0
1 81
0
0
1 81
0
2 1001 1599
1 768
0
0
2 104 954
0
0
0
0
0
2 154 898
2 897 1752
0
1 1872
0
1 147
1 1498
0
0
0
3 122 721 933
0
2 824 1882
0
0
1 1346
0
1 260
0
0
0
0
0
0
0
0
2 497 1411
0
0
4 159 306 1292 1794
0
0
0
2 84 391
0
0
2 84 1231
0
4 347 1719 1764 1795
2 1193 1843
0
0
0
0
0
0
0
1 961
0
0
2 1204 1735
0
0
0
0
0
0
2 334 872
0
0
2 92 794
0
0
0
0
0
0
1 525
0
1 86
1 1050
0
0
2 164 1763
0
3 97 859 1686
0
4 86 582 657 741
0
0
2 86 1434
0
0
0
1 165
0
1 518
1 525
1 165
1 1549
1 644
0
0
1 978
2 661 1661
0
0
0
3 1190 1265 1434
2 156 922
2 510 676
2 745 1237
0
1 1006
3 87 1214 1808
0
0
1 87
0
3 426 431 1596
0
0
1 1463
0
0
0
0
1 1077
0
1 1144
0
1 1102
0
0
0
0
0
0
0
2 88 693
0
1 1461
0
1 701
0
1 1167
0
1 1192
0
0
0
0
0
0
0
0
0
0
0
0
1 1606
0
2 1068 1853
5 480 772 1330 1339 1876
2 648 895
0
0
2 270 1131
1 1231
2 724 867
3 494 581 742
6 567 610 1392 1481 1558 1563
0
1 866
1 346
0
0
0
6 453 581 601 970 1168 1700
0
2 1108 1295
0
1 1305
0
0
0
0
1 91
0
0
0
0
0
0
1 262
1 635
0
0
1 608
0
0
0
0
0
0
1 1377
0
0
0
1 993
3 92 399 544
0
0
0
0
0
2 1017 1272
0
3 159 795 1086
1 1193
1 1719
1 1150
0
3 433 1310 1675
0
0
0
1 278
0
2 327 1171
1 820
3 587 807 1789
0
0
0
0
4 347 1560 1731 1824
0
0
0
0
7 106 118 336 696 850 1568 1804
2 950 1174
1 1610
2 1090 1573
0
2 990 1256
0
2 542 1875
0
3 547 1707 1784
0
2 931 1512
0
1 545
1 1016
0
2 191 624
0
0
6 168 205 233 957 1405 1575
0
0
0
0
3 431 703 1042
0
0
3 1040 1095 1739
0
0
0
0
5 447 720 786 976 1763
0
1 482
0
1 1727
0
0
0
0
1 408
0
0
0
0
0
0
1 1755
3 103 428 510
0
0
0
0
0
0
3 350 1051 1379
0
0
0
2 830 1659
1 1502
4 863 1029 1742 1775
2 1323 1406
0
2 855 1462
1 1807
0
2 100 855
0
1 863
3 100 344 1797
0
0
0
0
1 314
0
0
0
0
0
0
2 863 1495
0
0
3 649 1332 1827
0
1 930
0
0
0
0
1 357
0
1 1775
0
4 101 727 730 1682
0
0
0
0
0
1 567
0
1 101
1 1244
0
1 101
0
0
1 1585
0
0
0
0
0
0
0
0
0
0
0
0
0
0
0
1 1234
0
0
1 1337
0
0
4 452 721 1367 1703
0
0
0
1 522
1 181
2 211 1598
1 1470
0
3 242 609 1515
0
0
0
0
0
0
0
0
1 103
0
0
1 103
0
0
0
1 1349
0
1 541
0
0
0
0
0
1 799
1 1201
0
0
2 1017 1567
0
0
1 1224
0
0
0
0
0
0
0
6 414 546 780 1255 1616 1759
5 251 292 702 1704 1885
0
0
1 661
0
0
0
2 265 1822
0
0
2 1071 1493
0
0
0
1 1657
0
0
1 1540
0
0
0
0
0
0
0
1 106
0
0
5 433 633 1135 1204 1558
0
0
1 452
0
1 193
2 989 1879
0
0
1 118
0
0
0
1 1793
0
1 1606
0
0
0
1 262
4 314 403 487 1330
0
0
1 873
1 1691
3 883 1153 1427
1 1331
2 985 1467
0
0
0
1 295
3 559 880 1573
0
0
2 1737 1797
0
1 589
0
0
3 1536 1647 1885
0
1 1730
0
0
0
1 1849
0
0
1 951
0
0
0
0
1 1116
0
2 110 1704
0
2 1058 1661
0
0
0
0
0
1 110
0
0
1 110
0
0
0
0
0
0
0
0
0
0
2 526 763
1 971
0
1 596
0
0
2 489 513
1 430
2 769 946
1 1577
0
0
1 687
2 532 535
0
0
1 111
0
0
1 111
0
1 718
1 410
0
0
0
1 220
0
1 1773
0
7 183 244 316 782 882 920 1326
1 879
0
0
1 1802
0
0
0
1 718
0
0
1 1864
1 877
0
1 1102
2 437 1715
0
2 1107 1599
1 113
0
0
0
0
0
0
0
0
0
0
1 1663
0
0
0
1 255
0
0
0
0
0
2 147 379
1 933
1 168
0
1 1857
0
0
0
1 211
1 544
0
1 251
0
0
0
1 787
1 1455
0
0
1 309
0
0
1 425
0
0
0
3 145 1370 1388
0
0
0
0
1 117
0
0
0
0
0
0
0
1 117
0
1 1095
1 117
0
0
0
0
0
0
0
0
0
0
0
0
0
0
1 1703
0
0
0
0
0
0
0
1 406
3 170 1357 1785
0
1 1742
0
0
0
0
0
0
0
0
0
1 1578
2 298 959
0
0
0
0
3 172 184 730
0
0
1 349
0
1 1507
0
0
0
0
0
3 277 1300 1725
0
0
0
0
0
0
0
0
0
1 265
0
0
1 1483
0
0
1 1672
0
0
0
0
5 1036 1220 1305 1642 1761
0
0
2 1108 1886
0
0
0
0
1 987
0
0
0
0
0
0
0
0
0
0
0
0
1 123
0
0
1 123
0
0
0
0
0
0
2 204 1316
0
0
1 460
0
0
0
0
0
0
2 1126 1154
0
0
0
0
0
0
0
0
0
0
0
1 1098
1 264
0
0
0
0
0
0
1 126
0
0
0
0
0
0
0
1 126
0
0
1 126
0
0
0
0
0
0
0
1 380
0
0
0
0
0
1 850
0
0
0
0
2 1693 1872
0
0
0
0
0
0
0
0
0
0
0
0
0
0
0
0
1 1392
0
0
0
0
0
0
1 1124
0
0
1 1250
3 189 837 1448
0
0
5 278 973 1060 1427 1817
1 608
1 1417
1 342
0
0
0
1 1701
0
1 1090
0
0
0
0
0
7 543 616 849 1251 1617 1792 1793
0
0
0
0
0
1 605
1 1107
1 939
0
1 1030
0
2 404 1029
0
0
1 1379
0
0
0
0
0
0
0
1 614
0
0
6 673 970 1227 1613 1626 1758
1 1110
1 788
0
0
0
1 1405
1 1276
0
0
0
0
0
0
0
0
0
0
0
1 136
0
3 1131 1247 1458
6 136 748 1123 1354 1673 1848
1 1751
0
0
0
1 299
0
0
0
1 1743
1 1496
0
1 1848
0
2 1168 1524
0
0
0
0
0
2 1367 1738
0
0
0
1 1849
0
0
0
1 1244
0
1 1319
1 1538
0
2 243 878
0
0
0
1 1773
3 880 1018 1529
1 1287
0
0
0
0
3 256 291 677
0
0
0
0
0
0
0
0
0
1 1056
1 142
0
0
1 1331
0
0
1 1748
0
1 142
0
0
1 142
0
0
0
0
0
0
0
0
0
0
3 384 1272 1363
0
0
1 764
0
1 193
0
1 1202
0
0
1 487
0
0
0
2 175 995
0
0
0
0
2 145 587
0
0
0
1 1301
0
0
0
0
0
0
1 1369
0
0
0
1 1746
0
0
0
0
0
1 868
0
0
2 1339 1467
0
0
0
1 787
1 379
0
0
0
0
0
3 685 949 1256
0
1 473
0
0
1 1598
3 923 1040 1199
1 419
0
0
0
1 1576
0
0
1 362
0
3 203 519 999
1 1618
1 837
1 788
1 639
1 1852
2 149 1446
2 233 1077
0
4 149 639 812 1144
0
1 512
0
0
0
1 786
1 423
2 660 976
2 768 972
0
2 405 453
1 1446
0
0
1 1104
0
1 1382
1 618
1 987
0
0
2 214 1083
0
2 525 1626
2 560 1634
2 1068 1835
0
1 715
0
1 1036
1 963
0
0
5 671 804 820 1100 1536
3 513 719 1071
0
0
0
2 1455 1879
1 667
0
1 1276
0
0
3 769 1217 1356
0
0
1 990
0
1 1762
0
1 1287
1 1864
1 1716
0
0
0
0
0
0
0
1 1642
0
0
0
2 604 1640
0
1 961
0
0
0
0
0
1 799
0
0
0
1 1778
0
1 1681
0
0
0
1 745
0
0
1 1013
0
0
0
1 813
0
0
1 1346
1 154
0
0
1 154
1 327
0
0
0
1 1744
0
0
0
0
0
0
0
0
0
0
0
0
0
0
0
0
0
1 408
0
0
0
0
0
3 623 1326 1538
0
0
0
1 1041
0
0
1 1050
0
0
0
0
1 156
0
0
1 156
0
0
0
0
0
0
1 546
0
0
0
1 922
1 271
0
0
0
0
0
1 1050
0
1 299
0
0
0
0
6 1153 1246 1402 1535 1677 1842
0
0
0
0
1 697
0
0
0
0
0
0
0
0
0
1 1089
0
0
0
0
0
0
0
0
0
0
0
0
0
0
0
0
2 1332 1639
0
0
0
2 1120 1136
0
1 647
1 1098
0
0
0
0
0
0
0
1 1247
0
0
1 1767
1 1272
0
0
3 871 1086 1589
0
1 1055
0
1 1524
0
0
0
0
0
1 799
1 1461
0
3 380 593 1042
0
0
0
0
0
1 1842
0
0
0
1 794
0
0
0
0
0
0
0
1 1199
0
4 295 406 945 1341
0
0
1 1007
0
0
0
0
1 1246
0
1 1214
1 889
1 973
1 290
1 844
0
0
1 367
0
1 994
2 230 614
0
0
0
0
1 399
0
0
0
0
0
0
0
0
0
0
0
0
0
4 245 409 790 1421
0
0
1 1274
0
0
1 1508
0
0
1 659
3 946 972 1575
0
1 1808
1 646
0
0
0
0
0
0
0
0
0
0
2 768 1232
0
0
0
0
0
1 512
1 1224
0
0
0
1 170
0
1 820
1 170
0
0
0
0
0
2 1240 1594
0
0
1 893
0
1 508
0
0
0
0
0
0
0
0
0
0
0
0
1 171
0
2 859 1762
2 171 349
0
0
0
0
1 535
0
1 1844
0
0
0
0
0
0
0
0
0
0
0
0
0
0
0
0
0
0
1 1886
1 172
0
0
2 172 649
0
0
0
0
2 1579 1624
0
1 1323
0
0
0
0
0
0
1 1229
0
0
0
0
0
0
2 1471 1551
0
1 1459
0
1 1662
0
0
0
0
1 1077
0
0
1 1481
1 598
0
0
0
2 189 426
0
0
0
0
1 175
0
0
0
0
0
0
0
0
0
0
0
0
1 1484
1 393
0
0
0
0
0
0
1 1826
1 966
0
0
0
0
0
0
0
0
0
0
0
1 1702
0
0
0
0
1 866
1 1507
1 1295
0
0
0
0
0
0
1 180
0
0
0
0
0
0
0
1 180
0
0
1 180
0
0
0
0
0
0
0
0
0
0
0
0
0
0
0
0
0
0
0
0
0
1 405
0
0
0
0
1 1555
0
0
0
0
0
0
0
0
0
1 244
1 794
0
0
0
0
0
0
1 182
0
0
0
0
0
0
0
1 182
0
0
1 182
0
1 183
0
3 1316 1506 1817
0
0
1 901
0
0
0
1 484
0
0
0
2 593 1540
0
1 666
0
0
0
0
0
0
0
0
0
0
0
0
1 764
0
0
0
0
1 862
0
2 1083 1463
0
0
0
1 1532
0
0
0
0
0
1 1483
2 1227 1730
0
0
0
1 1784
1 645
0
0
0
0
1 482
0
1 1006
0
0
0
0
1 616
0
0
0
0
0
0
0
1 697
0
0
0
0
0
0
0
0
0
0
0
1 1625
0
0
0
0
2 883 900
0
1 1478
0
0
2 493 719
0
2 604 1470
0
0
2 646 1421
0
0
0
0
0
0
0
0
0
0
0
0
0
0
0
0
0
0
0
0
0
0
0
2 1150 1358
0
3 377 772 1862
0
0
0
0
0
0
0
0
2 234 815
1 804
0
0
1 872
0
0
0
0
0
1 685
0
0
3 930 1056 1242
1 541
1 1513
0
0
1 1891
0
1 1214
0
0
0
1 1489
0
0
1 1535
0
2 192 1677
0
0
1 1727
0
0
1 1748
0
3 192 1428 1677
0
0
1 192
0
0
1 815
0
0
0
1 508
1 783
0
0
0
0
0
1 774
0
0
0
0
0
1 1645
0
0
0
0
1 1737
0
0
1 1829
0
0
0
0
1 364
0
0
0
0
1 805
0
1 1705
0
0
0
0
0
0
0
0
0
0
0
0
0
0
0
1 1295
0
0
0
2 383 830
0
0
1 196
0
1 548
1 196
0
0
1 1169
0
0
0
0
0
0
0
0
0
0
0
0
0
0
0
0
1 741
0
0
0
0
0
0
0
1 1505
0
0
1 1136
0
0
0
0
0
0
1 1063
0
0
0
0
0
0
0
3 582 1617 1827
0
0
0
1 200
0
0
1 200
0
0
0
0
0
0
0
0
0
0
0
0
0
0
0
0
0
0
0
0
0
0
0
0
0
0
0
0
0
0
1 1758
0
0
1 203
0
0
1 203
1 1051
0
0
0
0
0
0
0
1 1543
0
0
0
0
0
0
0
0
0
0
0
0
1 1738
0
1 346
0
0
0
0
0
0
0
0
0
0
0
0
0
0
1 205
0
0
1 205
0
0
0
0
0
0
0
0
0
0
0
0
0
0
0
0
0
0
0
0
0
0
0
0
0
1 1507
0
0
0
0
0
0
0
1 273
0
0
1 625
0
0
0
0
0
0
0
0
0
0
0
1 1283
0
0
0
0
0
0
1 234
2 986 1215
0
0
1 425
0
0
0
0
0
0
0
0
0
2 425 623
0
0
0
1 1060
1 1819
0
0
0
2 1369 1503
0
1 489
0
3 965 1545 1672
0
0
0
0
0
0
0
1 1337
0
0
0
0
0
0
0
0
0
0
0
0
0
0
0
0
1 910
0
0
0
1 214
0
0
1 214
0
0
0
0
1 673
0
0
1 922
0
0
0
0
0
1 950
0
1 362
0
0
0
0
0
0
0
0
0
0
0
0
0
0
0
0
0
0
0
0
0
0
2 607 1729
0
0
0
0
0
1 1089
0
0
0
0
0
0
0
0
0
0
1 220
0
1 1792
1 849
0
0
0
1 1825
0
0
0
0
0
0
0
0
0
0
0
0
0
0
1 1201
0
0
0
0
0
0
0
0
0
1 1857
0
1 1513
1 690
0
2 1543 1876
0
0
0
0
0
0
0
0
0
0
0
0
0
0
1 224
0
0
0
0
0
0
0
1 224
0
0
1 224
0
0
1 1123
0
0
0
0
0
0
0
0
0
0
0
0
0
0
0
0
0
0
0
0
0
0
0
0
1 1702
0
1 693
0
0
0
0
0
0
0
0
0
0
0
0
0
0
0
0
0
2 645 1795
0
0
0
0
0
0
0
0
0
0
0
0
0
0
0
0
0
0
0
0
2 1322 1579
2 666 1134
0
0
0
0
0
0
0
0
1 230
0
0
1 230
0
0
0
0
0
2 966 1073
0
0
0
0
0
0
0
0
0
0
0
0
0
0
0
0
0
0
0
0
0
0
0
0
0
0
0
0
1 1761
1 994
0
0
0
0
0
0
0
0
0
1 884
0
0
1 447
0
0
1 766
0
0
0
1 1685
0
0
0
0
0
0
0
0
0
0
0
0
0
0
0
0
2 1411 1853
0
0
2 237 377
3 298 1489 1758
1 447
0
0
0
1 1444
0
1 237
0
1 260
1 237
0
0
0
0
0
1 900
0
0
0
0
0
0
0
0
0
0
0
0
0
0
1 1706
0
0
0
0
0
0
0
0
0
0
0
0
1 1406
0
0
0
0
0
1 862
0
0
1 1260
2 423 1650
1 409
0
0
0
0
0
0
1 361
0
0
0
1 1234
1 242
1 560
0
1 242
0
0
0
0
1 1200
0
0
0
0
1 1844
0
0
0
0
0
0
0
0
0
0
2 243 1862
0
0
0
0
0
0
0
2 337 1023
0
2 432 748
1 914
0
0
0
0
1 1605
0
0
0
1 878
0
0
0
0
1 1357
0
0
0
0
0
0
1 1357
0
0
0
0
0
1 245
0
0
1 245
0
0
0
0
0
0
0
0
0
0
0
1 1349
0
0
0
0
1 1603
0
0
0
0
0
0
0
0
0
1 524
0
0
0
0
0
0
0
1 477
0
0
0
0
0
0
0
0
0
0
0
0
0
0
0
0
0
0
0
0
0
0
0
0
0
0
0
0
0
0
0
0
0
0
0
0
0
0
0
0
0
0
0
0
0
0
0
0
1 1348
0
0
3 532 733 920
0
1 417
0
0
1 1055
0
0
0
0
0
0
0
0
0
0
0
1 1567
0
0
0
1 872
0
0
0
2 692 901
0
0
0
0
2 256 1052
0
0
1 1515
2 291 1265
0
0
0
0
0
0
0
0
0
0
0
0
1 615
0
0
0
0
0
1 625
1 559
0
0
0
0
0
0
0
0
0
0
0
0
0
0
0
0
0
0
0
0
0
0
1 260
0
0
0
0
0
0
0
0
1 909
0
0
1 1444
0
1 1496
0
0
0
0
0
0
0
0
0
2 782 1206
0
0
0
0
1 1688
0
1 986
0
0
0
0
0
0
0
0
0
0
0
0
0
0
1 1508
0
0
1 747
0
1 264
0
0
1 264
0
0
0
0
0
0
0
0
0
0
2 985 1890
0
0
0
0
0
1 1804
0
0
1 538
0
0
0
0
0
0
0
0
0
0
0
0
0
0
0
0
0
0
0
0
0
0
0
0
0
0
1 541
0
0
0
0
0
1 1350
0
0
0
0
0
0
0
0
0
0
0
0
0
0
0
0
0
0
0
1 337
0
1 1126
0
0
0
1 1232
0
0
0
0
0
0
0
0
1 271
0
0
1 271
0
0
0
0
0
0
0
0
0
0
0
0
0
0
0
0
0
0
0
0
0
0
1 1215
0
0
0
0
0
0
1 273
0
1 298
0
0
0
0
0
0
0
0
0
0
0
0
0
0
0
1 1750
0
0
0
0
0
0
0
0
0
0
1 274
0
1 1716
0
0
0
0
0
1 274
0
0
1 274
0
0
0
0
0
0
0
0
0
0
0
0
0
0
0
2 1007 1054
0
0
0
0
0
0
0
0
0
0
0
0
0
0
1 1484
0
0
1 276
0
0
0
0
0
0
0
1 276
0
0
1 276
0
0
0
0
0
0
0
0
0
0
0
0
0
0
0
0
0
0
0
0
0
1 1167
0
1 1700
0
0
0
0
0
0
0
0
0
2 762 1428
0
0
0
0
0
0
0
0
0
0
0
0
0
0
0
0
0
1 690
0
1 367
2 542 1101
0
0
0
0
0
0
0
0
0
0
0
0
0
0
0
0
0
0
0
0
0
0
0
0
0
0
0
0
0
0
0
0
0
0
0
0
0
0
0
0
0
1 461
0
0
0
0
0
0
1 287
0
0
0
0
0
0
0
1 287
0
0
1 287
0
0
0
0
0
0
0
0
0
0
0
0
0
0
0
0
0
0
0
0
0
0
0
0
0
0
0
0
0
0
0
0
0
1 290
0
0
0
0
0
0
0
1 519
0
1 1027
0
0
0
0
0
1 442
0
0
0
0
0
0
0
0
0
0
0
0
0
0
0
0
0
0
1 831
0
0
0
0
0
0
0
0
0
0
0
0
0
0
0
0
0
0
0
0
0
0
0
0
0
1 945
0
0
0
0
2 616 1251
0
0
0
0
0
0
0
0
0
0
0
0
0
0
0
0
0
0
0
0
1 1170
0
0
0
0
0
0
0
0
0
1 871
0
1 1341
0
0
0
0
0
0
0
0
0
0
0
1 1143
0
1 883
0
0
0
0
0
1 618
0
1 951
0
0
0
0
0
0
1 1863
0
0
0
0
0
0
0
0
0
0
0
0
0
0
0
0
0
0
1 1688
1 315
0
0
0
0
0
0
0
0
0
1 303
0
0
1 303
0
0
0
0
0
0
0
0
0
0
0
0
0
1 1682
0
1 389
0
0
0
0
0
0
0
0
1 1349
0
0
0
1 517
0
0
0
0
0
0
0
0
0
0
0
0
0
1 1242
0
0
0
0
0
0
0
0
0
0
0
0
0
0
0
0
0
0
0
0
0
1 1853
0
0
0
0
0
0
0
2 885 1627
0
0
0
0
0
0
0
0
0
1 1545
0
1 599
0
0
0
0
0
0
0
0
0
0
0
0
0
0
0
1 1721
0
0
1 1684
1 923
0
0
0
1 315
0
0
0
0
0
0
0
0
0
0
0
0
0
0
0
0
0
0
0
0
0
0
0
0
0
0
0
0
0
0
0
0
0
0
0
0
0
0
0
0
0
0
0
0
0
1 319
0
0
0
0
1 1743
0
0
1 319
0
0
1 319
0
0
0
0
0
1 1594
0
0
0
0
0
0
0
0
1 1693
0
0
0
0
0
0
1 346
0
0
0
0
0
0
0
0
0
0
0
0
0
0
1 322
0
0
0
0
0
0
0
2 322 1463
0
0
1 322
0
0
0
0
0
1 1200
0
0
1 871
0
0
0
0
0
0
1 949
0
0
0
0
0
0
0
0
0
0
0
0
0
0
0
0
0
0
0
0
0
0
0
0
0
0
0
0
0
0
0
1 334
0
0
0
0
0
0
0
2 930 1051
0
0
0
0
0
1 1624
0
0
0
1 460
0
0
1 1466
0
0
0
0
0
0
0
0
0
0
0
0
0
0
0
0
0
0
0
0
0
0
0
1 334
0
0
0
0
0
0
1 874
0
0
0
0
0
0
0
0
0
0
0
0
0
0
0
0
0
0
0
0
0
1 692
0
0
0
1 1358
0
0
0
0
0
1 1351
0
0
0
0
0
0
0
0
0
0
0
0
0
0
0
0
0
0
0
0
0
0
0
0
0
0
0
0
0
0
0
0
0
0
0
0
0
0
1 338
0
0
0
0
0
0
0
1 338
0
0
1 338
0
0
0
0
0
0
0
0
0
0
0
0
0
0
0
0
0
0
0
0
0
1 1444
0
0
0
0
0
1 660
0
0
0
0
0
0
0
0
0
0
2 766 1534
0
0
0
0
0
0
0
0
1 957
0
0
0
2 343 910
0
0
0
0
0
0
0
1 343
2 647 1701
0
2 343 1210
0
0
1 965
0
0
1 1563
0
0
0
0
1 493
0
0
0
0
0
0
0
0
0
0
0
0
0
0
0
0
0
0
0
0
0
0
0
0
0
0
0
0
0
0
0
0
0
0
0
0
0
0
0
0
0
1 1172
0
0
3 494 1700 1784
0
0
0
0
0
0
1 1206
0
0
0
0
1 664
0
0
0
0
0
0
0
0
0
0
0
0
0
0
0
1 517
1 1555
0
0
0
0
0
0
0
0
0
0
1 1201
0
0
0
1 353
0
0
1 353
0
0
0
0
0
0
0
0
0
0
0
0
0
0
0
1 693
0
0
0
0
0
1 1883
1 1169
0
0
0
0
0
0
1 1465
0
0
0
0
0
0
0
1 1631
0
0
0
0
0
0
0
0
0
0
0
1 357
0
0
1 357
0
0
0
0
0
0
0
0
0
0
0
0
0
0
0
0
0
0
0
0
0
0
0
0
1 360
0
0
1 360
0
0
0
0
0
0
0
0
0
0
1 1116
0
0
0
0
0
0
0
0
0
0
0
0
0
1 384
0
0
0
0
0
0
0
0
0
0
0
0
1 1662
0
0
0
1 605
0
0
2 432 542
0
0
0
0
0
0
0
0
0
0
0
0
0
0
0
0
1 1110
0
0
0
0
0
0
1 364
0
0
0
0
0
0
0
0
0
0
0
0
0
0
0
0
0
0
0
0
0
0
0
0
0
0
1 1458
0
0
0
0
0
0
0
0
1 367
0
0
0
0
0
0
0
0
0
0
0
0
0
0
0
0
0
0
0
0
0
0
0
0
0
0
0
0
0
1 369
0
0
1 369
0
0
0
0
0
1 1344
0
0
0
0
0
0
0
0
0
0
0
0
0
0
0
1 497
0
0
0
0
0
0
0
0
0
0
0
1 1750
0
0
0
0
0
0
0
1 1685
0
1 1356
0
0
0
0
0
0
0
0
0
0
0
0
0
0
0
0
0
1 1021
0
0
0
0
1 656
0
0
0
0
0
0
0
0
0
0
0
0
0
1 1495
2 949 1804
0
0
1 1360
0
0
0
0
0
0
0
0
1 383
0
0
1 383
0
0
0
0
0
0
0
0
0
0
0
0
0
0
0
0
0
0
0
0
0
1 879
2 410 656
1 1802
1 879
0
0
0
1 535
0
0
0
0
0
0
1 1237
0
0
1 1274
1 849
0
0
0
0
0
0
0
0
0
0
0
0
0
0
0
1 389
0
0
1 389
0
1 629
0
0
0
0
0
0
0
0
0
0
0
0
0
0
0
0
0
0
0
0
0
0
0
0
0
0
0
0
1 919
0
0
0
0
0
0
0
0
0
0
0
1 393
1 1422
0
1 393
0
0
0
1 1301
0
1 644
0
0
0
0
0
0
0
0
0
0
0
0
0
0
0
0
0
0
0
2 1006 1283
0
1 413
0
0
0
0
0
0
0
0
1 1751
0
0
0
0
0
0
0
0
0
0
0
0
0
0
1 1693
1 1829
2 993 1478
0
0
1 747
0
2 923 1563
0
0
0
0
0
0
0
0
0
0
0
0
0
0
0
0
0
0
0
0
0
0
0
0
0
0
0
1 1428
0
0
0
0
0
0
1 404
0
0
1 404
0
0
0
0
0
0
0
0
0
0
0
0
0
1 741
0
0
1 825
0
0
0
0
0
0
0
0
0
0
0
0
0
1 1492
0
0
0
0
0
0
0
0
0
0
0
0
0
0
0
0
0
0
0
0
0
0
0
1 716
0
0
0
0
0
0
0
0
0
0
0
0
0
0
0
1 1260
0
1 1663
0
0
1 1624
0
0
0
0
0
0
1 410
0
0
0
0
0
0
0
0
0
0
0
0
0
0
0
0
0
0
0
0
2 959 1143
0
0
0
0
0
0
0
1 1066
1 484
0
0
0
0
0
0
0
0
1 413
0
0
0
0
0
3 790 1255 1516
0
0
0
0
0
0
0
0
0
0
0
0
0
0
0
1 1319
0
2 1141 1516
0
0
0
0
0
0
0
0
0
1 951
1 1116
0
1 1779
1 415
0
0
0
0
1 1544
0
0
1 415
0
0
1 415
0
0
0
0
0
0
0
0
0
0
0
0
0
0
0
0
0
0
0
0
0
0
0
0
0
0
1 1835
0
0
0
0
0
0
1 417
0
0
1 417
0
0
0
0
0
0
0
0
0
0
0
0
0
0
0
0
0
0
0
0
1 1089
0
0
0
0
0
0
0
0
1 493
0
0
0
0
0
0
1 676
0
1 526
0
0
1 1847
0
0
0
0
0
0
0
0
0
0
0
0
0
1 1205
0
0
0
0
1 1515
0
0
0
0
0
0
0
0
0
0
0
0
0
0
0
0
0
1 1210
0
0
0
0
0
0
0
0
0
0
0
0
0
0
0
0
0
0
0
0
0
0
2 1217 1554
0
0
0
0
0
0
0
0
0
1 1471
1 1234
0
0
1 676
0
0
1 612
0
0
0
0
0
0
0
0
0
0
0
0
0
0
0
0
0
0
1 742
0
0
0
0
0
0
0
0
0
0
0
0
0
0
0
0
0
0
0
0
0
0
0
0
0
0
0
0
0
0
0
0
0
0
0
0
0
0
0
0
0
0
0
0
0
0
0
0
0
0
1 1534
0
0
0
0
1 436
0
0
0
0
0
0
0
1 436
0
0
1 436
0
0
0
0
0
0
0
0
0
0
0
0
0
0
0
0
0
0
0
0
0
0
0
0
0
0
0
0
0
1 1819
0
0
0
0
0
0
0
1 971
0
0
0
0
0
1 1727
0
0
0
0
0
1 442
0
0
0
0
0
0
0
0
0
0
0
0
0
0
0
0
0
0
0
0
0
1 443
0
0
1 443
0
0
0
1 805
0
0
0
0
0
0
0
0
0
0
0
0
0
0
0
0
0
1 1202
0
0
0
0
0
0
0
0
0
0
0
0
0
0
0
0
0
0
0
0
0
0
0
0
0
0
0
0
0
0
0
0
0
0
0
0
0
0
0
0
0
0
0
0
0
0
0
0
0
0
0
1 957
0
0
0
0
0
0
1 993
0
0
0
0
0
0
0
0
0
0
0
0
0
0
1 1657
0
0
0
0
0
0
1 1718
0
0
0
0
0
0
1 569
0
0
0
0
0
0
0
0
0
0
0
0
0
0
0
0
0
0
0
0
0
0
0
0
0
0
0
0
0
0
0
1 461
0
0
0
0
0
0
0
0
2 494 1301
0
0
0
0
0
0
0
0
0
0
0
0
0
1 1625
1 468
1 1167
0
0
0
0
0
0
1 468
0
0
1 468
0
0
0
0
0
0
0
0
0
0
0
0
0
0
0
0
0
0
0
0
0
0
0
0
0
0
0
0
0
0
0
0
0
0
0
0
0
0
0
0
0
0
0
1 474
0
0
0
0
0
0
0
1 474
0
0
1 474
0
0
0
0
0
0
0
0
0
0
0
0
0
0
0
0
0
0
0
0
0
0
0
0
0
0
0
0
0
0
0
0
0
0
0
0
1 475
0
0
0
0
0
0
0
1 475
0
0
1 475
0
0
0
0
0
0
0
0
0
0
0
0
0
0
0
0
0
0
0
0
0
0
0
0
0
0
0
0
0
0
0
0
0
1 477
0
0
1 477
0
0
0
0
0
0
0
0
0
0
0
0
0
0
0
0
0
0
0
0
0
0
0
0
0
0
0
0
0
0
0
0
0
0
0
0
0
0
0
0
0
0
0
0
2 1091 1767
0
1 1613
0
0
0
0
0
0
0
0
0
0
0
0
0
0
0
0
0
0
0
0
0
0
0
0
0
0
0
0
0
0
0
0
1 1495
0
0
0
0
0
0
0
0
0
0
0
0
0
0
0
0
0
0
0
0
0
0
0
0
0
0
0
0
0
0
0
0
0
0
0
0
0
0
0
0
0
0
0
0
0
0
0
0
0
0
0
4 687 825 1594 1726
0
0
0
0
0
0
0
0
0
0
0
0
0
0
0
0
0
0
0
0
0
1 884
0
0
0
0
0
0
0
0
0
0
1 1816
0
0
0
0
0
0
0
0
0
0
0
0
0
0
0
1 1219
0
0
0
0
0
0
0
0
1 1023
1 497
0
0
0
0
0
0
0
0
0
1 1411
0
0
0
0
0
0
0
0
0
0
1 1605
0
0
0
0
0
0
0
0
0
0
0
0
0
0
0
0
0
0
0
1 1154
0
0
0
0
0
0
0
1 1063
0
0
0
0
0
0
0
0
0
0
0
0
0
0
0
0
0
0
0
0
0
0
0
0
0
0
0
0
0
0
0
0
0
0
0
0
0
0
0
0
0
0
0
0
0
0
0
0
0
1 1834
0
0
0
0
0
0
0
0
0
0
0
0
0
0
0
0
0
0
0
0
0
0
1 1065
0
0
0
1 516
0
0
0
0
0
0
0
1 516
0
0
1 516
0
0
0
0
0
0
0
0
0
0
0
0
0
0
0
0
0
0
0
0
0
0
0
0
0
0
0
0
0
0
0
0
0
0
0
0
0
0
0
1 1505
0
0
0
0
0
0
0
0
0
0
0
0
0
0
0
0
0
0
0
0
0
0
0
0
0
0
0
0
0
0
0
1 1110
0
0
0
0
0
0
1 1640
0
0
0
0
0
0
0
0
0
0
0
0
0
0
0
0
1 985
0
0
1 524
0
0
1 524
0
0
0
0
0
0
0
0
0
0
0
0
0
0
0
0
0
0
0
0
0
0
0
0
0
0
0
0
0
0
0
0
1 526
0
0
0
1 971
0
0
0
0
0
0
0
0
0
0
0
1 982
0
1 1044
0
0
0
0
0
0
0
0
0
0
0
0
0
0
0
0
0
0
0
0
0
0
0
0
0
0
0
0
0
0
0
0
0
0
0
0
0
0
0
0
0
1 1237
0
0
0
0
0
0
0
0
0
0
0
0
0
0
0
0
0
0
0
0
0
0
0
0
0
1 538
0
0
1 538
0
0
0
0
0
0
0
0
0
0
0
0
0
0
0
0
0
0
0
0
0
0
0
0
0
0
0
0
0
0
0
0
0
0
0
0
0
0
0
0
0
0
0
0
0
0
0
0
0
0
0
0
0
0
0
0
0
0
0
0
0
0
0
0
0
0
0
0
0
0
0
0
0
0
0
0
0
0
0
0
0
0
0
0
0
0
0
0
0
0
0
0
0
0
0
0
0
0
0
0
0
0
0
0
0
0
0
0
0
0
0
0
0
0
1 1891
1 548
0
0
2 548 1891
0
0
1 564
0
0
0
0
0
0
0
0
0
0
0
0
0
0
0
0
0
0
0
0
0
0
0
0
0
0
0
0
0
0
0
0
0
0
0
0
0
0
0
0
0
0
1 1101
0
0
0
0
0
0
0
0
0
0
1 1835
0
0
0
0
0
0
1 727
0
0
0
0
1 831
0
0
0
0
0
0
0
0
0
0
0
0
0
0
0
0
0
0
0
0
0
2 558 1779
0
1 1255
0
0
0
1 1141
0
1 558
0
0
1 558
0
0
0
0
0
0
0
0
0
0
0
0
0
0
0
0
0
0
0
0
0
2 559 1578
0
0
0
0
0
0
0
0
0
0
0
0
0
0
0
0
0
0
0
0
0
0
0
0
0
0
0
0
0
0
0
0
0
1 1882
0
0
0
0
0
0
0
0
0
0
0
0
0
0
0
0
0
1 1406
0
0
0
0
0
0
0
0
1 564
0
0
1 564
0
0
0
0
0
0
0
0
0
0
0
0
0
0
0
0
0
0
0
0
0
0
1 565
1 644
0
0
0
0
0
0
1 565
0
0
1 565
0
0
0
0
0
0
1 659
0
0
0
0
0
0
0
0
0
0
0
0
0
0
0
0
0
0
0
0
0
0
0
0
0
0
0
1 569
0
0
0
0
0
0
0
0
0
0
0
0
0
0
0
0
0
0
1 574
0
0
0
0
0
0
0
2 574 1682
0
0
1 574
0
0
0
0
0
0
0
0
0
0
0
0
0
0
0
0
0
0
0
0
0
0
0
0
0
0
0
0
0
0
0
0
0
0
0
0
0
0
0
0
0
0
0
0
0
0
0
0
0
0
0
0
0
0
0
0
0
0
0
0
0
0
0
0
0
0
0
0
0
0
0
0
0
0
0
0
0
0
0
0
0
0
0
0
0
0
0
0
0
0
0
0
0
0
0
1 1705
0
0
0
0
0
1 1073
0
0
0
0
0
0
0
0
0
0
0
0
0
0
0
0
0
0
0
0
0
0
0
0
0
0
0
0
0
0
0
0
0
0
0
0
0
0
0
0
0
0
0
0
0
0
0
0
0
0
0
0
0
0
0
0
0
0
0
0
0
0
0
0
0
0
0
0
0
2 596 1054
0
0
1 596
0
0
0
0
0
0
0
0
0
0
0
0
0
0
0
0
0
0
0
0
0
0
0
0
1 1613
0
0
0
0
0
0
0
0
0
0
0
1 599
0
1 1627
0
0
0
0
0
0
0
0
0
0
0
0
0
0
0
0
0
0
0
0
0
0
0
0
0
1 1701
0
0
0
0
0
0
0
0
0
0
0
0
0
0
0
0
0
0
0
0
0
0
0
0
0
0
0
0
0
0
0
0
0
0
0
0
0
0
0
0
0
0
0
0
1 1159
2 701 783
1 1774
0
0
0
0
0
0
0
1 1341
1 1681
2 783 945
0
0
0
0
0
0
0
0
0
0
0
0
0
0
0
0
1 607
0
0
0
0
0
0
0
0
0
0
0
0
0
0
0
0
0
0
0
0
0
0
0
0
0
0
0
0
0
0
0
0
0
0
0
0
0
0
0
0
0
0
0
0
0
0
0
0
0
1 612
0
0
1 612
0
0
0
0
0
0
0
0
0
0
0
0
0
0
0
0
0
0
0
0
0
0
0
0
0
0
1 613
0
0
0
0
0
0
0
1 613
0
0
1 613
0
0
0
0
0
0
0
0
0
0
0
0
0
0
0
0
0
0
0
0
0
0
0
0
0
0
0
0
0
0
0
0
0
1 677
1 615
0
0
1 615
0
0
0
0
0
0
1 749
0
0
0
0
0
0
0
0
0
0
0
0
0
0
0
0
0
0
0
0
0
0
0
0
0
0
0
0
0
0
0
0
0
0
0
0
0
0
0
0
1 1663
0
0
0
0
0
0
0
0
0
0
0
0
0
0
0
0
0
0
0
0
0
0
0
0
0
0
0
0
0
0
0
0
0
0
0
0
0
0
0
0
0
0
0
0
0
0
0
0
0
0
0
0
0
0
0
0
0
0
0
0
0
0
1 629
0
0
0
0
1 1382
0
0
0
0
0
0
0
0
0
0
0
0
0
0
0
0
0
0
0
0
0
0
0
0
0
0
0
0
0
0
0
0
0
0
0
0
0
0
0
0
0
0
0
1 1104
0
0
0
0
0
0
0
0
0
0
0
0
0
0
0
0
0
0
0
0
0
0
0
0
0
0
0
0
0
0
1 1229
0
0
0
0
0
0
0
0
0
0
0
1 790
0
0
0
0
0
0
0
1 1795
0
0
0
0
0
0
0
0
0
0
0
0
0
0
0
0
0
0
0
0
0
0
1 1459
0
0
0
0
0
0
0
0
0
0
0
0
0
0
0
0
0
0
0
1 1529
0
0
1 899
0
0
0
0
0
0
0
0
0
0
0
0
0
0
0
0
0
0
0
0
0
0
0
0
0
0
0
0
0
0
0
0
0
0
0
0
0
0
0
0
0
0
0
0
0
0
1 1073
0
0
0
0
0
0
0
0
0
0
0
0
0
0
0
0
1 659
0
0
0
0
0
0
0
0
0
0
0
0
0
0
0
1 982
0
0
0
0
1 660
0
0
0
0
0
0
0
1 1582
0
0
0
0
0
0
0
0
0
0
1 1551
1 1013
0
0
0
0
0
0
0
0
0
0
0
1 1718
0
0
0
0
0
0
0
0
0
0
0
1 664
0
0
1 664
0
0
0
0
0
0
0
0
0
0
0
0
0
0
0
0
0
0
0
0
0
1 1104
0
0
0
0
0
0
0
0
0
0
0
0
0
0
0
0
0
0
0
0
0
1 1100
0
0
0
0
0
0
0
0
0
0
0
0
0
0
0
0
0
0
0
0
0
0
0
0
0
0
0
0
0
0
0
0
0
0
0
0
0
0
1 677
0
0
0
0
0
0
0
0
0
0
0
0
0
0
0
0
0
0
0
0
0
0
0
0
0
0
0
0
1 678
1 1532
0
0
0
0
0
0
1 678
0
0
1 678
0
0
0
0
0
0
0
0
0
0
0
0
0
0
0
0
0
0
0
0
0
0
0
0
0
0
0
0
0
0
0
0
0
0
0
0
0
0
0
0
0
0
0
0
0
0
0
0
0
0
0
0
0
0
0
0
0
0
0
0
0
0
0
1 1807
0
0
0
0
1 687
0
0
0
0
0
0
0
0
0
0
0
0
0
0
1 1274
0
0
0
0
0
0
0
0
0
0
0
0
0
0
0
0
0
0
0
0
0
0
0
0
0
0
0
0
0
0
0
0
0
0
0
0
0
0
0
0
0
0
0
0
0
0
0
0
0
0
0
0
0
0
0
0
0
0
0
0
0
0
0
0
0
0
0
0
0
0
0
0
0
0
0
0
0
0
0
0
0
0
0
0
0
0
0
0
1 1882
0
0
0
0
0
1 1705
0
0
0
0
0
0
1 701
0
0
0
0
0
0
0
0
1 1681
0
0
0
0
0
0
0
0
0
0
0
0
0
0
0
0
0
0
0
1 742
0
0
0
0
0
0
0
1 1532
0
0
0
0
0
0
0
0
0
0
0
0
0
0
0
0
0
0
0
0
0
0
2 1322 1767
0
0
0
0
0
0
0
0
0
0
0
1 1382
0
0
0
0
0
0
0
0
0
0
0
0
0
0
0
1 856
0
0
0
0
0
0
0
0
0
0
0
0
0
0
1 851
0
0
1 1798
0
0
0
0
0
1 1202
0
0
0
0
0
0
0
0
0
0
0
0
0
0
0
0
0
1 1618
0
0
0
0
0
0
0
0
0
0
0
0
0
0
0
0
0
0
0
0
0
0
0
0
0
0
0
0
0
0
0
0
0
0
0
0
0
0
0
0
0
0
0
0
0
0
0
1 727
0
0
0
0
0
0
0
0
0
0
0
0
0
0
0
0
0
0
0
0
0
0
0
0
0
0
0
0
0
0
0
0
0
0
0
0
0
0
0
0
0
0
0
0
0
0
0
0
0
0
0
0
0
0
0
0
0
0
0
0
0
0
0
0
0
0
0
0
0
0
0
0
0
0
0
0
0
0
0
0
0
0
0
0
0
0
0
0
0
0
0
0
0
0
0
0
0
0
0
0
0
0
0
0
0
0
0
0
0
0
0
0
0
0
0
0
0
0
0
0
0
0
0
1 744
0
0
0
0
0
0
0
1 744
0
0
1 744
0
0
0
0
0
0
0
0
0
0
0
0
0
0
0
0
0
0
0
0
0
0
1 1650
0
0
0
0
0
0
0
0
0
0
0
0
0
0
0
0
0
0
0
0
0
0
0
0
0
0
0
0
0
0
0
0
0
0
0
0
0
0
0
0
0
0
0
0
0
2 1027 1351
0
0
0
0
0
0
0
0
0
0
0
1 1744
1 749
0
0
0
0
0
0
0
0
0
1 1744
0
0
0
0
0
0
0
0
0
0
0
0
0
1 752
0
0
0
0
0
0
0
1 752
0
0
1 752
0
0
0
0
0
0
0
0
0
0
0
0
0
0
0
0
0
0
0
0
0
0
0
0
0
0
0
0
0
0
0
0
0
0
0
0
0
0
0
0
0
0
0
0
0
0
0
0
0
0
0
0
0
0
0
0
0
0
0
0
0
0
0
0
0
0
0
0
0
1 761
0
0
0
0
0
0
0
1 761
0
0
1 761
0
0
0
0
0
0
0
0
0
0
0
0
0
0
0
0
0
0
0
0
0
0
0
0
0
0
0
0
0
0
0
0
0
0
0
0
2 1458 1743
0
0
0
0
0
0
0
1 1645
0
0
0
0
1 1669
0
0
0
0
1 1847
1 884
0
0
0
0
0
0
0
0
0
0
0
0
0
0
0
0
0
0
0
0
0
0
0
0
0
0
0
0
0
0
0
0
0
0
0
0
0
0
0
0
0
0
0
0
0
0
0
0
0
0
0
0
0
0
0
0
0
0
0
0
0
0
0
0
0
0
0
1 774
0
0
1 774
0
0
0
0
0
0
0
0
0
0
0
0
0
0
0
0
0
0
0
0
0
0
0
0
0
0
0
0
1 1778
0
0
0
0
0
1 1807
0
0
0
0
0
0
0
0
0
0
0
0
0
0
0
0
0
0
0
0
0
0
0
0
0
0
0
0
0
0
0
0
0
0
0
0
0
0
0
0
0
0
0
0
0
0
0
0
0
0
0
0
0
0
0
0
0
0
0
1 1061
0
0
0
0
1 785
0
0
0
0
0
0
0
0
0
0
0
0
0
0
0
0
0
0
0
0
0
0
0
1 959
0
0
0
0
0
0
0
0
0
0
0
0
0
0
0
0
0
0
0
0
0
0
0
0
0
0
0
0
0
0
0
0
0
0
0
0
0
0
1 1863
0
1 1134
0
0
0
0
0
1 1728
0
0
0
0
0
0
0
0
0
0
0
0
0
1 1578
0
0
0
0
0
0
0
0
0
0
0
0
0
0
0
0
0
0
0
0
0
0
0
0
0
0
0
0
0
0
0
0
0
0
0
0
0
0
0
0
0
1 874
1 1106
0
0
0
0
0
0
0
0
0
0
0
0
0
0
0
0
0
1 812
0
0
1 812
0
0
0
0
0
0
0
0
0
0
0
0
0
0
0
0
0
0
0
0
0
0
0
0
0
0
0
0
0
0
0
0
0
0
0
0
1 1618
0
0
0
0
0
0
0
0
0
0
1 1551
0
0
0
0
0
0
0
0
0
0
0
0
0
0
0
0
0
0
0
0
0
0
0
0
0
0
0
0
0
0
0
0
0
0
0
0
0
0
0
0
0
0
0
0
0
0
0
0
0
0
0
0
0
0
0
0
0
0
0
0
0
0
1 1726
0
0
0
0
0
0
1 1726
0
0
0
0
1 1351
0
0
0
0
0
0
0
0
0
0
0
0
0
0
0
0
0
0
0
0
0
0
0
0
0
0
0
0
0
0
0
0
0
0
0
0
0
0
0
0
0
0
0
0
0
0
0
0
0
0
0
0
0
0
0
0
0
0
0
0
0
0
0
0
0
0
0
1 1154
0
0
0
0
0
0
0
0
0
0
0
0
0
0
0
0
0
0
0
0
0
0
0
0
0
0
0
0
0
0
0
0
0
0
0
0
0
0
0
0
0
0
0
0
0
0
0
0
0
0
0
0
0
0
0
0
0
0
0
0
0
0
0
0
0
0
0
0
0
0
0
0
0
0
0
0
0
0
0
0
0
1 1021
1 851
0
0
1 1021
0
0
0
0
0
0
0
0
0
0
0
0
0
0
0
0
0
0
0
0
1 853
1 1462
0
0
0
0
0
0
1 853
0
0
1 853
0
0
0
0
0
0
0
0
0
0
0
0
0
0
0
0
0
0
0
0
0
0
0
0
0
0
0
0
0
0
0
0
0
0
1 856
0
0
0
0
0
0
0
0
0
0
0
0
0
0
0
0
0
0
0
0
0
0
0
0
0
0
0
0
0
0
0
0
0
0
0
0
0
0
0
0
0
0
0
0
0
0
0
0
0
0
0
0
1 1462
0
0
0
0
0
0
0
0
0
0
0
0
0
0
0
0
0
0
0
0
0
0
0
0
0
0
0
0
0
0
0
0
0
0
0
0
0
0
0
0
1 1052
0
0
0
0
0
1 1265
0
0
0
0
0
0
0
0
1 868
0
0
1 868
0
0
0
0
0
0
0
0
0
0
0
0
0
0
0
0
0
0
0
0
0
0
0
0
0
0
0
0
0
0
0
0
0
0
0
0
0
0
0
0
0
0
0
0
0
0
0
0
0
0
0
0
0
0
0
0
0
0
0
0
0
0
0
0
0
0
0
0
0
0
0
0
0
0
0
0
0
0
0
0
0
0
0
0
0
0
0
0
0
0
0
0
0
0
0
0
0
0
0
0
0
0
0
0
0
0
0
0
0
0
0
0
0
0
0
0
0
0
0
0
0
1 1529
0
0
0
0
0
0
0
0
0
0
0
0
0
0
0
0
0
0
0
0
0
0
0
0
0
0
0
0
0
0
0
0
0
0
0
0
0
0
0
0
0
0
0
0
0
0
0
0
0
0
0
0
0
0
0
0
0
0
0
0
0
0
0
1 1465
0
0
0
0
0
0
0
0
0
0
0
0
0
0
0
0
1 1478
0
0
0
0
0
0
0
0
0
0
0
0
0
0
0
0
0
0
0
0
0
0
0
0
0
1 1013
0
0
0
0
0
0
0
1 899
0
0
1 899
0
0
0
0
0
0
0
0
0
0
0
0
0
0
0
0
0
0
0
0
0
0
0
0
0
0
0
0
0
0
0
0
0
0
0
0
0
0
0
0
0
0
0
0
0
0
0
0
0
0
0
0
0
0
0
0
0
0
0
0
0
0
0
0
0
0
0
0
0
0
0
1 909
0
1 1631
2 909 1774
0
0
0
0
0
1 1631
0
0
0
0
0
0
0
0
0
0
0
0
0
0
0
0
0
0
0
0
0
0
0
0
0
0
0
0
0
0
0
0
0
0
0
0
0
0
1 912
0
0
0
0
0
0
0
1 912
0
0
1 912
0
0
0
0
0
0
0
0
0
0
0
0
0
0
0
0
0
0
0
0
0
0
0
0
0
0
0
0
0
0
0
0
0
0
0
0
0
0
0
0
0
0
0
0
0
0
0
1 1505
0
0
0
0
0
0
0
0
0
0
0
0
0
0
1 919
0
0
1 919
0
0
0
0
0
0
0
0
0
0
0
0
0
1 1170
0
0
0
0
0
0
0
0
0
0
0
0
0
0
0
0
0
0
0
0
0
0
0
0
0
0
0
0
0
0
0
0
0
0
0
0
0
0
0
0
0
0
0
0
0
0
0
0
0
0
0
0
0
0
0
0
0
0
0
0
0
0
0
0
0
0
0
0
0
0
0
0
0
0
0
0
0
0
0
0
0
0
0
0
0
0
0
0
0
0
0
0
0
0
0
0
0
0
0
0
0
0
0
0
0
0
0
0
0
0
0
0
0
0
0
0
0
0
0
0
0
0
0
0
0
0
0
0
0
0
0
0
0
0
0
0
0
0
0
0
0
0
0
0
0
0
0
0
0
0
0
0
0
0
0
0
0
0
0
0
0
0
0
0
0
0
0
0
1 1459
0
0
0
0
0
0
0
0
0
0
0
0
0
0
0
0
0
0
1 1422
0
0
0
0
0
1 1091
0
0
0
0
0
0
0
0
0
0
0
0
0
0
1 1159
0
0
0
0
0
0
0
0
0
0
0
0
0
0
0
0
0
0
0
0
0
0
0
0
0
0
0
0
0
0
0
0
0
0
0
0
0
0
0
0
0
0
0
0
0
0
0
0
0
0
0
0
0
0
0
0
0
0
0
0
0
0
0
0
0
0
0
0
0
0
1 1684
0
0
0
0
0
0
0
0
0
0
0
0
0
0
0
0
0
0
0
0
0
0
0
0
0
0
0
0
0
0
0
0
0
0
0
1 1603
0
0
0
0
0
0
0
0
0
0
0
0
0
0
0
0
0
0
0
0
0
0
0
0
0
0
0
0
1 1219
0
0
0
0
0
0
0
0
0
0
0
0
0
1 1205
0
0
0
0
0
0
0
0
0
0
0
0
0
0
0
0
0
0
0
0
0
0
0
0
0
0
0
0
0
0
0
0
0
0
0
0
0
0
0
0
0
0
0
0
0
0
0
0
0
0
0
0
0
0
1 1778
0
0
0
0
0
0
0
0
0
0
0
0
0
0
0
0
0
0
0
0
0
0
0
0
0
0
0
0
0
0
0
0
0
0
0
0
0
0
0
0
0
0
0
0
0
1 998
0
0
0
0
0
0
0
1 998
0
0
1 998
0
0
0
0
0
0
0
0
0
0
0
0
0
0
0
0
0
0
0
0
0
0
0
0
0
0
0
0
0
0
0
0
0
0
0
1 1054
0
0
0
0
0
0
0
0
0
0
0
0
0
0
0
0
0
0
0
0
0
0
0
0
0
0
0
0
0
0
0
0
0
0
0
0
0
0
0
0
0
0
0
0
0
0
0
0
0
0
0
0
0
0
0
0
0
0
0
0
0
0
0
0
1 1360
1 1582
0
0
0
0
0
0
0
0
0
0
0
0
0
0
0
0
0
0
0
0
0
0
0
0
0
0
0
0
0
0
0
0
0
0
0
0
0
0
0
0
0
0
0
0
0
0
0
0
0
0
0
0
0
0
0
0
0
0
0
0
0
0
0
0
0
0
0
0
0
0
0
0
0
0
0
0
0
0
1 1025
0
0
0
0
0
0
0
1 1025
0
0
1 1025
0
0
0
0
0
0
0
0
0
0
0
0
0
0
0
0
0
0
0
0
0
0
0
0
0
0
1 1027
0
0
0
0
0
0
0
1 1091
0
0
0
0
0
0
0
0
0
0
0
0
0
0
0
0
0
0
0
0
0
0
0
0
0
0
0
0
0
0
0
0
0
0
0
0
0
0
0
0
0
0
0
0
0
0
0
0
0
0
0
0
0
0
0
0
0
0
0
0
0
0
0
0
0
0
0
0
0
0
0
0
0
0
0
0
0
0
0
0
0
0
0
0
0
0
0
0
0
0
0
0
0
0
0
0
0
0
1 1834
0
0
0
0
0
0
0
0
0
0
0
0
0
0
0
0
0
0
1 1044
0
0
1 1044
0
0
0
0
0
0
0
0
0
0
0
0
0
0
0
0
0
0
0
0
0
0
0
0
0
0
0
0
0
0
0
0
0
0
0
0
0
0
0
0
0
0
0
0
0
0
0
0
0
0
0
0
0
0
0
0
0
0
0
0
0
0
0
0
0
0
0
0
0
0
0
1 1052
0
0
0
0
0
0
0
0
0
0
0
0
0
0
0
0
0
0
0
0
0
0
0
0
0
0
0
0
0
0
0
0
0
0
0
0
0
0
0
0
0
0
0
0
0
0
0
0
1 1363
0
0
0
0
0
0
0
0
0
0
0
0
0
0
0
0
0
0
0
0
0
0
0
0
0
0
0
0
0
0
0
0
0
0
0
0
0
0
0
0
0
0
0
0
1 1061
0
0
0
0
0
0
0
0
0
0
0
0
0
0
0
0
0
0
0
0
0
0
0
0
0
0
0
0
0
0
0
0
0
0
0
0
0
0
0
0
0
0
0
0
0
1 1065
0
0
2 1065 1650
0
0
0
0
0
0
0
0
0
0
0
0
0
0
0
0
0
0
0
0
0
1 1066
0
0
1 1066
0
0
0
0
0
0
0
0
0
0
0
0
0
0
0
0
0
0
0
0
0
0
0
0
0
0
0
0
0
0
0
0
0
0
0
0
0
0
0
0
0
0
0
0
0
0
0
0
0
0
0
0
0
0
0
0
0
0
0
0
0
0
0
0
0
0
0
0
0
0
0
0
0
0
0
0
0
0
0
0
0
0
0
0
0
0
0
0
0
0
0
0
0
0
0
0
0
0
0
0
0
0
0
0
0
0
0
0
0
0
0
0
0
0
0
0
0
0
0
0
0
0
0
0
0
0
0
0
0
0
0
0
0
0
0
0
0
0
0
0
0
0
0
0
0
0
0
0
0
0
0
0
0
0
0
0
0
0
0
1 1834
0
0
0
0
0
0
0
0
0
0
0
0
0
0
0
0
0
0
0
0
0
0
0
0
0
0
0
0
0
0
0
0
0
0
0
0
0
0
0
0
0
0
0
0
0
0
0
0
0
0
0
0
0
0
0
0
0
0
0
0
0
0
0
0
0
0
0
0
0
0
0
0
0
0
0
0
0
0
0
0
0
0
0
0
0
0
0
0
0
0
0
0
0
0
0
0
0
0
0
0
0
0
0
0
0
0
0
1 1465
0
0
0
0
0
0
0
0
0
0
0
1 1601
0
0
0
0
1 1106
0
0
1 1106
0
1 1601
0
0
0
0
0
0
0
0
0
0
0
0
0
1 1601
0
0
0
0
0
0
0
0
0
0
0
0
0
0
0
0
0
0
0
0
0
0
0
0
0
0
1 1113
0
0
0
0
0
0
0
1 1113
0
0
2 1113 1687
0
0
1 1645
0
0
0
0
0
0
0
0
0
0
0
0
0
0
0
0
0
0
0
0
0
0
0
0
0
0
0
0
0
0
0
0
0
0
0
0
0
0
0
0
0
0
0
0
0
0
0
0
0
0
0
0
0
1 1798
0
0
0
1 1121
0
0
0
0
0
0
0
1 1121
0
0
2 1121 1806
0
0
0
0
0
0
0
0
0
0
0
0
0
0
0
0
0
0
0
0
0
0
0
0
0
0
0
0
0
0
0
0
0
0
0
0
0
0
0
0
0
0
0
0
0
0
0
0
0
0
0
0
0
0
0
0
0
0
0
0
0
0
0
0
0
0
0
0
0
0
0
0
0
0
0
0
0
0
0
0
0
0
0
0
0
0
0
0
0
0
0
0
0
0
0
0
0
0
0
0
0
0
0
0
0
0
0
0
0
0
0
0
0
0
0
0
0
0
0
0
0
0
0
0
0
0
0
0
0
0
0
0
0
0
0
0
0
0
0
0
0
0
0
0
0
0
0
0
0
0
0
0
0
0
0
0
0
0
0
0
0
0
0
0
0
0
0
0
0
0
0
0
0
0
0
0
0
0
0
0
0
0
0
0
0
1 1147
0
0
0
0
0
0
0
0
0
0
0
0
0
0
0
0
0
0
0
0
0
0
0
0
0
0
0
0
0
0
0
0
0
0
0
0
0
0
0
0
0
1 1554
0
0
0
0
0
0
0
0
0
0
0
0
0
0
0
1 1159
0
0
0
0
0
0
0
0
0
1 1684
0
0
0
0
0
0
0
0
0
0
0
0
0
0
0
0
0
0
0
0
0
0
0
0
0
0
0
0
0
0
0
0
0
0
0
0
0
0
0
0
0
0
0
0
0
0
0
0
0
0
0
0
0
0
0
0
0
0
0
0
0
0
0
0
0
0
0
0
0
0
0
0
0
0
0
0
0
0
0
0
0
0
0
1 1172
0
0
1 1172
0
0
0
0
0
0
0
0
0
0
0
0
0
0
0
0
0
0
0
0
0
0
0
0
0
0
0
0
0
0
0
0
0
0
0
0
0
0
0
0
0
0
0
0
0
0
0
0
0
0
0
0
0
0
0
0
0
0
0
0
0
0
0
0
0
0
0
0
0
0
0
0
0
0
1 1194
0
0
0
0
0
0
0
1 1194
0
0
1 1194
0
0
0
0
0
0
1 1890
0
0
0
0
0
0
0
0
0
0
0
0
0
0
0
0
0
0
0
0
0
0
0
0
0
0
0
0
0
0
0
0
0
0
0
0
0
0
0
0
0
0
0
0
0
0
0
0
0
0
0
0
0
0
0
0
0
0
0
0
0
0
0
0
0
0
0
0
0
0
0
0
0
0
0
0
0
0
0
0
0
0
0
1 1205
0
0
0
0
0
0
0
0
0
0
1 1587
0
0
0
0
0
0
0
0
0
0
0
0
0
0
0
0
0
0
0
0
0
0
0
0
0
0
0
0
0
0
0
0
0
0
0
0
0
0
0
0
0
0
0
0
0
0
0
0
0
0
0
0
0
0
0
0
0
0
0
0
0
0
0
0
0
0
0
0
0
0
0
0
0
0
0
0
0
0
1 1219
0
0
0
0
0
0
0
0
0
0
0
0
0
0
0
0
0
0
0
0
0
0
0
0
0
0
0
0
0
0
0
0
0
0
0
0
0
0
0
0
0
0
0
0
0
0
0
0
0
0
0
0
0
0
0
0
1 1229
1 1288
0
0
0
0
0
0
0
0
0
0
0
0
0
0
0
0
0
0
0
0
0
0
0
0
0
0
0
0
0
0
0
0
0
0
0
0
0
0
0
0
0
0
0
0
0
0
0
0
0
0
0
0
0
0
0
0
0
0
0
0
0
0
0
0
0
0
0
0
0
0
0
0
0
0
0
0
0
0
0
1 1240
0
0
1 1240
0
0
0
0
0
0
0
0
0
0
0
0
0
0
0
0
0
0
0
0
0
0
0
0
0
0
0
0
0
0
0
0
0
0
0
0
0
0
0
0
0
0
0
0
0
0
0
0
0
0
0
0
0
0
0
0
0
0
0
0
0
0
0
0
0
0
0
0
0
0
0
0
0
0
0
0
0
0
0
0
0
0
0
0
0
0
0
0
0
0
0
0
0
0
0
0
0
0
0
0
0
0
0
0
0
0
0
0
0
0
0
0
0
0
0
0
0
0
0
0
0
0
0
0
0
0
0
0
0
0
0
0
0
0
0
0
0
0
0
0
0
0
0
0
0
0
0
0
0
0
0
0
0
0
0
0
0
0
0
0
0
0
0
0
0
0
0
0
0
0
0
0
0
0
0
0
0
0
0
0
1 1669
0
0
0
0
1 1554
0
0
0
0
0
0
0
0
0
0
0
0
0
0
0
0
0
0
0
0
0
0
0
0
0
0
0
0
0
0
0
0
0
0
0
0
0
0
0
0
0
0
0
0
0
0
0
0
0
0
0
0
0
0
0
0
0
0
0
0
0
0
0
0
0
0
0
0
0
0
0
0
0
0
0
0
0
0
0
0
0
1 1288
0
0
1 1288
0
0
0
0
0
0
0
0
0
0
0
0
0
0
0
0
0
0
0
0
0
0
0
0
0
0
0
0
0
0
0
0
0
0
0
0
0
0
0
0
0
0
0
0
0
0
0
0
0
0
0
0
0
0
0
0
0
0
0
0
0
0
0
0
0
0
0
0
0
0
0
0
0
0
0
0
0
0
0
0
0
0
0
0
0
0
0
0
0
0
0
0
0
0
0
0
0
0
0
0
0
0
0
0
0
0
0
0
0
0
0
0
0
0
0
0
0
0
0
0
0
0
0
0
0
0
0
0
0
0
0
0
0
0
0
0
0
0
0
0
0
0
0
0
0
0
0
0
0
0
0
1 1322
0
0
0
0
0
0
0
0
0
0
0
0
0
0
0
0
0
0
0
0
0
0
0
0
0
0
0
0
0
0
0
0
0
0
0
0
0
0
0
0
0
0
0
0
0
0
0
0
0
0
0
0
0
0
0
0
0
0
0
0
0
0
0
0
0
0
0
0
0
0
0
0
0
0
2 1482 1883
0
0
0
0
0
0
0
0
0
0
0
0
0
0
0
1 1335
0
0
0
0
0
0
0
1 1335
0
0
1 1335
0
0
0
0
0
0
0
0
0
0
0
0
0
0
0
0
0
0
0
0
0
0
0
0
0
0
0
0
0
0
0
0
0
0
0
0
0
0
0
0
0
0
0
0
0
0
0
0
0
0
0
0
0
0
0
0
0
0
0
0
0
0
0
0
0
0
0
0
0
0
0
0
0
0
0
0
0
0
0
0
0
0
0
0
0
0
0
0
0
0
0
0
0
0
0
0
0
0
0
0
0
0
0
0
0
0
0
0
0
0
0
0
0
0
0
0
0
0
0
0
0
0
0
0
0
0
0
0
0
0
0
0
0
0
0
0
0
0
0
0
1 1353
0
0
0
0
0
0
0
1 1353
0
0
1 1353
0
0
0
0
0
0
0
0
0
0
0
0
0
0
0
0
0
0
0
0
0
0
0
0
0
0
0
0
0
0
0
0
0
0
0
0
0
0
0
0
0
0
1 1355
0
0
0
0
0
0
0
1 1355
0
0
1 1355
0
0
0
0
0
0
0
0
0
0
0
0
0
0
0
0
0
0
0
0
0
0
0
0
0
0
0
0
0
0
0
0
0
0
0
0
0
0
0
0
0
1 1863
0
0
0
0
0
0
0
0
0
0
0
0
0
0
0
0
0
0
0
0
0
0
0
0
0
0
0
0
0
0
0
0
0
0
0
0
0
0
0
0
0
0
0
0
0
0
1 1363
0
0
0
0
0
0
0
0
0
0
0
0
0
0
0
0
0
0
0
0
0
0
0
0
0
0
0
0
0
0
0
0
0
0
0
0
0
0
0
0
0
0
0
0
0
0
0
0
0
0
0
0
0
0
0
0
0
0
0
0
0
0
0
0
0
0
0
0
0
0
0
0
0
0
0
0
0
0
0
0
0
0
0
0
0
0
0
0
0
0
0
0
0
0
0
0
0
0
0
0
0
0
0
0
0
0
0
0
0
0
0
0
0
0
0
0
0
0
0
0
0
0
0
0
0
0
0
0
1 1625
0
0
0
1 1394
0
0
0
0
0
0
0
1 1394
0
0
0
0
0
0
0
0
0
0
0
0
0
0
0
0
0
0
0
0
0
0
0
0
0
0
0
0
0
0
0
0
0
0
0
0
0
0
0
0
0
0
0
0
0
0
0
0
0
0
0
0
0
0
0
0
0
0
0
0
0
0
0
0
0
0
0
0
0
0
0
0
0
0
0
0
0
0
0
0
0
0
0
0
0
0
0
0
0
0
0
0
0
0
0
0
0
0
0
0
0
0
0
0
0
0
0
0
0
0
0
0
0
0
0
0
0
0
0
0
0
0
0
0
0
0
0
0
0
0
0
0
0
0
0
0
0
0
0
0
0
0
0
0
0
0
0
0
0
0
0
0
0
0
0
0
0
0
0
0
0
0
0
0
0
0
0
0
0
0
0
0
0
0
0
0
0
0
0
0
0
0
0
0
0
0
0
0
0
0
0
0
0
0
0
0
0
0
0
0
0
0
0
0
0
0
0
0
0
0
0
0
0
0
0
0
0
0
0
0
0
0
0
0
0
0
0
0
0
0
0
0
0
0
0
0
0
0
0
0
0
0
0
0
0
0
0
0
0
0
0
0
0
0
0
0
0
0
0
0
0
0
0
0
0
0
0
0
0
0
0
0
0
0
0
0
0
0
0
0
0
0
0
0
0
0
0
0
0
0
0
0
0
0
0
0
0
0
0
0
0
0
0
0
0
0
0
0
0
0
0
0
0
0
0
0
0
0
0
0
0
0
0
0
0
1 1582
0
0
0
0
0
0
0
0
0
0
0
0
0
0
0
0
0
0
0
0
0
1 1466
0
0
1 1466
0
0
0
0
0
0
0
0
0
0
0
0
0
0
0
0
0
0
0
0
0
0
0
0
0
0
0
0
0
0
0
0
0
0
0
0
0
0
0
0
0
0
0
0
0
0
0
0
0
0
0
0
0
0
0
0
0
0
0
0
0
0
0
0
0
0
0
0
0
0
0
0
0
0
0
0
0
0
0
0
0
0
0
0
0
0
0
0
0
0
0
0
0
0
0
0
0
0
0
0
0
0
0
0
0
1 1482
0
0
1 1482
0
0
0
0
0
0
0
0
0
0
0
0
0
0
0
0
0
0
0
0
0
0
0
0
0
0
0
0
0
0
0
0
0
0
0
0
0
0
0
0
0
0
0
0
0
0
0
0
0
0
0
0
0
0
0
0
1 1550
0
0
0
1 1492
0
0
1 1492
0
0
0
0
0
0
0
0
0
0
0
0
0
0
0
0
0
0
0
0
0
0
0
0
0
0
0
0
0
0
0
0
0
0
0
0
0
0
0
0
0
0
0
0
0
0
0
0
0
0
0
0
0
0
0
0
0
0
0
0
0
0
0
0
0
0
1 1587
0
0
1 1883
0
0
0
0
0
0
0
0
0
0
0
0
1 1503
0
0
1 1503
0
0
0
0
0
0
0
0
0
0
0
0
0
0
0
0
0
0
0
0
0
0
0
0
0
0
0
0
0
0
0
0
0
0
0
0
0
0
0
0
0
0
0
0
0
0
0
0
0
0
0
0
0
0
0
0
0
0
0
0
0
0
0
0
0
0
0
0
0
0
0
0
0
0
0
0
0
0
0
0
0
0
0
0
0
0
0
0
0
0
0
0
0
0
0
0
0
0
0
0
0
0
0
0
0
0
0
0
0
0
0
0
0
0
0
0
0
0
0
0
0
0
0
0
0
0
0
0
0
0
0
0
0
0
0
0
0
0
0
0
0
0
0
0
0
0
0
0
0
0
0
0
0
0
0
0
0
0
0
0
0
0
0
0
0
0
0
0
0
0
0
0
0
0
0
0
0
0
0
0
0
0
0
0
0
0
0
0
0
0
0
0
0
0
0
0
0
0
0
0
0
0
0
0
0
0
0
0
0
0
0
0
0
0
0
0
0
0
0
0
0
0
0
0
0
0
0
0
0
0
0
0
0
1 1544
0
0
1 1544
0
0
0
0
0
0
0
0
0
0
0
0
0
0
0
0
0
0
0
0
0
0
0
0
0
0
0
0
0
0
0
0
0
0
1 1550
0
0
1 1550
0
0
0
0
0
0
0
0
0
0
0
0
0
0
0
0
0
0
0
0
0
0
0
0
0
0
0
0
0
0
0
0
1 1774
0
0
0
0
0
0
0
0
1 1552
0
0
0
0
0
0
0
1 1552
0
0
1 1552
0
0
0
0
0
0
0
0
0
0
0
0
0
0
0
0
0
0
0
0
0
0
0
0
0
0
0
0
0
0
0
0
0
0
0
0
0
0
0
0
0
0
0
0
0
0
0
0
0
0
0
0
0
0
0
0
0
0
0
0
0
0
0
0
0
0
0
0
0
0
0
0
0
0
0
0
0
0
0
0
0
0
0
0
0
0
0
0
0
0
0
0
0
0
0
0
0
0
0
0
0
0
0
0
0
0
0
0
0
0
0
0
0
0
0
0
0
0
0
0
0
0
0
0
0
0
0
0
0
0
0
0
1 1603
0
0
0
0
0
0
0
0
0
0
0
0
0
0
0
0
0
0
0
0
0
0
0
0
0
0
0
0
0
0
0
0
0
0
0
0
0
0
0
0
0
0
0
0
0
0
0
0
0
0
0
0
0
0
0
0
0
0
0
0
0
0
0
0
0
0
0
0
0
0
0
0
0
0
0
0
0
0
0
0
0
0
0
0
0
0
0
0
0
0
0
0
0
0
0
0
0
0
0
0
0
0
0
0
0
0
0
0
0
0
0
0
0
0
0
0
0
0
0
0
0
0
0
0
0
0
0
0
0
0
0
0
0
0
0
0
0
0
0
0
0
0
0
0
0
0
0
0
0
0
0
0
0
0
0
0
0
0
0
0
0
0
0
0
0
0
0
0
0
0
0
0
0
0
0
0
0
0
0
0
0
0
0
0
0
0
0
0
0
0
0
0
0
0
0
0
0
0
0
0
0
0
0
0
0
0
0
0
0
0
0
0
0
0
0
0
0
0
0
0
0
0
0
0
0
0
0
0
0
0
0
0
0
0
0
0
0
0
0
0
0
0
0
0
0
0
0
0
0
0
0
0
0
0
0
0
0
0
0
0
0
0
0
0
0
0
0
0
0
0
0
0
0
0
0
0
0
0
0
0
0
0
0
0
0
0
0
0
0
0
0
0
0
0
0
0
0
0
0
0
0
0
0
0
1 1728
0
0
0
0
0
0
0
0
0
0
0
0
0
0
0
0
0
0
0
0
0
0
0
0
0
0
0
0
0
0
0
0
0
0
0
0
0
0
0
0
0
0
0
0
0
0
0
0
0
0
0
0
0
0
0
0
0
0
0
0
0
0
0
0
0
0
0
0
0
0
0
0
0
0
0
0
0
0
0
0
0
0
0
0
0
0
0
0
0
0
0
0
0
0
0
0
0
0
0
0
0
0
0
0
0
0
0
0
0
0
0
0
0
0
0
0
0
0
0
0
0
0
0
0
0
0
0
0
0
0
0
0
0
0
0
0
0
0
0
0
0
0
0
0
0
0
0
0
0
0
0
0
0
0
0
0
0
0
0
0
0
0
0
0
0
0
0
0
0
0
0
0
0
0
0
0
0
0
0
1 1668
0
0
0
0
0
0
0
1 1668
0
0
1 1668
0
0
0
0
0
0
0
0
0
0
0
0
0
0
0
0
0
0
0
0
0
1 1669
0
0
0
0
0
0
0
0
0
0
0
0
0
0
0
0
0
0
0
0
0
0
0
0
0
0
0
0
0
0
0
0
0
0
0
0
0
0
0
0
0
0
0
0
0
0
0
0
1 1674
0
0
0
0
0
0
0
1 1674
0
0
1 1674
0
0
0
0
0
0
0
0
0
0
0
0
0
0
0
0
0
0
0
0
0
0
0
0
0
0
0
0
0
0
0
0
0
0
0
0
0
1 1679
0
0
0
0
0
0
0
1 1679
0
0
1 1679
0
0
0
0
0
0
0
0
0
0
0
0
0
0
0
0
0
0
0
0
0
0
0
0
0
0
0
0
0
0
0
0
0
0
0
0
0
0
0
0
0
0
0
0
0
0
0
0
0
0
0
0
0
0
0
0
0
0
0
0
0
0
0
0
0
0
0
0
0
0
0
0
0
0
0
0
0
0
0
0
1 1687
0
0
1 1687
0
0
0
0
0
0
0
0
0
0
0
0
0
0
0
0
0
0
0
0
0
0
0
0
0
0
0
0
0
0
0
0
0
0
0
0
0
0
0
0
0
0
0
1 1890
0
0
0
0
0
0
0
0
0
0
0
0
0
0
0
0
0
0
0
0
0
0
0
0
0
0
0
0
0
0
0
0
0
1 1699
0
0
0
0
0
0
0
1 1699
0
0
1 1699
0
0
0
0
0
0
0
0
0
0
0
0
0
0
0
0
0
0
0
0
0
0
0
0
0
0
0
0
0
0
0
0
0
0
0
0
0
0
0
0
0
0
0
0
0
0
0
0
0
0
0
0
0
0
0
0
0
0
0
0
0
0
0
0
0
0
0
0
0
0
0
0
0
0
0
0
0
0
0
0
0
0
0
1 1706
0
0
1 1706
0
0
0
0
0
0
0
0
0
0
0
0
0
0
0
0
0
0
0
0
0
0
0
0
0
0
0
0
0
0
0
0
0
0
0
0
0
0
0
0
0
0
0
0
0
0
0
0
0
0
0
0
0
0
0
0
0
0
0
0
0
0
0
1 1721
0
0
1 1721
0
0
0
0
0
0
0
0
0
0
0
0
0
0
0
0
0
0
0
0
0
0
0
0
0
0
0
0
0
0
0
0
0
0
0
0
0
0
0
0
0
0
0
0
0
0
0
0
0
0
0
0
0
0
0
0
0
0
0
0
0
0
0
0
0
0
0
0
0
0
0
0
0
0
0
0
0
0
0
0
0
0
0
0
0
0
0
0
0
0
0
0
0
0
0
0
0
0
0
0
0
0
0
0
0
0
0
0
0
0
0
0
0
0
0
0
1 1847
0
0
0
0
0
0
1 1741
0
0
0
0
0
0
0
1 1741
0
0
1 1741
0
0
0
0
0
0
0
0
0
0
0
0
0
0
0
0
0
0
0
0
0
0
0
0
0
0
0
0
0
0
0
0
0
0
0
0
0
0
0
0
0
0
0
0
0
0
0
0
0
0
0
0
0
0
0
0
0
0
0
0
0
0
0
0
0
0
0
0
0
0
0
0
0
0
0
0
0
0
0
0
0
1 1749
0
0
0
0
0
0
0
1 1749
0
0
1 1749
0
0
0
0
0
0
0
0
0
0
0
0
0
0
0
0
0
0
0
0
0
0
0
0
0
0
0
0
0
0
0
0
0
0
0
0
0
0
0
0
0
0
0
0
0
0
0
0
0
0
0
0
0
0
0
0
0
0
0
0
0
0
0
0
0
0
0
0
0
0
0
0
0
0
0
0
0
0
0
0
0
0
0
0
0
0
0
0
0
0
0
0
0
0
0
0
0
0
0
0
0
0
0
0
0
0
0
0
0
0
0
0
0
0
0
0
0
0
0
0
0
0
0
0
0
0
0
0
0
0
0
0
0
0
0
0
0
0
0
0
0
0
0
0
0
0
0
0
0
0
0
0
0
0
0
0
0
0
0
0
0
0
0
0
0
0
0
0
0
0
0
0
0
0
0
0
0
0
0
0
0
0
0
0
0
0
0
0
0
0
0
0
0
0
0
0
0
0
0
0
0
0
0
0
0
0
0
0
1 1791
0
0
0
0
0
0
0
1 1791
0
0
1 1791
0
0
0
0
0
0
0
0
0
0
0
0
0
0
0
0
0
0
0
0
0
0
0
0
0
0
0
0
0
0
0
0
0
0
0
0
0
0
0
0
0
0
0
0
0
0
0
0
0
0
0
0
0
0
0
0
0
0
0
0
0
0
0
0
0
0
0
0
0
0
0
0
0
0
0
0
0
0
0
0
0
0
0
0
0
0
0
0
0
0
0
0
0
0
0
0
0
0
0
0
0
0
0
0
0
0
0
0
0
0
0
0
0
0
0
0
1 1806
0
0
1 1806
0
0
0
0
0
0
0
0
0
0
0
0
0
0
0
0
0
0
0
0
0
0
0
0
0
0
0
0
0
0
0
0
0
0
0
0
0
0
0
0
0
0
0
0
0
0
0
0
0
0
0
0
0
0
0
0
0
0
0
1 1816
0
0
1 1816
0
0
0
0
0
0
0
0
0
0
0
0
0
0
0
0
0
0
0
0
0
0
0
0
0
0
0
0
0
0
0
0
0
0
0
0
0
0
0
0
0
0
0
0
0
0
1 1825
0
0
0
0
0
0
0
0
0
0
0
0
0
0
0
0
0
0
0
0
0
0
0
0
0
0
0
0
0
0
0
0
0
0
0
0
0
0
0
0
0
0
0
0
0
0
0
0
0
0
0
0
0
0
0
0
0
0
0
0
0
0
0
0
0
0
0
0
0
0
0
0
0
0
0
0
0
0
0
0
0
0
0
0
0
0
0
0
0
0
0
0
0
0
0
0
0
0
0
0
0
0
0
0
0
0
0
0
0
0
0
0
0
0
0
0
0
0
0
0
0
0
0
0
0
0
0
0
0
0
0
0
0
0
0
0
0
0
0
0
0
0
0
0
0
0
0
0
0
0
0
0
0
0
0
0
0
0
0
0
0
0
0
0
0
0
0
0
0
0
0
0
0
0
0
0
0
0
0
0
0
0
0
0
0
0
0
0
0
0
0
0
0
0
0
0
0
0
0
0
0
0
0
0
0
0
0
0
0
0
0
0
0
0
0
0
0
0
0
0
0
0
0
0
0
0
0
0
0
0
0
0
0
0
0
0
0
0
0
0
0
0
0
0
0
0
0
0
0
0
0
0
0
0
0
0
0
0
0
0
0
0
0
0
0
0
0
0
0
0
0
0
0
0
0
0
0
0
0
0
0
0
0
0
0
0
0
0
0
0
0
0
0
0
0
0
0
0
0
0
0
0
0
0
0
0
0
0
0
0
0
0
0
0
0
0
0
0
0
0
1 1887
0
0
0
0
0
0
0
1 1887
0
0
1 1887
0
0
0
0
0
0
0
0
0
0
0
0
0
0
0
0
0
0
0
0
0
0
0
0
0
0
0
0
0
0
0
0
0
0
0
0
0
0
0
0
0
0
0
0
0
0
0
0
0
0
0
0
0
0
0
0
0
0
