2 14 39
0
1 92
3 130 155 187
5 206 231 263 270 271
5 291 316 348 355 356
3 377 402 434
5 452 477 509 516 517
2 544 569
2 607 632
3 671 696 728
1 748
5 772 797 829 836 837
2 853 878
5 919 944 976 983 984
2 1000 1025
2 1043 1068
2 1100 1125
2 1164 1189
0
2 1215 1240
3 1286 1311 1343
5 1360 1385 1417 1424 1425
2 1450 1475
5 1514 1539 1571 1578 1579
2 1598 1623
5 1662 1687 1719 1726 1727
2 1752 1777
2 1817 1842
3 1873 1898 1930
2 1950 1975
3 2008 2033 2065
3 2083 2108 2140
2 2148 2173
2 2198 2223
2 2260 2285
2 2323 2348
5 2391 2416 2448 2455 2456
3 2473 2498 2530
2 2549 2574
2 2601 2626
2 2648 2673
3 2686 2711 2743
0
2 2766 2791
2 2829 2854
2 2885 2910
2 2950 2975
5 3016 3041 3073 3080 3081
5 3090 3115 3147 3154 3155
1 3181
5 3195 3220 3252 3259 3260
1 3276
3 3305 3330 3362
5 3378 3403 3435 3442 3443
2 3452 3477
2 3519 3544
2 3582 3607
3 3643 3668 3700
5 3714 3739 3771 3778 3779
3 3800 3825 3857
3 3870 3895 3927
2 3942 3967
1 4004
5 4038 4063 4095 4102 4103
5 4118 4143 4175 4182 4183
4 4191 4216 4248 4255
5 4266 4291 4323 4330 4331
3 4352 4377 4409
2 4427 4452
3 4489 4514 4546
5 4565 4590 4622 4629 4630
5 3083 4658 4690 4697 4698
2 4715 4740
5 4762 4787 4819 4826 4827
2 4843 4868
3 4884 4909 4941
2 4957 4997
4 5020 5045 5077 5084
3 5097 5122 5154
5 5172 5197 5229 5236 5237
2 5245 5270
5 5293 5318 5350 5357 5358
3 5374 5399 5431
3 5443 5468 5500
2 5516 5541
5 5564 5589 5621 5628 5629
5 5640 5665 5697 5704 5705
3 5717 5742 5774
5 5788 5813 5845 5852 5853
2 5864 5889
5 5918 5943 5975 5982 5983
2 6000 6025
4 6045 6070 6102 6109
2 6124 6149
2 6187 6214
3 6253 6278 6310
5 6321 6346 6378 6385 6386
3 6403 6428 6460
1 6479
5 6505 6530 6562 6569 6570
1 6584
1 6609
5 6632 6657 6689 6696 6697
2 6709 6734
2 6771 6796
1 6832
2 6860 6885
5 6896 6921 6953 6960 6961
2 6975 7000
1 7022
5 7053 7078 7110 7117 7118
2 7126 7151
2 7171 7196
5 7221 7246 7278 7285 7286
2 7307 7332
5 5382 7364 7396 7403 7404
1 7420
3 7431 7456 7488
3 7499 7524 7556
3 7570 7595 7627
2 7644 7669
1 7697
5 7112 7744 7776 7783 7784
5 7801 7826 7858 7865 7866
2 7887 7912
2 7952 7977
3 8013 8038 8070
5 8079 8104 8136 8143 8144
2 8150 8175
1 8219
1 8248
2 7233 8286
0
5 8336 8361 8393 8400 8401
5 5728 8426 8458 8465 8466
1 8483
1 8499
1 8516
5 8531 8556 8588 8595 8596
2 8327 8622
3 8656 8681 8713
5 7811 8741 8773 8780 8781
5 7811 8817 8849 8856 8857
3 8877 8902 8934
2 8945 8970
2 9011 9036
5 7077 9074 9106 9113 9114
2 9130 9155
2 9182 9207
2 9223 9248
5 9279 9304 9336 9343 9344
2 9352 9377
2 9411 9436
3 9456 9481 9513
5 9526 9551 9583 9590 9591
2 9604 9629
3 9649 9674 9706
2 9719 9744
2 9769 9794
5 8729 9830 9862 9869 9870
1 9883
1 9901
2 9913 9938
5 9952 9977 10009 10016 10017
5 10029 10054 10086 10093 10094
5 10107 10132 10164 10171 10172
5 10186 10211 10243 10250 10251
5 10269 10294 10326 10333 10334
2 10345 10370
5 8576 10417 10449 10456 10457
5 10466 10491 10523 10530 10531
2 10547 10572
2 10608 10633
3 10648 10673 10705
5 9509 10736 10768 10775 10776
2 10791 10816
2 10826 10851
5 10878 10903 10935 10942 10943
1 10965
5 10979 11004 11036 11043 11044
5 11048 11073 11105 11112 11113
2 11121 11146
5 11157 11182 11214 11221 11222
5 9718 11246 11278 11285 11286
3 11300 11325 11357
2 8671 11381
1 11414
2 11448 11473
2 11495 11520
5 11555 11580 11612 11619 11620
2 11626 11651
5 11684 11709 11741 11748 11749
3 11757 11782 11814
5 11825 11850 11882 11889 11890
5 8718 11911 11943 11950 11951
2 11967 11992
2 12030 12055
5 12075 12100 12132 12139 12140
3 12154 12179 12211
3 12163 12214 12246
5 7786 12275 12307 12314 12315
3 7692 12338 12370
2 12386 12411
3 12423 12448 12480
5 4378 12495 12527 12534 12535
5 4682 12548 12580 12587 12588
1 12602
2 12633 12658
2 12685 12710
2 12742 12767
2 12800 12825
5 4799 12838 12870 12877 12878
2 12897 12922
5 12956 12981 13013 13020 13021
3 13034 13059 13091
2 13102 13127
1 13152
2 13162 13187
2 13213 13238
4 13264 13289 13321 13328
2 13335 13360
3 8414 13406 13438
5 9555 13467 13499 13506 13507
1 13522
3 13548 13573 13605
1 13620
2 13646 13671
5 10784 13723 13755 13762 13763
3 6027 13789 13821
3 5226 13839 13871
0
3 13877 13902 13934
2 13939 13964
2 14003 14028
3 14033 14058 14090
5 14062 14119 14151 14158 14159
2 14174 14199
2 14222 14247
2 14278 14303
5 14334 14359 14391 14398 14399
2 14418 14443
1 14472
5 14480 14505 14537 14544 14545
2 14560 14585
1 14615
2 14638 14663
3 14690 14715 14747
3 14756 14781 14813
1 14827
1 14863
5 7246 14887 14919 14926 14927
5 5087 14948 14980 14987 14988
5 15001 15026 15058 15065 15066
3 15073 15098 15130
5 15136 15161 15193 15200 15201
0
3 14971 15236 15268
3 8664 15285 15317
2 15324 15349
1 15389
5 7623 15419 15451 15458 15459
2 9937 15482
3 15510 15535 15567
2 15574 15599
2 15632 15657
2 15687 15713
1 15736
2 15764 15789
3 6840 15829 15861
2 15868 15893
2 15924 15949
2 15968 15993
2 16025 16050
4 6332 16095 16127 16134
2 16139 16164
5 16177 16202 16234 16241 16242
2 16262 16287
1 16300
5 16329 16354 16386 16393 16394
2 16411 16436
2 16473 16498
5 11684 16540 16572 16579 16580
5 8816 16611 16643 16650 16651
2 16266 16680
2 16718 16743
3 16780 16805 16837
2 16853 16878
3 16905 16930 16962
2 16969 16994
3 17030 17055 17087
3 17095 17120 17152
2 17166 17191
2 17223 17248
5 12569 17278 17310 17317 17318
3 7525 17339 17371
3 7125 17393 17425
2 17433 17458
3 17492 17517 17549
2 17563 17588
5 17620 17645 17677 17684 17685
2 17705 17730
5 8282 17757 17789 17796 17797
5 17762 17830 17862 17869 17870
5 6420 17881 17913 17920 17921
2 17931 17956
0
2 17976 18001
3 12343 18050 18082
2 15953 18105
5 15315 18160 18192 18199 18200
2 18214 18239
3 17262 18290 18322
2 15425 18348
2 18388 18413
1 18448
2 7427 18481
2 16679 18533
2 18552 18577
3 12884 18621 18653
2 18664 18689
2 18709 18734
2 18753 18778
2 18792 18817
2 18846 18871
3 14940 18924 18956
3 18962 18987 19019
2 19026 19051
5 14929 19089 19121 19128 19129
2 19143 19168
5 19110 19205 19237 19244 19245
2 19253 19278
1 19312
5 5178 11813 19343 19350 19351
2 19366 19391
5 19415 19440 19472 19479 19480
2 19490 19515
2 17436 19544
2 19578 19603
2 19627 19652
5 19689 19714 19746 19753 19754
5 19765 19790 19822 19829 19830
2 4212 19857
2 19890 19915
3 19071 19951 19983
5 18916 20009 20041 20048 20049
3 20052 20077 20109
5 5382 20120 20152 20159 20160
5 10731 20180 20212 20219 20220
5 10007 20228 20260 20267 20268
2 20279 20304
5 20346 20371 20403 20410 20411
2 20419 20444
3 20465 20490 20522
2 20527 20552
5 20583 20608 20640 20647 20648
2 20660 20685
2 20715 20740
2 20744 20769
2 20796 20821
2 20849 20874
3 16131 20924 20956
5 9291 20976 21008 21015 21016
5 7390 21038 21070 21077 21078
1 21091
5 21107 21132 21164 21171 21172
2 21189 21214
0
3 17348 21258 21290
3 20781 21320 21352
5 14760 21379 21411 21418 21419
2 21426 21451
2 21473 21498
4 21530 21555 21587 21594
2 13085 21612
1 21652
2 21661 21686
5 21723 21748 21780 21787 21788
3 21795 21820 21852
2 21860 21885
5 21896 21921 21953 21960 21961
3 21976 22001 22033
3 22043 22068 22100
3 7282 22121 22153
5 19366 22178 22210 22217 22218
2 22226 22251
5 22275 22300 22332 22339 22340
3 22348 22373 22405
2 10401 22433
2 22467 22492
5 22495 22543 22575 22582 22583
3 10007 22602 22634
2 22646 22671
5 12886 22703 22735 22742 22743
2 22747 22772
5 22789 22814 22846 22853 22854
2 22861 22886
2 22927 22952
2 22966 22991
4 23023 23048 23080 23087
2 23095 23120
2 23150 23175
2 23213 23238
3 23254 23279 23311
2 23317 23342
2 23372 23397
1 23437
2 23453 23478
5 18343 23521 23553 23560 23561
3 23568 23593 23625
5 23629 23654 23686 23693 23694
5 12220 23708 23740 23747 23748
3 9278 23771 23803
5 23815 23840 23872 23879 23880
5 17268 23897 23929 23936 23937
5 8060 21654 23969 23976 23977
5 17268 24004 24036 24043 24044
2 24057 24082
2 24098 24123
5 12587 24160 24192 24199 24200
2 24211 24236
2 24265 24290
1 24309
5 24341 24366 24398 24405 24406
5 24409 24434 24466 24473 24474
5 9362 24490 24522 24529 24530
2 24535 24560
3 12573 24605 24637
5 5899 24641 24673 24680 24681
2 20834 24717
3 24750 24775 24807
2 24812 24837
1 24872
1 24904
4 16175 24923 24955 24962
3 14787 24978 25010
2 22413 25033
2 25065 25090
2 25120 25145
3 25179 25204 25236
3 19642 25261 25293
2 24239 25322
2 25358 25383
2 25417 25442
4 23757 25485 25517 25524
5 10093 25543 25575 25582 25583
2 25596 25621
2 20908 25667
4 25702 25727 25759 25766
2 25771 25796
2 25821 25846
5 21259 25877 25909 25916 25917
5 13185 25950 25982 25989 25990
2 26001 26026
3 26055 26080 26112
1 11497
2 26131 26156
5 18293 26201 26233 26240 26241
2 26250 26275
2 26288 26313
1 26333
5 25941 26375 26407 26414 26415
2 8053 26441
3 26475 26500 26532
3 26535 26560 26592
2 26596 26621
1 26648
5 6557 26679 26711 26718 26719
2 21338 26741
2 26766 26791
2 26823 26848
1 26884
2 26903 26928
2 26948 26973
0
2 27015 27040
1 27067
5 17292 27097 27129 27136 27137
2 27152 27177
3 27200 27225 27257
5 27264 27289 27321 27328 27329
2 23989 27357
1 27397
2 27413 27438
2 27454 27479
2 12325 27503
2 27531 27556
2 27567 27592
2 27629 27654
1 27676
2 20271 27713
2 23763 27763
0
0
2 27795 27820
0
2 27849 27874
2 27908 27933
0
2 27291 27970
2 18521 28015
0
3 28044 28069 28101
2 28118 28143
1 28159
2 28179 28204
0
5 28236 28261 28293 28300 28301
1 28315
2 28324 28349
3 21873 28401 28433
2 28442 28467
1 28505
2 23110 28547
0
2 28570 28595
1 28629
2 28642 28667
2 28690 28715
3 27694 28763 28795
1 28811
3 28839 28864 28896
1 28912
0
5 28930 28955 28987 28994 28995
5 29016 29041 29073 29080 29081
2 29098 29123
0
0
3 29145 29170 29202
2 29212 29237
2 29262 29287
3 12573 29306 29338
1 29351
0
0
2 29373 29398
2 29413 29438
2 29474 29499
2 29533 29558
5 29587 29612 29644 29651 29652
0
2 29675 29700
3 10622 29736 29768
0
5 17919 29804 29836 29843 29844
1 29861
4 29886 29911 29943 29950
5 13757 29973 30005 30012 30013
2 30019 30044
2 30082 30107
2 30140 30165
2 30176 30201
5 30229 30254 30286 30293 30294
2 30306 30331
3 30355 30380 30412
2 30430 30455
2 30476 30501
2 30538 30563
1 30592
3 30602 30627 30659
5 30662 30687 30719 30726 30727
5 11552 18250 30762 30769 30770
1 30796
0
1 30841
0
2 30868 30893
2 30899 30924
0
3 29243 30968 31000
3 31012 31037 31069
2 23985 31099
3 31132 31157 31189
3 30823 31220 31252
1 31271
2 31294 31319
2 31346 31371
2 31405 31430
2 31444 31469
2 23882 31506
2 31545 31570
2 31585 31610
2 31641 31666
2 31706 31731
1 31746
2 31772 31797
2 31832 31857
5 28487 31890 31922 31929 31930
2 31943 31968
2 32000 32025
5 32063 32088 32120 32127 32128
2 32146 32171
3 19673 32206 32238
3 28255 32263 32295
2 32313 32338
2 32353 32378
2 32407 32432
5 32460 32485 32517 32524 32525
5 21629 32545 32577 32584 32585
2 32591 32616
2 32645 32670
1 32696
2 32730 32755
1 32770
2 32791 32816
0
2 32859 32884
0
2 32910 32935
1 32944
3 30182 32967 32999
2 33019 33044
2 33074 33099
2 33130 33155
3 33161 33186 33218
2 33231 33256
2 33294 33319
0
2 33337 33362
1 33400
2 20336 33443
3 18036 33481 33513
2 33521 33546
3 33571 33596 33628
1 33638
5 33656 33681 33713 33720 33721
2 33731 33756
3 27780 33807 33839
2 33859 33884
0
2 33908 33933
2 33968 33993
1 34034
1 34072
2 34095 34120
0
2 34151 34176
0
5 20926 34225 34257 34264 34265
2 34277 34302
2 34321 34346
2 34374 34399
3 34422 34447 34479
2 34486 34511
0
5 34533 34558 34590 34597 34598
2 34601 34626
2 34644 34669
1 34691
5 23204 34724 34756 34763 34764
2 7886 34785
5 34818 34843 34875 34882 34883
2 17738 34915
1 34956
1 34988
3 35001 35026 35058
0
2 35070 35095
3 35110 35135 35167
3 35182 35207 35239
2 35256 35281
0
2 35289 35314
2 35350 35375
1 35382
3 35408 35433 35465
0
0
5 15825 35485 35517 35524 35525
2 27225 35553
2 35566 35591
2 35618 35643
1 35664
5 35684 35709 35741 35748 35749
2 35770 35795
1 35806
2 35839 35864
5 35886 35911 35943 35950 35951
2 35968 35993
5 36027 36052 36084 36091 36092
0
1 36117
0
2 36149 36174
2 36190 36215
2 36249 36274
3 20176 36295 36327
5 19614 36352 36384 36391 36392
5 27052 36419 36451 36458 36459
2 36469 36494
2 36513 36538
0
2 36579 36604
2 36640 36665
1 36682
2 36695 36720
0
2 27454 36753
0
0
2 36794 36819
4 36853 36878 36910 36917
2 13480 36936
2 36970 36995
1 37027
1 34301
0
0
0
2 37079 37104
3 37142 37167 37199
2 37214 37239
0
2 37273 37298
2 37321 37346
5 37383 37408 37440 37447 37448
1 37460
1 37486
0
2 37505 37530
1 37559
2 37572 37597
2 37624 37649
2 37665 37690
0
3 21188 37750 37782
2 37792 37817
2 37845 37870
5 34869 37909 37941 37948 37949
5 26424 37982 38014 38021 38022
2 38044 38069
0
3 38086 38111 38143
3 38154 38179 38211
2 38226 38251
0
0
3 38287 38312 38344
3 38354 38379 38411
2 38422 38447
3 38479 38504 38536
0
3 38556 38581 38613
2 38624 38649
0
3 38675 38700 38732
3 23371 38748 38780
2 38797 38822
3 38861 38886 38918
2 38929 38954
1 38974
2 39004 39029
3 39067 39092 39124
5 11885 39133 39165 39172 39173
1 39194
0
0
3 39207 39232 39264
2 36277 39293
2 39329 39354
2 39375 39400
5 23732 39438 39470 39477 39478
1 39483
1 39491
2 39514 39539
3 39571 39596 39628
2 39638 39663
2 39696 39721
2 39751 39776
2 25065 39829
5 19563 39868 39900 39907 39908
2 39924 39949
2 39964 39990
1 40008
3 38665 40043 40075
5 14637 40092 40124 40131 40132
1 40138
2 40156 40181
2 40211 40236
2 28573 40280
2 40319 40344
1 40380
0
5 11489 40402 40434 40441 40442
2 40449 40474
2 40501 40526
5 40554 40579 40611 40618 40619
2 40638 40663
0
2 40703 40728
0
2 40754 40779
0
5 40816 40841 40873 40880 40881
0
1 40914
2 40938 40963
1 40986
1 41020
2 41031 41056
2 33380 41096
1 41120
0
2 41094 41175
1 41200
2 41224 41249
5 8755 41268 41300 41307 41308
3 16113 41327 41359
2 18800 41381
2 41410 41435
2 41465 41490
1 41527
4 19641 41561 41593 41600
5 29746 41623 41655 41662 41663
2 41670 41695
2 15813 41725
1 41759
5 41776 41801 41833 41840 41841
2 41852 41877
5 20496 41918 41950 41957 41958
3 41971 41996 42028
0
3 42043 42068 42100
5 42108 42133 42165 42172 42173
2 36407 42205
2 42246 42271
0
5 8996 42308 42340 42347 42348
2 18944 42373
2 42410 42435
2 42446 42471
2 42497 42522
5 42308 42558 42590 42597 42598
2 42607 42632
2 42663 42688
2 42712 42737
0
3 42773 42798 42830
2 42846 42871
1 42906
0
2 42931 42956
2 42982 43007
3 43037 43062 43094
5 15827 43112 43144 43151 43152
1 43158
2 43184 43209
5 23730 43251 43283 43290 43291
1 43302
2 40748 43348
1 43391
5 32822 43430 43462 43469 43470
1 43483
2 43514 43539
0
0
0
3 22709 43593 43625
2 43632 43657
1 43702
2 34291 43722
1 43741
2 9641 43776
2 43813 43838
1 43880
0
3 43920 43945 43977
3 12866 43991 44023
3 44032 44057 44089
0
2 44104 44129
2 44142 44167
2 42003 44200
3 44225 44250 44282
1 44298
2 44316 44341
1 35389
2 44362 44387
2 44426 44451
2 44492 44517
0
2 44550 44575
2 44601 44626
2 44640 44665
2 44683 44708
1 44733
2 44757 44782
0
0
0
2 44834 44859
2 44877 44902
5 41601 44937 44969 44976 44977
1 44996
5 10028 45006 45038 45045 45046
2 42021 45082
2 45100 45125
2 45141 45166
2 45188 45213
2 33669 45266
1 45298
2 45319 45344
3 25945 45387 45419
2 45428 45453
4 45481 45506 45538 45545
5 18482 45554 45586 45593 45594
1 45608
5 32118 45652 45684 45691 45692
1 45706
2 15827 45738
0
2 45779 45804
3 45842 45867 45899
2 45905 45930
1 45975
2 22664 46011
2 46048 46073
3 25933 46113 46145
5 46157 46182 46214 46221 46222
1 46244
2 46261 46286
3 46326 46351 46383
2 46391 46416
5 21303 46451 46483 46490 46491
3 46503 46528 46560
2 46564 46589
2 46616 46641
2 18876 46668
4 46699 46724 46756 46763
5 15090 46769 46801 46808 46809
1 46826
2 46830 46855
2 46871 46896
4 27328 46922 46954 46961
2 15642 46981
2 47011 47036
5 47058 47083 47115 47122 47123
2 35520 47147
0
5 47179 47204 47236 47243 47244
2 43163 47272
0
3 47320 47345 47377
1 47386
5 47390 47415 47447 47454 47455
2 47467 47492
2 47507 47532
0
1 47567
0
5 47588 47613 47645 47652 47653
2 39969 47678
0
2 47714 47739
2 47740 47765
5 8053 47791 47823 47830 47831
2 47840 47865
3 47868 47893 47925
2 47935 47960
2 47989 48014
2 48040 48065
1 48089
5 7231 48106 48138 48145 48146
3 48167 48192 48224
2 48239 48264
2 48294 48319
0
5 48356 48381 48413 48420 48421
3 48425 48450 48482
0
3 48492 48517 48549
5 48564 48589 48621 48628 48629
2 48638 48663
2 48697 48722
5 27030 48766 48798 48805 48806
1 48822
3 16584 48854 48886
5 48893 48918 48950 48957 48958
2 48973 48998
3 7386 49022 49054
1 49073
2 45379 49103
2 49137 49162
5 10365 49208 49240 49247 49248
3 49259 49284 49316
3 49327 49352 49384
2 47431 49409
2 49446 49471
0
2 17401 49522
2 49554 49579
2 49589 49614
1 49646
1 49678
5 49683 49708 49740 49747 49748
2 49752 49777
1 49802
2 49817 49842
1 49881
5 9525 49909 49941 49948 49949
3 15392 49971 50003
3 50016 50041 50073
2 50084 50109
1 50149
1 50162
3 50186 50211 50243
1 50257
1 50281
2 43542 50320
5 32108 50360 50392 50399 50400
2 28023 50432
1 50461
2 50464 50489
2 50499 50524
3 50529 50554 50586
3 50598 50623 50655
0
2 50669 50694
2 50722 50747
2 50785 50810
0
0
0
3 50831 50856 50888
1 50901
3 40034 50934 50966
1 50980
2 50995 51020
2 51057 51082
5 15070 51112 51144 51151 51152
0
2 51172 51197
5 51207 51232 51264 51271 51272
1 45012
2 39426 51315
1 51343
2 25516 51381
1 51416
2 49756 51460
5 51499 51524 51556 51563 51564
2 51586 51611
2 51613 51638
2 51671 51696
0
2 51720 51745
0
3 22136 51794 51826
5 30128 51847 51879 51886 51887
2 51899 51924
2 51948 51973
1 52010
2 21287 52034
2 52047 52072
0
2 52103 52128
1 52143
0
5 6439 46964 52198 52205 52206
2 52210 52235
2 34652 52270
3 17326 52309 52341
2 52348 52373
1 52394
2 52406 52431
2 52466 52491
0
2 52516 52541
0
1 52582
5 13937 52612 52644 52651 52652
2 41856 52687
2 14953 52721
3 52764 52789 52821
4 15052 52837 52869 52876
3 52883 52908 52940
2 52951 52976
5 11700 53014 53046 53053 53054
1 53069
3 9811 53103 53135
2 53150 53175
2 53191 53216
1 53252
1 53270
2 53293 53318
2 53336 53361
3 36189 53386 53418
2 53426 53451
3 13907 53469 53501
4 46962 53528 53560 53567
0
2 53592 53617
2 53648 53673
1 53692
0
2 28741 53744
0
5 43163 53786 53818 53825 53826
5 15234 53846 53878 53885 53886
1 53908
2 53920 53945
3 53955 53980 54012
5 54023 54048 54080 54087 54088
1 54099
0
3 46238 54143 54175
1 54192
2 54205 54230
2 34034 54266
3 54305 54330 54362
0
5 23985 54385 54417 54424 54425
3 16179 54438 54470
2 54486 54511
2 42926 54562
2 54604 54629
2 54647 54672
2 54691 54716
3 54740 54765 54797
5 54807 54832 54864 54871 54872
1 54889
2 54895 54920
5 53791 54957 54989 54996 54997
2 55017 55042
1 55069
5 11439 55073 55105 55112 55113
2 55128 55153
1 55192
5 8100 36405 55240 55247 55248
2 55262 55287
2 55320 55345
3 19595 55361 55393
0
1 55412
2 55422 55447
3 55478 55503 55535
2 18535 55556
2 55568 55593
3 27262 55634 55666
2 55674 55699
5 4852 55704 55736 55743 55744
0
3 55756 55781 55813
2 55816 55841
1 55868
0
3 55888 55913 55945
2 55950 55975
1 56006
2 56011 56036
2 56071 56096
5 7731 56133 56165 56172 56173
3 41106 56196 56228
1 56239
0
2 56264 56289
5 22304 56307 56339 56346 56347
3 39600 56372 56404
0
3 5693 56421 56453
1 56457
3 56477 56502 56534
2 56544 56569
2 56600 56625
2 56661 56686
3 48124 56709 56741
4 56742 56767 56799 56806
2 56820 56845
2 28212 56866
2 53111 56913
1 56939
1 56949
0
0
2 56987 57012
2 37772 57052
1 57086
2 57112 57137
2 57153 57178
1 57211
3 48775 57239 57271
5 9164 57278 57310 57317 57318
2 54273 57347
5 30093 57375 57407 57414 57415
2 57429 57454
2 57478 57503
2 57514 57539
5 57556 57581 57613 57620 57621
5 57630 57655 57687 57694 57695
2 45802 57723
2 57759 57784
2 57819 57844
2 57869 57894
2 57920 57945
2 57965 57990
5 57522 58029 58061 58068 58069
2 58090 58115
0
5 23424 58160 58192 58199 58200
5 58212 58237 58269 58276 58277
4 57507 58309 58341 58348
2 53839 58373
2 58395 58420
3 12610 58444 58476
1 58486
4 13439 58519 58551 58558
2 58562 58587
2 58614 58639
0
5 9313 58670 58702 58709 58710
2 58729 58754
1 58783
4 40689 58824 58856 58863
2 58865 58890
2 58915 58940
3 16035 58967 58999
1 59013
1 59030
0
2 59051 59076
1 59110
1 59131
2 59145 59170
0
5 59183 59208 59240 59247 59248
2 52280 59277
2 59316 59341
3 59371 59396 59428
3 47918 59458 59490
5 59507 59532 59564 59571 59572
2 59588 59613
2 59650 59675
3 59684 59709 59741
3 43140 59772 59804
5 45698 59832 59864 59871 59872
1 59899
1 59926
4 59956 59981 60013 60020
2 43235 60041
0
2 60075 60100
2 60127 60152
1 60167
2 60189 60214
2 60257 60282
5 37971 60316 60348 60355 60356
0
5 13035 60359 60391 60398 60399
5 16053 60414 60446 60453 60454
5 60477 60502 60534 60541 60542
0
2 38653 60563
5 16753 60601 60633 60640 60641
0
2 60654 60679
2 41945 60716
0
2 60725 60750
5 40075 60793 60825 60832 60833
0
2 60852 60877
2 41718 60923
2 60960 60985
5 61013 61038 61070 61077 61078
3 61086 61111 61143
2 61148 61173
3 61199 61224 61256
0
2 61266 61291
5 15684 61329 61361 61368 61369
2 61381 61406
2 61418 61443
5 61460 61485 61517 61524 61525
5 24117 61546 61578 61585 61586
4 15498 61596 61628 61635
2 61643 61668
1 61705
1 41207
2 61715 61740
5 61765 61790 61822 61829 61830
2 61837 61862
2 50633 61910
2 61921 61946
0
5 61978 62003 62035 62042 62043
5 12216 62049 62081 62088 62089
1 62105
2 62109 62134
3 62164 62189 62221
2 62227 62252
2 51858 62298
0
3 33108 62340 62372
1 62385
2 62405 62430
2 62457 62482
5 13711 62509 62541 62548 62549
2 55381 62573
0
3 62593 62618 62650
2 62658 62683
1 62711
2 26396 62741
2 62774 62799
1 37729
2 62779 62859
1 62872
1 62907
1 62928
5 24423 62969 63001 63008 63009
2 63023 63048
2 63056 63081
2 63111 63136
2 63165 63190
3 30122 63221 63253
0
1 63267
0
5 52127 63292 63324 63331 63332
3 63350 63375 63407
1 63417
2 63418 63443
3 63458 63483 63515
2 63526 63551
2 63588 63613
5 4843 16099 63647 63654 63655
2 63678 63703
0
0
5 63730 63755 63787 63794 63795
3 63805 63830 63862
1 63877
2 39261 63899
3 63936 63961 63993
3 63999 64024 64056
0
2 38861 64085
3 64099 64124 64156
3 64166 64191 64223
3 22071 64236 64268
2 18981 64288
1 64313
0
0
2 64350 64375
3 18137 64423 64455
1 64467
4 64503 64528 64560 64567
2 64568 64593
3 64604 64629 64661
2 64676 64701
1 64718
1 64735
3 49831 64776 64808
2 64826 64851
3 64861 64886 64918
2 19563 64936
2 64976 65001
2 65021 65046
5 65068 65093 65125 65132 65133
3 28718 65152 65184
2 65199 65224
0
2 65258 65283
3 34043 65320 65352
5 14769 65366 65398 65405 65406
5 20251 65421 65453 65460 65461
2 62255 65490
3 65523 65548 65580
2 65588 65613
5 9665 65625 65657 65664 65665
2 65666 65691
5 65709 65734 65766 65773 65774
0
2 36774 65796
3 65823 65848 65880
1 65899
2 65925 65950
2 65963 65988
2 66013 66038
0
5 22203 66073 66105 66112 66113
3 66118 66143 66175
2 66186 66211
3 66251 66276 66308
2 66321 66346
0
1 66367
5 36510 66382 66414 66421 66422
2 66437 66462
1 66503
2 58693 66540
2 66572 66597
5 42591 66648 66680 66687 66688
4 66704 66729 66761 66768
2 52332 66793
0
2 66827 66852
2 45993 66902
1 66930
0
1 66952
1 66974
5 67001 67026 67058 67065 67066
3 49541 67090 67122
3 55388 67145 67177
5 19131 67199 67231 67238 67239
3 67250 67275 67307
3 11582 67321 67353
0
5 23079 67365 67397 67404 67405
1 67411
2 67421 67446
2 67464 67489
5 35706 67525 67557 67564 67565
5 67583 67608 67640 67647 67648
2 67652 67677
1 67695
5 16113 67719 67751 67758 67759
5 67763 67788 67820 67827 67828
3 22517 67850 67882
4 67900 67925 67957 67964
3 43282 67985 68017
1 68030
2 68055 68080
2 42673 68117
1 68149
2 68163 68188
2 68220 68245
4 68261 68286 68318 68325
5 68332 68357 68389 68396 68397
2 68420 68445
2 68456 68481
3 68502 68527 68559
3 68572 68597 68629
0
2 68652 68677
4 7874 68706 68738 68745
1 68749
3 68776 68801 68833
5 8750 68853 68885 68892 68893
2 68916 68941
5 16222 62987 68992 68999 69000
0
0
0
0
2 69020 69045
0
1 69071
0
4 18351 69105 69137 69144
2 45564 69166
2 69197 69222
1 14
2 33 58
0
2 107 132
5 163 188 220 227 228
5 249 274 306 313 314
5 329 354 386 393 394
0
0
5 420 445 477 484 485
0
3 508 533 565
2 584 609
2 649 674
2 717 742
2 764 789
2 823 848
1 892
2 917 942
3 957 982 1014
2 1034 1059
2 1093 1118
2 1160 1185
2 1228 1253
2 1275 1300
5 1346 1371 1403 1410 1411
5 1433 1458 1490 1497 1498
5 1520 1545 1577 1584 1585
2 1602 1627
5 1646 1671 1703 1710 1711
2 1727 1752
0
2 1797 1822
3 1855 1880 1912
2 1927 1952
2 1991 2016
5 2059 2084 2116 2123 2124
2 2139 2164
2 2194 2219
2 2253 2278
2 2317 2342
0
5 2397 2422 2454 2461 2462
2 2483 2508
2 2535 2560
1 2590
0
0
1 2637
2 2674 2699
3 2739 2764 2796
2 2813 2838
2 2866 2891
2 2923 2948
3 2977 3002 3034
1 3051
1 3088
1 3115
5 3136 3161 3193 3200 3201
1 3218
3 3246 3271 3303
3 3323 3348 3380
0
2 3403 3428
2 3466 3491
2 3532 3557
2 3595 3620
3 3659 3684 3716
5 3735 3760 3792 3799 3800
3 3817 3842 3874
2 3889 3914
2 3953 3978
1 3997
5 4034 4059 4091 4098 4099
5 4114 4139 4171 4178 4179
1 4194
4 4222 4247 4279 4286
5 4301 4326 4358 4365 4366
2 4388 4413
2 4459 4484
5 4522 4547 4579 4586 4587
0
5 4612 4637 4669 4676 4677
2 4702 4727
4 4753 4778 4810 4817
2 4830 4855
2 4877 4902
2 4943 4968
3 5010 5035 5067
3 5081 5106 5138
5 5157 5182 5214 5221 5222
2 5247 5272
5 5301 5326 5358 5365 5366
3 5384 5409 5441
3 5454 5479 5511
2 5530 5555
5 5584 5609 5641 5648 5649
3 5668 5693 5725
3 5742 5767 5799
3 5820 5845 5877
2 5891 5916
2 5953 5978
2 6017 6042
3 6079 6104 6136
2 6154 6179
1 6200
3 6215 6240 6272
3 6289 6314 6346
3 6364 6389 6421
2 6438 6463
2 6494 6519
1 6551
1 6590
2 6628 6653
4 6696 6721 6753 6760
2 6774 6799
2 6832 6857
3 6877 6902 6934
2 6953 6978
2 7009 7034
2 7051 7076
2 7120 7145
2 7170 7195
0
5 7235 7260 7292 7299 7300
2 7315 7340
0
2 7379 7404
2 7431 7456
2 7468 7493
3 7538 7563 7595
0
2 7620 7645
2 7674 7699
0
3 7719 7744 7776
5 7789 7814 7846 7853 7854
5 7873 7898 7930 7937 7938
2 7951 7976
2 8019 8044
4 8087 8112 8144 8151
2 8163 8188
1 8224
2 8261 8286
3 8300 8325 8357
1 8368
1 8402
5 8429 8454 8486 8493 8494
1 8509
4 8526 8551 8583 8590
3 8603 8628 8660
2 8677 8702
5 8738 8763 8795 8802 8803
3 8833 8858 8890
1 8908
1 8942
2 8959 8984
2 9021 9046
1 9078
0
0
2 9110 9135
2 9167 9192
2 9219 9244
1 9272
5 9292 9317 9349 9356 9357
1 9372
1 9406
0
2 9429 9454
2 9489 9514
5 9531 9556 9588 9595 9596
2 9607 9632
0
2 9659 9684
0
2 9719 9744
2 9770 9795
0
2 9823 9848
2 9888 9913
2 9941 9966
5 10004 10029 10061 10068 10069
0
5 10087 10112 10144 10151 10152
5 10175 10200 10232 10239 10240
5 10255 10280 10312 10319 10320
2 10338 10363
4 10403 10428 10460 10467
5 10480 10505 10537 10544 10545
0
2 10573 10598
0
2 10626 10651
3 10683 10708 10740
2 10754 10779
2 10802 10827
2 10862 10887
1 10925
0
1 10962
0
4 11001 11031 11063 11070
2 11084 11109
0
2 11152 11177
3 11206 11231 11263
3 11284 11309 11341
0
2 11355 11380
1 11406
2 11421 11446
2 11460 11485
3 11520 11545 11577
3 11596 11621 11653
2 11672 11697
5 11739 11764 11796 11803 11804
1 11820
5 11851 11876 11908 11915 11916
2 11940 11965
3 11973 11998 12030
1 12043
2 12077 12102
3 12144 12169 12201
0
3 12230 12255 12287
0
3 12303 12328 12360
2 12378 12403
2 12424 12449
5 12490 12515 12547 12554 12555
2 12568 12593
1 12617
2 12635 12660
2 12672 12697
2 12718 12743
3 12777 12802 12834
3 12850 12875 12907
5 12922 12947 12979 12986 12987
3 13004 13029 13061
1 13070
2 13084 13109
2 13143 13168
2 13206 13231
1 13260
1 13284
0
2 13313 13338
2 13364 13389
3 13430 13455 13487
2 13492 13517
2 13533 13558
2 13588 13613
2 13653 13678
1 13722
5 13740 13765 13797 13804 13805
2 13816 13841
0
2 13884 13909
2 13946 13971
1 14008
2 14046 14071
3 14114 14139 14171
0
1 14193
2 14222 14247
2 14289 14314
0
5 14360 14385 14417 14424 14425
2 14438 14463
2 14479 14504
1 14524
0
0
3 14570 14595 14627
2 14639 14664
3 14687 14712 14744
3 14759 14784 14816
1 14827
0
1 14853
0
0
5 14886 14911 14943 14950 14951
5 14965 14990 15022 15029 15030
5 15049 15074 15106 15113 15114
0
2 15135 15160
0
2 15178 15203
2 15239 15264
0
3 15307 15332 15364
2 15368 15393
2 15399 15424
2 15461 15486
2 15512 15537
0
2 15567 15592
2 15628 15653
2 15682 15707
2 15740 15765
2 15783 15808
2 15837 15862
2 15900 15925
2 15947 15972
2 16008 16033
0
2 16071 16096
2 16139 16164
3 16204 16229 16261
1 16279
2 16317 16342
3 16366 16391 16423
2 16438 16463
1 16497
3 16512 16537 16569
2 16584 16609
0
2 16645 16670
2 16712 16737
3 16771 16796 16828
2 16837 16862
1 16893
2 16931 16956
2 16971 16996
0
0
3 17037 17062 17094
3 17113 17138 17170
3 17182 17207 17239
5 17255 17280 17312 17319 17320
5 17338 17363 17395 17402 17403
3 17413 17438 17470
3 17484 17509 17541
2 17554 17579
1 17619
2 17652 17677
2 17722 17747
0
5 17771 17796 17828 17835 17836
5 17849 17874 17906 17913 17914
0
2 17940 17965
2 17979 18004
2 18040 18065
2 16600 18116
2 18153 18178
2 18217 18242
3 18285 18310 18342
2 18350 18375
2 18412 18437
1 18460
0
2 18495 18520
0
0
0
2 8373 18574
2 18612 18637
0
2 18679 18704
2 18732 18757
1 18776
0
2 18798 18823
1 18857
2 18888 18913
2 18950 18975
0
2 19030 19055
3 19081 19106 19138
2 17546 19166
3 19194 19219 19251
0
2 19265 19290
2 19316 19341
2 19372 19397
2 19432 19457
0
0
2 19500 19525
0
2 19548 19573
3 19608 19633 19665
5 19684 19709 19741 19748 19749
1 19767
1 19797
2 19814 19839
2 19856 19881
2 19917 19942
3 19977 20002 20034
0
2 20055 20080
2 20125 20150
2 20180 20205
2 20244 20269
3 20312 20337 20369
2 20384 20409
2 20443 20468
2 20494 20519
3 20550 20575 20607
3 20621 20646 20678
1 20695
2 20726 20751
0
2 20770 20795
2 20826 20851
2 20886 20911
0
2 20962 20987
3 21019 21044 21076
1 21086
