10 45 46 56 63 65 71 79 81 86 90
10 95 96 106 113 115 121 129 131 136 140
10 45 47 149 156 158 164 172 174 179 183
10 47 148 194 201 203 209 217 219 224 228
10 71 233 243 250 252 258 266 268 273 277
10 49 61 289 296 298 304 312 314 319 323
10 65 83 290 329 331 337 345 347 352 356
10 7 361 371 378 380 386 394 396 401 405
10 148 153 410 417 419 425 433 435 440 444
10 61 83 295 343 450 456 464 466 471 475
10 66 183 401 485 487 493 501 503 508 512
10 49 61 304 343 372 519 527 529 534 538
10 543 544 554 561 563 569 577 579 584 588
10 63 148 227 596 598 604 612 614 619 623
10 83 155 634 641 643 649 657 659 664 668
10 50 61 318 492 522 675 683 685 690 694
10 50 59 372 702 704 710 718 720 725 729
10 50 82 738 745 747 753 761 763 768 772
10 49 61 294 455 460 654 779 781 786 790
10 406 497 803 810 812 818 826 828 833 837
10 6 66 430 844 846 852 860 862 867 871
10 49 61 285 310 334 703 881 883 888 892
10 49 61 289 308 319 346 525 695 899 903
10 5 23 913 920 922 928 936 938 943 947
10 45 61 635 908 953 959 967 969 974 978
10 45 53 984 991 993 999 1007 1009 1014 1018
10 49 83 322 466 492 537 957 1024 1029 1033
10 83 184 298 349 450 515 942 1034 1042 1046
10 27 49 509 963 1019 1056 1064 1066 1071 1075
10 66 82 211 422 435 799 1084 1086 1091 1095
10 50 146 968 1105 1107 1113 1121 1123 1128 1132
10 0 47 220 424 505 1100 1144 1146 1151 1155
3 180 206 1166
10 39 192 491 796 807 1082 1177 1179 1184 1188
10 151 221 1103 1198 1200 1206 1214 1216 1221 1225
10 50 59 223 338 415 527 950 1081 1233 1237
10 12 17 1244 1251 1253 1259 1267 1269 1274 1278
10 29 30 1289 1296 1298 1304 1312 1314 1319 1323
10 700 834 1252 1334 1336 1342 1350 1352 1357 1361
10 59 83 222 371 419 953 1369 1371 1376 1380
10 47 50 148 272 322 597 1386 1388 1393 1397
10 13 23 430 701 712 948 1403 1405 1410 1414
10 83 155 304 460 635 786 1425 1427 1432 1436
10 83 282 300 327 343 469 695 899 1419 1444
10 176 224 294 327 449 463 680 781 1028 1450
10 49 61 259 334 469 727 1456 1458 1463 1467
10 35 83 308 1097 1391 1476 1484 1486 1491 1495
10 50 53 222 505 598 748 1142 1385 1503 1507
10 157 167 908 950 1205 1328 1512 1514 1519 1523
10 323 349 830 1530 1532 1538 1546 1548 1553 1557
10 49 61 300 346 460 519 1564 1566 1571 1575
10 49 61 304 372 517 789 1580 1582 1587 1591
10 59 148 563 1601 1603 1609 1617 1619 1624 1628
10 66 153 598 1110 1506 1637 1645 1647 1652 1656
10 83 201 372 475 492 1032 1237 1532 1664 1668
10 61 83 319 674 680 1089 1675 1677 1682 1686
10 6 25 371 593 701 1109 1692 1694 1699 1703
10 97 107 1409 1714 1716 1722 1730 1732 1737 1741
10 59 157 612 1235 1415 1751 1759 1761 1766 1770
10 45 48 181 228 304 1088 1778 1780 1785 1789
10 45 153 556 845 848 943 1518 1795 1800 1804
10 57 74 1147 1811 1813 1819 1827 1829 1834 1838
10 167 203 491 898 1171 1845 1853 1855 1860 1864
10 45 53 984 1005 1018 1870 1878 1880 1885 1889
10 59 61 288 302 311 324 521 537 1919 1923
10 101 148 597 1631 1929 1935 1943 1945 1950 1954
10 157 167 491 748 847 1367 1961 1963 1968 1972
10 182 701 948 1330 1340 1979 1987 1989 1994 1998
10 49 52 284 292 294 322 517 680 1811 2006
10 17 27 527 986 989 1695 2013 2015 2020 2024
10 151 155 1105 2033 2035 2041 2049 2051 2056 2060
10 49 61 292 338 371 475 681 963 1443 2066
10 83 361 1904 2074 2076 2082 2090 2092 2097 2101
10 82 149 426 953 973 1508 2112 2114 2119 2123
10 95 148 809 2128 2130 2136 2144 2146 2151 2155
10 83 151 286 319 324 536 957 1438 2161 2165
10 759 770 840 2170 2172 2178 2186 2188 2193 2197
10 270 272 2209 2216 2218 2224 2232 2234 2239 2243
10 148 406 1130 2251 2253 2259 2267 2269 2274 2278
10 148 157 2287 2294 2296 2302 2310 2312 2317 2321
10 23 157 726 950 1035 1265 1663 1805 2330 2334
10 6 146 714 953 1207 2339 2347 2349 2354 2358
10 184 223 701 804 806 832 1669 2128 2366 2370
10 61 155 295 326 343 470 880 1432 2008 2378
10 148 153 616 1929 2262 2387 2395 2397 2402 2406
10 83 184 327 480 492 698 1179 1237 2412 2416
10 166 184 978 2423 2425 2431 2439 2441 2446 2450
10 191 435 1212 2011 2022 2458 2466 2468 2473 2477
10 61 83 304 675 1234 2071 2488 2490 2495 2499
10 53 66 221 434 527 1080 1949 2409 2514 2518
10 49 61 293 315 327 492 683 698 2504 2526
10 45 61 282 505 943 1547 2536 2538 2543 2547
10 148 184 626 1081 1849 2414 2559 2561 2566 2570
10 35 49 282 300 314 455 729 781 1240 2575
10 59 60 198 412 418 748 1381 1391 2116 2581
10 59 148 222 532 706 1113 2473 2511 2588 2592
10 7 50 464 675 701 1032 1237 1661 1914 2599
10 184 186 428 973 1369 1892 2608 2610 2615 2619
10 47 58 192 383 469 954 1115 1379 2324 2627
10 83 182 458 699 957 1110 2617 2633 2638 2642
10 597 610 1736 2159 2647 2653 2661 2663 2668 2672
10 406 454 2673 2682 2684 2690 2698 2700 2705 2709
10 168 192 720 948 1090 1360 2684 2715 2720 2724
10 11 13 1242 2634 2730 2736 2744 2746 2751 2755
10 149 151 859 1403 1796 2331 2762 2764 2769 2773
10 49 83 308 371 387 1894 2083 2091 2781 2785
10 82 167 597 1090 1182 2585 2797 2799 2804 2808
1 2813
10 170 192 701 928 937 1240 2816 2818 2823 2827
10 71 90 556 729 859 1351 1801 2161 2833 2837
10 90 677 2844 2851 2853 2859 2867 2869 2874 2878
10 228 242 1620 2237 2883 2889 2897 2899 2904 2908
10 45 49 153 262 371 985 1005 1017 2168 2915
10 229 371 704 1341 1663 2047 2926 2928 2933 2937
10 146 182 815 914 927 1125 2634 2943 2948 2952
10 59 151 289 336 346 480 906 1050 1461 2958
10 83 155 296 371 452 640 1420 1449 2635 2966
10 206 580 1235 2973 2975 2981 2989 2991 2996 3000
10 50 58 759 1381 1400 2585 3009 3011 3016 3020
10 6 57 184 480 498 1035 1787 2602 3028 3032
10 50 59 383 722 727 1240 3038 3040 3045 3049
10 49 61 289 327 397 531 973 1237 2506 3057
10 6 83 845 1237 1663 2331 3062 3064 3069 3073
10 45 48 211 1407 1510 3079 3087 3089 3094 3098
10 49 61 289 319 338 455 683 698 1043 1956
10 49 61 282 292 294 356 529 695 1432 2079
10 148 244 3112 3119 3121 3127 3135 3137 3142 3146
10 49 83 295 319 338 492 539 680 1000 2079
10 61 83 296 334 455 522 698 793 1420 2964
10 49 61 319 460 522 906 1587 1851 2966 3158
10 1 8 286 512 680 963 3163 3165 3170 3174
10 49 61 289 304 312 327 453 517 882 1450
10 49 50 221 300 412 904 1455 1759 2506 3182
10 6 184 483 698 701 969 1861 2369 3202 3206
10 59 120 210 418 439 1088 3211 3213 3218 3222
10 45 48 505 865 908 1113 2429 2925 3230 3234
10 6 31 621 1495 2274 3240 3248 3250 3255 3259
10 149 151 505 966 978 1418 2429 2610 3267 3271
10 49 61 289 308 316 449 695 904 2068 3277
10 83 91 294 310 327 460 1038 1438 2161 3151
10 61 83 292 312 319 455 695 1441 2079 2970
10 49 61 289 312 319 492 695 897 1675 3292
10 57 200 1197 3298 3300 3306 3314 3316 3321 3325
10 65 83 360 492 530 957 1391 1848 2819 3333
10 83 149 283 300 315 338 695 977 1592 2525
10 59 149 432 1672 2065 2968 3344 3346 3351 3355
10 83 201 319 452 460 674 1237 1504 2819 3363
10 84 148 222 1085 1142 2359 3372 3374 3379 3383
10 13 16 480 706 821 946 1680 1905 2936 3388
10 153 200 1197 1869 2466 3396 3404 3406 3411 3415
10 59 82 201 349 430 729 1943 3037 3424 3428
10 157 170 908 1351 1360 1798 2767 2953 3437 3441
10 65 284 380 673 680 1449 3447 3449 3454 3458
10 58 59 215 286 290 326 695 897 1461 2504
10 36 50 969 2354 3067 3494 3502 3504 3509 3513
10 6 61 319 463 473 1100 2781 3284 3522 3526
10 338 350 2436 2453 3532 3538 3546 3548 3553 3557
10 146 148 310 911 1107 1369 2755 3086 3565 3569
10 82 90 221 468 527 1780 2873 3593 3598 3602
10 82 101 1154 1938 1942 2383 3615 3617 3622 3626
10 148 228 832 914 1035 1512 2574 2951 3645 3649
10 59 82 282 492 541 1186 1919 2122 2582 3633
10 6 74 224 520 710 1035 1400 1795 2801 3659
10 148 153 412 435 492 848 1746 1805 3354 3667
10 59 178 505 1034 1366 2036 3151 3429 3675 3679
10 251 259 673 2036 2422 2438 3535 3540 3553 3686
10 35 45 227 606 956 1367 2617 3010 3526 3692
10 146 148 430 845 919 1104 1418 1884 2604 3699
10 182 212 940 1417 1524 2604 3419 3704 3709 3713
10 6 61 283 351 371 469 538 698 1973 2958
10 50 153 1196 3008 3646 3727 3735 3737 3742 3746
10 167 181 1082 1788 2723 3754 3762 3764 3769 3773
10 63 252 983 3026 3778 3784 3792 3794 3799 3803
10 53 55 166 505 556 1089 3181 3327 3812 3816
10 47 58 167 417 512 1088 1919 1975 3821 3825
10 45 53 852 1005 1397 3334 3835 3837 3842 3846
10 83 184 296 458 475 674 1043 1446 3104 3853
10 45 56 187 843 984 1405 3181 3271 3858 3862
2 2327 3433
10 6 167 480 493 508 842 1122 1845 2724 3571
10 61 283 3871 3878 3880 3886 3894 3896 3901 3905
10 6 45 214 1289 1363 1782 3033 3265 3912 3916
6 156 2559 3927 3934 3936 3942
10 50 57 505 1095 1389 2903 3952 3954 3959 3963
10 47 52 232 1121 1217 1802 3794 3968 3973 3977
10 148 157 527 850 859 1403 3691 3983 3988 3992
10 45 53 220 419 431 677 973 1142 1961 3051
10 201 486 799 837 1109 1532 2830 3011 4017 4021
10 57 59 505 711 848 989 1801 2332 4041 4045
10 65 66 327 919 1095 3177 4054 4056 4061 4065
10 221 342 831 933 938 1267 2950 3379 4073 4077
10 291 480 806 1179 1532 2328 4083 4085 4090 4094
10 728 831 4102 4109 4111 4117 4125 4127 4132 4136
10 23 167 748 806 963 2800 4142 4144 4149 4153
10 6 148 435 848 859 1503 2727 3180 4159 4163
10 83 285 424 676 691 1176 2820 3304 4172 4176
10 5 11 1250 1360 1513 4183 4191 4193 4198 4202
10 49 61 293 314 319 343 519 640 1234 2781
10 57 61 282 510 716 1066 3026 4212 4217 4221
10 8 27 184 232 480 1039 1401 1704 4226 4230
10 908 911 948 1365 1982 4236 4244 4246 4251 4255
10 6 157 272 701 776 859 1663 1964 2369 3641
10 49 61 294 455 478 695 1235 1403 2164 4264
10 63 82 845 3390 3715 4273 4281 4283 4288 4292
10 50 66 971 1234 1389 1877 3705 4297 4302 4306
10 212 216 1504 2604 3393 4315 4323 4325 4330 4334
10 59 64 482 1052 1081 1403 2115 2177 3858 4339
10 178 184 455 957 1107 1848 3074 3783 4347 4351
10 148 164 412 492 603 1510 3998 4357 4362 4366
10 185 282 298 336 343 673 1438 2004 3525 4394
10 45 53 187 606 729 984 1074 1233 2250 3243
10 294 497 940 1513 1532 2724 4402 4404 4409 4413
10 61 83 300 343 455 536 695 793 1446 3295
10 49 61 293 338 346 460 1450 1906 2082 2783
10 191 206 1141 3421 4424 4430 4438 4440 4445 4449
10 6 33 293 338 459 904 1632 2009 2970 4455
10 49 61 295 327 343 450 899 1593 3283 4461
10 61 83 294 325 343 462 693 898 2010 4466
10 6 49 284 300 303 326 1095 1504 4472 4476
10 49 61 323 492 520 708 1447 2070 3663 4484
10 50 82 599 1631 1959 2899 4494 4496 4501 4505
10 13 146 908 944 946 1349 3203 3734 4513 4517
10 59 83 251 295 321 469 1367 1502 2161 3334
10 148 157 221 430 435 608 1113 1375 2511 4526
10 6 192 4534 4541 4543 4549 4557 4559 4564 4568
10 49 61 300 449 458 496 1177 1446 2483 4581
10 5 146 500 923 973 1794 2769 2950 4078 4587
10 61 83 293 304 311 450 906 1432 3461 4595
10 47 49 91 289 292 526 992 1370 2504 3465
10 59 63 282 300 418 527 1089 1824 3361 4604
10 173 397 1855 3673 4095 4631 4639 4641 4646 4650
10 83 155 318 449 455 537 1012 1504 3360 4657
10 6 203 487 674 698 1011 2599 2830 3291 4663
10 50 82 936 1403 1622 2604 4130 4577 4672 4676
10 201 220 1240 1536 2609 4080 4684 4686 4691 4695
10 49 83 319 455 492 673 1400 1496 3061 4701
10 49 59 284 304 334 492 793 894 3167 4610
10 221 406 1857 4710 4712 4718 4726 4728 4733 4737
10 75 95 822 1780 1809 2149 2755 4742 4747 4751
10 49 61 282 296 305 346 1762 2528 3359 4756
10 1 8 38 1283 1285 1293 1323 1326 4233 4763
10 83 282 304 346 455 675 1444 2004 4768 4772
10 148 167 1081 2727 3036 4778 4786 4788 4793 4797
10 61 83 595 1691 1816 3276 4807 4809 4814 4818
10 224 371 816 1543 1559 2903 4823 4825 4830 4834
10 19 66 1109 3692 3825 4840 4848 4850 4855 4859
10 45 55 186 868 976 1470 2538 3265 4864 4868
10 45 57 168 378 480 1000 3243 3948 4875 4879
10 148 192 506 807 832 1091 1532 1548 3008 4082
10 45 59 184 532 706 960 1496 1883 3151 3604
10 83 176 301 372 431 492 684 899 1450 3282
10 174 700 1339 1799 2016 2767 4096 4893 4898 4902
10 6 45 184 397 477 959 2718 3425 4907 4911
3 75 426 4919
10 49 61 293 327 343 537 1419 1448 2528 4922
10 39 192 510 821 1034 2199 4944 4946 4951 4955
10 0 6 390 1900 1915 3287 4965 4967 4972 4976
10 27 45 153 527 942 992 1366 1763 3390 4046
10 9 12 184 419 746 1288 3207 3633 4777 4995
10 49 61 294 371 380 492 961 1234 3719 5001
10 83 300 1179 2371 2411 4720 5012 5014 5019 5023
10 6 33 289 520 593 748 1528 1919 3826 5031
10 151 170 909 1334 1360 2538 5036 5038 5043 5047
10 146 157 701 901 950 1240 1407 2327 3444 5052
10 46 48 1778 3112 3792 5058 5066 5068 5073 5077
10 148 192 1107 1406 1797 2774 5083 5085 5090 5094
10 59 82 406 701 845 973 2331 3490 5100 5104
10 61 83 289 311 317 343 479 519 695 2957
10 59 82 469 911 1083 1403 5115 5117 5122 5126
10 59 83 224 406 426 492 748 807 1237 1532
10 45 61 593 1070 1081 1677 3692 3844 5135 5139
10 283 285 680 3553 4705 5149 5157 5159 5164 5168
10 55 146 430 854 870 1402 3473 4576 5173 5177
10 221 224 685 1342 1663 4352 5187 5189 5194 5198
10 214 280 5204 5211 5213 5219 5227 5229 5234 5238
10 157 192 909 950 1252 1351 1513 1518 2327 3439
10 557 564 5249 5256 5258 5264 5272 5274 5279 5283
10 148 167 423 849 1089 1723 4683 5289 5294 5298
10 201 202 1036 1381 1460 2571 5303 5305 5310 5314
10 49 59 289 424 492 1081 2838 3184 5319 5323
10 170 181 700 923 1035 1359 2777 3184 5319 5331
10 61 83 294 517 533 729 1237 1391 1919 2331
10 49 83 305 518 537 1023 2504 3522 5338 5342
10 50 82 406 703 834 1360 1864 1964 2881 4045
10 14 59 184 481 683 1370 2793 3181 5351 5355
10 49 59 294 323 327 458 673 695 1033 1466
10 6 27 228 480 505 969 1289 1704 5360 5364
10 51 64 5224 5371 5373 5379 5387 5389 5394 5398
10 157 184 795 828 909 943 1403 1895 2364 4096
10 49 83 311 455 462 542 1454 2919 5406 5410
10 52 59 528 1235 1731 3666 5421 5423 5428 5432
10 83 318 673 2082 2087 3287 5438 5440 5445 5449
10 8 9 828 927 1095 1357 3698 3730 5455 5459
10 83 160 349 492 675 1438 3356 4093 5464 5468
10 47 50 203 294 300 469 608 683 1081 1664
10 23 66 720 1861 1959 2826 5475 5477 5482 5486
10 151 153 624 865 908 1403 2766 3441 5493 5497
10 61 83 294 354 469 541 1177 1586 2453 5502
10 201 220 1636 3021 3653 4711 5510 5512 5517 5521
10 16 39 577 1235 1289 3248 5527 5529 5534 5538
10 6 512 910 1349 1357 1905 4051 4053 5483 5546
10 83 282 452 521 542 1033 3638 4470 5552 5556
10 157 182 913 1117 1334 1403 3433 4517 5564 5568
10 1 9 1306 2013 2727 5574 5582 5584 5589 5593
10 59 61 293 323 343 466 899 942 2506 3339
10 49 61 294 525 680 1367 2500 3282 4655 5600
10 59 83 371 894 1039 1391 3662 5606 5611 5615
10 49 59 240 290 295 419 709 897 1763 3429
10 61 83 318 458 492 686 1171 1240 1798 4464
10 83 283 492 684 963 2010 4604 5626 5631 5635
10 6 49 294 311 372 698 1547 2067 3687 5641
10 49 61 292 318 327 460 2506 3720 5648 5652
10 82 160 371 859 948 1230 1857 1962 3430 5516
10 49 59 277 317 343 512 946 1679 2766 5661
10 58 64 697 1035 1623 2661 5668 5670 5675 5679
10 5 832 1519 2326 3433 5564 5691 5693 5698 5702
10 45 61 283 748 1006 2328 3437 4893 5710 5714
10 49 61 288 302 312 327 525 536 695 1442
10 49 61 289 327 419 528 1494 2882 4260 5721
10 740 968 4187 5732 5734 5740 5748 5750 5755 5759
10 58 64 167 426 593 894 1366 1778 3464 5765
10 221 228 913 1351 1363 1959 3438 4373 5572 5773
7 150 417 1367 5780 5782 5788 5796
10 50 61 520 748 1039 1503 2701 4144 5800 5804
10 6 49 222 418 447 536 1146 1235 1973 2921
10 59 224 482 1095 1182 1636 2936 4669 5813 5817
10 83 282 343 492 675 1031 3180 4926 5826 5830
10 101 204 1381 2185 2199 2573 4456 5007 5839 5843
10 49 61 289 317 327 449 783 880 2007 3156
10 91 153 319 538 675 1036 2599 3282 4704 5850
10 52 61 300 492 526 674 1023 1121 2575 5856
10 83 251 308 372 460 536 1443 1604 4482 5863
10 83 184 308 371 380 522 2626 5127 5872 5876
10 59 83 320 455 460 542 1366 1369 1845 2936
10 458 697 1532 2411 3927 5839 5889 5891 5896 5900
10 49 53 414 960 1097 1874 3751 4625 5908 5912
10 47 50 611 1387 1391 1826 4146 5917 5922 5926
10 45 53 984 1874 1884 4810 5935 5937 5942 5946
10 901 1696 5955 5962 5964 5970 5978 5980 5985 5989
10 49 61 286 299 303 334 519 536 904 1763
10 59 184 433 673 687 1190 2065 2966 4713 5995
10 176 184 796 911 1032 1537 2936 4105 6002 6006
10 148 153 432 712 1155 2250 4632 5294 6015 6019
10 87 126 4039 6025 6027 6033 6041 6043 6048 6052
10 47 75 603 1090 1113 1949 3627 5426 6057 6061
10 39 153 483 805 894 1197 3062 3336 6068 6072
10 164 191 1092 2518 3243 4300 6081 6083 6088 6092
10 83 153 420 952 1081 2392 3619 4178 6097 6101
10 52 59 209 480 505 889 1374 1845 3429 4526
10 34 66 983 1779 1902 3029 4089 5132 6113 6117
10 6 83 487 957 1053 1916 3177 3682 6122 6126
2 45 79
10 52 61 289 323 338 690 1547 2005 2439 3961
10 157 195 1334 1787 2684 6136 6144 6146 6151 6155
10 13 23 832 934 948 1340 1701 1961 2634 4669
10 61 71 228 556 572 950 1405 1418 2331 3276
10 61 83 289 314 319 459 906 1587 2970 6180
10 46 270 1830 2678 3195 6189 6197 6199 6204 6208
10 50 59 215 356 455 687 1081 1423 1759 3218
10 50 59 283 310 315 380 538 674 898 1368
10 50 59 890 1864 2346 6217 6225 6227 6232 6236
10 61 151 282 898 1400 2211 6242 6244 6249 6253
10 184 222 901 1696 1999 3388 5952 6258 6263 6267
10 49 61 294 325 327 458 793 1023 1444 6284
10 185 239 807 1843 2139 4153 6294 6296 6301 6305
10 59 61 283 327 338 458 904 980 1455 6311
10 50 59 486 729 953 1188 2328 3045 5844 6319
10 157 239 1766 3670 4378 5321 6330 6332 6337 6341
10 6 192 813 945 1035 1351 3012 3643 6346 6350
10 27 50 1064 1786 2024 6355 6363 6365 6370 6374
10 1 6 166 540 950 1240 3176 3425 5115 6381
10 47 50 206 232 435 703 1098 1385 1752 1962
10 83 203 294 320 327 455 906 1028 1571 2115
10 49 61 294 327 455 525 963 1025 1681 4176
10 83 214 492 923 1032 1504 3296 3659 6389 6393
10 6 157 726 908 911 1265 1403 1512 1805 2545
10 8 61 380 492 518 1028 3508 4963 6402 6406
10 203 224 973 1342 1663 4071 4723 5182 6411 6415
10 49 61 289 311 319 472 1442 2068 5863 6422
10 146 157 955 1979 2001 2942 4521 4677 6429 6433
10 47 53 612 1396 1700 3138 5073 5800 6439 6443
3 66 71 1370
10 61 83 286 462 480 593 1403 1502 3151 5555
10 327 397 1034 4180 5192 6452 6460 6462 6467 6471
10 261 272 1604 2226 2236 3320 6480 6482 6487 6491
10 61 83 300 536 579 1235 2161 3180 4605 6498
10 49 59 282 298 304 371 683 729 1446 2065
10 49 61 292 327 343 492 680 695 1026 2067
10 49 61 294 323 346 519 673 675 880 1240
10 156 597 2830 5593 6034 6511 6519 6521 6526 6530
10 49 59 283 293 295 343 904 1028 1709 2524
10 50 83 612 894 1096 1943 3221 4115 6538 6542
10 57 83 293 321 326 638 1587 2005 4472 6549
10 49 57 635 3844 4871 6557 6565 6567 6572 6576
10 49 61 286 296 304 323 469 519 898 1571
10 45 61 423 859 984 1081 3756 6588 6593 6597
10 13 23 483 834 911 1110 2354 2767 4587 6605
10 49 83 295 319 327 380 538 674 788 1043
10 47 57 412 738 747 1414 2656 4146 6611 6615
10 59 325 807 1149 1183 2554 5841 6311 6622 6626
10 45 49 161 985 989 1010 2539 2551 5948 6632
10 45 53 187 709 896 1786 3181 4351 6638 6642
10 59 148 292 433 495 701 950 973 1240 2331
10 214 219 530 1082 1177 1857 3391 4711 4971 6647
10 6 11 1095 3207 4184 6654 6662 6664 6669 6673
10 47 50 599 1872 2274 3410 5657 6678 6683 6687
10 167 227 1090 1188 1844 3007 5844 6692 6697 6701
10 45 61 527 845 854 1113 2109 2586 4227 6706
10 83 251 344 492 538 2626 5852 6711 6716 6720
10 8 9 37 1290 1304 3692 6591 6726 6731 6735
10 261 265 2164 2895 2901 6478 6745 6747 6752 6756
10 47 78 596 748 1392 1942 2795 3613 6168 6762
10 48 52 227 842 973 1389 3215 4624 6769 6773
10 27 55 868 1050 1704 6588 6784 6786 6791 6795
10 51 146 859 1630 1769 2308 6801 6803 6808 6812
10 8 20 3484 6817 6819 6825 6833 6835 6840 6844
10 45 53 167 435 593 992 1403 1698 1883 3912
10 107 114 1928 4932 6617 6862 6870 6872 6877 6881
10 13 157 701 952 1103 1363 2946 3401 4511 6892
10 146 157 908 1363 1403 1988 4576 6620 6900 6904
10 83 184 318 343 371 469 675 681 1034 1669
10 45 61 706 989 992 1404 2589 2913 6910 6914
10 45 53 184 430 444 854 1391 1805 4065 6921
10 25 232 1089 2011 2027 3406 11903 12070 17622 17626
10 17 25 147 506 511 1109 2354 2471 3512 6926
10 59 83 701 2964 3341 4378 5471 6909 6935 6939
10 83 170 921 1108 1349 2463 6944 6946 6951 6955
10 49 59 203 327 372 498 597 701 1107 1403
10 13 23 909 1351 1360 2157 2943 2953 4375 6962
10 47 66 430 977 1089 1385 2727 3751 6967 6971
10 46 59 515 984 1401 2262 6644 6977 6982 6986
10 148 153 604 901 1634 2463 6104 6991 6996 7000
10 40 57 901 1791 2053 4812 7009 7011 7016 7020
10 59 153 697 1092 1368 2567 6098 7025 7030 7034
10 50 59 201 227 419 703 1375 1389 1768 2567
10 61 83 327 460 512 674 1664 1772 4051 7039
10 207 1117 7052 7059 7061 7067 7075 7077 7082 7086
10 59 151 1112 1753 1837 2250 6125 7092 7097 7101
10 57 157 498 720 812 946 1360 2364 4257 7107
10 49 61 285 300 312 338 538 680 894 1455
10 148 151 423 604 703 859 1403 2328 3191 5537
10 49 50 289 327 380 492 898 1370 1663 4378
10 83 282 424 1496 2524 5432 7125 7127 7132 7136
10 6 34 898 1392 3251 7142 7150 7152 7157 7161
10 59 176 349 527 710 1366 1643 1973 3218 7167
10 66 82 221 426 485 960 1503 2107 2718 6297
10 49 61 282 296 308 327 517 520 894 1679
10 224 244 1504 2617 3407 4683 5328 5516 7179 7183
10 49 61 287 300 312 327 469 480 695 1435
10 45 53 593 995 1004 1064 2916 4039 6587 7191
10 49 59 318 526 593 698 1028 1089 1968 3180
10 50 61 289 492 609 1117 1407 1483 2612 7199
10 6 46 214 1095 1118 2718 3754 6120 7209 7213
10 148 160 851 1265 1414 2522 7218 7220 7225 7229
6 49 61 283 296 327 522
10 83 251 354 492 675 1237 3452 5642 7239 7243
10 45 148 412 710 729 1109 1630 1962 2837 3445
10 157 184 505 703 832 1342 1864 2766 6439 7251
10 6 47 283 480 512 921 1999 3180 6406 7258
10 11 146 834 945 1248 1349 1519 1960 2881 7263
10 153 161 1088 1892 1932 3092 7269 7271 7276 7280
6 47 53 296 942 1063 5364
10 49 83 312 492 528 680 2004 2526 4600 5642
10 49 151 288 327 338 781 3054 3295 4926 6573
10 5 8 160 516 859 1074 1291 1482 4910 7300
10 49 61 294 327 356 520 698 793 1383 1919
10 49 61 251 286 289 304 326 372 519 1043
10 6 45 430 834 847 1025 1403 1694 1883 4375
10 597 610 2924 7311 7313 7319 7327 7329 7334 7338
10 49 61 288 315 327 517 1038 1547 2781 3295
10 49 83 285 294 300 372 897 1023 1921 2919
10 49 59 286 312 319 519 1234 1366 1696 2587
10 6 39 318 481 498 681 1230 1446 2331 4022
10 8 9 227 1066 1285 1968 6730 6736 7356 7360
10 201 221 5114 7366 7368 7374 7382 7384 7389 7393
10 1127 3986 7407 7414 7416 7422 7430 7432 7437 7441
10 184 214 492 556 670 921 1895 2641 7446 7450
9 3 49 894 4878 5442 7459 7467 7469 7474
10 59 148 430 608 799 855 1391 1495 1961 2801
10 7 39 510 801 828 1330 2933 3064 4723 7478
10 58 59 424 1039 1110 1624 3037 7483 7488 7492
10 61 83 315 460 465 680 1571 1587 3338 7498
10 45 56 434 1381 1712 2619 7503 7505 7510 7514
10 6 34 475 712 807 1025 1699 3169 3820 7519
10 101 115 1146 2262 2393 3956 7528 7530 7535 7539
10 49 61 300 455 469 673 899 1023 2065 7544
10 12 66 908 935 945 1397 2777 3388 4996 7551
10 27 49 215 1397 1704 2815 5096 6138 7556 7560
10 83 198 424 681 973 1191 3077 3870 4711 6071
10 157 201 729 1874 2250 2879 7576 7578 7583 7587
10 203 224 531 969 1029 1176 1663 1845 2823 3390
10 6 192 530 834 970 1101 1663 2211 2815 7179
10 49 61 325 537 542 887 2010 2079 3367 5031
10 157 601 1459 4040 4674 6047 7611 7613 7618 7622
10 53 66 697 2514 3144 6092 7631 7633 7638 7642
10 49 61 294 319 336 460 675 695 1038 1919
10 201 214 770 1039 1174 1192 2597 2599 4885 7648
10 61 155 2008 2380 2426 6380 7658 7660 7665 7669
10 6 57 283 294 302 325 537 695 1370 1786
10 49 83 349 538 695 1240 2377 2966 3780 7169
10 61 83 286 453 505 695 1438 1746 2161 3051
10 82 83 317 492 538 851 1449 1864 2523 7680
10 49 83 295 327 340 525 906 1028 1447 4471
10 45 59 160 282 371 487 1070 1095 3844 7688
10 45 47 219 1004 1066 1698 3243 3258 3949 7693
10 46 146 700 854 973 1403 1864 2814 4265 5294
2 151 283
10 52 58 177 227 383 531 1095 1109 1372 4506
10 59 78 866 1727 2560 3741 6919 7042 7706 7710
10 6 83 325 402 475 512 1237 1369 2921 3783
10 11 21 909 1122 1360 2454 3471 4079 7555 7719
10 157 220 613 908 950 1403 2256 3195 4039 7725
10 2 5 832 1249 1267 3401 4196 7730 7735 7739
10 82 93 579 1240 1407 2879 6040 7270 7748 7752
10 182 192 825 943 1035 1349 2128 2364 3643 5543
10 59 83 462 799 980 1191 3693 4178 7025 7760
10 2138 4944 7772 7779 7781 7787 7795 7797 7802 7806
10 61 151 340 904 1567 5606 7815 7817 7822 7826
10 83 155 296 458 670 1440 4601 6107 7239 7835
10 50 59 448 1392 1696 3390 7841 7843 7848 7852
10 4 15 481 1283 1289 1698 3983 4957 7857 7861
3 6 61 7867
10 64 82 700 1094 1233 1802 4685 5719 7871 7875
10 1 6 221 599 710 1074 1805 2688 4884 7881
10 233 256 1613 4870 6424 7889 7897 7899 7904 7908
10 193 251 712 2421 2427 2441 3553 5031 7914 7918
10 148 200 576 2873 2876 6904 7930 7932 7937 7941
10 52 53 176 709 848 1080 3166 4224 7947 7951
10 16 29 200 812 845 1107 1375 1769 3423 4766
10 35 59 216 423 434 1096 2387 3221 3639 4917
10 45 53 222 360 505 712 1081 1235 1839 6768
10 49 59 286 298 308 455 1466 1754 3359 4708
10 151 174 469 1446 1632 2886 6489 7964 7969 7973
10 49 50 289 314 327 532 961 1571 2957 3465
10 49 61 283 300 312 517 897 1370 3360 5994
10 63 235 1604 2886 2896 3762 7982 7984 7989 7993
10 214 221 492 702 937 1240 2967 4718 6007 8000
10 6 57 155 282 286 325 950 1052 1370 1696
10 45 76 1840 5081 5802 8011 8019 8021 8026 8030
10 45 53 197 527 871 1089 4232 8035 8040 8044
10 203 284 464 679 681 1026 1453 1857 3037 7648
10 13 23 945 2745 3203 4094 8053 8055 8060 8064
10 1 59 796 2592 3598 5322 8072 8074 8079 8083
10 6 49 282 327 880 1397 4042 6287 8090 8094
10 759 770 836 1542 1548 2554 3928 5016 8101 8105
10 156 167 487 799 1035 1532 3033 4144 5801 8110
10 49 285 459 729 1235 2766 5253 5642 8117 8121
10 6 59 222 511 683 1965 4473 4476 7172 12546
10 11 26 1360 4185 6004 8130 8138 8140 8145 8149
10 59 146 497 776 797 1107 3499 4095 8154 8158
10 83 155 321 460 492 778 1423 1446 3040 5621
10 83 151 327 458 469 673 1672 2528 4983 8168
10 6 13 228 646 718 1089 1779 2648 4232 7829
10 151 224 349 492 679 899 3053 4176 8179 8183
10 151 157 371 701 759 1122 1397 1630 2777 8188
10 23 157 911 927 933 948 1335 1346 1403 3388
10 27 45 593 992 1010 1525 2617 3244 5136 6116
10 49 83 317 460 540 898 3053 3828 8210 8214
10 59 75 2292 8224 8226 8232 8240 8242 8247 8251
10 146 156 1219 2827 3020 4984 8262 8264 8269 8273
10 83 184 710 1623 1864 3424 8278 8280 8285 8289
10 49 61 287 300 305 383 898 921 4773 6996
10 50 148 221 527 593 952 2346 4300 8299 8303
10 46 47 220 608 804 850 1977 2136 4059 8309
10 11 832 4206 8136 8143 8318 8326 8328 8333 8337
10 711 1233 4675 8344 8346 8352 8360 8362 8367 8371
10 49 61 283 320 419 517 1234 1381 2513 3620
10 29 52 697 1158 1387 2515 4351 4617 7863 8381
10 49 50 283 455 526 877 1400 1919 3048 4009
6 198 206 859 2262 3569 7255
10 167 176 482 511 530 821 1663 1864 2830 4021
1 8396
10 11 466 837 1035 1265 1355 2365 2724 3641 8061
10 49 61 282 311 316 748 3089 3280 6101 8401
10 377 412 4783 8409 8411 8417 8425 8427 8432 8436
10 82 148 418 435 593 1154 1956 2068 3189 5307
10 61 83 300 492 536 880 1502 2079 4051 8444
10 49 83 288 343 371 673 2020 2082 4812 8449
10 6 146 221 434 492 616 1110 1849 2511 6929
10 75 146 220 609 850 1122 3235 3698 4680 6012
10 23 66 224 673 712 1334 3869 5096 8462 8466
10 53 59 626 1230 1385 2514 4300 4626 8471 8475
10 57 63 928 1333 1340 2431 6374 6433 8485 8489
10 47 53 184 426 435 600 1387 1971 5949 8496
10 59 75 222 699 729 1233 2262 2879 7255 8504
10 59 148 222 527 700 908 1329 1363 1503 1994
10 49 61 288 300 305 343 674 695 1442 2504
10 59 82 699 837 1532 2575 5332 5995 8517 8521
10 59 83 338 706 942 1450 2962 3336 8528 8532
10 47 59 424 854 1083 2040 5056 5119 8539 8543
10 49 61 282 293 304 695 3463 4474 8550 8554
10 153 170 729 942 973 1504 2767 3363 7075 8562
10 49 61 286 295 300 323 460 517 695 1592
10 50 58 959 1389 1401 3633 8567 8569 8574 8578
10 151 157 700 911 1235 1417 2766 2833 4167 5537
10 164 184 371 530 675 1237 3336 3611 5621 8587
10 259 505 711 2876 3051 8592 8600 8602 8607 8611
10 45 47 430 684 962 1505 3814 4528 8469 8618
10 59 146 424 955 1100 1758 4339 5113 8623 8627
10 57 91 1791 2044 2064 5662 8637 8639 8644 8648
10 83 151 298 336 371 469 686 781 1038 2587
10 47 52 423 626 953 1736 3808 3982 8471 8657
10 184 192 799 909 921 1197 2128 2364 3031 4518
10 61 66 323 494 521 1047 1367 1696 5368 8667
10 49 58 383 971 1455 3465 8672 8674 8679 8683
10 6 39 511 1194 1692 3201 8689 8691 8696 8700
10 40 59 505 950 969 1141 4807 8643 8724 8728
10 220 223 469 957 1461 4472 8739 8741 8746 8750
10 45 66 880 1407 1880 2542 4046 5037 8757 8761
10 6 184 426 963 1691 2091 4035 4351 8105 8768
10 45 50 221 1146 1389 1968 3951 4161 5930 8775
10 49 61 293 354 369 517 1450 1587 2087 3520
10 61 181 3890 6984 8511 8784 8792 8794 8799 8803
10 190 2299 8253 8814 8816 8822 8830 8832 8837 8841
10 59 165 397 957 1368 3218 4139 4646 8163 8849
10 368 369 1985 4977 8854 8860 8868 8870 8875 8879
10 148 190 626 3195 3612 4010 8483 8885 8890 8894
10 50 53 197 527 701 1052 1375 1388 3376 8899
10 6 55 603 1213 1525 3417 8904 8906 8911 8915
10 61 83 296 319 324 460 534 540 1232 1447
10 59 170 700 915 937 1232 1672 2065 4378 5624
10 83 282 338 469 480 1026 2420 2967 3360 8922
10 49 50 223 960 1046 1400 2122 2524 3655 7289
10 83 234 463 2065 2483 3526 8932 8934 8939 8943
10 50 214 807 1171 1177 1959 3938 4456 6319 8178
10 59 82 720 1547 1672 4355 8518 8951 8956 8960
10 49 83 394 520 526 963 2005 2076 2779 5451
10 49 61 289 343 368 526 697 877 2079 3453
10 192 228 703 847 908 1122 1360 1524 3439 5038
10 83 155 1255 1524 2726 6516 8979 8981 8986 8990
10 59 151 505 701 708 973 1461 1762 3665 4831
10 49 61 300 449 460 529 785 1496 4469 5828
10 49 83 312 455 460 788 1012 1788 3687 7234
10 3 6 327 759 1095 1788 4973 8617 9007 9011
10 49 83 318 452 458 532 788 1189 2525 5624
10 45 53 976 1070 1790 1884 3844 5708 6795 9019
10 61 155 293 317 321 343 519 538 1023 3360
10 6 61 220 338 506 712 1252 1403 1959 2526
10 8 29 184 845 950 1005 1286 1369 3912 9028
10 40 593 1114 1694 1804 3394 5790 8090 9035 9039
10 49 59 203 286 323 372 522 673 1081 2115
10 49 61 298 327 346 537 2031 2067 4802 9046
10 49 52 285 296 304 455 695 781 906 2068
10 52 58 282 296 325 492 716 1028 2504 4069
10 94 151 1407 2444 2882 6566 9055 9057 9062 9066
10 189 211 526 1623 2400 3998 9071 9073 9078 9082
10 27 45 856 1869 1999 3705 7173 8694 9091 9095
10 59 148 747 1799 2332 3604 6995 9100 9105 9109
10 90 170 724 957 1240 2168 3701 4081 6165 9115
10 46 47 323 1090 1611 2671 5224 5238 9121 9125
10 57 61 283 372 479 1235 2037 4802 8644 9133
10 45 66 701 988 999 1349 1882 1890 2332 3439
10 83 155 294 323 325 452 525 539 1446 3280
2 83 155
10 61 83 289 311 316 327 475 492 899 3461
10 49 61 296 452 460 894 4378 4483 9140 9144
10 83 272 1028 2211 2505 6425 9150 9152 9157 9161
10 50 83 296 673 685 1450 4810 4817 8729 9169
10 6 13 364 804 834 1043 2774 3368 9175 9179
10 296 336 2039 3701 5049 8362 9189 9191 9196 9200
10 220 742 1360 3407 3470 6001 9210 9212 9217 9221
10 170 576 1070 1406 1794 2448 4898 5695 9101 9229
10 53 66 423 848 976 1504 3090 3296 5184 9111
10 157 170 832 1329 1360 1801 2770 3063 4375 9238
8 198 206 1600 6104 9243 9249 9257 9259
10 49 61 289 304 308 327 479 519 1442 4208
10 14 35 853 1877 2918 3962 7358 9023 9267 9271
10 13 157 913 1248 1330 1801 5038 5569 6890 9277
10 59 203 534 806 814 1183 2588 2703 3741 8081
10 49 61 292 305 312 371 674 894 1441 2079
10 47 50 200 748 1053 1743 2515 3166 3816 4622
10 157 221 945 1385 1504 2332 5567 6231 9288 9292
10 156 157 701 911 942 1113 1504 2250 3445 9297
10 189 191 431 703 1678 3221 6543 7924 9304 9308
10 49 61 286 304 318 343 469 517 695 963
10 49 61 288 304 312 338 538 685 2037 5350
10 57 66 1114 2454 2606 6902 9317 9319 9324 9328
10 282 289 1911 3287 3464 8859 9340 9342 9347 9351
10 239 244 9357 9364 9366 9372 9380 9382 9387 9391
10 6 53 430 853 960 1501 3982 4232 6586 9396
10 16 27 296 1105 1286 1695 4762 7301 9404 9408
10 49 61 224 304 327 460 865 1095 1455 3047
10 90 146 701 847 914 1416 2560 2724 3864 9027
10 49 61 294 492 519 963 3273 3465 6721 9422
10 59 83 397 538 677 1180 3336 4291 5635 9427
10 148 156 685 1380 2410 3374 6166 6321 9432 9436
10 23 49 372 718 834 923 1272 1360 2328 6385
10 184 221 898 2885 3595 7594 9449 9451 9456 9460
10 6 148 228 469 506 701 969 1035 1393 1959
10 157 221 909 1265 1333 1357 2328 2726 3589 6895
10 255 264 894 1749 1758 4524 9306 9467 9472 9476
10 6 50 223 475 485 534 1368 1397 2641 4112
10 82 83 1158 1956 2361 4955 9484 9486 9491 9495
10 61 83 1000 2483 3466 4582 8303 9501 9506 9510
10 83 151 399 538 695 942 1338 1675 4225 9515
2 1566 4583
10 50 82 501 821 1035 1865 3613 4086 7481 9529
10 458 460 1082 1188 1532 3571 4838 6628 9534 9538
10 49 59 283 295 314 346 682 906 1450 2564
10 75 148 435 761 845 1110 3222 3691 9544 9548
10 6 203 474 608 799 1177 2211 2365 4408 9554
10 292 406 1172 2487 2645 8706 9566 9568 9573 9577
10 61 151 936 1403 1794 2335 3440 3672 6187 9583
10 90 191 569 842 850 1510 3242 3432 6584 9588
10 47 59 216 423 548 850 1504 1919 2262 3438
10 83 151 288 324 346 469 898 1033 4468 9608
10 6 59 365 491 493 675 1191 1235 1509 2596
10 61 83 215 323 417 520 697 850 1234 2068
10 203 214 527 859 942 1237 2329 2963 5647 8996
10 31 45 296 990 1010 1876 2916 3248 5136 9620
10 27 59 435 701 868 1064 1525 1705 5361 9626
10 6 59 475 494 498 969 1788 1850 2823 6674
10 6 90 364 889 950 1349 2814 3181 3975 6015
10 47 148 410 612 615 1381 2390 3374 6919 9637
10 27 59 322 716 871 1100 3201 3801 8091 9645
9 160 224 492 716 788 1675 4983 5833 9650
6 45 66 227 992 1063 2113
10 61 83 294 323 380 539 1854 2425 3948 6179
10 59 222 325 1547 1611 2894 7968 9658 9663 9667
10 170 494 1360 2326 2332 3434 8065 8761 9675 9679
10 64 82 221 703 858 1966 3578 4931 8562 9686
10 184 214 805 1186 1197 2364 4014 4410 9053 9707
10 6 10 151 712 866 1357 3178 3962 7172 9715
10 6 49 283 296 305 338 517 542 695 4606
10 61 66 533 921 950 1891 5132 6484 9723 9727
10 50 52 223 526 843 1064 2518 3663 8382 9733
10 83 251 294 317 321 346 537 674 788 1042
10 83 131 758 2682 4187 8197 9744 9746 9751 9755
10 59 148 427 697 950 1677 2607 3221 4003 6104
10 0 148 286 430 593 908 1914 2766 5294 8501
10 64 82 748 1187 1391 2682 4834 4908 9770 9774
10 176 184 506 807 1095 1401 2562 2587 4885 7599
10 6 45 527 851 1067 1404 2534 2763 3603 8758
10 214 261 325 957 1360 2164 8671 9784 9789 9793
10 83 184 317 475 519 903 2447 3829 8179 9799
10 45 59 197 505 593 976 1504 1886 4600 9805
10 39 184 480 804 848 1177 2415 2936 3668 7723
10 49 59 259 294 304 526 950 1400 3465 5031
10 6 59 527 848 950 1349 1507 2106 2832 5324
10 49 59 282 304 321 371 472 537 789 1565
2 61 83
10 11 192 1095 2431 2729 4206 9824 9826 9831 9835
10 53 55 989 2514 3243 7003 9843 9845 9850 9854
10 157 170 834 923 943 1338 2332 2814 4258 5329
10 61 89 1834 9863 9865 9871 9879 9881 9886 9890
10 25 27 625 1525 2011 2455 6817 9896 9901 9905
10 61 82 293 319 321 450 897 899 6458 9916
10 59 148 677 1366 1374 5056 9921 9923 9928 9932
10 6 23 430 1182 1790 3243 9939 9941 9946 9950
10 7 368 1197 2086 2355 8870 9961 9963 9968 9972
10 49 61 322 519 528 953 2504 3144 4219 8504
10 61 83 296 343 372 525 781 1025 1435 1466
10 327 371 2305 9980 9982 9988 9996 9998 10003 10007
10 192 203 809 841 909 1240 3199 4086 10018 10022
10 47 52 223 439 521 1391 2585 3261 5802 6611
10 83 176 327 522 640 1026 1237 1438 3059 5833
10 83 245 296 318 320 349 532 685 1571 2526
10 49 83 294 319 325 517 684 898 1432 3360
10 148 153 498 728 950 1461 2820 3058 5543 10033
10 6 59 360 701 799 1170 1951 3869 7108 9596
8 49 61 288 319 323 460 2506 5653
10 5230 6446 10054 10061 10063 10069 10077 10079 10084 10088
10 59 66 412 960 1097 1949 8699 10093 10098 10102
10 221 228 611 1611 1630 1959 4026 4503 10107 10111
10 191 203 809 1641 2556 3323 6259 7492 10117 10121
10 59 148 211 418 423 612 850 960 1506 3221
10 148 177 441 1746 1755 4686 10128 10130 10135 10139
10 82 83 469 695 701 1401 3287 4967 10147 10151
10 170 700 1351 2345 2357 3408 4900 4989 10159 10163
10 146 157 950 1363 1404 2881 4196 4674 7614 10169
10 75 148 223 428 596 849 1374 1415 2392 3222
10 59 61 321 449 453 536 1421 1650 4266 4730
10 51 57 505 950 984 2507 7005 8643 10176 10180
10 45 66 908 935 992 1363 2767 3181 8892 10187
10 372 406 2712 4134 5477 10196 10204 10206 10211 10215
10 151 157 498 909 943 1370 2326 2331 2839 4375
10 49 52 266 300 323 691 3200 4525 6185 10222
10 47 75 615 1100 1409 1781 3374 4030 6908 10228
10 66 75 231 614 1076 1409 3808 4232 6678 10171
10 39 184 501 801 821 1107 1401 1850 2936 6926
10 148 157 609 1083 1100 1769 10238 10240 10245 10249
10 39 59 494 821 1035 1369 3670 4455 7492 10254
10 101 261 1928 1954 2086 2903 10259 10261 10266 10270
10 224 406 3661 4128 4410 8706 10278 10280 10285 10289
10 6 7 327 536 759 1176 2115 2641 3330 6401
6 182 497 911 1402 4677 10299
10 50 82 866 2028 2456 2617 4275 5177 9899 10304
10 155 282 478 1033 1440 2957 5643 7685 10312 10316
10 191 193 609 1415 1929 3223 6026 6765 10229 10324
10 59 148 222 435 593 1081 2357 2507 5801 8504
10 27 29 1005 3692 3912 6785 10335 10337 10342 10346
10 49 61 290 310 312 380 674 676 1025 4663
10 49 61 288 305 312 368 537 683 1510 2504
10 6 49 294 459 512 777 1450 1496 2052 3027
10 192 272 837 2414 2556 3643 6298 8084 10354 10358
10 53 78 435 977 1081 1948 4166 7172 10365 10369
10 148 157 228 447 556 850 1397 1415 1962 4275
10 61 64 292 327 458 532 1370 1400 1782 4158
10 49 53 247 371 457 530 1370 1786 2205 3967
10 146 586 1214 2751 2797 3473 5177 6026 9207 10380
10 83 203 305 492 536 1043 2526 3061 6108 8846
10 83 184 460 542 684 1025 2066 3057 5028 8388
10 50 59 223 527 710 1039 1391 1399 3180 4600
10 45 59 200 310 418 505 703 709 1089 3037
10 66 151 1240 1799 1903 3433 4900 5038 9112 10394
10 64 83 716 1296 2032 4158 10403 10405 10410 10414
2 497 701
10 153 157 681 923 1113 1536 4086 4718 5647 8507
10 59 146 430 832 909 1109 2354 3037 5114 5125
10 49 61 285 294 300 319 372 460 1370 10432
10 60 120 498 1117 1182 1736 3089 3721 5487 10438
10 61 83 298 327 343 522 695 784 1420 2076
10 153 191 1074 3399 4697 10445 10453 10455 10460 10464
10 221 832 1343 1513 1515 1527 6137 7205 10470 10474
10 83 282 303 338 372 675 1028 1189 2970 10480
10 59 148 534 1389 2331 4080 5521 6007 10490 10494
10 83 151 368 469 538 1025 1894 1917 3634 10499
10 83 155 304 343 452 478 793 906 1604 4740
10 49 61 292 308 312 450 698 898 2003 3360
10 66 83 368 498 512 708 1848 2035 3265 6165
10 146 157 935 2574 2942 3433 6428 7720 10514 10518
10 57 145 480 959 1011 1698 4097 5814 9130 10526
10 50 82 418 848 968 1932 3262 4011 6585 10532
10 71 93 722 942 950 1360 2448 2604 2991 6965
10 6 31 776 1194 1401 1996 3207 4762 7829 10543
10 6 47 483 1095 1704 6674 10552 10554 10559 10563
10 5 6 720 1342 1351 1630 1974 2596 5175 7258
10 47 51 224 492 534 1089 2696 3112 7372 10579
10 66 146 706 1117 1240 1786 5662 10040 10587 10591
10 49 58 252 293 300 334 880 976 1811 5294
10 318 397 807 1177 1192 2645 5824 5833 6468 10598
10 59 176 1761 2089 2779 5451 10605 10607 10612 10616
10 184 192 811 921 969 1338 2941 2954 5543 10624
10 6 59 480 716 901 1370 1865 1895 4813 6052
10 49 59 292 321 325 460 673 894 1446 3037
10 61 83 327 492 530 1026 1680 2065 5809 10633
10 66 157 624 854 1233 1455 2837 4972 7945 10638
10 8 31 1057 1903 2943 3177 5337 6004 10644 10648
10 49 59 283 371 399 531 1397 1801 2644 5486
10 49 52 285 302 305 343 906 1921 4478 10657
10 61 83 294 322 327 478 898 1000 1477 4225
10 157 206 908 942 1240 1504 2357 2777 6155 9861
10 39 59 201 228 371 511 973 1109 1506 2795
10 9 10 220 701 803 1261 2943 3508 4589 6812
10 201 214 501 1232 1392 2211 4950 5518 10498 10672
10 61 83 295 451 455 673 1547 3153 10679 10683
10 59 148 423 527 712 1415 3109 3296 4011 5515
10 52 59 292 529 626 770 1736 2106 3721 6062
10 192 203 494 806 821 1177 1666 1857 2830 4178
10 192 202 1511 3195 3317 4492 10674 10698 10703 10707
10 51 52 177 1080 1366 2585 3808 4146 7226 10713
10 233 235 308 1535 3281 9664 10727 10729 10734 10738
10 47 61 310 691 778 1089 3040 3090 5114 5127
10 8 17 6733 10746 10748 10754 10762 10764 10769 10773
10 6 39 501 806 836 1186 2724 3693 6319 8263
10 47 75 1147 1950 2131 2650 2668 3567 10782 10786
10 59 151 720 1435 3425 9649 10797 10799 10804 10808
10 83 153 460 675 680 793 2819 3852 6007 10813
10 232 435 1197 1277 1349 1522 4836 5007 8979 10820
10 57 71 473 1012 1234 2429 5798 6121 10827 10831
10 148 176 418 709 923 1237 1961 2795 5507 10837
10 148 157 548 837 908 1230 2803 3221 6691 7827
10 1 8 1268 1305 1322 3980 7363 10845 10850 10854
10 597 610 1950 2647 2649 2655 7337 10230 10862 10866
10 65 83 296 460 492 921 3783 4707 8960 10876
10 151 203 522 814 836 1136 2047 2599 4984 9779
10 53 91 423 1080 1407 2517 6077 7858 9820 10887
10 59 83 312 690 748 1455 4481 5424 10892 10896
6 49 83 522 3360 4523 10901
10 50 82 232 531 593 1097 1962 2617 4178 10276
10 224 318 807 1171 1174 1192 5624 5833 6649 10033
10 146 148 1404 3620 3794 5513 6437 7858 10926 10930
10 681 770 1844 2411 2415 4084 6306 8191 10936 10940
10 13 23 832 1250 1405 2326 4187 4375 5042 9232
10 17 39 1283 1305 1707 5891 10951 10953 10958 10962
10 61 83 292 519 532 1097 2968 3687 7196 10968
10 83 190 294 419 458 539 1146 1381 1508 3336
10 27 29 181 1058 1064 1295 3692 4161 4600 10975
10 49 61 382 960 1095 3276 10980 10982 10987 10991
10 261 270 2212 2904 3320 6477 6760 8399 11008 11012
10 233 282 469 1184 1438 2827 5145 6171 8528 11017
10 45 52 93 505 638 992 1883 1888 4339 9399
10 50 59 371 894 959 1786 5557 7968 11028 11032
10 90 148 889 2820 3037 4035 9642 10330 11040 11044
10 157 206 1403 4680 5180 7616 11052 11054 11059 11063
10 49 61 785 1053 1455 1926 7882 10073 11071 11075
10 83 149 224 455 460 534 1235 1240 3047 4178
10 49 61 286 296 308 334 459 517 680 1571
10 49 59 294 314 322 418 537 695 1623 3367
10 59 176 504 1082 1173 1951 4105 4718 10836 11083
10 47 58 598 1092 1150 1757 2513 5907 7841 11089
10 61 65 283 338 492 697 1455 1536 2431 4071
10 59 153 406 702 1034 1406 3342 4740 8522 11095
10 48 57 955 1414 1699 1826 5674 6054 11101 11105
10 59 155 371 493 530 963 1461 1845 4348 6363
10 160 165 493 859 943 1850 2873 3296 6106 10377
10 66 148 310 624 727 952 2460 3327 7367 11123
10 146 156 760 928 1125 1734 3235 3591 9481 11130
10 6 83 538 859 969 1794 2763 2831 7263 10545
10 738 773 5237 9120 9123 11141 11149 11151 11156 11160
10 193 204 596 1849 2106 4035 6321 7565 11166 11170
10 50 60 921 2068 2648 3952 9155 11175 11180 11184
10 61 83 311 365 380 496 1432 1443 4158 11191
10 49 61 289 310 319 371 536 708 963 1455
10 192 203 492 837 909 1186 1851 1865 2556 4086
10 61 83 293 338 460 683 1447 1477 3360 7237
10 61 83 412 623 972 1381 2262 2504 6611 11202
10 47 53 231 593 598 1098 3215 3822 6617 10639
10 6 59 206 371 500 624 1235 1403 4576 8731
10 211 219 2797 5016 6277 11216 11224 11226 11231 11235
10 52 64 343 1064 1095 4426 8592 11241 11246 11250
8 83 251 455 537 673 1023 1681 11255
10 604 607 11257 11264 11266 11272 11280 11282 11287 11291
10 47 148 611 1053 1109 1928 2554 2901 4403 10261
10 83 91 363 695 1848 2328 11299 11301 11306 11310
10 59 146 371 527 673 1101 1991 2136 3824 6812
10 50 61 296 673 677 957 1961 2135 3663 7166
10 49 66 285 308 316 529 992 1587 3909 11320
10 45 49 181 346 542 897 2587 3276 9398 11328
8 153 191 3230 6545 9638 11338 11346 11348
10 201 243 1596 1931 1935 2903 7507 9669 11355 11359
10 47 49 240 310 430 894 1755 1766 5662 11364
10 151 155 2427 2453 3531 3552 11252 11370 11375 11379
10 59 64 1230 3380 3630 5682 7507 8265 11385 11389
10 167 175 466 498 534 1039 1366 1397 3058 3869
10 45 53 181 988 990 1240 2332 2542 3692 5716
10 6 39 464 518 681 1026 1661 1671 3210 5315
10 6 39 325 498 534 973 1369 1663 2580 3038
1 4145
5 59 61 521 1440 1446
10 59 190 1374 2673 3221 4093 10879 11398 11403 11407
10 153 189 420 626 1150 2262 3221 3361 6021 6691
10 49 61 286 295 305 338 537 635 957 1582
10 11 13 804 944 1205 2364 3928 4573 9177 11415
10 59 148 406 612 703 1222 2553 3304 4178 6460
10 39 82 319 460 466 534 973 1034 1180 1663
10 66 90 220 548 593 729 1117 1363 1763 3271
10 59 83 315 538 673 1174 2161 2803 4081 6164
10 49 61 296 369 480 685 899 1025 2506 3180
10 6 39 492 745 1035 1850 4870 7481 11425 11429
10 148 157 601 859 947 1342 2250 2722 5720 9296
10 21 23 776 950 969 1391 2366 2941 4188 10472
10 49 61 283 311 316 460 1244 2068 3287 4592
10 39 83 480 538 821 1237 3104 4870 9343 11444
10 45 46 200 570 595 984 1366 1882 2589 4522
10 377 776 1355 3653 4262 5477 11451 11453 11458 11462
10 90 186 579 1418 2766 2881 7923 7926 9119 11477
10 49 61 286 304 327 479 1446 1592 3454 7188
10 6 185 311 394 404 539 1446 1604 2079 3280
10 46 52 1501 3374 3808 5807 11485 11487 11492 11496
10 53 91 609 842 1080 2586 8455 9396 10888 11504
10 559 566 1630 2844 2874 5537 7941 8611 11512 11516
10 45 62 985 997 1010 1876 2917 3414 8354 11522
10 83 151 458 511 541 1136 1663 2575 5822 6252
10 50 203 714 1171 1183 1844 2761 2777 4022 4374
10 6 59 454 908 921 973 1787 1902 4578 10829
10 59 61 294 322 327 460 697 1034 3663 8846
10 221 225 1495 2604 3314 6021 11542 11544 11549 11553
10 49 61 296 343 452 522 781 788 1447 2528
10 82 148 1207 3021 3639 6761 11562 11564 11569 11573
10 47 50 190 423 433 708 955 1092 1525 1975
10 47 148 623 1942 1954 2401 3633 5426 9213 11582
10 148 168 418 845 909 1032 1360 1663 4718 5996
10 50 59 448 848 1142 1722 5800 6679 11589 11593
10 49 50 293 323 327 462 1028 1400 2504 7685
10 97 148 972 1736 1949 4401 8542 10325 11586 11603
10 277 327 1672 2337 2963 3852 7592 8514 11609 11613
10 59 155 327 473 517 680 1420 1438 2076 2957
10 49 83 293 324 338 512 905 1023 1766 2528
10 83 155 302 360 455 673 1036 1444 3105 5624
10 156 157 626 1228 1403 2522 5482 5921 6683 11622
10 178 214 1121 2874 3004 7108 8598 11478 11631 11635
10 50 51 850 1943 2512 3408 6586 7941 11124 11642
10 34 167 593 1064 1095 3180 8383 10639 11650 11654
10 90 157 724 950 1101 1403 2549 2841 4046 8354
10 52 66 292 323 338 500 1482 1788 3465 11664
10 27 53 406 866 1074 2617 4681 4711 5507 8507
10 6 153 469 703 831 1504 3419 4110 4723 10454
10 49 61 303 536 702 1672 3339 4740 8178 11676
10 59 185 406 527 685 1177 2641 3361 6007 10490
10 49 59 286 295 300 322 455 460 695 1033
10 61 83 292 319 334 492 894 1043 3153 3855
10 148 200 607 1403 1418 7941 11689 11691 11696 11700
10 45 61 187 527 595 973 1823 2841 3414 6567
10 47 58 198 612 709 1142 1968 2504 3263 5030
10 243 261 677 2822 2911 5072 11294 11708 11713 11717
10 157 700 1240 1903 2538 4375 9587 11724 11729 11733
10 166 203 842 1380 1663 3066 4178 4984 6543 10545
10 61 83 295 433 492 680 1237 1420 2964 3687
10 184 201 683 1107 1391 1660 7047 11742 11747 11751
10 83 199 612 1910 1919 2590 5482 8209 11756 11760
10 59 176 338 527 534 1366 2524 3361 5469 10385
10 50 58 193 426 533 1053 1389 1968 3691 4812
10 189 209 1414 2553 2588 6614 9433 11206 11773 11777
10 186 206 688 1406 2429 3672 7134 8851 11783 11787
10 66 153 426 854 1081 1879 4555 5307 9840 11795
10 185 211 493 807 1032 1186 2588 2827 4718 5624
10 8 10 147 712 869 1194 1525 1704 3404 4849
10 2229 4260 11808 11815 11817 11823 11831 11833 11838 11842
10 167 174 480 556 921 1999 4811 5847 11397 11849
10 49 50 286 305 368 1374 2096 2506 3453 9336
10 13 59 874 1104 1168 1998 3993 4514 8531 11858
10 59 148 222 729 984 1404 5765 6644 10588 11866
10 52 61 289 512 683 1089 1919 2029 6985 7627
10 47 48 538 952 1057 1763 3090 3393 5078 10233
10 50 52 177 296 505 706 1234 1704 3138 7884
10 39 75 1122 2457 2460 4005 11882 11884 11889 11893
10 146 148 758 1954 2137 3656 10790 11898 11903 11907
10 47 49 292 520 526 695 1385 1400 2068 3949
10 8 58 185 327 353 1035 1704 4232 7691 10334
10 49 57 252 334 453 991 1755 1841 6244 8592
10 49 59 285 296 300 449 695 1438 1763 3423
10 50 203 492 797 801 1136 1240 1705 3062 4631
10 97 739 1968 3486 4742 9225 11924 11926 11931 11935
10 49 61 287 305 314 372 640 781 904 6244
10 182 371 803 934 936 1341 2641 2946 5462 10519
10 59 294 1026 1179 1844 2227 4082 4352 6628 11018
10 146 148 534 1409 1914 2560 4178 5089 7171 11951
10 83 233 306 476 517 1587 7188 7887 10726 11957
10 59 66 227 360 372 475 673 973 1381 3037
2 45 868
10 233 241 1812 6420 7896 10721 10735 10739 11842 11968
10 66 75 371 511 750 914 2556 2700 4089 4786
10 160 178 685 2324 2599 4810 11978 11980 11985 11989
10 49 61 289 305 310 418 780 897 1922 2506
10 372 675 12000 12007 12009 12015 12023 12025 12030 12034
10 83 282 452 525 673 685 1368 2821 6214 12040
10 211 216 2279 5426 6167 9943 12050 12052 12057 12061
10 61 83 304 356 460 524 781 963 1237 3178
10 15 17 509 1244 1286 2647 4765 10746 12069 12073
10 203 214 608 848 914 1636 12079 12081 12086 12090
10 83 184 296 480 519 687 1581 2005 3362 5801
10 47 59 219 423 435 716 1415 1623 6397 12101
10 83 155 315 458 517 778 1466 4207 12106 12110
10 49 59 288 310 314 343 522 673 899 1038
10 6 47 192 227 289 441 1089 1495 1926 4506
10 59 75 327 561 1096 3058 4956 7886 12118 12122
10 49 61 290 319 334 492 695 880 1036 2528
10 49 50 318 460 520 684 1050 1494 3285 5030
10 49 61 285 343 457 716 2049 2376 3797 7663
10 146 148 412 1095 1125 2612 5950 6971 10429 12133
10 61 83 327 450 453 963 12108 12138 12143 12147
10 148 190 697 1942 2124 2609 6993 8973 12153 12157
10 83 251 350 458 473 1177 3283 3338 6985 12165
10 206 577 2874 7943 9683 12171 12179 12181 12186 12190
10 83 282 327 465 478 679 1038 1230 1664 2633
10 59 61 323 492 512 1025 2820 3218 8501 12196
10 13 50 745 947 1035 1845 5814 7007 12202 12206
10 53 66 492 985 995 1403 3227 3258 5363 12211
10 45 53 423 859 870 1455 4399 5120 9399 12219
10 283 285 1450 2424 2434 3533 5144 5642 12226 12230
10 59 365 1800 2641 3107 4277 8051 9046 12237 12241
10 53 148 1797 4960 7023 10886 12251 12253 12258 12262
10 53 59 229 673 703 1510 3427 4045 6995 9591
10 87 145 1891 5238 5935 8592 12275 12277 12282 12286
10 50 216 1712 1949 2392 3622 12054 12291 12296 12300
10 59 64 401 1000 1297 3297 7018 11407 12308 12312
10 6 192 499 806 1538 1846 3203 3513 9531 12317
10 203 371 795 1177 1663 2047 4456 5801 10485 12323
10 59 146 681 837 908 1109 2951 3513 4883 12328
10 203 214 1036 1759 1857 3180 5995 5998 10208 12334
10 7 83 1089 2081 4966 10294 12345 12347 12352 12356
10 27 45 148 187 505 989 1113 1704 3692 8765
10 58 66 1052 2294 2471 4224 10975 11250 12366 12370
10 59 66 223 608 677 1039 1504 1704 6582 12376
10 66 214 4097 7775 7798 12386 12394 12396 12401 12405
10 260 418 1081 6769 7000 12411 12419 12421 12426 12430
10 83 201 431 889 1034 1381 2106 2795 3363 5317
10 6 49 288 695 783 2506 6363 7654 12114 12446
10 61 66 706 921 928 1330 4235 4248 6398 12451
10 47 53 423 621 709 1064 2121 2465 3242 5950
10 700 701 1240 1794 2328 2777 4375 4894 6965 12459
10 184 192 497 801 806 834 1171 1187 1663 4664
10 365 504 3851 4640 7593 8522 11615 12237 12470 12474
10 184 201 349 473 538 1038 2436 2506 5621 12480
10 59 83 294 458 492 677 1500 1672 4610 7968
10 59 61 322 521 540 1393 2899 3654 7882 12489
10 410 593 1204 2471 3181 3397 6277 6765 11207 12495
10 148 153 597 760 972 1392 3948 5841 8572 12303
10 23 228 531 1035 1172 1532 2939 3643 4713 5507
10 49 52 293 323 460 785 2003 3049 3872 7882
10 46 49 222 683 691 1600 2524 3465 7948 12511
10 49 61 285 296 305 525 880 894 2504 4603
10 50 82 709 1892 2261 3421 9590 11045 12519 12523
10 49 58 294 684 697 1097 3090 3180 5030 6919
10 49 61 296 343 452 529 894 1025 1442 2781
10 50 64 434 1387 1400 2562 3946 3962 7175 8777
10 50 61 327 700 850 1349 1827 1874 2881 10909
10 45 59 221 604 700 851 1769 1815 3273 9111
10 192 221 1963 3581 3584 4478 10575 12538 12543 12547
10 50 58 849 1122 1696 2588 4813 7000 10953 12554
10 148 226 3223 7507 8622 11549 12563 12565 12570 12574
10 153 192 528 845 851 1397 2774 3870 6071 12579
10 49 83 320 673 680 1237 1675 1919 4170 5849
10 49 83 296 380 455 520 684 894 2074 2087
10 148 157 609 1405 1506 2612 4003 7607 11519 12588
10 45 59 214 527 703 729 1510 1786 12380 12596
10 45 52 204 595 606 984 1147 1801 3252 6597
10 148 216 1114 1933 2121 3111 6026 7369 10109 12607
3 2124 6081 12619
10 157 221 908 1403 1998 3433 12626 12628 12633 12637
10 151 192 1101 2328 2545 5322 12645 12647 12652 12656
10 45 55 423 1004 1009 2475 6587 6639 12664 12668
10 45 53 166 593 726 988 1113 1801 2539 4229
10 53 66 2024 3414 3814 9023 12675 12677 12682 12686
10 50 52 200 227 425 889 2392 2482 4035 8576
10 27 29 1066 10427 12693 12699 12707 12709 12714 12718
10 364 372 825 1518 1843 2920 5995 6675 9696 12723
10 59 91 424 953 1391 2524 4168 4524 9720 12729
10 39 184 482 681 1035 1184 2560 2641 6311 8668
10 356 598 1956 3222 4524 6282 9252 11041 12735 12739
10 52 59 193 294 300 529 1919 2524 3677 4351
10 52 58 166 295 410 540 1000 1400 2068 4351
10 406 1037 9559 12745 12747 12753 12761 12763 12768 12772
10 61 83 290 336 344 461 897 1072 3423 4890
10 53 60 533 728 894 1418 5031 5665 7492 9645
10 559 574 1417 2849 2874 6231 7941 8598 11635 12782
10 46 47 147 192 232 842 1097 1240 6615 12788
10 49 61 294 536 671 1466 3350 3466 10399 12795
10 101 146 435 836 911 1220 2332 2478 3566 6026
10 45 61 300 959 1000 2164 7811 10424 12806 12810
10 67 213 6036 12817 12819 12825 12833 12835 12840 12844
10 57 61 718 950 1101 1276 2881 4506 6967 10852
10 27 45 509 1080 1525 3243 5788 6738 12852 12856
10 49 50 346 783 897 1720 4873 7091 8901 12862
10 47 49 283 684 992 1883 4603 6563 9508 12870
10 45 59 586 1113 1381 3099 7108 8469 12876 12880
10 6 192 541 914 957 1392 2459 2798 6476 10626
10 61 83 227 422 598 1088 2262 2999 12888 12892
10 82 148 232 431 612 1381 5113 5292 8627 12898
10 47 59 198 430 527 953 1634 1758 2777 6582
10 148 156 426 862 1409 2511 6057 7219 9215 12907
10 148 157 776 950 969 1136 1801 2354 6536 11128
10 148 153 608 956 973 1397 2617 4095 7374 11135
10 53 70 469 854 1197 4622 12268 12920 12925 12929
10 203 222 498 1173 1188 1857 3693 4171 6171 8668
10 49 50 383 2036 2061 3602 8638 9189 12939 12943
10 49 61 289 314 322 380 674 680 1370 2504
10 63 91 288 522 677 1547 2968 3090 5664 11969
10 45 66 239 901 1110 1418 3196 3276 11817 12956
10 49 59 293 336 346 536 793 1023 2065 4388
10 146 148 506 2284 2293 6803 12014 12969 12974 12978
10 49 53 283 415 424 498 1097 1370 2511 6085
10 59 90 958 2261 3571 5527 11130 12985 12990 12994
10 92 153 854 1504 1731 2473 4166 4685 9862 12999
10 39 179 530 973 1136 1913 3390 3783 6124 13004
10 52 59 222 527 609 1100 1755 1767 3090 5620
5 282 289 11835 13014 13016
10 49 61 294 455 530 695 3797 4605 7548 13019
10 59 157 527 711 727 1113 1407 1746 3051 4008
10 47 53 448 1150 1495 2565 6278 7221 12162 13028
2 13033 13034
10 59 148 433 848 909 1035 1397 1663 4718 4738
10 59 83 501 1096 1240 2820 4178 6122 6624 13040
10 206 221 1405 3099 4039 7694 13045 13047 13052 13056
10 49 59 283 327 372 492 680 683 1025 1237
10 6 8 222 516 701 1089 2023 3166 6948 13061
10 90 157 601 722 726 1235 2331 2768 4285 8119
10 52 157 419 727 859 1235 3037 3181 7114 11340
10 406 423 3195 8705 8710 11564 13077 13079 13084 13088
10 59 148 216 423 447 598 1107 1368 3077 4032
10 59 83 319 460 492 695 1446 1960 4658 7116
10 59 148 223 626 684 894 1738 2053 4524 8626
10 35 49 167 282 424 683 1066 1081 3678 10886
10 146 182 513 973 1122 1864 2835 3203 4095 8157
10 48 50 223 444 677 1374 3089 3280 7983 13101
10 83 176 294 319 327 465 695 1034 1581 4922
10 221 438 1090 2489 2648 5289 10787 11601 13110 13114
10 75 167 435 1403 1949 2522 5292 5426 12575 13125
10 2 5 1035 1512 2417 4189 9307 11001 13134 13138
10 61 90 469 1926 2250 5503 13145 13147 13152 13156
10 115 132 438 1100 1495 2252 3627 6064 8500 13161
6 310 356 3090 6089 6312 13166
10 49 61 260 908 919 1381 2262 2445 5336 13172
10 59 293 527 971 1045 1588 3290 4207 8354 13177
10 6 160 372 493 512 921 1240 1794 2765 3852
10 65 83 307 519 673 781 1919 2162 4207 5635
10 50 75 211 422 424 612 1506 1757 2256 4080
10 11 13 804 911 947 1402 2363 2370 4511 9177
10 61 83 303 338 354 460 1435 1450 2422 6551
10 49 61 296 455 517 793 1571 2029 5339 8444
10 49 61 290 327 343 517 963 1592 2504 3525
10 49 61 287 319 343 519 1089 1592 3180 3525
10 59 91 349 441 626 894 1506 1746 3151 5294
10 148 156 215 415 423 527 1409 1495 2511 6021
10 83 185 336 460 492 698 1449 2067 3425 13196
10 49 61 294 325 327 460 683 793 1033 2076
1 83
10 49 59 283 290 295 319 460 517 904 2009
10 6 148 608 872 1095 1403 2678 3438 5426 13205
10 160 191 492 899 977 2250 3394 3949 9913 13213
10 83 91 286 311 320 1919 4472 4480 8558 11966
10 192 203 492 821 969 1369 3853 5844 13223 13227
10 58 78 434 1624 1934 2393 3627 4003 7507 12571
10 1836 2129 13237 13244 13246 13252 13260 13262 13267 13271
10 61 83 294 548 673 842 1405 2014 3282 6639
10 61 83 294 464 520 540 976 1237 3185 4301
10 59 148 228 515 540 1046 1507 1781 3663 6311
10 50 53 528 712 722 1403 2265 2769 3438 8116
10 89 153 845 1212 1404 3380 4945 6433 11102 13291
10 6 203 687 1532 2139 4786 7581 12749 13300 13304
10 41 157 1519 2752 2949 4511 11001 13307 13312 13316
10 156 220 1193 3327 4004 7167 12906 13321 13326 13330
10 45 53 169 988 991 1018 2454 2539 3181 5948
10 59 174 527 1151 1366 2404 6170 6967 11213 13341
10 200 214 1948 6921 9128 11714 13351 13353 13358 13362
10 146 153 911 1622 1755 5031 10133 11110 13369 13373
10 61 83 294 327 372 520 1424 1447 3525 5561
10 59 148 221 612 623 1081 2517 4031 7038 11728
2 338 537
10 219 227 1111 1761 2650 6036 10614 12827 13384 13388
10 6 45 192 371 444 850 1090 1240 1969 3610
10 61 64 223 418 423 710 1081 1234 3166 3221
10 59 83 224 492 506 1036 1237 1375 2641 4637
10 377 423 911 2458 2604 3663 4129 5477 10374 13399
10 157 206 1402 2250 2324 4375 8238 12513 13409 13413
10 6 45 227 704 726 1025 1694 1705 3665 6390
10 151 221 1108 1235 1402 3444 9038 9877 13424 13428
10 185 285 464 538 687 1171 1664 1695 3783 6472
10 199 559 2874 7643 7938 11700 13441 13443 13448 13452
10 83 185 350 517 687 1450 4922 7188 13457 13461
10 6 64 232 498 532 1039 1843 2679 8540 13469
10 50 90 700 913 931 1240 1403 1694 2545 4576
10 83 151 452 492 535 1023 2528 3367 5999 7685
10 11 23 497 1634 1864 2758 5322 6899 8700 13480
10 170 192 801 909 969 1179 1854 1861 2601 2955
10 148 184 413 527 612 1381 2513 2562 3010 5028
10 190 193 596 1624 1961 3221 6258 6691 11413 13487
10 49 61 292 317 327 460 695 906 2076 3849
10 221 559 1211 3801 5260 9054 13498 13500 13505 13509
10 42 146 406 845 909 1334 2634 4184 9783 12206
10 193 201 612 936 1096 2390 3221 3633 5426 7827
10 192 221 799 1959 2331 3716 11673 13521 13526 13530
10 153 167 512 687 770 1038 1698 2195 3177 6311
10 221 228 950 2712 2835 4777 11511 12192 13540 13544
10 49 61 289 312 319 458 673 680 906 2087
10 83 149 371 491 540 1097 1502 2161 3993 7581
10 83 191 1948 2455 3262 6491 10639 12681 13554 13558
10 6 66 224 294 325 480 957 1035 1663 2431
10 282 284 371 475 492 679 1444 1919 4769 10680
10 39 75 2684 3736 13568 13574 13582 13584 13589 13593
10 6 59 221 426 480 710 1095 1389 2116 4795
10 75 184 915 1235 1716 4093 8517 8952 12468 13601
10 65 151 372 506 512 921 1122 1845 2823 4344
10 146 156 946 1849 2511 2691 5544 7621 10696 13611
10 6 66 327 498 518 674 1665 2415 4171 5304
10 184 189 1091 1641 2410 3566 6458 6626 10718 13618
10 157 191 613 1622 1954 3242 6203 9224 13623 13627
10 49 61 312 450 460 675 1450 1848 3452 4394
10 59 148 336 495 527 973 1237 1368 2135 3390
10 59 97 438 887 1366 1771 4121 5801 10322 11420
10 59 223 1611 1933 1944 3195 10264 10268 13638 13642
10 47 52 221 727 953 1415 3050 3222 10439 13647
10 45 47 223 528 722 1366 2524 3296 7116 13106
10 83 282 382 532 538 788 2079 2526 5442 11849
10 172 257 2121 2766 3222 6785 12676 13659 13664 13668
10 57 59 542 1142 1366 2590 5358 6454 10042 13673
10 75 83 327 460 522 698 1446 1664 2262 3336
10 49 59 292 520 527 962 1391 2068 5115 12439
10 83 148 418 527 556 859 1477 1506 3180 5292
10 17 28 1268 1784 2647 4764 10695 10975 13692 13696
10 59 61 224 294 300 349 683 729 1039 1604
10 50 78 434 748 1233 1937 2901 3614 7172 13703
10 157 221 834 938 1240 1351 1518 1522 3433 7266
3 1337 1801 13711
10 365 371 957 2452 3037 4964 13718 13720 13725 13729
10 49 61 315 458 462 673 788 1045 2523 13735
10 61 151 324 530 683 1424 2232 2956 10798 13741
10 93 153 727 908 1101 1495 2586 2772 5056 9583
10 39 184 323 492 527 759 1173 1192 2331 4891
10 148 191 434 616 626 1141 2266 2460 3620 6995
10 82 161 229 596 612 1088 2390 2515 3617 6099
10 148 184 850 2560 2607 3320 8455 9493 13752 13756
10 59 148 221 527 709 1081 1403 1503 3432 6775
10 166 181 1592 3695 4265 6494 13763 13765 13770 13774
10 83 184 338 675 679 1033 2424 2962 7124 13781
10 57 59 232 1403 1416 3228 8036 11366 13788 13792
10 49 61 294 324 327 460 538 680 1033 1446
10 59 184 492 969 1082 1366 2191 2641 3571 4178
10 165 190 410 433 548 1039 1962 2262 3363 5317
10 83 167 480 770 1176 1627 5837 5887 13802 13806
10 59 64 356 512 685 1461 2607 3077 3680 8960
10 75 148 414 708 859 1415 4683 5294 8502 13636
10 149 191 860 1874 2460 4367 12912 13818 13823 13827
10 50 59 228 495 534 960 1401 2135 3361 5927
10 61 83 294 319 324 460 675 1033 2625 5412
10 59 148 223 598 804 1230 2511 2641 4086 6007
10 292 417 748 1476 1919 3282 6242 7581 8475 13420
10 289 883 7083 13494 13839 13845 13853 13855 13860 13864
10 17 27 597 989 1005 1289 2983 3252 9069 13698
10 153 190 527 745 832 928 1355 1397 2644 3390
10 83 185 294 327 343 517 921 1025 1442 2079
10 59 148 492 1039 1096 1511 4348 4983 5800 7565
10 49 61 283 721 785 1762 3295 6579 12482 13878
2 51 66
10 59 61 524 2524 2644 3871 7239 9517 13887 13891
10 59 61 293 380 468 695 1919 2425 12480 13898
10 49 61 283 296 304 519 1571 2004 4598 13905
10 59 83 455 538 781 1443 4388 4701 13911 13915
10 75 148 416 446 697 1100 1767 2766 5331 9596
10 66 146 310 973 1107 1991 3173 4522 6988 10836
10 251 255 1746 3343 3349 6564 11365 13926 13931 13935
10 50 83 292 431 527 960 1506 2119 3037 6583
10 39 364 797 818 823 1186 3012 3584 4838 12323
10 80 151 708 915 943 1504 2828 3665 4096 8448
10 315 327 534 1037 1183 2526 5191 6458 10720 12964
10 49 61 293 369 387 1237 2079 2783 4965 13951
10 83 174 315 469 525 691 1440 2578 7970 13768
10 49 83 321 460 525 1033 3367 3906 13962 13966
10 59 148 712 1240 1403 1509 2835 3421 6015 9456
10 50 59 761 1176 1184 2065 3963 5304 7565 13042
10 83 224 288 305 312 452 1587 1919 3452 8664
10 153 184 372 675 682 1034 2957 3282 4963 5859
10 50 61 300 322 325 455 680 698 2005 4471
10 45 53 147 214 224 709 992 1004 1455 2454
10 61 83 290 312 327 455 673 899 3454 5188
10 45 49 412 903 1374 3089 7493 8763 13988 13992
10 83 192 296 312 318 455 525 673 698 1444
10 61 83 293 336 449 530 1675 1857 4208 7293
10 58 157 691 1141 2285 3273 8821 12791 13999 14003
10 83 149 300 380 406 475 685 950 3013 7275
10 6 49 228 296 327 520 894 950 2076 3663
10 66 167 1926 4621 4625 9621 14017 14019 14024 14028
10 25 58 511 1697 1777 2648 10231 12802 14037 14041
10 176 178 310 491 534 1012 2823 3151 4393 7962
10 49 61 288 305 312 336 519 675 957 1675
10 167 221 469 504 1124 2903 8758 11425 14048 14052
10 50 59 203 300 371 480 700 724 1177 1403
10 50 75 226 593 609 1146 2515 3613 6277 12574
10 49 61 286 322 349 492 640 680 1360 2079
10 35 50 342 921 1142 2507 4071 5847 11957 14064
10 221 315 521 1153 1446 2821 4951 5186 9451 13770
10 50 51 441 1736 2015 2671 9532 10859 14074 14078
10 71 83 289 322 324 904 1920 2053 5031 7277
10 83 151 294 338 349 460 525 675 1446 2036
10 2134 2804 14078 14091 14093 14099 14107 14109 14114 14118
10 49 91 308 417 460 526 685 1023 1449 2010
10 39 192 796 1177 1397 2715 7230 8204 14040 14128
10 50 83 371 963 1234 1476 2410 2590 7124 13999
10 167 184 527 1170 1397 2507 4112 6003 11742 14139
10 66 83 458 532 708 1025 1237 1447 1672 2066
10 192 371 1538 3653 4134 5515 11465 14145 14150 14154
10 49 50 201 612 683 1152 2596 3273 6170 14159
10 59 66 228 487 703 960 1230 1506 2511 3584
10 157 182 935 1163 1240 1986 14167 14169 14174 14178
10 49 61 293 371 466 530 1466 1865 3783 6425
10 192 365 804 914 1338 2369 4984 8270 12324 14188
10 47 50 283 519 684 1092 1963 1971 2810 5030
10 59 83 460 691 1000 2070 7862 8671 14194 14198
10 11 30 1266 2743 3380 4855 11361 14203 14208 14212
10 59 149 323 635 898 2331 7663 8179 14218 14222
10 156 626 3327 5923 6281 9943 12261 13129 14231 14235
10 47 53 223 527 709 1064 1375 1704 3213 7172
10 983 1103 7608 14243 14245 14251 14259 14261 14266 14270
10 45 66 505 869 1004 1875 4515 7005 12364 14277
10 5245 5269 14290 14297 14299 14305 14313 14315 14320 14324
10 8 16 709 1413 1698 3444 9200 10580 14331 14335
10 796 800 2172 3008 3645 4827 10024 12935 14344 14348
10 51 60 417 1955 2552 4069 8483 11355 14355 14359
10 50 59 282 504 511 770 1959 3719 10104 14366
10 50 58 1387 1815 2086 6443 14374 14376 14381 14385
10 45 47 149 371 482 990 1704 1784 9912 14391
10 75 120 219 434 439 1066 1391 1624 3691 6079
10 82 239 1964 3320 4597 12295 14402 14404 14409 14413
10 6 50 200 418 433 538 1081 1230 1757 3092
10 59 83 285 371 455 894 1397 1672 4378 4718
10 61 83 294 343 380 480 538 673 1028 2377
10 66 153 435 1371 1397 2718 5797 10203 14425 14429
10 45 48 87 187 232 891 1827 1883 3376 4042
10 83 149 291 673 906 3350 6571 12484 14434 14438
10 61 83 287 480 527 1234 3665 3905 7296 11099
10 49 176 288 299 305 326 542 894 1919 3451
10 53 148 603 850 858 1204 2613 3808 6584 14396
10 59 148 338 482 527 770 1176 1375 1911 3330
10 52 59 223 438 527 1086 2795 3869 11114 13820
10 155 185 300 455 464 673 1033 1438 1671 4704
10 6 39 224 799 950 1189 1939 2580 4303 14457
10 35 61 221 597 848 1403 3661 4114 8082 13617
10 83 185 305 340 351 538 1045 1449 4769 13177
10 83 184 491 1368 1508 2641 4637 5317 10042 14470
10 49 61 300 343 460 536 793 1023 1443 2523
10 59 82 423 726 973 1351 2331 2718 4071 7172
10 26 153 1795 3416 3490 8979 13403 14478 14483 14487
10 49 61 289 323 327 528 1043 1454 1824 3037
10 49 61 281 294 326 462 1819 1921 5031 10735
10 39 52 211 486 601 1090 1532 2354 3566 7000
10 83 184 424 526 534 1180 3092 3336 5825 10042
10 11 13 908 1035 1110 1341 1801 2331 4187 6146
10 82 83 360 532 674 1766 4605 4718 6178 11650
10 59 148 200 418 480 849 1142 1503 2289 10096
10 50 59 418 710 950 1391 2801 3296 4207 14510
10 49 82 318 695 781 1383 2504 3173 5929 11467
10 29 35 526 1010 1053 2515 6944 7491 10975 14518
10 50 59 187 598 685 1113 2534 3265 6588 14524
6 168 433 1341 14530 14532 14538
10 61 83 327 482 488 963 1766 2169 3054 5510
10 53 59 228 433 444 831 1222 1504 4033 6012
10 59 61 204 292 418 531 963 980 2524 4351
10 75 200 426 527 748 1088 2580 3604 4522 10525
10 157 165 569 950 1039 1511 2507 2768 3438 9868
10 1 4 157 444 701 1283 1877 3207 6405 8694
3 155 282 14551
10 6 34 424 921 1100 1696 4982 5315 14552 14556
10 157 201 848 1216 1235 1504 2776 2837 3917 6012
10 49 61 288 304 310 346 783 963 2447 4266
10 146 148 430 954 1122 2604 4519 6897 10424 14562
10 148 412 1736 2648 2650 4755 10868 13111 14570 14574
10 61 71 282 480 492 700 1029 1177 2328 3203
10 91 176 323 469 501 699 1191 1366 2524 6007
10 61 83 315 475 536 719 1455 2010 3295 8171
10 50 83 327 527 593 973 1650 1664 2575 5107
10 49 61 1114 2380 2447 4707 13126 14589 14594 14598
10 49 61 289 315 322 452 640 675 1237 1919
10 50 75 223 433 444 709 1391 1503 3037 6283
10 82 83 221 419 424 540 1039 1089 1503 2562
10 155 184 473 663 674 1455 3783 5109 13019 14609
10 83 155 319 480 536 1028 2964 3341 5192 6939
10 65 157 492 889 1089 2262 7131 8509 14621 14625
10 49 61 288 303 306 338 517 673 897 2006
10 151 167 419 527 609 980 1511 1755 3256 5182
10 148 201 441 748 960 1403 1972 2718 5720 11004
10 148 221 1233 2024 2274 3692 8382 9623 14638 14642
10 6 90 976 1773 2029 6558 14650 14652 14657 14661
10 61 83 298 390 453 525 3108 3536 7685 14667
10 61 83 293 326 346 537 1033 1592 1921 3454
10 50 75 410 541 894 1415 2803 3296 6397 8504
10 83 149 296 319 343 462 680 782 1450 2079
10 167 192 831 1369 1461 2820 5098 5426 10872 14675
10 148 192 1230 4117 4350 5301 12985 14681 14686 14690
10 59 148 229 480 515 850 1727 1965 3201 8505
10 184 203 406 530 681 1171 1397 1857 3661 6625
10 45 50 176 739 936 1113 2588 3265 4956 14702
10 170 192 832 938 943 1351 1966 2345 3577 5363
10 46 47 166 217 223 1142 2274 2621 3869 11113
10 170 192 859 1459 1687 2434 3433 3535 5145 7546
10 59 148 626 825 837 1409 2566 3926 10914 14715
10 49 58 289 344 419 526 1383 1600 3178 5610
10 50 83 295 323 327 478 899 1368 2781 6425
10 170 214 397 608 701 943 1239 1397 2329 3363
10 151 233 306 326 462 1033 3277 3281 7896 12098
10 59 66 221 423 435 699 973 1230 1959 3862
10 53 66 412 711 729 950 1403 1883 6805 9713
10 157 170 724 1233 1360 1460 2766 2879 5330 14732
10 40 50 191 412 418 727 1407 1624 3663 8506
10 223 406 2175 4716 5008 5019 14166 14741 14746 14750
10 49 61 296 460 517 538 1053 1447 3360 12103
10 1 14 593 1074 1367 3396 9006 12212 14762 14766
1 14772
10 1 9 497 1136 1283 1905 4078 4766 10548 14773
10 49 83 311 525 542 959 1919 3108 5111 7605
10 49 61 284 294 300 338 518 538 680 1043
10 6 49 320 459 462 537 788 1025 1446 2504
10 49 50 283 418 433 532 971 1095 2506 4602
2 66 989
10 39 203 504 957 1034 1401 2920 3072 4095 9810
10 6 59 426 1081 1109 2958 10522 12437 14793 14797
10 192 200 310 703 799 1369 2106 2440 3304 4178
10 48 49 283 327 343 484 1103 1455 2506 8099
10 151 186 1504 3242 3702 6316 11793 12668 14807 14811
10 150 843 1963 3810 5788 9097 14817 14819 14824 14828
10 5 6 221 506 599 837 1636 1802 2925 6131
10 50 83 542 1230 1401 2485 5182 6214 14787 14839
10 49 52 952 2650 4761 10747 14844 14846 14851 14855
10 206 435 1151 2466 2918 3982 9840 10865 13780 14862
10 146 148 806 922 938 1122 1991 2758 4522 6536
10 58 148 2520 6169 8495 11090 14870 14872 14877 14881
10 57 67 3270 5860 7468 14886 14894 14896 14901 14905
10 51 66 360 977 1210 2822 6012 6374 14910 14914
10 157 221 859 1240 1252 1406 2332 2770 3698 5719
10 49 83 311 346 455 673 1025 1449 2523 4922
10 57 59 500 969 1103 2725 8643 14920 14925 14929
10 58 75 697 1624 1709 3808 14936 14938 14943 14947
10 83 155 321 455 462 1420 4388 4701 8932 14953
10 49 61 294 343 519 880 2899 3279 8094 14959
2 603 5542
10 59 64 221 527 703 1368 2454 2552 2763 5317
10 52 59 292 322 338 458 702 1036 1447 3180
10 52 148 417 527 609 1391 2068 2524 3567 8391
10 97 626 1727 4037 4680 6614 12842 14256 14972 14976
10 65 149 374 705 711 957 1857 2250 3698 6902
10 170 175 700 909 914 1342 2327 2575 3574 6133
10 51 64 709 1235 1820 2515 6996 9869 13347 14989
10 50 55 1704 14075 14086 14995 15003 15005 15010 15014
10 45 61 688 992 1067 3050 11325 11706 15020 15024
10 90 157 921 1630 2331 3843 8358 8597 12777 15029
10 80 83 294 542 683 952 1956 2524 3106 3451
10 59 83 315 450 455 675 1066 1379 2164 3520
10 49 50 289 438 460 1089 3374 4481 11594 15040
10 6 83 296 460 482 512 1033 1177 8163 15046
10 153 221 1112 1942 2522 4104 6856 7218 10277 13296
10 61 83 286 349 449 480 1035 1235 2506 4817
10 27 61 289 683 701 1005 1088 1094 2478 4813
10 160 197 2409 6688 11794 15059 15067 15069 15074 15078
10 75 146 500 948 1125 1988 4586 8457 12437 15084
10 50 59 221 520 527 710 1389 1500 2598 3822
10 101 157 1089 2668 3376 6439 12554 13333 15092 15096
10 50 184 675 1107 1391 3253 12106 13196 15105 15109
10 49 61 346 695 779 992 6186 7346 15115 15119
10 157 214 859 1212 1355 1964 2678 3393 4426 10706
10 184 193 310 532 540 685 1391 1483 2262 3363
10 61 63 279 859 1067 2068 4606 6257 10729 15129
10 49 61 286 315 327 460 904 1921 2781 3356
10 151 192 681 1036 1192 1846 4718 5875 12205 15137
8 184 311 1845 4397 5609 15145 15153 15155
10 49 61 288 300 302 318 456 465 534 1050
10 59 65 2507 4214 4301 7830 15158 15160 15165 15169
10 58 59 511 948 1100 2324 7352 8311 15174 15178
10 371 402 1970 3031 3065 3870 6126 7764 15183 15187
10 170 556 1265 1518 1524 3698 7179 7613 12639 15195
10 66 75 225 697 849 1066 3243 3810 7172 12855
10 47 49 192 292 327 455 695 1095 1864 3425
3 422 455 6628
10 46 59 419 859 955 1963 3585 4475 7883 15205
10 65 164 506 1854 2588 4095 6066 9439 10997 15213
10 61 83 319 455 460 640 1036 2005 3054 6007
10 1 14 950 2727 3170 4963 11531 14792 15222 15226
10 65 153 992 2315 2324 6785 8253 8729 15231 15235
10 59 148 327 464 492 1034 1368 2410 3332 7565
10 148 157 282 593 674 1107 3347 4381 4718 11085
10 59 83 325 459 475 957 2506 3156 4643 15246
10 50 61 220 418 423 533 1095 1374 3180 6582
10 61 83 318 418 458 534 980 1037 1391 3783
10 83 155 327 455 460 538 1432 1446 3341 4418
10 46 59 356 684 697 1374 2418 2585 5065 7197
10 53 82 740 1949 2282 3257 6092 9931 15014 15258
10 49 52 317 460 519 540 897 1234 3037 5410
10 47 50 201 703 960 1387 2567 2585 4617 5928
10 50 59 318 532 673 1234 4035 5315 9726 15266
9 61 83 323 478 519 695 4266 4482 15273
10 223 261 1368 3281 3640 9117 15276 15278 15283 15287
10 148 157 422 612 854 1495 2108 2122 6092 8504
10 146 157 832 1101 1265 1404 2767 2844 4285 5093
10 157 221 3113 3986 5231 9365 11817 11831 15302 15306
10 83 151 300 493 537 1342 6008 6476 15313 15317
10 46 75 604 1826 2691 6012 11264 12828 15325 15329
10 39 189 746 1929 2400 3566 6310 6679 12772 13722
10 157 206 859 1407 2112 2835 4096 4375 6040 8584
10 83 170 371 511 701 942 1397 1794 2331 2921
10 71 83 459 942 977 3274 7238 11320 15344 15348
10 59 193 422 968 1081 1649 2795 3671 7025 11420
10 50 59 1000 1396 2079 2784 8197 14157 15360 15364
10 148 160 564 722 729 950 1360 1403 1798 2324
10 59 64 200 428 527 712 1230 1367 1942 4003
10 66 157 1235 2011 2379 4285 5180 8592 15372 15376
10 6 401 3484 6822 8424 15382 15390 15392 15397 15401
10 83 191 877 1504 1879 4401 7503 8458 10886 12881
10 6 59 224 845 851 973 1769 2337 6586 10249
10 49 65 310 532 542 894 1373 1443 3105 6505
10 49 59 289 305 314 369 468 519 673 3287
10 83 91 431 894 1418 2160 3037 3451 5664 8393
10 610 1539 10259 15055 15414 15420 15428 15430 15435 15439
10 66 153 1415 3808 4626 9224 13077 15444 15449 15453
10 579 2882 15458 15465 15467 15473 15481 15483 15488 15492
10 45 49 289 310 322 527 1423 3602 5860 14888
10 51 97 1738 6967 8910 13056 15504 15506 15511 15515
10 45 46 223 1039 1976 3916 12606 15521 15526 15530
10 83 91 294 318 338 460 692 695 2010 5621
10 49 61 287 308 322 455 532 695 1393 2068
10 59 167 227 710 1081 2515 3608 3949 6259 12886
10 46 48 181 849 871 1064 1525 1704 2522 6443
10 66 148 435 1140 1367 2256 3982 6057 9702 15540
10 6 7 286 536 540 1082 1919 2086 3330 8206
1 15548
10 46 52 1943 2515 4360 6042 11338 12412 15553 15557
10 192 220 812 944 969 1170 2358 4071 7492 8578
10 63 83 289 455 458 487 821 904 1663 5492
10 49 61 327 683 700 1510 3525 4351 5148 8532
10 156 177 768 1697 2133 2755 6297 8190 14036 15574
10 50 95 597 1122 1385 1960 3144 3465 7883 15579
10 49 50 521 770 806 1088 2077 2227 4600 7485
10 49 59 292 458 518 640 1234 1420 2523 5412
10 203 460 1026 1179 1272 1844 2598 2601 4664 5844
3 59 176 12270
10 198 211 807 1438 1532 2588 4093 5424 8258 12230
10 52 53 193 223 410 709 2511 2586 4227 7367
10 47 75 597 1089 1711 2604 5381 6617 9741 15592
10 224 282 492 684 921 2047 10549 11198 15598 15602
10 6 206 727 950 1230 2331 3328 3407 6310 9862
10 148 156 1409 3020 3750 8257 11221 11224 11889 15609
10 50 52 697 1772 2086 3792 7018 7507 8774 11594
10 49 59 289 323 326 458 537 673 1023 1919
10 80 148 845 1114 1207 1696 3864 4576 7608 15617
10 50 148 2266 9213 9225 11928 15626 15628 15633 15637
10 49 59 312 399 455 674 4467 5030 10392 15645
1 15650
10 6 192 504 809 1090 1959 2956 3643 9586 14399
10 50 66 304 799 845 984 1389 1522 5765 8022
10 54 63 978 1839 9877 13357 15661 15663 15668 15672
10 61 83 289 327 343 460 695 1023 3390 5113
10 148 200 596 1211 1360 2124 6057 6765 11757 15680
10 49 50 289 435 452 848 1389 1604 2809 4097
10 49 61 294 322 327 496 877 952 1494 3693
10 6 83 318 518 536 793 1669 3180 8388 15688
10 91 203 296 455 491 640 963 1038 3180 15035
10 228 300 1389 3736 4097 5749 15697 15699 15704 15708
10 49 61 294 338 354 455 530 534 1675 2506
10 50 148 406 956 1107 1962 3438 3951 9352 15714
2 49 83
10 8 14 826 1091 1177 2724 4753 7880 12067 15722
10 45 53 868 1370 1663 2344 3834 3836 6110 15729
10 61 83 327 460 492 673 1038 1419 2076 3180
10 66 147 5362 12694 12696 12704 15737 15739 15744 15748
10 59 66 204 295 418 703 1122 1234 2580 4910
10 401 500 3419 4860 7712 11671 15758 15760 15765 15769
10 49 61 294 327 343 493 674 680 1028 2087
10 59 93 593 1373 2524 4818 12987 15775 15780 15784
10 13 218 674 1265 1330 2504 3730 3825 5564 12251
10 50 53 221 447 527 701 1101 1403 2168 3721
10 59 201 349 466 527 1031 1238 1766 3671 4708
10 47 51 167 204 219 418 842 1080 1815 5236
10 83 185 368 1029 1034 1921 3422 5800 8473 15798
10 93 148 430 608 727 908 1240 1495 3663 12058
10 83 282 319 460 480 673 963 1036 2005 4266
10 59 78 1624 3221 3632 7509 10885 12986 15809 15813
10 49 61 325 598 683 980 2262 2618 5664 8393
10 49 61 285 299 304 338 883 1043 2205 4472
10 157 170 701 1349 1363 1748 3438 3700 5294 6904
10 48 50 963 2207 2221 3195 5766 6484 14398 15823
10 167 228 1370 3391 6308 9691 15536 15829 15834 15838
10 49 59 251 290 293 346 462 479 684 1391
10 83 201 466 540 1027 1237 2820 3654 5801 15843
10 59 148 220 423 466 700 1107 1367 1864 2587
10 47 50 157 371 520 1052 1495 1501 3465 9548
9 49 83 286 308 321 462 2077 3293 15851
10 66 168 1066 3792 3949 5853 12699 15854 15859 15863
10 47 597 2654 4030 4932 7310 15870 15872 15877 15881
10 59 211 677 1369 1857 3221 4035 4301 6310 6628
10 312 320 781 2061 2780 5650 15889 15891 15896 15900
10 148 167 406 487 492 708 1237 1368 2065 3665
10 120 148 225 412 548 894 3194 4011 8455 15908
10 75 83 412 541 616 1089 3010 3280 6611 9702
10 148 189 2414 6177 6761 11218 13622 15917 15922 15926
10 49 59 285 294 298 319 450 462 539 1435
10 223 224 495 908 916 1035 1504 1663 2337 4134
5 83 262 695 3424 9184
10 61 83 293 344 536 894 3153 4612 8167 15934
10 49 59 295 346 455 538 1089 1391 1919 2970
10 59 66 223 710 960 1237 2106 2332 4351 13286
10 59 148 259 609 708 1107 2612 4003 8390 12987
10 66 160 504 1107 1454 2118 5319 6324 9594 15948
10 58 61 540 1600 1772 3465 11470 11933 15956 15960
10 45 59 197 527 728 1366 7853 8120 15967 15971
10 83 151 321 475 1028 3058 6257 8758 11828 15851
10 49 61 286 310 321 346 525 539 700 1240
10 49 61 293 319 327 458 538 680 1023 2005
10 377 714 3418 4140 4711 10117 15981 15983 15988 15992
10 59 148 360 492 495 973 3058 4663 7005 10814
10 83 148 556 1231 1391 2106 3663 4032 6171 11847
10 83 192 492 799 825 1176 1663 2366 3291 3870
10 66 83 419 500 519 909 1286 1973 3185 6397
10 8 9 1290 4765 6400 9897 16007 16009 16014 16018
10 49 61 285 296 305 323 534 668 1366 2068
10 6 49 294 334 369 455 676 695 1025 2010
10 59 91 222 433 494 923 1504 1663 2524 3451
10 59 148 223 423 433 703 1415 1506 3620 6583
10 47 59 201 228 417 596 889 1039 1381 2068
10 65 80 302 424 519 1028 1491 2008 5127 10312
10 282 289 674 1042 1050 2781 15899 16028 16033 16037
10 50 61 223 697 871 1370 1888 2801 3620 7213
10 47 82 447 1029 1174 1959 6242 6467 7577 10602
10 49 51 189 292 310 880 1510 2068 3181 4358
10 221 239 1095 1417 1989 2448 4167 5563 9101 16049
10 59 61 901 2036 2392 3812 7917 9115 15278 16057
10 12 14 1060 2932 3395 6730 10851 16062 16067 16071
10 6 39 506 834 908 1197 2327 2351 4022 6458
10 59 61 282 418 424 683 1089 1366 3180 4610
10 45 50 288 700 718 1067 2327 2560 3844 10506
10 83 151 318 460 534 727 1237 1407 2250 3637
10 1879 5381 16087 16094 16096 16102 16110 16112 16117 16121
10 148 194 5091 10122 12136 13758 16132 16134 16139 16143
10 49 52 289 524 529 902 2506 3454 3872 8511
9 83 282 327 537 673 784 1681 2781 16031
10 83 149 635 1423 2029 3053 7663 10340 16153 16157
10 45 83 737 1207 1381 1943 5353 5907 10517 12691
10 244 7400 16169 16176 16178 16184 16192 16194 16199 16203
10 53 167 426 748 1146 1968 3229 4032 8278 16209
10 6 49 317 453 517 789 2079 2506 4266 16214
10 148 193 1849 3566 3639 4109 6167 6691 10625 16219
10 6 170 908 948 1334 1360 2327 2332 3408 4202
8 190 196 2360 16225 16227 16233 16241 16243
10 700 701 937 1248 1340 1360 2327 3439 5774 16246
10 191 193 2456 3479 3716 8716 13072 13077 16254 16258
10 6 181 709 2682 2798 5591 13273 15679 16267 16271
10 83 250 315 458 492 675 1025 1419 1919 3295
10 156 247 2250 5681 6985 11635 16280 16282 16287 16291
10 6 31 599 1959 3202 4690 9009 10647 16296 16300
10 6 39 228 608 850 1237 3189 3271 9237 16305
10 224 377 4911 12756 16311 16317 16325 16327 16332 16336
7 151 157 966 1416 1630 5036 16344
10 6 49 282 572 595 1418 2293 3466 10982 16348
10 61 178 295 326 449 528 1604 2439 7968 9664
10 203 222 478 681 687 1237 4663 5021 7546 15109
10 49 61 300 323 327 453 534 894 1237 2578
10 200 261 2150 3149 3630 5758 10863 12500 16365 16369
10 59 75 414 691 748 1845 3566 3663 8081 11215
10 50 59 483 894 1182 1696 3691 4695 9455 16379
10 148 157 244 845 1107 1403 1965 3201 5368 11361
10 49 61 286 360 458 673 921 1237 1919 3356
10 45 61 247 310 449 880 1435 2168 4355 5409
10 260 1229 16391 16398 16400 16406 16414 16416 16421 16425
10 153 327 977 2522 3033 5291 8497 10639 12679 16430
10 47 64 1409 3187 3630 6034 16436 16438 16443 16447
10 148 157 950 1717 1990 3864 11080 13786 16456 16460
10 59 82 579 850 1090 2718 6061 15405 16469 16473
10 157 206 854 1406 1416 2767 3812 4167 5053 6230
10 192 228 1240 4160 4783 8516 14040 16478 16483 16487
10 75 95 2661 4742 4939 16493 16501 16503 16508 16512
10 59 80 441 1039 1233 2250 3907 4522 9515 13862
2 16519 16520
10 61 83 288 311 324 459 899 1028 3452 16353
10 49 59 289 308 314 449 894 899 2074 2506
10 148 164 626 806 955 1385 4021 4813 8258 14351
10 184 272 541 847 909 1440 2332 3064 6491 11297
10 59 61 296 372 460 673 900 963 4170 9760
10 6 66 282 296 310 490 691 697 1089 2262
10 45 52 593 976 984 1080 3259 3865 8354 9840
10 83 282 673 2084 2089 3453 9333 9352 15240 16536
10 49 52 289 524 529 892 1234 1455 2009 3251
10 148 196 849 2250 2605 7248 14334 15270 16544 16548
10 45 47 527 950 1081 2392 4115 6281 14638 16555
10 59 61 228 416 433 536 1663 2065 3665 7478
10 89 148 2648 5678 8312 16560 16568 16570 16575 16579
10 49 59 221 295 300 360 894 950 2009 3077
10 6 49 289 371 447 492 953 1444 2337 3663
10 49 52 419 697 1066 1381 2504 3465 5030 5800
10 59 148 437 1039 1391 1757 4368 5421 8507 16587
10 192 272 5484 7594 9444 10559 16596 16598 16603 16607
10 157 191 728 2621 2844 4112 9589 10533 16612 16616
10 49 52 520 1835 3571 10370 16624 16626 16631 16635
10 83 251 312 492 777 1921 5154 5863 11356 16643
10 59 64 282 712 1149 2837 7250 10838 14733 16649
10 201 202 426 1081 1506 2256 3721 4632 6098 7582
10 50 59 294 492 530 973 1232 1349 2161 6311
10 224 282 492 675 687 1191 2420 2823 6131 13567
10 59 64 211 612 748 1391 3242 4032 8799 13373
10 6 23 803 1102 1109 1397 4522 5662 10399 16660
10 11 23 364 480 492 770 2414 2939 5030 8138
10 203 327 805 1532 1854 2830 5010 6278 8520 15226
10 47 48 877 1396 1968 3263 9237 9943 12529 16673
10 49 58 378 1455 1811 2309 3993 7468 15893 16681
10 66 83 855 1008 1194 1504 2236 2429 3693 5056
10 384 395 8201 16687 16689 16695 16703 16705 16710 16714
10 46 59 520 848 1033 2647 4917 5825 11594 16719
10 50 157 850 3252 3273 5737 13321 14862 16728 16732
10 368 369 2083 3502 4870 9955 16737 16739 16744 16748
10 183 224 513 801 914 1191 2365 2718 5822 10432
10 148 201 492 1232 1746 1767 6330 8510 16756 16760
10 91 153 480 699 706 1039 3271 3347 5629 8522
10 193 204 724 2106 2407 3304 5423 7831 16769 16773
8 148 221 7717 16780 16782 16788 16796 16798
10 294 318 1036 1493 1663 5200 7649 10033 13637 16804
10 50 52 1005 1795 1823 3244 16809 16811 16816 16820
10 13 157 770 944 954 1769 3580 4008 9938 16828
10 49 52 288 383 512 946 1839 2036 4063 7005
10 39 58 227 526 697 850 1107 1122 1692 4093
10 83 185 492 1026 1036 1675 3340 4176 13106 16028
10 66 82 228 1039 1090 1511 4032 5317 11539 16841
10 53 75 227 430 444 612 1053 1109 3166 4808
10 82 194 1396 3221 3601 4270 7581 8077 15203 16849
10 6 148 433 973 1081 1757 3665 4708 6582 12921
10 59 201 295 324 371 485 1035 1234 2211 3637
10 59 148 428 889 1509 3058 9245 13487 16861 16865
10 45 53 373 1089 1696 3449 4978 6355 8854 16870
10 211 221 350 883 1369 2427 3533 3537 4178 6171
10 45 47 427 854 972 1194 3181 3663 12533 16878
10 49 83 300 460 492 673 1028 1036 1466 7278
10 83 185 308 476 541 899 1919 3061 4393 7188
10 53 78 1396 3616 4653 7507 12053 14418 16889 16893
10 61 83 289 343 380 522 898 1112 2431 4808
10 53 59 423 1081 1103 1971 2591 4009 7025 12365
10 49 52 282 295 300 343 1089 1835 3453 7995
10 59 148 310 482 527 714 1397 1630 2519 6259
10 6 170 704 913 1035 1360 2575 2771 4023 5563
10 59 211 1446 1931 1944 2901 6755 8303 11359 16907
10 420 795 4410 8707 8719 11219 16916 16918 16923 16927
10 146 192 955 1815 2131 2647 4026 5224 12381 16292
10 49 59 279 293 295 372 691 708 1089 1496
10 50 61 369 977 1112 1340 2443 3043 5482 10743
10 82 148 1938 3477 4618 10228 16940 16942 16947 16951
10 156 157 1142 2315 6265 6816 8815 12968 16956 16960
10 59 75 232 600 604 1112 1727 1761 6611 14945
10 148 170 845 1240 1351 1799 2767 2839 4081 6165
10 49 52 286 314 334 528 976 1089 1919 3367
10 57 59 371 677 700 1502 5629 7042 16972 16976
10 59 89 1097 2594 3097 3997 8388 10042 11503 16983
10 59 64 227 746 833 1696 4030 4410 10212 16988
10 49 61 296 419 460 539 1107 1477 4468 6242
10 7 182 807 915 921 1330 1918 2047 2939 4966
10 146 157 832 933 944 1355 2328 2644 2824 6155
10 7 59 217 852 955 2328 3593 3633 6678 12057
10 49 83 327 680 778 894 3173 3829 7239 10877
10 63 67 13033 17000 17002 17008 17016 17018 17023 17027
10 261 270 1928 2211 2585 3195 6756 13640 17034 17038
10 53 66 845 1631 1937 2808 4491 9439 15128 17045
10 35 47 423 848 854 1869 3037 3183 3620 6545
10 50 83 952 2392 2809 4600 14604 16719 17054 17058
10 53 78 420 748 878 1094 3166 3256 5290 6919
10 65 211 480 952 1096 2656 4153 5573 9923 17065
10 50 232 1392 2207 2647 9667 17072 17074 17079 17083
10 59 90 410 712 729 1391 2429 3421 4285 11235
10 59 148 224 418 423 673 1380 2820 3687 6166
10 6 7 423 748 1035 1209 2364 3177 4963 8997
10 61 155 521 2003 2164 2907 10144 17093 17098 17102
10 160 192 704 834 913 969 1518 1663 3203 5995
10 58 66 1283 2585 2671 5078 11264 12485 17111 17115
10 6 34 289 491 681 1461 4142 4963 6311 11865
10 75 191 5918 12828 15327 17128 17136 17138 17143 17147
10 58 597 1930 2651 2811 9439 17154 17156 17161 17165
10 148 221 832 1195 1360 2458 8889 8895 11529 13614
10 6 50 228 698 703 915 1391 1493 1961 2768
10 148 157 228 434 616 894 1415 1624 2581 3181
10 6 59 219 415 419 703 1528 1759 2795 5107
10 57 198 427 882 1374 1815 3084 3805 6219 17177
10 59 148 221 480 598 1081 1763 1786 3794 7705
10 45 53 423 843 866 992 1877 2511 3227 5804
10 35 146 797 933 969 1403 2816 2946 3706 7739
10 52 75 4030 7627 14354 17191 17199 17201 17206 17210
10 50 66 748 1385 1389 3180 4507 5370 9532 17217
10 49 61 294 319 327 459 675 788 1442 3061
10 59 222 1366 1767 1850 4393 8514 8954 12478 17224
10 6 83 294 435 492 683 1381 1503 1975 2768
10 49 83 293 320 327 458 675 685 1023 2005
10 83 185 480 957 1368 1895 2967 3783 5098 8111
10 59 83 327 517 673 788 1600 1681 9016 17234
10 59 66 222 430 444 1142 5096 5765 8458 10247
10 45 53 701 1010 1122 4496 17246 17248 17253 17257
10 49 155 327 522 674 1461 4922 5561 17263 17267
10 52 66 1089 1968 2648 2671 5035 8021 12057 17273
10 31 50 419 768 853 1122 2581 3166 8699 17279
10 58 59 469 1738 1786 4148 11340 12262 16959 17287
10 6 49 289 317 327 698 2079 2526 4171 6242
10 47 49 200 427 434 849 1623 2119 2612 4935
10 49 52 292 460 520 684 1237 1623 3180 5030
10 61 66 222 422 433 854 1501 1746 2795 3694
10 90 206 2267 7752 9191 12152 17295 17297 17302 17306
10 46 82 1720 3425 3778 6855 16121 17311 17316 17320
10 61 63 286 295 300 326 537 891 1443 1921
10 50 83 292 346 455 522 698 748 1381 1509
10 59 61 295 683 709 1089 3429 3672 5665 8441
10 49 59 287 492 532 676 1366 1461 3367 6551
10 61 83 390 681 973 1177 2819 3064 4646 7654
10 59 157 708 948 1136 1651 2774 3031 4093 5331
10 211 216 1162 1859 2552 3566 4343 6066 6628 11235
10 59 148 427 616 697 1624 4069 5765 9590 17331
10 157 160 948 2116 2723 3764 10150 13296 17337 17341
10 6 8 371 720 921 1100 1705 2023 3207 6131
10 46 47 427 911 992 1694 3243 3376 8913 13157
10 63 187 3783 6907 7959 10127 17357 17359 17364 17368
10 148 153 870 1879 2274 3243 7468 10227 17374 17378
10 62 66 711 1882 1884 2841 4047 5243 9948 17384
10 6 23 802 927 946 1330 3388 4052 5337 8445
10 83 282 327 492 673 693 1443 1449 2076 3289
10 8 14 401 991 1057 1903 5547 8911 17392 17396
10 49 245 927 2506 3392 4707 9817 11715 15606 17402
10 50 222 465 728 882 1369 3361 3429 3949 6310
10 49 61 300 479 530 1067 1969 2809 4173 9689
10 6 52 295 334 346 460 898 1023 1446 9151
10 11 192 908 1347 2128 2946 6892 7758 14188 17416
10 83 155 302 455 478 899 3454 3520 6107 7498
10 59 178 360 936 1138 1482 3085 3567 6170 9171
10 82 184 465 534 673 821 1845 2185 9867 17424
10 83 185 346 387 455 526 1033 1438 2092 4468
10 1 192 1136 1702 1903 4071 9401 9722 17431 17435
10 501 754 2830 5544 5843 10362 17444 17446 17451 17455
10 49 83 512 695 959 2914 6287 7819 9815 13982
10 91 184 424 534 683 1036 2509 3054 6069 10912
10 6 170 466 536 770 1082 1664 1848 3296 5809
10 61 65 288 323 460 783 2375 2380 4099 10743
10 83 204 327 492 673 1189 3452 3525 13106 17472
10 45 49 153 285 323 593 1043 1112 1504 2429
10 61 83 296 695 921 1672 3185 3668 5315 10116
10 66 83 423 700 718 909 1240 1360 1705 2765
10 64 91 504 1053 1095 2357 5331 8501 15124 17483
10 39 83 452 680 698 1096 2417 2960 4139 6455
10 47 52 610 1058 1064 1827 4224 6012 16389 17494
10 198 206 424 972 1039 1600 3988 4364 8448 12521
10 66 75 700 1055 1095 2507 11214 13166 17505 17509
10 59 148 222 435 923 1504 3363 4368 8504 13684
1 17518
10 148 164 748 1146 1370 2801 4887 6091 12528 17520
10 49 59 286 299 308 372 695 906 1370 1919
10 39 49 282 308 314 548 1920 2766 4609 6420
10 227 228 874 2366 3296 8291 12857 13265 17527 17531
10 50 75 3598 6161 7596 14075 15825 17537 17542 17546
10 167 189 228 603 703 1415 2580 3086 3620 7038
10 90 170 859 1406 1630 2767 3698 4167 6040 9114
10 83 283 458 1453 2424 3061 5528 9167 16867 17557
10 1100 1117 8251 17562 17564 17570 17578 17580 17585 17589
10 82 148 202 511 614 1066 3263 3663 4227 7688
10 50 53 201 232 418 608 1385 1501 3438 5035
10 132 401 3309 5072 5921 13262 17598 17600 17605 17609
10 2 5 1267 4098 4517 8129 8328 8332 13136 17615
