10 45 50 64 67 71 78 79 81 86 88
10 95 100 114 117 121 128 129 131 136 138
10 45 66 157 160 164 171 172 174 179 181
10 47 188 202 205 209 216 217 219 224 226
10 71 237 251 254 258 265 266 268 273 275
10 49 283 297 300 304 311 312 314 319 321
10 65 259 330 333 337 344 345 347 352 354
10 7 365 379 382 386 393 394 396 401 403
10 148 202 418 421 425 432 433 435 440 442
10 61 282 449 452 456 463 464 466 471 473
10 66 294 486 489 493 500 501 503 508 510
10 49 286 346 460 519 526 527 529 534 536
10 543 548 562 565 569 576 577 579 584 586
10 63 199 597 600 604 611 612 614 619 621
10 83 628 642 645 649 656 657 659 664 666
10 50 282 520 538 675 682 683 685 690 692
10 50 157 703 706 710 717 718 720 725 727
10 50 498 746 749 753 760 761 763 768 770
10 49 283 459 517 654 778 779 781 786 788
10 406 797 811 814 818 825 826 828 833 835
10 6 175 845 848 852 859 860 862 867 869
10 49 223 327 431 703 880 881 883 888 890
10 49 282 312 323 346 478 525 695 899 901
10 5 832 921 924 928 935 936 938 943 945
10 45 322 952 955 959 966 967 969 974 976
10 45 85 992 995 999 1006 1007 1009 1014 1016
10 49 283 475 522 537 942 957 1024 1029 1031
10 83 228 449 459 515 899 942 1034 1042 1044
10 27 66 992 1052 1056 1063 1064 1066 1071 1073
10 66 164 423 487 799 1083 1084 1086 1091 1093
10 50 412 1106 1109 1113 1120 1121 1123 1128 1130
10 0 157 435 616 1100 1143 1144 1146 1151 1153
2 180 1160
10 39 424 799 1026 1082 1176 1177 1179 1184 1186
10 151 572 1199 1202 1206 1213 1214 1216 1221 1223
10 50 176 360 480 527 942 950 1081 1233 1235
10 12 832 1252 1255 1259 1266 1267 1269 1274 1276
10 29 1283 1297 1300 1304 1311 1312 1314 1319 1321
10 700 919 1335 1338 1342 1349 1350 1352 1357 1359
10 59 178 372 505 953 1368 1369 1371 1376 1378
10 47 64 300 325 597 1385 1386 1388 1393 1395
10 13 184 711 845 948 1402 1403 1405 1410 1412
10 83 286 537 695 786 1424 1425 1427 1432 1434
10 83 286 338 452 469 680 695 899 1419 1442
10 176 285 338 455 463 675 680 781 1028 1447
10 49 174 372 527 727 1455 1456 1458 1463 1465
10 35 283 1381 1472 1476 1483 1484 1486 1491 1493
10 50 165 527 700 748 1097 1142 1385 1503 1505
10 157 497 1095 1248 1328 1403 1512 1514 1519 1521
10 323 494 1531 1534 1538 1545 1546 1548 1553 1555
10 49 283 380 472 519 1563 1564 1566 1571 1573
10 49 283 459 529 789 1383 1580 1582 1587 1589
10 59 261 1602 1605 1609 1616 1617 1619 1624 1626
10 66 222 1504 1633 1637 1644 1645 1647 1652 1654
10 83 286 480 698 1032 1187 1237 1532 1664 1666
10 61 286 675 826 1089 1674 1675 1677 1682 1684
10 6 66 597 720 1109 1691 1692 1694 1699 1701
10 97 410 1715 1718 1722 1729 1730 1732 1737 1739
10 59 240 1412 1747 1751 1758 1759 1761 1766 1768
10 45 66 232 527 1088 1777 1778 1780 1785 1787
10 45 187 847 908 943 1403 1518 1795 1800 1802
10 57 265 1812 1815 1819 1826 1827 1829 1834 1836
10 167 457 1136 1191 1845 1852 1853 1855 1860 1862
10 45 79 1010 1113 1870 1877 1878 1880 1885 1887
10 59 277 308 316 324 478 521 537 1919 1921
10 101 265 1928 1931 1935 1942 1943 1945 1950 1952
10 157 223 845 1039 1367 1960 1961 1963 1968 1970
10 182 911 1339 1342 1979 1986 1987 1989 1994 1996
10 49 151 293 299 322 479 517 680 1811 2004
10 17 76 988 1064 1695 2012 2013 2015 2020 2022
10 151 512 2034 2037 2041 2048 2049 2051 2056 2058
10 49 203 346 406 475 673 681 963 1443 1447
10 83 382 2075 2078 2082 2089 2090 2092 2097 2099
10 82 204 960 1233 1508 2111 2112 2114 2119 2121
10 95 597 2129 2132 2136 2143 2144 2146 2151 2153
10 83 245 323 455 536 899 957 1438 2161 2163
10 759 807 2171 2174 2178 2185 2186 2188 2193 2195
10 270 2203 2217 2220 2224 2231 2232 2234 2239 2241
10 148 434 2252 2255 2259 2266 2267 2269 2274 2276
10 148 950 2295 2298 2302 2309 2310 2312 2317 2319
10 23 511 957 1171 1265 1504 1663 1805 2330 2332
10 6 227 973 1240 2339 2346 2347 2349 2354 2356
10 184 482 805 816 832 1668 1669 2128 2366 2368
10 61 282 334 451 470 783 880 1432 2008 2376
10 148 204 1932 2383 2387 2394 2395 2397 2402 2404
10 83 283 482 674 698 1177 1179 1237 2412 2414
10 166 354 2424 2427 2431 2438 2439 2441 2446 2448
10 191 850 2015 2028 2458 2465 2466 2468 2473 2475
10 61 289 898 1349 2071 2487 2488 2490 2495 2497
10 53 153 435 606 1080 1943 1949 2409 2514 2516
10 49 282 323 343 492 680 683 698 2504 2524
10 45 93 532 973 1547 2535 2536 2538 2543 2545
10 148 211 1154 1962 2414 2558 2559 2561 2566 2568
10 35 83 312 322 455 727 729 781 1240 2005
10 59 83 413 498 748 1375 1381 1391 2116 2562
10 59 165 612 842 1113 1943 2473 2511 2588 2590
10 7 221 681 770 1032 1230 1237 1661 1914 2597
10 184 196 977 1624 1892 2607 2608 2610 2615 2617
10 47 83 419 593 954 1113 1115 1379 2324 2625
10 83 228 919 1032 1110 1918 2617 2633 2638 2640
10 597 746 2481 2649 2653 2660 2661 2663 2668 2670
10 406 1182 2683 2686 2690 2697 2698 2700 2705 2707
10 168 374 1035 1265 1360 2600 2684 2715 2720 2722
10 11 182 2729 2732 2736 2743 2744 2746 2751 2753
10 149 228 1794 1799 2331 2761 2762 2764 2769 2771
10 49 283 382 403 1894 2082 2083 2091 2781 2783
10 82 227 1122 2256 2585 2796 2797 2799 2804 2806
1 2813
10 170 371 933 956 1240 2815 2816 2818 2823 2825
10 71 177 848 942 1351 1795 1801 2161 2833 2835
10 90 1151 2852 2855 2859 2866 2867 2869 2874 2876
10 228 469 2678 2885 2889 2896 2897 2899 2904 2906
10 45 66 288 461 985 999 1005 1017 2168 2913
10 229 496 1397 1850 2047 2925 2926 2928 2933 2935
10 146 718 921 944 1125 2364 2634 2943 2948 2950
10 59 283 338 372 480 698 906 1050 1461 1919
10 83 283 372 469 640 1238 1420 1449 2635 2964
10 206 607 2974 2977 2981 2988 2989 2991 2996 2998
10 50 360 1387 1849 2585 3008 3009 3011 3016 3018
10 6 69 483 532 1035 1779 1787 2602 3028 3030
10 50 160 724 950 1240 3037 3038 3040 3045 3047
10 49 178 336 460 531 899 973 1237 2506 3055
10 6 480 1240 1801 2331 2777 3062 3064 3069 3071
10 45 153 1461 2534 3079 3086 3087 3089 3094 3096
10 49 259 327 356 455 680 683 698 1043 1454
10 49 155 293 320 356 526 529 695 1432 1454
10 148 1198 3120 3123 3127 3134 3135 3137 3142 3144
10 49 282 327 346 492 538 539 680 1000 1449
10 61 283 343 460 522 695 698 793 1420 1450
10 49 283 462 538 906 1443 1587 1851 2966 3156
10 1 66 538 793 963 1999 3163 3165 3170 3172
10 49 283 308 319 327 450 453 517 882 904
10 49 61 310 528 904 1415 1455 1759 2506 3180
10 6 371 700 914 969 1663 1861 2369 3202 3204
10 59 189 425 593 1088 2612 3211 3213 3218 3220
10 45 153 896 950 1113 2328 2429 2925 3230 3232
10 6 66 1835 2511 3240 3247 3248 3250 3255 3257
10 149 245 977 1141 1418 2427 2429 2610 3267 3269
10 49 251 311 322 449 646 695 904 2068 2205
10 83 282 318 338 460 894 1038 1438 2161 2957
10 61 283 314 327 455 540 695 1441 2079 2779
10 49 277 314 323 492 673 695 897 1675 3290
10 57 506 3299 3302 3306 3313 3314 3316 3321 3323
10 65 224 512 566 957 1121 1391 1848 2819 3331
10 83 221 314 323 338 640 695 977 1592 2169
10 59 277 1751 2525 2968 3343 3344 3346 3351 3353
10 83 283 455 492 674 1235 1237 1504 2819 3361
10 84 182 1110 1367 2359 3371 3372 3374 3379 3381
10 13 221 802 914 946 1663 1680 1905 2936 3177
10 153 852 1880 3317 3396 3403 3404 3406 3411 3413
10 59 153 412 505 729 1797 1943 3037 3424 3426
10 157 601 1357 1403 1798 2764 2767 2953 3437 3439
10 65 305 675 900 1449 3446 3447 3449 3454 3456
10 58 84 288 295 326 668 695 897 1461 1592
10 36 497 2925 3203 3494 3501 3502 3504 3509 3511
10 6 283 469 538 1100 2625 2781 3284 3522 3524
10 338 1450 3531 3534 3538 3545 3546 3548 3553 3555
10 146 184 955 1113 1369 2337 2755 3086 3565 3567
10 82 191 524 728 1780 2609 2873 3593 3598 3600
10 82 623 1941 1950 2383 3614 3615 3617 3622 3624
10 148 511 955 1110 1512 2365 2574 2951 3645 3647
10 59 201 532 748 1186 1630 1919 2122 2582 3010
10 6 167 697 848 1035 1397 1400 1795 2801 3296
10 148 201 441 699 848 1663 1746 1805 3354 3665
10 59 211 1107 1406 2036 3077 3151 3429 3675 3677
10 251 354 2421 2427 2438 3533 3535 3540 3553 3684
10 35 164 739 1066 1367 2591 2617 3010 3526 3678
10 146 214 908 934 1104 1417 1418 1884 2604 3697
10 182 811 1519 1892 2604 3407 3419 3704 3709 3711
10 6 153 365 414 469 530 538 698 1973 2417
10 50 511 3380 3723 3727 3734 3735 3737 3742 3744
10 167 239 2715 3027 3754 3761 3762 3764 3769 3771
10 63 468 3270 3780 3784 3791 3792 3794 3799 3801
10 53 71 527 953 1089 2539 3181 3327 3812 3814
10 47 75 500 683 1088 1391 1919 1975 3821 3823
10 45 153 1055 2328 3334 3834 3835 3837 3842 3844
10 83 282 460 493 674 1034 1043 1446 3104 3851
10 45 92 950 989 1405 2596 3181 3271 3858 3860
1 2327
10 6 224 506 534 842 1109 1122 1845 2724 2826
10 61 1072 3879 3882 3886 3893 3894 3896 3901 3903
10 6 69 1360 1401 1782 3029 3033 3265 3912 3914
5 156 3921 3935 3938 3942
10 50 83 1388 2256 2903 3951 3952 3954 3959 3961
10 47 148 1158 1726 1802 3785 3794 3968 3973 3975
10 148 206 854 977 1403 3421 3691 3983 3988 3990
10 45 176 430 492 677 960 973 1142 1961 2617
10 201 504 1035 1186 1532 2809 2830 3011 4017 4019
10 57 157 728 936 989 1793 1801 2332 4041 4043
10 65 174 953 1168 3177 4053 4054 4056 4061 4063
10 221 700 936 1095 1267 2726 2950 3379 4073 4075
10 291 534 1184 2175 2328 4082 4083 4085 4090 4092
10 728 3639 4110 4113 4117 4124 4125 4127 4132 4134
10 23 412 807 1179 2800 4141 4142 4144 4149 4151
10 6 220 849 960 1503 2715 2727 3180 4159 4161
10 83 327 681 894 1176 2504 2820 3304 4172 4174
10 5 701 1512 2023 4183 4190 4191 4193 4198 4200
10 49 283 315 323 343 517 519 640 1234 2065
10 57 153 538 992 1066 2491 3026 4212 4217 4219
10 8 83 325 523 1039 1366 1401 1704 4226 4228
10 908 921 1978 2000 4236 4243 4244 4246 4251 4253
10 6 214 770 814 859 1342 1663 1964 2369 3012
10 49 279 460 538 695 957 1235 1403 2164 3276
10 63 423 3438 4269 4273 4280 4281 4283 4288 4290
10 50 224 1370 1391 1877 3691 3705 4297 4302 4304
10 212 980 3244 4311 4315 4322 4323 4325 4330 4332
10 59 191 1063 1097 1403 1704 2115 2177 3858 4082
10 178 327 1034 1173 1848 3064 3074 3783 4347 4349
10 148 211 596 609 1510 3215 3998 4357 4362 4364
10 185 286 338 455 673 1423 1438 2004 3525 3795
10 45 90 709 848 984 1018 1074 1233 2250 3099
10 294 805 1524 1548 2724 4262 4402 4404 4409 4411
10 61 283 372 469 536 686 695 793 1446 1664
10 49 283 343 387 460 1442 1450 1906 2082 2377
10 191 609 4003 4426 4430 4437 4438 4440 4445 4447
10 6 228 343 512 904 1595 1632 2009 2970 3643
10 49 283 338 368 450 784 899 1593 3283 3293
10 61 283 326 380 462 673 693 898 2010 2970
10 6 245 302 308 326 898 1095 1504 4472 4474
10 49 283 519 673 708 1446 1447 2070 3663 4482
10 50 304 1937 2232 2899 4493 4494 4496 4501 4503
10 13 497 945 1122 1349 2955 3203 3734 4513 4515
10 59 198 308 325 469 1234 1367 1502 2161 3151
10 148 197 434 505 608 1097 1113 1375 2511 3444
10 6 1959 4542 4545 4549 4556 4557 4559 4564 4566
10 49 282 452 469 496 1095 1177 1446 2483 4158
10 5 221 934 1230 1794 2634 2769 2950 4078 4576
10 61 283 305 314 450 778 906 1432 3461 4593
10 47 61 290 310 526 953 992 1370 2504 3251
10 59 201 372 475 527 894 1089 1824 3361 4207
10 173 973 3797 4627 4631 4638 4639 4641 4646 4648
10 83 289 452 460 537 906 1012 1504 3360 4655
10 6 327 676 799 1011 1859 2599 2830 3291 4178
10 50 206 1406 1892 2604 3712 4130 4577 4672 4674
10 201 712 1805 2991 4080 4683 4684 4686 4691 4693
10 49 286 460 524 673 1023 1400 1496 3061 4524
10 49 160 327 344 492 783 793 894 3167 3429
10 221 1036 4711 4714 4718 4725 4726 4728 4733 4735
10 75 232 1788 2130 2149 2655 2755 4742 4747 4749
10 49 240 300 322 346 1232 1762 2528 3359 4708
10 1 22 1284 1287 1293 1319 1323 1326 4233 4761
10 83 289 449 517 675 963 1444 2004 4768 4770
10 148 454 3026 4142 4778 4785 4786 4788 4793 4795
10 61 334 1696 1919 3276 4806 4807 4809 4814 4816
10 224 541 1548 1854 2903 4409 4823 4825 4830 4832
10 19 364 3730 4187 4840 4847 4848 4850 4855 4857
10 45 85 880 989 1470 2454 2538 3265 4864 4866
10 45 66 399 520 1000 2590 3243 3948 4875 4877
10 148 228 816 836 1091 1504 1532 1548 3008 3645
10 45 165 614 728 960 1376 1496 1883 3151 3236
10 83 283 397 452 492 680 684 899 1450 1919
10 174 832 1801 2328 2767 4081 4096 4893 4898 4900
10 6 82 454 593 959 2368 2718 3425 4907 4909
2 75 2795
10 49 283 338 455 537 1042 1419 1448 2528 4472
10 39 371 921 1532 2199 4824 4944 4946 4951 4953
10 0 259 1906 2086 3287 4964 4965 4967 4972 4974
10 27 69 869 984 992 1066 1366 1763 3390 3692
10 9 27 509 945 1288 3164 3207 3633 4777 4993
10 49 251 372 460 492 957 961 1234 3719 4600
10 83 770 2372 4084 4720 5011 5012 5014 5019 5021
10 6 83 533 695 748 1392 1528 1919 3826 5029
10 151 701 1349 1799 2538 4040 5036 5038 5043 5045
10 146 228 908 1110 1240 1404 1407 2327 3444 4672
10 46 75 3144 3919 5058 5065 5066 5068 5073 5075
10 148 706 1417 2135 2774 5082 5083 5085 5090 5092
10 59 277 708 923 973 1864 2331 3490 5100 5102
10 61 282 314 321 343 478 479 519 695 1441
10 59 219 973 1109 1403 5114 5115 5117 5122 5124
10 59 197 418 464 492 687 748 807 1237 1391
10 45 76 1072 1218 1677 3663 3692 3844 5135 5137
10 283 338 4602 5145 5149 5156 5157 5159 5164 5166
10 55 193 859 1101 1402 3444 3473 4576 5173 5175
10 221 492 1504 1680 4352 5186 5187 5189 5194 5196
10 214 773 5212 5215 5219 5226 5227 5229 5234 5236
10 157 701 1084 1329 1351 1511 1513 1518 2327 2818
10 557 2882 5257 5260 5264 5271 5272 5274 5279 5281
10 148 216 1081 1150 1723 3826 4683 5289 5294 5296
10 201 240 1407 1757 2571 4301 5303 5305 5310 5312
10 49 178 433 540 1081 2524 2838 3184 5319 5321
10 170 432 937 1232 1359 2643 2777 3184 5319 5329
10 61 277 519 640 729 976 1237 1391 1919 2169
10 49 286 526 673 1023 1919 2504 3522 5338 5340
10 50 220 706 850 1360 1795 1864 1964 2881 3716
10 14 150 541 952 1370 2585 2793 3181 5351 5353
10 49 282 325 346 458 538 673 695 1033 1435
10 6 66 491 701 969 1122 1289 1704 5360 5362
10 51 1260 5372 5375 5379 5386 5387 5389 5394 5396
10 157 494 908 914 943 1363 1403 1895 2364 2814
10 49 286 460 521 542 1446 1454 2919 5406 5408
10 52 200 1623 3006 3666 5420 5421 5423 5428 5430
10 83 382 2083 2779 3287 5437 5438 5440 5445 5447
10 8 30 1070 1290 1357 3433 3698 3730 5455 5457
10 83 251 493 708 1438 3341 3356 4093 5464 5466
10 47 148 296 322 469 540 608 683 1081 1370
10 23 384 1903 2023 2826 5474 5475 5477 5482 5484
10 151 221 894 1094 1403 2331 2766 3441 5493 5495
10 61 224 460 521 541 1038 1177 1586 2453 4105
10 201 923 3023 4124 4711 5509 5510 5512 5517 5519
10 16 153 1286 2392 3248 5526 5527 5529 5534 5536
10 6 821 1351 1538 1905 3496 4051 4053 5483 5544
10 83 294 541 788 1033 3280 3638 4470 5552 5554
10 157 718 1125 1349 1403 3380 3433 4517 5564 5566
10 1 175 2671 4802 5574 5581 5582 5584 5589 5591
10 59 277 327 372 466 794 899 942 2506 3153
10 49 223 542 1044 1367 2164 2500 3282 4655 5365
10 59 201 963 1089 1391 3295 3662 5606 5611 5613
10 49 91 292 304 419 695 709 897 1763 2524
10 61 251 460 640 686 1045 1171 1240 1798 2781
10 83 296 698 1038 2010 4398 4604 5626 5631 5633
10 6 224 327 528 698 1461 1547 2067 3687 4481
10 49 282 323 371 460 1571 2506 3720 5648 5650
10 82 201 923 1039 1230 1663 1857 1962 3430 4134
10 49 178 334 450 512 904 946 1679 2766 3798
10 58 192 1090 1700 2661 5667 5668 5670 5675 5677
10 5 1349 2818 4199 5564 5690 5691 5693 5698 5700
10 45 151 908 1357 2328 3434 3437 4893 5710 5712
10 49 282 311 319 327 517 525 536 695 894
10 49 244 338 455 528 1403 1494 2882 4260 5719
10 740 1933 5733 5736 5740 5747 5748 5750 5755 5757
10 58 83 540 710 894 1235 1366 1778 3464 5719
10 221 726 1360 1417 1959 3433 3438 4373 5572 5771
7 150 1004 5781 5784 5788 5795 5796
10 50 184 960 1389 1503 2596 2701 4144 5800 5802
10 6 91 419 498 536 1081 1146 1235 1973 2507
10 59 397 1136 1368 1636 2921 2936 4669 5813 5815
10 83 300 519 686 1031 2903 3180 4926 5826 5828
10 101 748 2195 2414 2573 4414 4456 5007 5839 5841
10 49 259 319 334 449 781 783 880 2007 2506
10 91 228 673 698 1036 2587 2599 3282 4704 5406
10 52 283 518 532 674 973 1023 1121 2575 3181
10 83 283 455 475 536 1033 1443 1604 4482 5861
10 83 286 372 459 522 2492 2626 5127 5872 5874
10 59 222 458 490 542 1033 1366 1369 1845 2005
10 458 823 2601 5007 5839 5888 5889 5891 5896 5898
10 49 148 976 1146 1874 3613 3751 4625 5908 5910
10 47 190 1389 1409 1826 4026 4146 5917 5922 5924
10 45 69 1877 2916 4810 5934 5935 5937 5942 5944
10 901 4353 5963 5966 5970 5977 5978 5980 5985 5987
10 49 277 302 312 334 517 519 536 904 1442
10 59 223 681 950 1190 1672 2065 2966 4713 4724
10 176 488 973 1037 1537 2718 2936 4105 6002 6004
10 148 205 731 1700 2250 4438 4632 5294 6015 6017
10 87 3190 6026 6029 6033 6040 6041 6043 6048 6050
10 47 216 1112 1402 1949 3621 3627 5426 6057 6059
10 39 203 807 1039 1197 3058 3062 3336 6068 6070
10 164 448 2561 3617 4300 6080 6081 6083 6088 6090
10 83 201 1039 1222 2392 3221 3619 4178 6097 6099
10 52 161 498 532 889 1366 1374 1845 3429 4021
10 34 244 1787 2368 3029 3916 4089 5132 6113 6115
10 6 371 969 1369 1916 2936 3177 3682 6122 6124
1 45
10 52 161 334 522 690 1450 1547 2005 2439 2587
10 157 908 1902 3433 6136 6143 6144 6146 6151 6153
10 13 220 944 1168 1340 1663 1701 1961 2634 4303
10 61 170 569 608 950 1403 1405 1418 2331 2538
10 61 279 317 326 459 904 906 1587 2970 6178
10 46 1388 2903 3700 6189 6196 6197 6199 6204 6206
10 50 166 414 493 687 1050 1081 1423 1759 3167
10 50 184 312 319 380 512 538 674 898 1034
10 50 338 2331 4041 6217 6224 6225 6227 6232 6234
10 61 235 1146 1604 2211 6241 6242 6244 6249 6251
10 184 401 1701 2431 3388 5931 5952 6258 6263 6265
10 49 283 326 380 458 695 793 1023 1444 2006
10 185 480 1845 2641 4153 6293 6294 6296 6301 6303
10 59 189 336 372 458 894 904 980 1455 3050
10 50 201 950 1072 1188 2326 2328 3045 5844 6317
10 157 1363 4008 4382 5321 6329 6330 6332 6337 6339
10 6 497 969 1122 1351 2365 3012 3643 6346 6348
10 27 75 1833 2161 6355 6362 6363 6365 6370 6372
10 1 62 921 992 1240 3166 3176 3425 5115 6379
10 47 148 433 506 703 1089 1098 1385 1752 1759
10 83 284 324 338 455 695 906 1028 1571 1681
10 49 283 372 460 525 899 963 1025 1681 3167
10 83 343 980 1107 1504 3107 3296 3659 6389 6391
10 6 228 909 942 1265 1363 1403 1512 1805 2331
10 8 283 498 674 1028 3506 3508 4963 6402 6404
10 203 406 1397 1854 4071 4716 4723 5182 6411 6413
10 49 256 316 325 472 1028 1442 2068 5863 6420
10 146 221 1991 2460 2942 3864 4521 4677 6429 6431
10 47 193 1624 1824 3138 3952 5073 5800 6439 6441
2 66 222
10 61 178 479 519 593 1370 1403 1502 3151 3640
10 327 681 4301 5825 6452 6459 6460 6462 6467 6469
10 261 371 2232 2896 3320 6479 6480 6482 6487 6489
10 61 201 540 695 1235 1770 2161 3180 4605 6496
10 49 151 300 310 371 673 683 729 1446 1604
10 49 277 336 380 492 673 680 695 1026 1443
10 49 251 327 449 519 668 673 675 880 963
10 156 2015 5841 6507 6511 6518 6519 6521 6526 6528
10 49 151 294 300 343 897 904 1028 1709 1921
10 50 211 1081 1234 1943 3037 3221 4115 6538 6540
10 57 251 325 460 638 1441 1587 2005 4472 6547
10 49 165 4770 6498 6557 6564 6565 6567 6572 6574
10 49 174 300 308 323 462 469 519 898 904
10 45 90 950 988 1081 2551 3756 6588 6593 6595
10 13 175 908 940 1110 1999 2354 2767 4587 6603
10 49 283 322 338 380 522 538 674 788 957
10 47 97 739 773 1414 2585 2656 4146 6611 6613
10 59 495 1170 1237 2554 4652 5841 6311 6622 6624
10 45 70 988 992 1010 2532 2539 2551 5948 6597
10 45 90 865 988 1786 2918 3181 4351 6638 6640
10 59 211 447 505 701 944 950 973 1240 1845
10 214 483 1107 1636 1857 3361 3391 4711 4971 6122
10 6 497 3724 4191 6654 6661 6662 6664 6669 6671
10 47 213 1955 2991 3410 5312 5657 6678 6683 6685
10 167 746 1532 2562 3007 5089 5844 6692 6697 6699
10 45 206 851 942 1113 1807 2109 2586 4227 5113
10 83 288 530 668 2626 5642 5852 6711 6716 6718
10 8 22 1294 1323 3692 6587 6591 6726 6731 6733
10 261 521 2896 2907 6478 6744 6745 6747 6752 6754
10 47 217 1146 1624 1942 2652 2795 3613 6168 6679
10 48 66 955 1095 1389 3138 3215 4624 6769 6771
10 27 176 1366 3756 6588 6783 6784 6786 6791 6793
10 51 206 1763 2285 2308 6800 6801 6803 6808 6810
10 8 1272 6818 6821 6825 6832 6833 6835 6840 6842
10 45 147 505 858 992 1375 1403 1698 1883 3809
10 107 188 6440 6858 6862 6869 6870 6872 6877 6879
10 13 364 1101 1245 1363 2332 2946 3401 4511 6132
10 146 364 1402 1417 1988 4167 4576 6620 6900 6902
10 83 286 349 455 469 674 675 681 1034 1440
10 45 94 990 1005 1404 2534 2589 2913 6910 6912
10 45 93 435 527 854 1375 1391 1805 4065 6919
10 25 855 2015 2457 3406 10766 11903 12070 17622 17624
10 17 39 509 597 1109 1968 2354 2471 3512 5078
10 59 289 3153 3350 4378 5107 5471 6909 6935 6937
10 83 512 1330 1696 2463 6157 6944 6946 6951 6953
10 49 91 365 447 498 593 597 701 1107 1237
10 13 701 1357 1794 2157 2881 2943 2953 4375 6960
10 47 191 1081 1112 1385 2331 2727 3751 6967 6969
10 46 80 1366 1763 2262 6264 6644 6977 6982 6984
10 148 217 1405 1942 2463 5426 6104 6991 6996 6998
10 40 247 1884 2404 4812 7008 7009 7011 7016 7018
10 59 222 1367 1507 2567 4920 6098 7025 7030 7032
10 50 83 418 430 703 1367 1375 1389 1768 2390
10 61 289 498 536 674 1089 1664 1772 4051 5337
10 207 7046 7060 7063 7067 7074 7075 7077 7082 7084
10 59 593 1763 1880 2250 5303 6125 7092 7097 7099
10 57 200 803 832 946 1240 1360 2364 4257 5643
10 49 221 304 319 338 522 538 680 894 950
10 148 193 701 727 859 1360 1403 2328 3191 4444
10 49 170 346 455 492 793 898 1370 1663 2070
10 83 292 2377 3082 5432 7124 7125 7127 7132 7134
10 6 184 2494 4617 7142 7149 7150 7152 7157 7159
10 59 206 699 1039 1366 1509 1643 1973 3218 3567
10 66 184 454 593 960 1391 1503 2107 2718 4955
10 49 155 300 314 327 512 517 520 894 1089
10 224 492 3361 4127 4683 4737 5328 5516 7179 7181
10 49 251 308 323 327 462 469 480 695 904
10 45 92 997 1008 1064 2473 2916 4039 6587 7189
10 49 221 542 674 698 1025 1028 1089 1968 2504
10 50 176 520 683 1117 1397 1407 1483 2612 3166
10 6 167 1097 1779 2718 3751 3754 6120 7209 7211
10 148 228 1409 1482 2522 6582 7218 7220 7225 7227
5 49 245 300 343 522
10 83 294 534 1230 1237 2424 3452 5642 7239 7241
10 45 219 724 952 1109 1506 1630 1962 2837 3363
10 157 220 729 859 1342 1796 1864 2766 6439 6904
10 6 167 492 535 921 1397 1999 3180 6406 7256
10 11 577 1197 1252 1349 1518 1519 1960 2881 3574
10 153 225 1929 2121 3092 7268 7269 7271 7276 7278
5 47 87 950 2766 5364
10 49 286 522 530 680 1675 2004 2526 4600 4603
10 49 277 334 517 781 2076 3054 3295 4926 6559
10 5 40 720 911 1074 1289 1291 1482 4910 7298
10 49 251 346 458 520 695 698 793 1383 1604
10 49 151 288 294 304 325 326 372 519 898
10 6 151 845 859 1025 1351 1403 1694 1883 3090
10 597 748 7312 7315 7319 7326 7327 7329 7334 7336
10 49 277 319 368 517 1036 1038 1547 2781 3151
10 49 185 296 320 372 894 897 1023 1921 2007
10 49 155 318 346 519 963 1234 1366 1696 2115
10 6 203 492 538 681 1185 1230 1446 2331 3037
10 8 166 1090 1367 1968 6702 6730 6736 7356 7358
10 201 1961 7367 7370 7374 7381 7382 7384 7389 7391
10 1127 7401 7415 7418 7422 7429 7430 7432 7437 7439
10 184 466 657 712 921 1845 1895 2641 7446 7448
9 3 308 5114 7455 7459 7466 7467 7469 7474
10 59 220 703 847 855 1178 1391 1495 1961 2522
10 7 376 803 969 1330 2924 2933 3064 4723 7476
10 58 216 1084 1391 1624 2804 3037 7483 7488 7490
10 61 286 464 517 680 1547 1571 1587 3338 7235
10 45 197 1618 1928 2619 6640 7503 7505 7510 7512
10 6 167 718 908 1025 1664 1699 3169 3820 4986
10 101 428 2277 2585 3956 7527 7528 7530 7535 7537
10 49 282 460 517 673 894 899 1023 2065 5624
10 12 364 937 1104 1397 2327 2777 3388 4996 7549
10 27 153 1696 1877 2815 4224 5096 6138 7556 7558
10 83 224 831 1096 1191 2830 3077 3870 4711 4727
10 157 418 1939 2580 2879 7575 7576 7578 7583 7585
10 203 484 973 1171 1176 1371 1663 1845 2823 2939
10 6 406 911 1032 1101 1630 1663 2211 2815 3598
10 49 283 538 683 887 1919 2010 2079 3367 4600
10 157 1064 4576 5175 6047 7610 7611 7613 7618 7620
10 53 222 2596 3916 6092 7630 7631 7633 7638 7640
10 49 285 327 372 460 673 675 695 1038 1449
10 201 464 1171 1179 1192 2588 2597 2599 4885 5833
10 61 259 2381 3043 6380 7657 7658 7660 7665 7667
10 6 83 300 314 325 529 537 695 1370 1442
10 49 283 677 942 1240 2331 2377 2966 3780 4740
10 61 178 462 585 695 1420 1438 1746 2161 2504
10 82 282 533 673 851 1438 1449 1864 2523 3104
10 49 286 338 455 525 898 906 1028 1447 1919
10 45 69 289 430 487 1063 1070 1095 3844 5409
10 45 66 1005 1088 1698 3242 3243 3258 3949 5788
10 46 206 859 1240 1403 1804 1864 2814 4265 5053
2 151 2169
10 52 83 297 417 531 1089 1095 1109 1372 1991
10 59 397 2410 3377 3741 6460 6919 7042 7706 7708
10 6 185 466 482 512 1177 1237 1369 2921 3074
10 11 182 1349 1701 2454 3243 3471 4079 7555 7717
10 157 430 909 1101 1403 1964 2256 3195 4039 7251
10 2 26 1250 1701 3401 4189 4196 7730 7735 7737
10 82 192 1406 1998 2879 4511 6040 7270 7748 7750
10 182 700 945 1207 1349 1519 2128 2364 3643 4839
10 59 223 957 1172 1191 3663 3693 4178 7025 7593
10 2138 7766 7780 7783 7787 7794 7795 7797 7802 7804
10 61 283 1564 3033 5606 7814 7815 7817 7822 7824
10 83 284 524 897 1440 3872 4601 6107 7239 7833
10 50 193 1691 2562 3390 7840 7841 7843 7848 7850
10 4 66 1286 1292 1698 3508 3983 4957 7857 7859
2 6 529
10 64 202 1113 1405 1802 4447 4685 5719 7871 7873
10 1 66 703 849 1074 1698 1805 2688 4884 7481
10 233 306 6253 7596 7889 7896 7897 7899 7904 7906
10 193 338 2422 2430 2441 3539 3553 5031 7914 7916
10 148 559 2874 4430 6904 7929 7930 7932 7937 7939
10 52 70 842 989 1080 2596 3166 4224 7947 7949
10 16 93 834 859 1107 1327 1375 1769 3423 4285
10 35 189 427 612 1096 2383 2387 3221 3639 4035
10 45 75 435 593 712 1080 1081 1235 1839 5662
10 49 245 300 323 455 894 1466 1754 3359 4605
10 151 289 1604 2211 2886 6488 6489 7964 7969 7971
10 49 149 323 460 532 877 961 1571 2957 3178
10 49 155 304 338 517 881 897 1370 3360 4466
10 63 300 2889 2904 3762 7981 7982 7984 7989 7991
10 214 360 708 973 1240 2963 2967 4718 6007 7998
10 6 71 283 292 325 942 950 1052 1370 1392
10 45 567 5226 8007 8011 8018 8019 8021 8026 8028
10 45 148 859 1063 1089 3813 4232 8035 8040 8042
10 203 319 680 687 1026 1449 1453 1857 3037 5881
10 13 812 2950 3641 4094 7758 8053 8055 8060 8062
10 1 224 2755 4138 5322 8071 8072 8074 8079 8081
10 6 151 631 945 1397 3864 4042 6287 8090 8092
10 759 807 1546 1559 2554 3927 3928 5016 8101 8103
10 156 224 807 1171 1532 3020 3033 4144 5801 6311
10 49 312 976 2421 2766 5145 5253 5642 8117 8119
10 6 178 515 1044 1965 3610 4473 4476 7172 10012
10 11 914 4187 8126 8130 8137 8138 8140 8145 8147
10 59 184 796 806 1107 3203 3499 4095 8154 8156
10 83 284 469 538 778 1421 1423 1446 3040 4388
10 83 294 460 492 673 1461 1672 2528 4983 8166
10 6 66 653 897 1089 1663 1779 2648 4232 5581
10 151 296 675 685 899 2447 3053 4176 8179 8181
10 151 192 706 821 1122 1360 1397 1630 2777 2830
10 23 731 928 943 948 1334 1335 1346 1403 1977
10 27 153 1005 1074 1525 2539 2617 3244 5136 5298
10 49 286 492 673 898 2056 3053 3828 8210 8212
10 59 717 8225 8228 8232 8239 8240 8242 8247 8249
10 146 494 3008 3298 4984 8261 8262 8264 8269 8271
10 83 224 1691 2106 3424 7507 8278 8280 8285 8287
10 49 251 304 327 383 882 898 921 4773 5642
10 50 201 528 614 952 1968 2346 4300 8299 8301
10 46 75 623 833 850 1815 1977 2136 4059 5115
10 11 2733 8139 8314 8318 8325 8326 8328 8333 8335
10 711 2448 8345 8348 8352 8359 8360 8362 8367 8369
10 49 153 327 450 517 1142 1234 1381 2513 3334
10 29 426 1367 1600 2515 4224 4351 4617 7863 8379
10 49 83 520 540 877 1391 1400 1919 3048 3465
6 198 427 2766 5324 7255 8394
10 167 227 513 534 821 1461 1663 1864 2830 3391
1 8396
10 11 720 1122 1342 1355 2364 2365 2724 3641 5363
10 49 167 312 343 748 2205 3089 3280 6101 7889
10 377 950 8410 8413 8417 8424 8425 8427 8432 8434
10 82 211 442 623 1154 1511 1956 2068 3189 3619
10 61 283 512 673 880 1237 1502 2079 4051 4053
10 49 273 363 387 673 1906 2020 2082 4812 5337
10 6 191 469 593 616 1089 1110 1849 2511 3235
10 75 167 845 955 1122 3196 3235 3698 4680 5175
10 23 157 706 973 1334 3810 3869 5096 8462 8464
10 53 219 1381 1939 2514 3627 4300 4626 8471 8473
10 57 383 1334 1731 2431 5334 6374 6433 8485 8487
10 47 78 430 441 600 1233 1387 1971 5949 8494
10 59 201 700 859 1233 1962 2262 2879 7255 8502
10 59 192 608 702 908 1089 1329 1363 1503 1864
10 49 279 304 319 343 532 674 695 1442 2003
10 59 224 973 1663 2575 5000 5332 5995 8517 8519
10 59 221 728 1113 1450 2508 2962 3336 8528 8530
10 47 201 859 1406 2040 4451 5056 5119 8539 8541
10 49 155 295 348 695 2439 3463 4474 8550 8552
10 153 608 950 1351 1504 2765 2767 3363 7075 8560
10 49 251 296 308 323 459 460 517 695 1234
10 50 380 1392 2485 3633 8388 8567 8569 8574 8576
10 151 224 950 1363 1417 2332 2766 2833 4167 5053
10 164 224 538 1034 1237 2509 3336 3611 5621 6714
10 259 568 2999 6814 8592 8599 8600 8602 8607 8609
10 45 151 896 1088 1505 3465 3814 4528 8469 8616
10 59 184 1089 1113 1758 4037 4339 5113 8623 8625
10 57 569 2052 4522 5662 8636 8637 8639 8644 8646
10 83 283 338 452 469 685 686 781 1038 1446
10 47 156 754 1089 1736 3374 3808 3982 8471 8655
10 184 494 911 944 1197 1994 2128 2364 3031 4094
10 61 204 515 534 1047 1237 1367 1696 5368 5883
10 49 251 1089 1927 3465 8385 8672 8674 8679 8681
10 6 197 1663 2136 3201 8688 8689 8691 8696 8698
10 40 182 960 1100 1141 3368 4807 8643 8724 8726
10 220 289 973 1825 4472 8738 8739 8741 8746 8748
10 45 221 1837 2341 2542 3845 4046 5037 8757 8759
10 6 361 1039 1780 2091 3757 4035 4351 8105 8766
10 45 78 1370 1630 1968 3946 3951 4161 5930 8773
10 49 279 368 450 517 897 1450 1587 2087 2506
10 61 1048 7572 8613 8784 8791 8792 8794 8799 8801
10 190 8224 8815 8818 8822 8829 8830 8832 8837 8839
10 59 294 1366 1461 3218 4093 4139 4646 8163 8847
10 368 921 5213 8856 8860 8867 8868 8870 8875 8877
10 148 419 3222 3620 4010 8456 8483 8885 8890 8892
10 50 93 608 848 1052 1372 1375 1388 3376 4222
10 6 190 1403 3181 3417 7865 8904 8906 8911 8913
10 61 283 322 338 460 532 534 540 1232 1440
10 59 432 923 948 1232 1663 1672 2065 4378 4740
10 83 294 475 534 1026 2067 2420 2967 3360 8171
10 49 148 1039 1097 1400 2117 2122 2524 3655 4934
10 83 312 2424 2957 3526 8931 8932 8934 8939 8941
10 50 534 1176 1237 1959 2939 3938 4456 6319 7382
10 59 466 1663 3058 4355 7593 8518 8951 8956 8958
10 49 294 522 538 963 1919 2005 2076 2779 4704
10 49 251 346 417 526 691 697 877 2079 2504
10 192 497 850 940 1122 1351 1360 1524 3439 4134
10 83 940 1948 3646 6516 8978 8979 8981 8986 8988
10 59 228 702 908 973 1423 1461 1762 3665 4008
10 49 282 455 479 529 784 785 1496 4469 4660
10 49 283 459 517 788 942 1012 1788 3687 4468
10 3 164 1081 1171 1788 4021 4973 8617 9007 9009
10 49 283 455 462 532 698 788 1189 2525 2968
10 45 79 1074 1873 1884 3394 3844 5708 6795 7195
10 61 284 319 325 343 517 519 538 1023 1442
10 6 192 460 548 712 955 1252 1403 1959 2332
10 8 66 871 973 1005 1285 1286 1369 3912 6781
10 40 866 1795 2473 3394 5662 5790 8090 9035 9037
10 49 89 310 338 372 505 522 673 1081 1368
10 49 282 338 460 537 1786 2031 2067 4802 7681
10 49 223 300 334 455 680 695 781 906 1081
10 52 167 320 338 492 698 716 1028 2504 2588
10 94 993 2506 3045 6566 9054 9055 9057 9062 9064
10 189 222 2249 2522 3998 8081 9071 9073 9078 9080
10 27 153 1875 2918 3705 6917 7173 8694 9091 9093
10 59 215 1803 2656 3604 6617 6995 9100 9105 9107
10 90 228 973 1403 2168 2835 3701 4081 6165 8533
10 46 58 1217 2015 2671 5207 5224 5238 9121 9123
10 57 178 383 721 1235 2036 2037 4802 8644 9131
10 45 170 989 1018 1349 1872 1882 1890 2332 2833
10 83 282 324 338 452 521 525 539 1446 1604
2 83 286
10 61 256 314 321 327 470 475 492 899 2205
10 49 282 455 537 894 2523 4378 4483 9140 9142
10 83 324 2221 3280 6425 9149 9150 9152 9157 9159
10 50 284 676 882 1450 4808 4810 4817 8729 9167
10 6 176 832 909 1043 2359 2774 3368 9175 9177
10 296 936 3845 5853 8362 9188 9189 9191 9196 9198
10 220 847 3468 3621 6001 9209 9210 9212 9217 9219
10 170 859 1630 2326 2448 4373 4898 5695 9101 9227
10 53 184 850 1074 1504 3089 3090 3296 5184 9099
10 157 483 1351 1630 1801 2767 2770 3063 4375 6133
8 198 676 6775 9245 9249 9256 9257 9259
10 49 273 306 314 327 478 479 519 1442 1571
10 14 153 1888 3176 3962 6702 7358 9023 9267 9269
10 13 704 1329 1349 1801 4906 5038 5569 6890 7970
10 59 480 807 1037 1183 1859 2588 2703 3741 4178
10 49 282 308 319 371 538 674 894 1441 1547
10 47 66 878 1146 1743 2274 2515 3166 3816 3949
10 157 718 1406 1959 2332 5563 5567 6231 9288 9290
10 156 221 940 950 1113 1406 1504 2250 3445 4526
10 189 211 1373 1929 3221 6176 6543 7924 9304 9306
10 49 197 312 320 343 460 469 517 695 781
10 49 184 307 322 338 525 538 685 2037 3153
10 57 586 2463 3810 6902 9056 9317 9319 9324 9326
10 282 373 3453 4464 8859 9339 9340 9342 9347 9349
10 239 1636 9365 9368 9372 9379 9380 9382 9387 9389
10 6 201 860 1142 1501 3946 3982 4232 6586 6922
10 16 83 1230 1290 1695 3496 4762 7301 9404 9406
10 49 148 308 338 460 859 865 1095 1455 2429
10 90 182 908 1153 1416 2364 2560 2724 3864 6398
10 49 259 518 634 963 3178 3273 3465 6721 9420
10 59 291 673 685 1180 3058 3336 4291 5635 7170
10 148 214 1624 3020 3374 5923 6166 6321 9432 9434
10 23 174 783 908 923 1255 1272 1360 2328 4008
10 184 289 3014 5132 7594 9448 9449 9451 9456 9458
10 6 204 483 548 701 950 969 1035 1393 1417
10 157 729 1267 1344 1357 2327 2328 2726 3589 5564
10 255 310 1754 3037 4524 8546 9306 9467 9472 9474
10 6 155 480 492 534 1189 1368 1397 2641 3677
10 82 325 2122 3280 4955 9052 9484 9486 9491 9493
10 61 422 3464 3789 4582 7350 8303 9501 9506 9508
10 83 285 674 720 942 1330 1338 1675 4225 7091
2 1566 9522
10 50 466 969 1186 1865 3209 3613 4086 7481 9527
10 458 770 1374 1859 3571 4178 4838 6628 9534 9536
10 49 201 300 319 346 673 682 906 1450 2010
10 75 223 842 968 1110 2991 3222 3691 9544 9546
10 6 327 718 921 1177 1857 2211 2365 4408 7554
10 292 814 2598 3009 8706 9565 9566 9568 9573 9575
10 61 322 1630 1804 2335 3436 3440 3672 6187 9101
10 90 223 848 952 1510 3181 3242 3432 6584 7503
10 47 193 435 593 850 1495 1504 1919 2262 3010
10 83 251 325 455 469 894 898 1033 4468 9606
10 6 192 492 517 675 1096 1191 1235 1509 1844
10 61 167 414 423 520 695 697 850 1234 1623
10 203 277 923 957 1237 2065 2329 2963 5647 5998
10 31 53 1005 1090 1876 2542 2916 3248 5136 8580
10 27 181 856 950 1064 1391 1525 1705 5361 7270
10 6 227 497 512 969 1191 1788 1850 2823 3330
10 6 216 894 1094 1349 2801 2814 3181 3975 4526
10 47 204 613 626 1381 2253 2390 3374 6919 9635
10 27 170 869 1010 1100 3200 3201 3801 8091 9643
10 160 336 729 1446 1675 4769 4983 5833 9650 9652
5 45 167 1052 1112 2113
10 61 224 371 465 539 1669 1854 2425 3948 5606
10 59 260 1604 1830 2894 7886 7968 9658 9663 9665
10 170 919 2327 2448 3434 5570 8065 8761 9675 9677
10 64 167 720 950 1966 3576 3578 4931 8562 9684
10 184 469 1187 1397 2364 3653 4014 4410 9053 9705
10 6 34 859 1060 1357 3067 3178 3962 7172 9713
10 6 245 298 312 338 492 517 542 695 4472
10 61 157 948 1454 1891 4802 5132 6484 9723 9725
10 50 90 727 963 1064 2119 2518 3663 8382 9414
10 83 285 319 323 346 532 537 674 788 1023
10 83 597 3973 5802 8197 9743 9744 9746 9751 9753
10 59 205 739 1113 1677 2515 2607 3221 4003 4039
10 0 214 433 703 908 1766 1914 2766 5294 6579
10 64 228 1261 1543 2682 4786 4834 4908 9770 9772
10 176 371 1029 1174 1401 2560 2562 2587 4885 4891
10 6 186 942 1233 1404 2429 2534 2763 3603 3701
10 214 288 1047 1632 2164 5722 8671 9784 9789 9791
10 83 285 492 675 903 2380 2447 3829 8179 9421
10 45 92 540 748 976 1370 1504 1886 4600 7035
10 39 371 821 957 1177 2348 2415 2936 3668 4310
10 49 151 300 323 526 898 950 1400 3465 3950
10 6 221 911 966 1349 1503 1507 2106 2832 3203
10 49 155 310 325 371 462 472 537 789 963
2 61 327
10 11 811 2634 2745 4206 9823 9824 9826 9831 9833
10 53 435 3222 3257 7003 9842 9843 9845 9850 9852
10 157 608 928 948 1338 2329 2332 2814 4258 5184
10 61 334 9864 9867 9871 9878 9879 9881 9886 9888
10 25 69 1778 2022 2455 6507 6817 9896 9901 9903
10 61 284 320 324 450 519 897 899 6458 9914
10 59 360 1368 1735 5056 9106 9921 9923 9928 9930
10 6 167 1696 1877 3243 9938 9939 9941 9946 9948
10 7 492 2087 3287 8870 9960 9961 9963 9968 9970
10 49 282 520 540 953 2005 2504 3144 4219 4718
10 61 282 371 462 525 695 781 1025 1435 1444
10 327 2165 9981 9984 9988 9995 9996 9998 10003 10005
10 192 759 904 947 1240 3198 3199 4086 10018 10020
10 47 75 506 739 1391 2360 2585 3261 5802 6440
10 83 282 534 677 1026 1230 1237 1438 3059 4468
10 83 285 319 327 349 519 532 685 1571 2005
10 49 286 323 346 517 680 684 898 1432 3060
10 148 224 845 960 1461 2795 2820 3058 5543 6216
10 6 201 710 950 1170 1769 1951 3869 7108 8069
8 49 259 320 343 460 2079 2506 5653
10 5230 10048 10062 10065 10069 10076 10077 10079 10084 10086
10 59 193 973 1222 1949 8386 8699 10093 10098 10100
10 221 261 1627 1824 1959 3635 4026 4503 10107 10109
10 191 492 2135 3066 3323 6131 6259 7492 10117 10119
10 59 197 422 430 612 848 850 960 1506 1943
10 148 204 1752 2386 4686 9247 10128 10130 10135 10137
10 82 294 698 921 1401 2943 3287 4967 10147 10149
10 170 726 2349 2761 3408 4697 4900 4989 10159 10161
10 146 842 1403 1801 2881 4040 4196 4674 7614 9207
10 75 199 434 612 849 1366 1374 1415 2392 3166
10 59 282 452 460 536 1420 1421 1650 4266 4467
10 51 66 966 1113 2507 6916 7005 8643 10176 10178
10 45 181 946 1104 1363 2328 2767 3181 8892 10185
10 372 1095 4145 6856 10196 10203 10204 10206 10211 10213
10 151 224 942 950 1370 1883 2326 2331 2839 4081
10 49 155 310 417 691 2205 3200 4525 6185 6284
10 47 231 1213 1736 1781 2791 3374 4030 6908 9548
10 66 148 739 1109 1409 1950 3808 4232 6678 7491
10 39 469 802 826 1107 1397 1401 1850 2936 3203
10 148 227 1089 1403 1769 7465 10238 10240 10245 10247
10 39 192 921 1039 1369 3347 3670 4455 7492 9532
10 101 613 2071 2647 2903 6204 10259 10261 10266 10268
10 224 1472 4129 5183 8706 10277 10278 10280 10285 10287
10 6 184 542 963 1176 2065 2115 2641 3330 5030
5 182 701 1991 9319 10299
10 50 435 2455 2466 2617 4008 4275 5177 9899 10302
10 155 302 1368 1579 2957 5109 5643 7685 10312 10314
10 191 410 1723 2124 3223 3977 6026 6765 10229 10322
10 59 200 527 710 1081 2349 2357 2507 5801 6583
10 27 147 3890 4762 6785 10334 10335 10337 10342 10344
10 49 284 311 319 380 670 674 676 1025 1675
10 49 251 311 319 368 522 537 683 1510 1685
10 6 160 511 586 777 1105 1450 1496 2052 2714
10 192 796 2545 2935 3643 5892 6298 8084 10354 10356
10 53 202 1039 1505 1948 4162 4166 7172 10365 10367
10 148 202 527 703 850 1391 1397 1415 1962 3407
10 61 231 449 462 532 1235 1370 1400 1782 2010
10 49 66 423 505 530 1095 1370 1786 2205 2519
10 146 760 2752 3008 3473 4860 5177 6026 9207 9215
10 83 286 517 687 1043 2079 2526 3061 6108 7293
10 83 294 683 691 1025 2009 2066 3057 5028 5424
10 50 176 540 878 1039 1389 1391 1399 3180 3949
10 45 160 327 430 505 697 703 709 1089 2328
10 66 726 1902 2765 3433 4896 4900 5038 9112 9584
10 64 192 1787 2815 4158 10402 10403 10405 10410 10412
2 497 940
10 153 228 957 1240 1536 4008 4086 4718 5647 5996
10 59 182 908 962 1109 1807 2354 3037 5114 5122
10 49 251 296 304 319 371 372 460 1370 2010
10 60 167 1170 1291 1736 3067 3089 3721 5487 8302
10 61 283 338 452 522 680 695 784 1420 1449
10 153 579 4110 6070 10445 10452 10453 10455 10460 10462
10 221 940 1514 1518 1527 5693 6137 7205 10470 10472
10 83 286 343 460 675 1023 1028 1189 2970 8185
10 59 224 1752 2588 4080 4718 5521 6007 10490 10492
10 83 286 520 701 1025 1682 1894 1917 3634 7008
10 83 286 450 458 478 695 793 906 1604 3356
10 49 279 311 322 450 695 698 898 2003 2506
10 66 224 511 536 708 1751 1848 2035 3265 3674
10 146 184 2737 2949 3433 4576 6428 7720 10514 10516
10 57 169 1000 1369 1698 4093 4097 5814 9130 10524
10 50 193 850 1230 1932 3191 3262 4011 6585 10266
10 71 221 943 1113 1360 2336 2448 2604 2991 4046
10 6 503 1286 1692 1996 3163 3207 4762 7829 10541
10 6 66 1389 3425 6674 10148 10552 10554 10559 10561
10 5 483 1349 1363 1630 1969 1974 2596 5175 5366
10 47 101 494 599 1089 2585 2696 3112 7372 10485
10 66 182 1125 1391 1786 5177 5662 10040 10587 10589
10 49 88 294 310 334 783 880 976 1811 3244
10 318 492 1189 1665 2645 5189 5824 5833 6468 10208
10 59 369 2413 4353 5451 10604 10605 10607 10612 10614
10 184 797 944 1095 1338 2718 2941 2954 5543 10622
10 6 184 858 1025 1370 1864 1865 1895 4813 4891
10 49 224 323 343 460 540 673 894 1446 2524
10 61 289 518 534 1026 1669 1680 2065 5809 6306
10 66 527 859 1240 1455 2835 2837 4972 7945 9310
10 8 481 1999 3163 3177 4963 5337 6004 10644 10646
10 49 184 372 480 531 1237 1397 1801 2644 2941
10 49 251 303 316 343 897 906 1921 4478 8404
10 61 282 323 453 478 673 898 1000 1477 2066
10 157 704 943 1341 1504 2331 2357 2777 6155 6955
10 39 166 327 430 511 960 973 1109 1506 1861
10 9 36 722 908 1261 2941 2943 3508 4589 6725
10 201 244 1265 1604 2211 4690 4950 5518 10498 10670
10 61 283 452 460 673 1461 1547 3153 10679 10681
10 59 192 703 850 1415 2918 3109 3296 4011 5034
10 52 184 540 685 770 1623 1736 2106 3721 5629
10 192 406 807 969 1177 1663 1666 1857 2830 3202
10 192 422 3296 3320 4492 10443 10674 10698 10703 10705
10 51 89 1089 1778 2585 3608 3808 4146 7226 10193
10 233 256 2205 6252 9664 10726 10727 10729 10734 10736
10 47 198 695 952 1089 2511 3040 3090 5114 5123
10 8 3252 10747 10750 10754 10761 10762 10764 10769 10771
10 6 214 832 914 1186 2347 2724 3693 6319 7263
10 47 735 1954 2159 2650 2661 2668 3567 10782 10784
10 59 322 2164 6536 9649 10796 10797 10799 10804 10806
10 83 289 677 687 793 2528 2819 3852 6007 8846
10 232 832 1328 1402 1522 4187 4836 5007 8979 10818
10 57 181 1072 1786 2429 3902 5798 6121 10827 10829
10 148 219 710 960 1237 1934 1961 2795 5507 10329
10 148 220 859 955 1230 2409 2803 3221 6691 6995
10 1 147 1318 1784 3980 6605 7363 10845 10850 10852
10 597 763 2648 2651 2655 7325 7337 10230 10862 10864
10 65 285 484 512 921 3104 3783 4707 8960 10874
10 151 480 823 946 1136 1859 2047 2599 4984 6124
10 53 206 1375 1502 2517 4632 6077 7858 9820 10885
10 59 203 698 1088 1455 3693 4481 5424 10892 10894
6 49 289 4382 7172 10901 10908
10 50 206 556 727 1097 1943 1962 2617 4178 5424
10 224 465 1173 1177 1192 4712 5624 5833 6649 7651
10 146 410 3729 4138 5513 6428 6437 7858 10926 10928
10 681 1171 2414 2598 4084 5894 6306 8191 10936 10938
10 13 170 1357 1794 2326 4096 4187 4375 5042 6948
10 17 167 1691 2097 5891 10950 10951 10953 10958 10960
10 61 201 527 727 1097 2106 2968 3687 7196 10639
10 83 223 433 464 539 1081 1146 1381 1508 2513
10 27 66 1063 1071 1295 3464 3692 4161 4600 10337
10 49 166 1081 1418 3276 9865 10980 10982 10987 10989
10 261 1435 2910 4928 6477 6494 6760 8399 11008 11010
10 233 296 1188 2424 2827 4180 5145 6171 8528 10325
10 45 62 593 869 992 1877 1883 1888 4339 5358
10 50 192 905 1121 1786 5414 5557 7968 11028 11030
10 90 221 2903 3088 4035 7924 9642 10330 11040 11042
10 157 603 5175 5294 7616 11051 11052 11054 11059 11061
10 49 277 1234 1462 1926 7296 7882 10073 11071 11073
10 83 190 458 480 534 1038 1235 1240 3047 3363
10 49 155 300 314 334 455 459 517 680 880
10 49 185 321 324 418 520 537 695 1623 2010
10 59 433 1171 1188 1951 3715 4105 4718 10836 11081
10 47 228 1100 1230 1757 2510 2513 5907 7841 8499
10 61 184 372 530 697 1397 1455 1536 2431 3180
10 59 223 957 1037 1406 3341 3342 4740 8522 8952
10 48 412 1691 1761 1826 5319 5674 6054 11101 11103
10 59 228 517 532 963 1429 1461 1845 4348 5021
10 160 327 942 957 1850 2820 2873 3296 6106 7169
10 66 206 709 848 952 2250 2460 3327 7367 11121
10 146 364 1104 1330 1734 2945 3235 3591 9481 11128
10 6 371 950 1095 1794 2575 2763 2831 7263 9810
10 738 5207 9121 10852 11141 11148 11149 11151 11156 11158
10 193 292 1932 2641 4035 6171 6321 7565 11166 11168
10 50 168 2232 3618 3952 7188 9155 11175 11180 11182
10 61 282 371 458 496 898 1432 1443 4158 4704
10 49 259 314 323 371 532 536 708 963 1043
10 192 371 908 1035 1186 1845 1851 1865 2556 2774
10 61 283 343 522 683 1443 1447 1477 3360 4468
10 61 193 849 1089 1381 2253 2262 2504 6611 9758
10 47 148 597 842 1098 3187 3215 3822 6617 8477
10 6 176 426 527 624 1177 1235 1403 4576 7752
10 211 742 6159 7507 11216 11223 11224 11226 11231 11233
10 52 184 1089 1717 4426 8483 8592 11241 11246 11248
8 83 293 538 695 1023 1449 1681 11255
10 604 4169 11265 11268 11272 11279 11280 11282 11287 11289
10 47 220 1091 1178 1928 2390 2554 2901 4403 5657
10 83 283 889 1906 2328 8966 11299 11301 11306 11308
10 59 221 532 746 1101 1696 1991 2136 3824 3864
10 50 284 675 694 957 1919 1961 2135 3663 3783
10 49 233 311 322 529 904 992 1587 3909 6287
10 45 83 505 593 897 2429 2587 3276 9398 11326
8 153 908 7172 11334 11338 11345 11346 11348
10 201 325 1933 1960 2903 6439 7507 9669 11355 11357
10 47 148 323 612 894 1748 1755 1766 5662 9467
10 151 449 3269 3538 3552 8356 11252 11370 11375 11377
10 59 211 3622 4014 5682 7000 7507 8265 11385 11387
10 167 224 530 957 1039 1289 1366 1397 3058 3390
10 45 69 989 1005 1240 2012 2332 2542 3692 5046
10 6 318 531 698 1026 1581 1661 1671 3210 4949
10 6 200 531 898 973 1237 1369 1663 2580 2820
1 4145
4 59 321 1443 1664
10 59 596 3058 3598 4093 10096 10879 11398 11403 11405
10 153 214 703 1366 2262 3077 3221 3361 6021 6626
10 49 251 304 319 338 470 537 635 957 1042
10 11 182 1122 2157 2364 3646 3928 4573 9177 9826
10 59 196 695 1039 1222 2506 2553 3304 4178 4831
10 39 228 464 492 534 942 973 1034 1180 1240
10 66 193 556 703 729 1094 1117 1363 1763 2121
10 59 178 593 942 1174 2035 2161 2803 4081 5184
10 49 282 460 522 685 897 899 1025 2506 2781
10 6 287 969 1095 1850 4408 4870 7481 11425 11427
10 148 214 908 974 1342 2040 2250 2722 5720 6582
10 21 192 963 1095 1391 2355 2366 2941 4188 5477
10 49 235 314 325 460 904 1244 2068 3287 3453
10 39 228 698 950 1237 2645 3104 4870 9343 10609
10 45 92 593 842 984 1113 1366 1882 2589 3713
10 377 805 3723 4930 5477 10285 11451 11453 11458 11460
10 90 561 1630 2841 2881 7096 7923 7926 9119 11475
10 49 174 323 340 479 1370 1446 1592 3454 4657
10 6 290 403 460 539 1442 1446 1604 2079 2232
10 46 423 3414 3988 5807 10676 11485 11487 11492 11494
10 53 221 911 1375 2586 6598 8455 9396 10888 11502
10 559 722 2873 2881 5537 7935 7941 8611 11512 11514
10 45 92 1004 1053 1876 2916 2917 3414 8354 9022
10 83 321 521 898 1136 1604 1663 2575 5822 5847
10 50 406 1176 1237 1844 2703 2761 2777 4022 4105
10 6 203 919 937 973 1397 1787 1902 4578 9030
10 59 222 323 397 460 695 697 1034 3663 6178
10 221 624 3262 3406 6021 11541 11542 11544 11549 11551
10 49 283 346 458 522 695 781 788 1447 2005
10 82 534 3566 4105 6761 11561 11562 11564 11569 11571
10 47 148 430 444 708 854 955 1092 1525 1746
10 47 230 1949 2068 2401 3630 3633 5426 9213 11580
10 148 203 908 915 1032 1341 1360 1663 4718 5507
10 50 222 1085 1230 1722 5621 5800 6679 11589 11591
10 49 155 325 380 462 973 1028 1400 2504 4704
10 97 412 1738 2249 4401 7842 8542 10325 11586 11601
10 277 493 2635 2967 3852 7097 7592 8514 11609 11611
10 59 286 492 538 680 1419 1420 1438 2076 2506
10 49 255 327 354 512 793 905 1023 1766 2067
10 83 286 452 460 673 793 1036 1444 3105 3356
10 156 221 1395 1605 2522 4026 5482 5921 6683 7717
10 178 575 2876 5537 7108 8595 8598 11478 11631 11633
10 50 232 2400 3113 3408 6582 6586 7941 11124 11640
10 34 219 1089 1158 3180 7233 8383 10639 11650 11652
10 90 372 973 1240 1403 2448 2549 2841 4046 8147
10 52 282 327 371 500 1379 1482 1788 3465 11662
10 27 157 894 1630 2617 4374 4681 4711 5507 5995
10 6 224 799 1081 1504 3407 3419 4110 4723 9861
10 49 282 695 1036 1672 3178 3339 4740 8178 10798
10 59 222 681 807 1177 2588 2641 3361 6007 7176
10 49 184 296 305 322 406 455 460 695 963
10 61 282 327 338 492 881 894 1043 3153 3185
10 148 239 1417 2277 7941 11688 11689 11691 11696 11698
10 45 90 593 729 973 1786 1823 2841 3414 4285
10 47 83 697 992 1142 1476 1968 2504 3263 3826
10 243 378 2903 3151 5072 11267 11294 11708 11713 11715
10 157 915 2331 2767 4375 9584 9587 11724 11729 11731
10 166 481 1623 1798 3066 4105 4178 4984 6543 9704
10 61 251 455 629 680 1232 1237 1420 2964 3341
10 184 222 1366 1503 1660 6939 7047 11742 11747 11749
10 83 265 1914 2068 2590 5290 5482 8209 11756 11758
10 59 221 530 889 1366 2412 2524 3361 5469 7023
10 50 82 435 712 1053 1385 1389 1968 3691 4163
10 189 596 2555 4438 6614 8656 9433 11206 11773 11775
10 186 315 2250 2609 3672 6568 7134 8851 11783 11785
10 66 219 1039 1381 1879 4447 4555 5307 9840 11793
10 185 397 889 1036 1186 2415 2588 2827 4718 4730
10 8 29 849 977 1194 1303 1525 1704 3404 4054
10 2229 10733 11816 11819 11823 11830 11831 11833 11838 11840
10 167 301 889 1082 1999 4105 4811 5847 11397 11847
10 49 65 311 479 1374 2087 2096 2506 3453 5031
10 13 497 1115 1330 1998 3589 3993 4514 8531 10297
10 59 204 842 1142 1404 4983 5765 6644 10588 11864
10 52 172 638 716 1089 1461 1919 2029 6985 7172
10 47 75 1053 1222 1763 3089 3090 3393 5078 7200
10 50 148 419 533 706 1122 1234 1704 3138 3916
10 39 229 2458 2604 4005 11545 11882 11884 11889 11891
10 146 227 2015 2651 3656 10689 10790 11898 11903 11905
10 47 83 524 532 695 1234 1385 1400 2068 3173
10 8 69 351 372 1035 1695 1704 4232 7691 9912
10 49 151 449 595 991 1593 1755 1841 6244 6814
10 49 185 298 350 449 673 695 1438 1763 2422
10 50 466 799 821 1136 1191 1240 1705 3062 3783
10 97 1610 3613 5293 9225 11923 11924 11926 11931 11933
10 49 259 312 320 372 528 640 781 904 4097
10 182 497 935 1101 1341 2634 2641 2946 5462 5931
10 59 677 1532 2177 2227 2939 4082 4352 6628 8049
10 146 214 1849 2157 2560 4146 4178 5089 7171 10884
10 83 282 478 904 1587 6420 7188 7887 10726 10739
10 59 201 371 412 475 530 673 973 1381 1400
1 45
10 233 267 7886 9661 10721 10730 10735 10739 11842 11966
10 66 192 749 770 914 2554 2556 2700 4089 4142
10 160 292 2420 2838 4810 11977 11978 11980 11985 11987
10 49 273 308 314 418 695 780 897 1922 2079
10 372 11994 12008 12011 12015 12022 12023 12025 12030 12032
10 83 312 542 675 685 1034 1368 2821 6214 11538
10 211 626 5751 7218 9943 12049 12050 12052 12057 12059
10 61 287 455 492 524 695 781 963 1237 2068
10 15 30 1285 1702 2647 4761 4765 10746 12069 12071
10 203 406 908 1037 1636 12078 12079 12081 12086 12088
10 83 283 492 530 687 1446 1581 2005 3362 5622
10 47 83 424 480 716 1385 1415 1623 6397 10814
10 83 286 492 673 778 1444 1466 4207 12106 12108
10 49 251 312 319 343 492 522 673 899 1033
10 6 82 240 412 441 1081 1089 1495 1926 2580
10 59 185 957 1623 3058 4348 4956 7886 12118 12120
10 49 259 327 455 492 683 695 880 1036 1443
10 49 286 518 612 684 1028 1050 1494 3285 4704
10 49 235 354 523 716 1592 2049 2376 3797 4956
10 146 200 1101 1411 2612 5056 5950 6971 10429 11775
10 61 283 452 640 963 10637 12108 12138 12143 12145
10 148 434 1949 2393 2609 6679 6993 8973 12153 12155
10 83 294 463 535 1177 2957 3283 3338 6985 8512
10 206 2822 9119 11511 12171 12178 12179 12181 12186 12188
10 83 289 475 522 679 1034 1038 1230 1664 1682
10 59 184 493 702 1025 1968 2820 3218 8501 12097
10 13 228 948 1112 1845 4756 5814 7007 12202 12204
10 53 153 989 1064 1403 2916 3227 3258 5363 6916
10 45 153 866 1110 1455 3810 4399 5120 9399 12217
10 283 522 2427 2452 3533 4922 5144 5642 12226 12228
10 59 505 3058 3851 4277 7828 8051 9046 12237 12239
10 53 593 4971 8479 10886 12250 12251 12253 12258 12260
10 53 201 700 728 1510 3181 3427 4045 6995 9312
10 87 773 5371 6845 8592 12274 12275 12277 12282 12284
10 50 599 2279 2901 3622 10270 12054 12291 12296 12298
10 59 153 1011 1722 3297 7008 7018 11407 12308 12310
10 6 482 1170 1702 1846 2936 3203 3513 9531 10688
10 203 498 1371 1844 2047 4078 4456 5801 10485 11355
10 59 224 845 911 1109 2641 2951 3513 4883 6700
10 203 493 1844 2556 3180 5507 5995 5998 10208 10485
10 7 370 2085 6850 10294 12344 12345 12347 12352 12354
10 27 61 262 868 989 1089 1113 1704 3692 4046
10 58 290 2455 3166 4224 9265 10975 11250 12366 12368
10 59 167 624 728 1039 1480 1504 1704 6582 6781
10 66 2138 7780 12382 12386 12393 12394 12396 12401 12403
10 260 738 6869 7407 12411 12418 12419 12421 12426 12428
10 83 294 971 1081 1381 1973 2106 2795 3363 3721
10 6 184 778 1466 2506 5875 6363 7654 12114 12444
10 61 294 927 946 1330 4051 4235 4248 6398 10549
10 47 78 624 748 1064 2068 2121 2465 3242 3374
10 700 834 1799 2761 2777 4096 4375 4894 6965 12457
10 184 380 804 814 834 1136 1171 1187 1663 2364
10 365 1850 7592 8168 8522 11608 11615 12237 12470 12472
10 184 291 527 677 1038 1919 2436 2506 5621 6720
10 59 282 460 527 677 1447 1500 1672 4610 7685
10 59 273 525 898 1393 2887 2899 3654 7882 9664
10 410 849 2522 3243 3397 6092 6277 6765 11207 12057
10 148 260 955 1109 1392 2696 3948 5841 8572 11607
10 23 480 1171 1187 1532 2830 2939 3643 4713 4729
10 49 161 325 519 785 1466 2003 3049 3872 5117
10 46 61 684 886 1600 2504 2524 3465 7948 12509
10 49 155 304 343 525 777 880 894 2504 3567
10 50 434 2250 2274 3421 8345 9590 11045 12519 12521
10 49 223 691 1023 1097 2504 3090 3180 5030 6311
10 49 282 346 460 529 788 894 1025 1442 2076
10 50 204 1391 1949 2562 3691 3946 3962 7175 8022
10 50 160 726 976 1349 1801 1827 1874 2881 4956
10 45 160 608 729 851 1763 1769 1815 3273 4095
10 192 1360 3582 3586 4478 10105 10575 12538 12543 12545
10 50 66 1139 1928 2588 4812 4813 7000 10953 12552
10 148 1624 8499 9843 11549 12562 12563 12565 12570 12572
10 153 372 847 957 1397 2635 2774 3870 6071 9028
10 49 285 675 777 1237 1674 1675 1919 4170 4394
10 49 282 394 460 520 683 684 894 2074 2077
10 148 196 1407 2409 2612 3858 4003 7607 11519 12586
10 45 151 593 706 729 1403 1510 1786 12380 12594
10 45 71 597 709 984 1142 1147 1801 3252 4224
10 148 325 1954 2149 3111 5312 6026 7369 10109 12605
2 2124 12613
10 157 700 1630 2250 3433 12625 12626 12628 12633 12635
10 151 724 2538 2777 5322 12644 12645 12647 12652 12654
10 45 85 1005 1405 2475 4522 6587 6639 12664 12666
10 45 79 595 908 988 1067 1113 1801 2539 3243
10 53 865 3691 5298 9023 12674 12675 12677 12682 12684
10 50 157 419 506 889 2331 2392 2482 4035 5673
10 27 232 12105 12695 12699 12706 12707 12709 12714 12716
10 364 530 1663 1861 2920 5404 5995 6675 9696 11198
10 59 251 1234 1763 2524 3687 4168 4524 9720 11801
10 39 224 1034 1082 1184 2135 2560 2641 6311 6621
10 356 1366 3608 5292 6282 8517 9252 11041 12735 12737
10 52 174 296 312 529 1496 1919 2524 3677 3795
10 52 74 372 426 540 992 1000 1400 2068 3465
10 406 4135 12746 12749 12753 12760 12761 12763 12768 12770
10 61 273 343 450 461 882 897 1072 3423 3687
10 53 151 729 996 1418 4285 5031 5665 7492 8074
10 559 722 2851 2881 6231 7938 7941 8598 11635 11700
10 46 60 223 505 842 1090 1097 1240 6615 11861
10 49 264 646 894 1466 3295 3350 3466 10399 12793
10 101 220 872 973 1220 2136 2332 2478 3566 4187
10 45 151 963 1424 2164 6187 7811 10424 12806 12808
10 67 1774 12818 12821 12825 12832 12833 12835 12840 12842
10 57 157 1089 1122 1276 2360 2881 4506 6967 8592
10 27 153 1142 1704 3243 5783 5788 6738 12852 12854
10 49 282 877 1100 1720 4069 4873 7091 8901 10743
10 47 83 963 1370 1883 3890 4603 6563 9508 12868
10 45 224 1237 1709 3099 7104 7108 8469 12876 12878
10 6 447 944 1095 1392 2365 2459 2798 6476 8154
10 61 189 566 683 1088 1968 2262 2999 12888 12890
10 82 197 567 729 1381 3273 5113 5292 8627 9362
10 47 153 433 609 953 1510 1634 1758 2777 4576
10 148 201 1002 1495 2511 6036 6057 7219 9215 11545
10 148 196 956 1095 1136 1705 1801 2354 6536 8140
10 148 406 968 1107 1397 2337 2617 4095 7374 9111
10 53 197 1081 1342 4622 11739 12268 12920 12925 12927
10 203 480 1184 1237 1857 3566 3693 4171 6171 7599
10 49 155 2060 2426 3602 6944 8638 9189 12939 12941
10 49 251 319 325 380 673 674 680 1370 1675
10 63 255 569 695 1547 2526 2968 3090 5664 7604
10 45 157 1074 1349 1418 2835 3196 3276 11817 12954
10 49 277 343 458 536 698 793 1023 2065 2964
10 146 182 2285 2696 6803 10426 12014 12969 12974 12976
10 49 166 417 430 498 1089 1097 1370 2511 3180
10 59 397 3298 4003 5527 9613 11130 12985 12990 12992
10 92 435 1525 1805 2473 4072 4166 4685 9862 11550
10 39 491 1035 1171 1913 2774 3390 3783 6124 11205
10 52 193 598 683 1100 1746 1755 1767 3090 3431
3 282 3279 13015
10 49 282 517 632 695 3156 3797 4605 7548 13017
10 59 201 719 908 1113 1405 1407 1746 3051 3363
10 47 164 1409 2122 2565 6092 6278 7221 12162 13026
1 13033
10 59 221 908 921 1035 1349 1397 1663 4718 4731
10 59 247 1237 1794 2820 4035 4178 6122 6624 10719
10 206 727 3421 6056 7694 11288 13045 13047 13052 13054
10 49 203 338 458 492 675 680 683 1025 1038
10 6 75 593 921 1089 1705 2023 3166 6948 9723
10 90 214 724 729 1235 2168 2331 2768 4285 5427
10 52 221 729 960 1235 2766 3037 3181 7114 8393
10 406 1932 8708 9559 11564 13076 13077 13079 13084 13086
10 59 184 433 492 598 1039 1107 1368 3077 3452
10 59 289 469 525 695 1440 1446 1960 4658 5407
10 59 184 683 698 894 1727 1738 2053 4524 6124
10 35 70 292 461 683 952 1066 1081 3678 9400
10 146 466 1109 1363 1864 2774 2835 3203 4095 7481
10 48 101 541 1053 1374 2205 3089 3280 7983 10739
10 83 282 320 343 465 683 695 1034 1581 1676
10 221 739 2647 2651 5289 8658 10787 11601 13110 13112
10 75 230 1495 2387 2522 4011 5292 5426 12575 13123
10 2 41 1999 2745 4189 8993 9307 11001 13134 13136
10 61 206 1957 3429 5503 13144 13145 13147 13152 13154
10 115 219 1409 1935 2252 3621 3627 6064 8500 12566
5 310 952 6280 8391 13166
10 49 186 915 976 1381 1920 2262 2445 5336 11364
10 59 315 1039 1391 1588 3256 3290 4207 8354 10680
10 6 222 497 531 921 1186 1240 1794 2765 2939
10 65 285 663 680 781 1671 1919 2162 4207 4596
10 50 157 423 435 612 1409 1506 1757 2256 2588
10 11 180 935 1109 1402 2359 2363 2370 4511 4861
10 61 284 346 383 460 898 1435 1450 2422 4468
10 49 283 512 536 793 1438 1571 2029 5339 6397
10 49 251 338 369 517 897 963 1592 2504 2957
10 49 251 334 383 519 963 1089 1592 3180 3287
10 59 198 609 703 894 1502 1506 1746 3151 3451
10 148 190 418 430 527 1154 1409 1495 2511 4300
10 83 293 463 537 698 1443 1449 2067 3425 4701
10 49 283 326 346 460 680 683 793 1033 1919
1 83
10 49 245 293 299 319 459 460 517 904 1450
10 6 214 1074 1110 1403 2478 2678 3438 5426 7725
10 160 283 944 1107 2250 3090 3394 3949 9913 13211
10 83 252 316 479 1919 4466 4472 4480 8558 10659
10 192 402 841 1096 1369 3513 3853 5844 13223 13225
10 58 164 1804 1949 2393 3620 3627 4003 7507 10840
10 1836 8884 13245 13248 13252 13259 13260 13262 13267 13269
10 61 186 593 709 842 1235 1405 2014 3282 4526
10 61 222 492 526 540 971 976 1237 3185 3665
10 59 201 527 684 1046 1504 1507 1781 3663 4310
10 50 222 718 894 1403 2161 2265 2769 3438 4167
10 89 232 1392 2157 3380 4677 4945 6433 11102 13289
10 6 480 1857 3058 4786 7177 7581 12749 13300 13302
10 41 832 2942 3471 4511 10384 11001 13307 13312 13314
10 156 844 3401 4275 7167 12136 12906 13321 13326 13328
10 45 66 990 997 1018 2012 2454 2539 3181 5136
10 59 213 1154 1746 2404 5425 6170 6967 11213 13339
10 200 1418 7107 10048 11714 13350 13351 13353 13358 13360
10 146 221 1746 3235 5031 9480 10133 11110 13369 13371
10 61 283 343 458 520 1042 1424 1447 3525 4468
10 59 201 616 710 1081 2262 2517 4031 7038 8292
1 338
10 219 610 1930 3190 6036 9088 10614 12827 13384 13386
10 6 93 435 509 850 1074 1090 1240 1969 3575
10 61 184 419 612 710 1053 1081 1234 3166 3185
10 59 201 501 532 1036 1230 1237 1375 2641 2963
10 377 714 2478 2617 3663 4128 4129 5477 10374 11890
10 157 706 2297 2538 4375 8230 8238 12513 13409 13411
10 6 153 718 848 1025 1525 1694 1705 3665 4081
10 151 604 1240 1455 3444 8823 9038 9877 13424 13426
10 185 338 681 698 1171 1576 1664 1695 3783 4179
10 199 577 7935 11478 11700 13440 13441 13443 13448 13450
10 83 285 675 1016 1450 4468 4922 7188 13457 13459
10 6 184 527 720 1039 1777 1843 2679 8540 13467
10 50 214 915 950 1240 1385 1403 1694 2545 3701
10 83 293 525 538 1023 2005 2528 3367 5999 7117
10 11 216 1852 2128 2758 4989 5322 6899 8700 9416
10 170 458 937 1035 1179 1845 1854 1861 2601 2830
10 148 211 548 851 1381 2511 2513 2562 3010 4009
10 190 217 1929 2409 3221 6104 6258 6691 11413 13485
10 49 282 319 380 460 684 695 906 2076 2079
10 221 577 4426 6316 9054 13497 13498 13500 13505 13507
10 42 184 874 940 1334 2559 2634 4184 9783 10626
10 193 216 1039 1366 2390 3085 3221 3633 5426 6171
10 192 377 2328 3397 3716 10706 11673 13521 13526 13528
10 153 327 697 927 1038 1237 1698 2195 3177 4178
10 221 601 2822 2851 4777 11478 11511 12192 13540 13542
10 49 282 317 327 458 638 673 680 906 1442
10 83 300 534 898 1097 1493 1502 2161 3993 5853
10 83 748 3195 4001 6491 10428 10639 12681 13554 13556
10 6 151 296 343 480 908 957 1035 1663 1845
10 282 312 480 532 679 1438 1444 1919 4769 7600
10 39 759 10915 13570 13574 13581 13582 13584 13589 13591
10 6 167 435 492 710 1088 1095 1389 2116 2645
10 75 372 1455 2161 4093 8393 8517 8952 12468 13599
10 65 222 511 528 921 1109 1122 1845 2823 3687
10 146 701 1991 2555 2691 5195 5544 7621 10696 13609
10 6 201 512 531 674 1240 1665 2415 4171 4301
10 184 531 1849 2429 3566 6452 6458 6626 10718 13394
10 157 225 1798 2463 3242 5312 6203 9224 13623 13625
10 49 285 455 529 675 1233 1450 1848 3452 3687
10 59 178 498 534 973 1235 1237 1368 2135 2765
10 59 286 1053 1679 1771 3826 4121 5801 10322 11021
10 59 270 1935 2237 3195 8708 10264 10268 13638 13640
10 47 157 859 1053 1415 2392 3050 3222 10439 13027
10 45 83 677 957 1366 2439 2524 3296 7116 11847
10 83 307 534 673 788 2077 2079 2526 5442 7715
10 172 894 2932 4059 6785 8828 12676 13659 13664 13666
10 57 417 1189 1374 2590 4992 5358 6454 10042 11329
10 75 224 492 537 698 1443 1446 1664 2262 2768
10 49 184 524 616 962 1381 1391 2068 5115 7172
10 83 201 534 683 859 1403 1477 1506 3180 4040
10 17 66 1968 3067 4764 9338 10695 10975 13692 13694
10 59 161 296 314 349 673 683 729 1039 1391
10 50 193 850 1604 1937 2573 2901 3614 7172 13701
10 157 700 940 1328 1351 1517 1518 1522 3433 7263
2 1337 3433
10 365 393 2820 3077 4964 13717 13718 13720 13725 13727
10 49 286 460 522 673 784 788 1045 2523 4704
10 61 285 538 908 1424 1898 2232 2956 10798 12806
10 93 221 973 1403 1495 2522 2586 2772 5056 7617
10 39 224 495 534 759 1039 1173 1192 2331 3151
10 148 213 620 709 1141 2262 2266 2460 3620 4438
10 82 201 598 623 1088 1961 2390 2515 3617 4035
10 148 222 2562 2613 3320 8441 8455 9493 13752 13754
10 59 178 548 842 1081 1381 1403 1503 3432 4360
10 166 952 4146 6476 6494 13762 13763 13765 13770 13772
10 83 231 677 685 1033 2421 2424 2962 7124 9610
10 57 157 1409 1734 3228 5501 8036 11366 13788 13790
10 49 282 326 371 460 537 538 680 1033 1368
10 59 223 973 1107 1366 1895 2191 2641 3571 3870
10 165 219 527 608 1039 1757 1962 2262 3363 4032
10 83 327 1026 1179 1627 5836 5837 5887 13802 13804
10 59 183 532 1297 1461 2587 2607 3077 3680 5359
10 75 206 849 1081 1415 3987 4683 5294 8502 11973
10 149 229 2121 2612 4367 10909 12912 13818 13823 13825
10 50 192 505 683 960 1389 1401 2135 3361 3998
10 61 283 321 338 460 668 675 1033 2625 4468
10 59 184 708 977 1230 1757 2511 2641 4086 4721
10 292 526 1600 1956 3282 5629 6242 7581 8475 9697
10 289 3531 13511 13841 13845 13852 13853 13855 13860 13862
10 17 66 992 1064 1289 2618 2983 3252 9069 10865
10 153 228 806 909 928 1351 1355 1397 2644 2841
10 83 285 338 452 517 900 921 1025 1442 1664
10 59 222 1088 1368 1511 3673 4348 4983 5800 6171
10 49 155 782 1234 1762 3270 3295 6579 12482 13876
2 51 7947
10 59 251 2595 3090 3871 6107 7239 9517 13887 13889
10 59 282 460 520 695 1420 1919 2425 12480 13896
10 49 245 303 320 519 1234 1571 2004 4598 13903
10 59 289 680 894 1443 3349 4388 4701 13911 13913
10 75 221 683 708 1100 1755 1767 2766 5331 8071
10 66 167 977 1136 1991 3151 3173 4522 6988 7858
10 251 310 3346 3665 6564 10905 11365 13926 13931 13933
10 50 201 433 683 960 1503 1506 2119 3037 4621
10 39 497 821 955 1186 3007 3012 3584 4838 5841
10 80 170 942 1235 1504 2818 2828 3665 4096 5647
10 315 465 1171 1192 2526 4740 5191 6458 10720 12336
10 49 279 382 394 1237 2076 2079 2783 4965 7462
10 83 224 480 674 691 1366 1440 2578 7970 10013
10 49 289 478 685 1033 2424 3367 3906 13962 13964
10 59 244 1375 1406 1509 2610 2835 3421 6015 7937
10 50 423 1182 1230 2065 3336 3963 5304 7565 8668
10 83 251 307 336 452 957 1587 1919 3452 5664
10 153 288 677 698 1034 2599 2957 3282 4963 5833
10 50 283 323 327 455 675 680 698 2005 3103
10 45 69 223 435 709 989 992 1004 1455 1807
10 61 283 324 338 455 541 673 899 3454 3783
10 45 93 1367 1873 3089 6594 7493 8763 13988 13990
10 83 285 315 327 455 522 525 673 698 1023
10 61 251 372 455 530 1435 1675 1857 4208 5471
10 58 208 1454 2305 3273 8253 8821 12791 13999 14001
10 83 283 397 455 475 684 685 950 3013 4465
10 6 201 300 430 520 781 894 950 2076 3109
10 66 722 4622 7536 9621 14016 14017 14019 14024 14026
10 25 168 1775 2013 2648 8065 10231 12802 14037 14039
10 176 289 532 677 1012 2587 2823 3151 4393 6472
10 49 279 308 315 336 517 519 675 957 1571
10 167 387 821 1672 2903 8518 8758 11425 14048 14050
10 50 148 323 419 480 685 700 724 1177 1240
10 50 193 606 614 1146 2253 2515 3613 6277 7580
10 49 228 343 371 492 608 640 680 1360 1845
10 35 150 1109 1366 2507 4052 4071 5847 11957 14062
10 221 417 1393 1477 2821 4602 4951 5186 9451 10871
10 50 101 1950 2159 2671 8309 9532 10859 14074 14076
10 71 251 323 327 904 1919 1920 2053 5031 5365
10 83 282 346 399 460 522 525 675 1446 1670
10 2134 7536 14092 14095 14099 14106 14107 14109 14114 14116
10 49 285 455 492 526 684 685 1023 1449 1763
10 39 483 1183 1543 2715 5883 7230 8204 14040 14126
10 50 203 1230 1372 1476 2272 2410 2590 7124 7685
10 167 223 1177 1511 2507 4071 4112 6003 11742 14137
10 66 228 640 930 1025 1179 1237 1447 1672 1844
10 192 831 4100 4410 5515 10281 11465 14145 14150 14152
10 49 91 673 850 1152 2383 2596 3273 6170 11366
10 59 153 593 842 960 1107 1230 1506 2511 2646
10 157 834 1207 1335 1986 12723 14167 14169 14174 14176
10 49 282 372 482 530 1368 1466 1865 3783 4093
10 192 497 1329 1663 2369 4087 4984 8270 12324 14186
10 47 167 683 1046 1092 1743 1963 1971 2810 3374
10 59 286 959 1048 2070 5722 7862 8671 14194 14196
10 11 191 3192 4187 4855 10574 11361 14203 14208 14210
10 59 201 710 1113 2331 7655 7663 8179 14218 14220
10 156 1495 6054 8041 9943 11489 12261 13129 14231 14233
10 47 149 697 960 1064 1146 1375 1704 3213 6584
10 983 4576 14244 14247 14251 14258 14259 14261 14266 14268
10 45 179 891 1089 1875 4060 4515 7005 12364 14275
10 5245 14284 14298 14301 14305 14312 14313 14315 14320 14322
10 8 166 1459 2250 3444 8929 9200 10580 14331 14333
10 796 833 3009 3923 4827 8100 10024 12935 14344 14346
10 51 153 1971 3465 4069 8381 8483 11355 14355 14357
10 50 149 506 541 770 1604 1959 3719 10104 14364
10 50 597 1954 3180 6443 14373 14374 14376 14381 14383
10 45 59 372 512 990 1370 1704 1784 9912 14096
10 75 189 435 600 1066 1381 1391 1624 3691 5765
10 82 613 4260 5744 12295 14401 14402 14404 14409 14411
10 6 148 430 447 538 894 1081 1230 1757 2169
10 59 214 372 492 894 1368 1397 1672 4378 4388
10 61 283 372 455 480 537 538 673 1028 1443
10 66 223 1389 1777 2718 4692 5797 10203 14425 14427
10 45 61 227 842 891 1147 1827 1883 3376 3912
10 83 259 897 1921 3350 5627 6571 12484 14434 14436
10 61 178 505 695 1234 3425 3665 3905 7296 8600
10 49 273 304 314 326 532 542 894 1919 2526
10 53 209 854 976 1204 2609 2613 3808 6584 11213
10 59 203 505 677 770 1039 1176 1375 1911 2588
10 52 167 526 714 1086 2113 2795 3869 11114 12999
10 155 286 460 518 673 1023 1033 1438 1671 3058
10 6 157 942 1081 1189 1729 1939 2580 4303 7172
10 35 192 748 1081 1403 3303 3661 4114 8082 10276
10 83 286 346 452 538 899 1045 1449 4769 8727
10 83 222 1391 1973 2641 4352 4637 5317 10042 12441
10 49 282 455 479 536 788 793 1023 1443 2079
10 59 192 848 1094 1351 2328 2331 2718 4071 4695
10 26 1197 3471 3716 8979 10469 13403 14478 14483 14485
10 49 184 326 343 528 963 1043 1454 1824 1920
10 49 91 295 338 462 1763 1819 1921 5031 8758
10 39 146 556 748 1090 1401 1532 2354 3566 4671
10 83 224 531 681 1180 3061 3092 3336 5825 7600
10 11 214 1095 1248 1341 1795 1801 2331 4187 4960
10 82 285 673 1034 1766 4386 4605 4718 6178 6932
10 59 166 444 527 849 1109 1142 1503 2289 2755
10 50 201 859 980 1391 2513 2801 3296 4207 6387
10 49 283 778 789 1383 2425 2504 3173 5929 7350
10 29 61 1019 1729 2515 6078 6944 7491 10975 13993
10 50 148 677 988 1113 2424 2534 3265 6588 13986
5 168 911 14531 14534 14538
10 61 240 484 518 963 1663 1766 2169 3054 3330
10 53 181 435 699 831 1145 1222 1504 4033 5184
10 59 148 414 423 531 955 963 980 2524 3438
10 75 221 701 854 1088 2418 2580 3604 4522 5841
10 157 220 976 1097 1511 2262 2507 2768 3438 4032
10 1 29 481 1082 1283 1397 1877 3207 6405 7956
2 155 462
10 6 283 1095 1170 1696 4963 4982 5315 14552 14554
10 157 564 1233 1403 1504 2766 2776 2837 3917 4447
10 49 279 305 317 346 777 783 963 2447 3054
10 146 182 1104 1424 2604 3864 4519 6897 10424 12453
10 148 735 2649 2652 4755 10865 10868 13111 14570 14572
10 61 184 482 504 700 1025 1029 1177 2328 2599
10 91 221 475 532 699 1185 1191 1366 2524 4381
10 61 282 525 616 719 1446 1455 2010 3295 3693
10 50 201 540 701 973 1623 1650 1664 2575 2991
10 49 293 2425 3274 4707 12108 13126 14589 14594 14596
10 49 251 319 327 452 537 640 675 1237 1444
10 50 201 437 511 709 1366 1391 1503 3037 4003
10 82 193 422 434 540 960 1039 1089 1503 2119
10 155 343 673 695 1455 3390 3783 5109 13019 14607
10 83 282 492 695 1028 2065 2964 3341 5192 5625
10 65 305 982 1547 2262 4963 7131 8509 14621 14623
10 49 279 304 312 338 492 517 673 897 1592
10 151 211 540 710 980 1508 1511 1755 3256 3333
10 148 220 859 1039 1403 1967 1972 2718 5720 9791
10 148 593 2028 3399 3692 7218 8382 9623 14638 14640
10 6 406 1919 3684 6558 14649 14650 14652 14657 14659
10 61 283 449 460 525 3060 3108 3536 7685 10662
10 61 284 343 455 537 906 1033 1592 1921 2587
10 50 201 729 1081 1415 2688 2803 3296 6397 6925
10 83 282 320 449 462 676 680 782 1450 1675
10 167 216 1374 1943 2820 4917 5098 5426 10872 11681
10 148 506 4178 4712 5301 11404 12985 14681 14686 14688
10 59 184 505 540 850 1409 1727 1965 3201 5096
10 184 294 534 698 1171 1237 1397 1857 3661 4171
10 45 63 768 992 1113 2534 2588 3265 4956 6902
10 170 515 942 1240 1351 1802 1966 2345 3577 3582
10 46 64 219 608 1142 1943 2274 2621 3869 6127
10 170 354 1685 2427 2434 3423 3433 3535 5145 6235
10 59 412 830 911 1409 2559 2566 3926 10914 11529
10 49 91 348 479 526 1089 1383 1600 3178 3465
10 50 285 324 343 478 898 899 1368 2781 4610
10 170 228 700 729 943 1230 1239 1397 2329 2332
10 151 273 346 478 1033 2528 3277 3281 7896 10728
10 59 181 433 492 699 850 973 1230 1959 2511
10 53 153 727 854 950 1360 1403 1883 6805 9020
10 157 527 1240 1403 1460 2448 2766 2879 5330 7752
10 40 90 415 519 727 1403 1407 1624 3663 4963
10 223 814 4727 5011 5019 14165 14166 14741 14746 14748
10 49 282 479 520 538 906 1053 1447 3360 5801
10 1 167 1208 1694 3396 8467 9006 12212 14762 14764
1 14772
10 1 170 1268 1294 1905 4053 4078 4766 10548 10551
10 49 283 540 683 959 1623 1919 3108 5111 5413
10 49 184 298 315 338 492 518 538 680 695
10 6 286 460 480 537 698 788 1025 1446 1664
10 49 184 426 449 532 894 971 1095 2506 3665
1 66
10 39 482 969 1173 1401 2823 2920 3072 4095 5812
10 6 193 1090 1604 2958 10351 10522 12437 14793 14795
10 192 221 729 1082 1369 1959 2106 2440 3304 3656
10 48 245 334 372 484 963 1103 1455 2506 4601
10 151 727 3605 4401 6316 11334 11793 12668 14807 14809
10 150 1123 4818 6025 9097 14816 14817 14819 14824 14826
10 5 66 596 776 837 1360 1636 1802 2925 3418
10 50 227 1339 1734 2485 4613 5182 6214 14787 14837
10 49 169 3376 6402 10747 13108 14844 14846 14851 14853
10 206 593 2648 3243 3982 9741 9840 10865 13780 14860
10 146 353 934 1104 1122 1926 1991 2758 4522 5319
10 58 616 6785 9398 11090 14869 14870 14872 14877 14879
10 57 989 6566 8606 14886 14893 14894 14896 14901 14903
10 51 157 1121 1403 2822 4624 6012 6374 14910 14912
10 157 700 1248 1355 1406 2328 2332 2770 3698 5056
10 49 286 452 460 673 1023 1025 1449 2523 3367
10 57 157 1100 1592 2725 4880 8643 14920 14925 14927
10 58 310 1634 2262 3808 14935 14936 14938 14943 14945
10 83 284 460 537 1420 3341 4388 4701 8932 10905
10 49 283 460 537 880 2068 2899 3279 8094 11622
1 603
10 59 166 608 843 1368 1875 2454 2552 2763 3438
10 52 193 327 371 458 695 702 1036 1447 1650
10 52 206 608 953 1391 1961 2068 2524 3567 4358
10 97 1409 4187 5923 6614 11882 12842 14256 14972 14974
10 65 186 706 726 957 1680 1857 2250 3698 6155
10 170 364 913 1035 1342 1969 2327 2575 3574 3584
10 51 505 1817 1836 2515 6971 6996 9869 13347 13362
10 50 181 14080 14093 14995 15002 15003 15005 15010 15012
10 45 181 1038 2056 3050 8762 11325 11706 15020 15022
10 90 569 1801 2726 3843 6949 8358 8597 12777 14782
10 80 282 569 691 952 1919 1956 2524 3106 3285
10 59 251 452 480 675 1045 1066 1379 2164 2793
10 49 221 448 505 1089 3188 3374 4481 11594 15038
10 6 283 480 492 512 1025 1033 1177 8163 10436
10 153 412 2019 3033 4104 6679 6856 7218 10277 10454
10 61 201 371 451 480 942 1035 1235 2506 3637
10 27 93 684 859 1005 1074 1088 1094 2478 2511
10 160 612 9254 13780 15059 15066 15067 15069 15074 15076
10 75 180 955 1334 1988 3570 4586 8457 12437 13549
10 50 164 524 542 710 1197 1389 1500 2598 2819
10 101 596 3194 3569 6439 11402 12554 13333 15092 15094
10 50 327 1176 2447 3253 10743 12106 13196 15105 15107
10 49 287 778 783 992 4598 6186 7346 15115 15117
10 157 556 1351 1403 1964 2478 2678 3393 4426 6001
10 184 222 536 673 685 1237 1391 1483 2262 2957
10 61 243 894 1393 2068 3451 4606 6257 10729 11969
10 49 245 319 343 460 900 904 1921 2781 3153
10 151 365 1171 1648 1846 4093 4718 5875 12205 13235
8 184 475 5606 12787 15145 15152 15153 15155
10 49 282 301 312 318 455 456 465 534 695
10 59 598 4215 4920 7830 15157 15158 15160 15165 15167
10 58 156 1095 1217 2324 7109 7352 8311 15174 15176
10 371 490 3064 3513 3870 6124 6126 7764 15183 15185
10 170 832 1522 1998 3698 6895 7179 7613 12639 15193
10 66 191 729 858 1066 2801 3243 3810 7172 9840
10 47 82 318 418 455 674 695 1095 1864 3037
2 422 1031
10 46 192 950 1046 1963 3582 3585 4475 7883 11361
10 65 287 1865 2809 4095 5591 6066 9439 10997 15211
10 61 286 458 480 640 793 1036 2005 3054 3356
10 1 223 3067 3496 4963 10551 11531 14792 15222 15224
10 65 221 2323 3368 6785 8243 8253 8729 15231 15233
10 59 211 480 674 1034 1366 1368 2410 3332 4139
10 148 198 626 708 1107 3180 3347 4381 4718 8303
10 59 282 463 513 957 2065 2506 3156 4643 15244
10 50 167 419 430 533 1081 1095 1374 3180 4622
10 61 203 432 492 534 960 980 1037 1391 3077
10 83 289 458 492 538 1237 1432 1446 3341 4381
10 46 198 691 952 1374 2262 2418 2585 5065 5817
10 53 597 1954 2510 3257 4932 6092 9931 15014 15256
10 49 282 492 522 540 877 897 1234 3037 3251
10 47 74 729 1064 1387 2122 2567 2585 4617 4934
10 50 221 598 701 1234 2524 4035 5315 9726 13721
10 61 289 518 538 695 3367 4266 4482 15273 15275
10 223 323 3309 4468 9117 13800 15276 15278 15283 15285
10 148 201 848 1081 1495 1973 2108 2122 6092 7868
10 146 593 1207 1351 1404 2604 2767 2844 4285 4674
10 157 729 4260 5725 9365 10375 11817 11831 15302 15304
10 83 285 519 898 1342 4208 6008 6476 15313 15315
10 46 157 2573 2844 6012 11247 11264 12828 15325 15327
10 39 412 2254 2755 3566 6104 6310 6679 12772 13082
10 157 593 1416 2327 2835 4040 4096 4375 6040 6230
10 83 214 512 726 942 1368 1397 1794 2331 2365
10 71 293 963 1664 3274 7234 7238 11320 15344 15346
10 59 220 1039 1403 1649 2588 2795 3671 7025 11046
10 50 232 1400 2086 2784 7457 8197 14157 15360 15362
10 148 221 727 848 950 1349 1360 1403 1798 1970
10 59 148 505 609 712 1146 1230 1367 1942 2564
10 66 627 2331 2604 4285 5119 5180 8592 15372 15374
10 6 1115 7794 13299 15382 15389 15390 15392 15397 15399
10 83 423 1828 2331 4401 7173 7503 8458 10886 12268
10 6 184 847 908 973 1403 1769 2337 6586 9113
10 49 166 536 698 894 1370 1373 1443 3105 4831
10 49 282 312 323 369 462 468 519 673 1089
10 83 294 1381 1824 2160 2999 3037 3451 5664 7591
10 610 5134 15413 15416 15420 15427 15428 15430 15435 15437
10 66 406 4113 6852 9224 11466 13077 15444 15449 15451
10 579 5295 15466 15469 15473 15480 15481 15483 15488 15490
10 45 91 321 326 527 1234 1423 3602 5860 7835
10 51 1112 7542 9129 13056 15503 15504 15506 15511 15513
10 45 66 1503 2581 3916 12218 12606 15521 15526 15528
10 83 282 319 346 460 684 692 695 2010 4603
10 49 251 321 325 455 525 532 695 1393 2005
10 59 201 960 1146 2515 3438 3608 3949 6259 9415
10 46 75 854 960 1064 1415 1525 1704 2522 3243
10 66 220 1230 1409 2256 3654 3982 6057 9702 14460
10 6 78 538 802 1082 1907 1919 2086 3330 6647
1 15548
10 46 221 2610 5292 6042 10375 11338 12412 15553 15555
10 192 377 948 1082 1170 2337 2358 4071 7492 8056
10 63 251 456 462 487 680 821 904 1663 2970
10 49 221 695 953 1510 3423 3525 4351 5148 7685
10 156 227 1914 2351 2755 5841 6297 8190 14036 15572
10 50 201 1213 1391 1960 3112 3144 3465 7883 12412
10 49 204 804 914 1088 2068 2077 2227 4600 5030
10 49 221 460 524 640 1036 1234 1420 2523 3282
10 203 770 1187 1542 1844 2597 2598 2601 4664 4885
2 59 1366
10 198 336 1476 2036 2588 4082 4093 5424 8258 9695
10 52 61 232 423 709 2454 2511 2586 4227 5297
10 47 227 1611 2015 2604 4939 5381 6617 9741 14526
10 224 371 908 1174 2047 7039 10549 11198 15598 15600
10 6 377 976 1504 2331 3291 3328 3407 6310 8413
10 148 742 3729 4517 8257 11220 11221 11224 11889 12965
10 50 164 2071 3006 3792 6785 7018 7507 8774 10402
10 49 222 325 346 458 525 537 673 1023 1038
10 80 192 1122 1265 1696 3433 3864 4576 7608 8238
10 50 1395 9224 9899 11928 15625 15626 15628 15633 15635
10 49 283 424 469 674 3948 4467 5030 10392 15643
1 15650
10 6 485 1035 1538 1959 2936 2956 3643 9586 13801
10 50 153 832 848 984 1360 1389 1522 5765 7476
10 54 279 4606 10183 13357 15660 15661 15663 15668 15670
10 61 201 338 418 460 693 695 1023 3390 4100
10 148 417 1233 1709 2124 5529 6057 6765 11757 13518
10 49 151 439 542 848 1366 1389 1604 2809 3181
10 49 282 325 372 496 784 877 952 1494 2003
10 6 282 520 640 793 1466 1669 3180 8388 12098
10 91 283 460 517 640 957 963 1038 3180 9451
10 228 655 3953 4470 5749 12383 15697 15699 15704 15706
10 49 185 343 406 455 528 530 534 1675 1895
10 50 214 973 1397 1962 2820 3438 3951 9352 13170
2 49 312
10 8 372 1173 1294 2724 4723 4753 7880 12067 15720
10 45 224 1397 1903 2344 3833 3834 3836 6110 15727
10 61 285 481 526 673 1025 1038 1419 2076 2417
10 66 1019 12695 12698 12704 15736 15737 15739 15744 15746
10 59 167 371 426 703 1089 1122 1234 2580 2795
10 401 1134 7179 10506 11671 15757 15758 15760 15765 15767
10 49 283 338 455 493 673 674 680 1028 1675
10 59 296 1406 2822 4818 12270 12987 15775 15780 15782
10 13 296 1267 1723 2504 3724 3730 3825 5564 9001
10 50 170 492 593 701 1081 1101 1403 2168 2586
10 59 255 492 677 1031 1232 1238 1766 3671 4139
10 47 63 215 222 418 709 842 1080 1815 3297
10 83 286 1033 1380 1921 3367 3422 5800 8473 11332
10 93 192 709 845 908 1193 1240 1495 3663 4275
10 83 287 475 517 673 793 963 1036 2005 2528
10 59 215 3431 6080 7509 9588 10885 12986 15809 15811
10 49 221 616 849 980 2068 2262 2618 5664 6012
10 49 251 302 308 338 882 883 1043 2205 3423
10 157 559 1360 1404 1748 3433 3438 3700 5294 5719
10 48 244 2211 2899 3195 5065 5766 6484 14398 15651
10 167 488 4112 7599 9691 14700 15536 15829 15834 15836
10 49 148 292 295 346 460 462 479 684 1089
10 83 223 971 1081 1237 2590 2820 3654 5801 6311
10 59 184 435 482 700 973 1107 1367 1864 1973
10 47 60 412 921 1052 1403 1495 1501 3465 4982
9 49 251 311 343 462 2076 2077 3293 15851
10 66 343 3948 3962 5853 10853 12699 15854 15859 15861
10 47 1950 4146 6272 7310 15869 15870 15872 15877 15879
10 59 360 1634 2424 3221 4031 4035 4301 6310 6460
10 312 354 2439 3179 5650 15888 15889 15891 15896 15898
10 148 214 488 530 708 1230 1237 1368 2065 3180
10 120 200 430 609 894 2522 3194 4011 8455 15906
10 75 204 612 735 1089 2571 3010 3280 6611 7842
10 148 742 6614 8279 11218 13090 13622 15917 15922 15924
10 49 176 296 305 319 371 450 462 539 899
10 223 406 915 923 1035 1397 1504 1663 2337 3185
3 83 300 5665
10 61 277 372 640 894 2964 3153 4612 8167 15692
10 49 283 380 517 538 793 1089 1391 1919 2637
10 59 184 851 1081 1237 1660 2106 2332 4351 4683
10 59 190 612 891 1107 2511 2612 4003 8390 10885
10 66 360 1385 1746 2118 4640 5319 6324 9594 11109
10 58 177 1679 1975 3465 10247 11470 11933 15956 15958
10 45 149 710 984 1366 5863 7853 8120 15967 15969
10 83 245 478 1418 3058 6253 6257 8758 11828 13012
10 49 221 318 323 346 522 525 539 700 1033
10 49 282 322 346 458 529 538 680 1023 1234
10 377 1197 4372 6259 10117 15980 15981 15983 15988 15990
10 59 221 493 511 973 2641 3058 4663 7005 8525
10 83 221 1389 1405 2106 3263 3663 4032 6171 9234
10 83 372 807 969 1176 1641 1663 2366 3291 3407
10 66 222 512 536 909 1237 1286 1973 3185 5319
10 8 39 4766 6733 9897 16006 16007 16009 16014 16016
10 49 223 304 314 323 532 534 668 1366 1571
10 6 283 338 372 455 673 676 695 1025 1600
10 59 184 492 532 923 1503 1504 1663 2524 3090
10 59 201 430 527 703 1403 1415 1506 3620 4683
10 47 167 360 419 596 849 889 1039 1381 1415
10 65 246 462 537 1028 1466 1491 2008 5127 7138
10 282 327 1045 1581 2781 13016 15899 16028 16033 16035
10 50 83 859 1052 1370 1824 1888 2801 3620 4887
10 47 211 1031 1192 1959 4009 6242 6467 7577 7644
10 49 75 304 608 880 1415 1510 2068 3181 3429
10 221 726 1801 2328 2448 4040 4167 5563 9101 12595
10 59 283 2262 3061 3812 7862 7917 9115 15278 16055
10 12 37 3207 3501 6730 10644 10851 16062 16067 16069
10 6 167 898 969 1197 2181 2327 2351 4022 6100
10 59 190 423 444 683 1081 1089 1366 3180 3244
10 45 90 701 950 1067 1509 2327 2560 3844 4910
10 83 228 469 675 727 1234 1237 1407 2250 3051
10 1879 12487 16095 16098 16102 16109 16110 16112 16117 16119
10 148 221 11493 13749 13758 16131 16132 16134 16139 16141
10 49 161 526 668 902 2504 2506 3454 3872 6107
9 83 287 640 675 784 1675 1681 2781 16031
10 83 300 1461 2328 3053 7654 7663 10340 16153 16155
10 45 377 1213 1391 1943 4035 5353 5907 10517 10964
10 244 12001 16177 16180 16184 16191 16192 16194 16199 16201
10 53 200 1039 1391 1968 3085 3229 4032 8278 13761
10 6 228 469 538 789 2076 2079 2506 4266 5410
10 148 377 3594 3661 4109 5841 6167 6691 10625 11571
10 6 511 1333 1344 1360 2326 2327 2332 3408 3434
8 190 691 16226 16229 16233 16240 16241 16243
10 700 908 1330 1343 1360 1989 2327 3439 5774 16244
10 191 1193 3621 3733 8716 11389 13072 13077 16254 16256
10 6 422 2796 3438 5591 12382 13273 15679 16267 16269
10 83 286 460 519 675 1023 1025 1419 1919 2010
10 156 724 6904 9195 11635 16279 16280 16282 16287 16289
10 6 447 2047 3508 4690 7307 9009 10647 16296 16298
10 6 83 845 973 1237 3050 3189 3271 9237 10025
10 224 2715 16310 16313 16317 16324 16325 16327 16332 16334
7 151 700 1417 2332 5036 16343 16344
10 6 151 593 904 1418 2164 2293 3466 10982 16346
10 61 282 327 469 528 1571 1604 2439 7968 9659
10 203 327 685 1045 1237 4488 4663 5021 7546 9764
10 49 282 325 371 453 532 534 894 1237 1388
10 200 1722 3280 4146 5758 10273 10863 12500 16365 16367
10 59 193 700 889 1845 3221 3566 3663 8081 10892
10 50 201 1039 1237 1696 3374 3691 4695 9455 10918
10 148 214 950 1110 1403 1960 1965 3201 5368 5722
10 49 184 372 466 673 894 921 1237 1919 2921
10 45 149 345 462 880 1113 1435 2168 4355 4868
10 260 6194 16399 16402 16406 16413 16414 16416 16421 16423
10 153 729 2596 3244 5291 8475 8497 10639 12679 14237
10 47 412 3380 4148 6034 16435 16436 16438 16443 16445
10 148 390 1988 2355 3864 8489 11080 13786 16456 16458
10 59 221 977 1397 2718 6035 6061 15405 16469 16471
10 157 557 1407 1797 2767 3698 3812 4167 5053 6040
10 192 474 4782 7481 8516 12319 14040 16478 16483 16485
10 75 753 4795 10203 16493 16500 16501 16503 16508 16510
10 59 224 1082 1369 2250 3452 3907 4522 9515 11722
1 16519
10 61 251 323 327 459 894 899 1028 3452 9659
10 49 251 311 325 449 695 894 899 2074 2077
10 148 211 814 968 1385 3571 4021 4813 8258 10362
10 184 406 898 1349 1440 2227 2332 3064 6491 7596
10 59 283 455 517 673 899 900 963 4170 7137
10 6 167 300 419 490 683 691 697 1089 1366
10 45 79 977 995 1080 3250 3259 3865 8354 9105
10 83 368 2087 2101 3453 8856 9333 9352 15240 16534
10 49 151 526 542 892 1118 1234 1455 2009 2504
10 148 360 2262 3429 7248 13474 14334 15270 16544 16546
10 45 190 953 1153 2392 3993 4115 6281 14638 16553
10 59 181 430 492 536 1237 1663 2065 3665 5841
10 89 1147 6443 11250 16560 16567 16568 16570 16575 16577
10 49 149 296 310 360 891 894 950 2009 2506
10 6 167 372 453 492 675 953 1444 2337 3180
10 49 167 952 1089 1381 2262 2504 3465 5030 5711
10 59 223 1081 1506 1757 3671 4368 5421 8507 15796
10 192 2164 7691 9448 10559 16595 16596 16598 16603 16605
10 157 244 2822 2853 4112 9476 9589 10533 16612 16614
10 49 161 1949 4364 10370 16623 16624 16626 16631 16633
10 83 286 673 1023 1921 4936 5154 5863 11356 16641
10 59 219 973 1371 2837 7113 7250 10838 14733 15098
10 201 222 1391 1973 2256 3691 3721 4632 6098 7038
10 50 153 505 534 973 1189 1232 1349 2161 2588
10 224 371 680 1012 1191 1865 2420 2823 6131 10031
10 59 184 623 889 1391 3006 3242 4032 8799 12618
10 6 483 1103 1121 1397 4260 4522 5662 10399 12940
10 11 156 481 497 770 1852 2414 2939 5030 6995
10 203 492 1669 1859 2830 4781 5010 6278 8520 11018
10 47 166 1815 2810 3263 5768 9237 9943 12529 15545
10 49 168 1685 1968 2309 3949 3993 7468 15893 16679
10 66 223 1101 1334 1504 2221 2236 2429 3693 4042
10 384 2088 16688 16691 16695 16702 16703 16705 16710 16712
10 46 200 859 1113 2647 4620 4917 5825 11594 14431
10 50 599 3262 3407 5737 12920 13321 14862 16728 16730
10 368 1910 3504 4973 9955 16537 16737 16739 16744 16746
10 183 480 807 1090 1191 1865 2365 2718 5822 8157
10 148 255 1642 1755 1767 5620 6330 8510 16756 16758
10 91 228 700 957 1039 3107 3271 3347 5629 6392
10 193 418 2392 2448 3304 5330 5423 7831 16769 16771
8 148 1403 16781 16784 16788 16795 16796 16798
10 294 475 1506 2106 5200 7606 7649 10033 13637 15695
10 50 70 1818 1869 3244 13028 16809 16811 16816 16818
10 13 494 945 1123 1769 3068 3580 4008 9938 16826
10 49 251 400 721 946 1824 1839 2036 4063 4963
10 39 146 608 710 850 1097 1107 1122 1692 2522
10 83 296 1031 1429 1675 3184 3340 4176 13106 15101
10 66 202 1081 1230 1511 3363 4032 5317 11539 16839
10 53 167 435 493 612 963 1053 1109 3166 4134
10 82 406 3296 3668 4270 6628 7581 8077 15203 16847
10 6 215 1002 1240 1757 3438 3665 4708 6582 8899
10 59 282 325 462 485 1028 1035 1234 2211 3280
10 59 211 1082 1624 3058 7643 9245 13487 16861 16863
10 45 151 1152 2071 3449 4973 4978 6355 8854 8883
10 211 283 1096 1604 2427 3304 3533 3537 4178 6122
10 45 153 889 988 1194 2918 3181 3663 12533 14816
10 49 283 465 520 673 894 1028 1036 1466 2781
10 83 285 492 675 899 1604 1919 3061 4393 6257
10 53 426 3949 5307 7507 11739 12053 14418 16889 16891
10 61 282 346 406 522 883 898 1112 2431 3687
10 53 219 1088 1121 1971 2515 2591 4009 7025 9493
10 49 233 296 308 343 739 1089 1835 3453 6242
10 59 203 484 608 714 1368 1397 1630 2519 3678
10 6 221 943 1110 1360 2364 2575 2771 4023 4690
10 59 261 1937 2886 2901 6742 6755 8303 11359 13798
10 420 3008 8711 9561 11219 16915 16916 16918 16923 16925
10 146 412 1826 2152 2647 3919 4026 5224 12381 12412
10 49 151 294 304 372 674 691 708 1089 1105
10 50 167 1035 1145 1340 2086 2443 3043 5482 7372
10 82 1158 3491 7337 10228 16939 16940 16942 16947 16949
10 156 441 5719 6802 6816 8812 8815 12968 16956 16958
10 59 156 603 746 1112 1726 1727 1761 6611 7712
10 148 700 1349 1360 1799 2545 2767 2839 4081 4375
10 49 151 327 455 528 894 976 1089 1919 3109
10 57 221 683 883 1502 5310 5629 7042 16972 16974
10 59 471 2783 3447 3997 7509 8388 10042 11503 16981
10 59 166 800 1066 1696 3810 4030 4410 10212 13920
10 49 279 430 520 539 1097 1107 1477 4468 5665
10 7 492 919 944 1330 1913 1918 2047 2939 4087
10 146 374 937 948 1355 2327 2328 2644 2824 5329
10 7 167 872 1404 2328 3583 3593 3633 6678 9767
10 49 283 695 781 894 3167 3173 3829 7239 8925
10 63 6125 17001 17004 17008 17015 17016 17018 17023 17025
10 261 1596 2237 2696 3195 6742 6756 13640 17034 17036
10 53 430 1700 1979 2808 3998 4491 9439 15128 17043
10 35 189 850 1088 1869 2609 3037 3183 3620 3705
10 50 520 2588 3037 4600 13635 14604 16719 17054 17056
10 53 197 865 911 1094 1795 3166 3256 5290 6078
10 65 327 1035 1368 2656 4144 4153 5573 9923 14624
10 50 469 2217 5482 9667 17071 17072 17074 17079 17081
10 59 216 727 859 1391 2250 2429 3421 4285 8392
10 59 189 419 480 673 1232 1380 2820 3687 4722
10 6 167 946 1107 1209 2045 2364 3177 4963 8030
10 61 322 2016 2221 2907 9659 10144 17093 17098 17100
10 160 511 845 921 969 1333 1518 1663 3203 3646
10 58 758 2647 3487 5078 8098 11264 12485 17111 17113
10 6 167 511 749 1461 3751 4142 4963 6311 10145
10 75 1402 15323 17124 17128 17135 17136 17138 17143 17145
10 58 763 2675 3917 9439 17153 17154 17156 17161 17163
10 148 406 1230 1401 2458 7263 8889 8895 11529 13083
10 6 201 700 848 915 1367 1391 1493 1961 2119
10 148 190 593 683 894 1400 1415 1624 2581 2612
10 6 180 418 433 703 1461 1528 1759 2795 3346
10 57 214 1072 1510 1815 3037 3084 3805 6219 17175
10 59 197 527 953 1081 1738 1763 1786 3794 4888
10 45 90 865 983 992 1872 1877 2511 3227 3427
10 35 192 934 1217 1403 2774 2816 2946 3706 5973
10 52 1772 12378 15508 17191 17198 17199 17201 17206 17208
10 50 292 1387 1396 3180 4506 4507 5370 9532 17215
10 49 285 320 346 459 673 675 788 1442 1449
10 59 536 1843 3107 4393 8391 8514 8954 12478 15837
10 6 201 480 533 683 1089 1381 1503 1975 2113
10 49 284 322 346 458 674 675 685 1023 1442
10 83 289 963 1461 1895 2963 2967 3783 5098 6338
10 59 286 537 675 788 1571 1600 1681 9016 17232
10 59 184 437 710 1142 4351 5096 5765 8458 9269
10 45 153 1064 2168 4496 17245 17246 17248 17253 17255
10 49 287 542 1025 1461 4663 4922 5561 17263 17265
10 52 597 2131 2652 2671 4755 5035 8021 12057 16890
10 31 177 797 973 1122 2515 2581 3166 8699 9949
10 58 156 1781 2297 4148 10913 11340 12262 16959 17285
10 6 167 322 460 698 2068 2079 2526 4171 4816
10 47 61 430 616 849 1600 1623 2119 2612 3222
10 49 222 492 532 684 976 1237 1623 3180 4704
10 61 184 426 480 854 1415 1501 1746 2795 3363
10 90 854 8121 9312 12152 17294 17295 17297 17302 17304
10 46 593 3700 3844 6855 14785 16121 17311 17316 17318
10 61 184 296 304 326 529 537 891 1443 1604
10 50 224 424 460 522 697 698 748 1381 1391
10 59 165 691 876 1089 3423 3429 3672 5665 7127
10 49 184 526 616 676 1096 1366 1461 3367 5801
10 61 203 963 1083 1177 1857 2819 3064 4646 5191
10 59 497 957 1330 1651 2337 2774 3031 4093 4355
10 211 685 2255 2597 3566 4178 4343 6066 6628 11037
10 59 209 691 952 1624 4003 4069 5765 9590 17329
10 157 418 2562 3033 3764 6856 10150 13296 17337 17339
10 6 30 914 946 1100 1702 1705 2023 3207 5530
10 46 66 952 1083 1694 2696 3243 3376 8913 11583
10 63 1438 7200 8457 10127 17356 17357 17359 17364 17366
10 148 228 1942 2596 3243 6566 7468 10227 17374 17376
10 62 157 1883 2207 2841 4042 4047 5243 9948 12152
10 6 371 944 969 1330 2943 3388 4052 5337 6948
10 83 293 522 675 693 1028 1443 1449 2076 2523
10 8 66 992 1074 1903 4995 5547 8911 17392 17394
10 49 449 3270 4051 4707 9500 9817 11715 15606 17010
10 50 327 748 1096 1369 2718 3361 3429 3949 4112
10 49 177 519 716 1067 1604 1969 2809 4173 4471
10 6 282 343 452 460 698 898 1023 1446 1611
10 11 720 1349 2359 2946 6653 6892 7758 14188 17414
10 83 282 459 537 899 2781 3454 3520 6107 6551
10 59 205 1081 1237 1482 3061 3085 3567 6170 7108
10 82 222 542 684 821 1623 1845 2185 9867 14185
10 83 294 403 460 526 825 1033 1438 2092 3783
10 1 494 1703 2355 4071 9030 9401 9722 17431 17433
10 501 820 5674 7566 10362 17443 17444 17446 17451 17453
10 49 259 958 1415 2914 4170 6287 7819 9815 10385
10 91 228 674 889 1036 1663 2509 3054 6069 6171
10 6 223 718 807 1082 1663 1664 1848 3296 4225
10 61 251 459 529 783 2049 2375 2380 4099 5127
10 83 285 517 777 1189 3336 3452 3525 13106 17470
10 45 66 286 435 593 992 1043 1112 1504 1883
10 61 221 702 963 1672 3180 3185 3668 5315 6393
10 66 176 701 845 909 1237 1240 1360 1705 2331
10 64 220 1089 1623 2357 5324 5331 8501 15124 17481
10 39 294 686 784 1096 2412 2417 2960 4139 6171
10 47 75 1063 1367 1827 3252 4224 6012 16389 17492
10 198 225 973 1381 1600 3568 3988 4364 8448 10449
10 66 153 1064 1695 2507 11123 11214 13166 17505 17507
10 59 201 527 1039 1504 3180 3363 4368 8504 8997
1 17518
10 148 221 1182 1949 2801 4009 4887 6091 12528 17059
10 49 203 300 327 372 673 695 906 1370 1447
10 39 201 311 326 548 1630 1920 2766 4609 6161
10 227 701 2456 3733 8291 11355 12857 13265 17527 17529
10 50 1392 6484 7967 14075 15824 15825 17537 17542 17544
10 167 201 616 1039 1415 2264 2580 3086 3620 5307
10 90 712 1417 2328 2767 3433 3698 4167 6040 7937
10 83 338 2421 2436 3061 5526 5528 9167 16867 17555
10 1100 4862 17563 17566 17570 17577 17578 17580 17585 17587
10 82 167 527 746 1066 3089 3263 3663 4227 6414
10 50 153 410 428 608 1367 1385 1501 3438 3998
10 132 1930 5879 6908 13262 17597 17598 17600 17605 17607
10 2 828 4187 6132 8129 8324 8328 8332 13136 15609
