6 18 25 26 29 60 69
0
4 96 103 104 107
7 134 141 142 145 176 185 187
7 210 217 218 221 252 261 263
7 295 302 303 306 337 346 348
7 381 388 389 392 423 432 434
9 456 463 464 467 498 507 509 524 526
5 548 555 556 559 590
5 611 618 619 622 653
7 675 682 683 686 717 726 728
1 752
7 776 783 784 787 818 827 829
5 857 864 865 868 899
7 923 930 931 934 965 974 976
4 1004 1011 1012 1015
4 1047 1054 1055 1058
5 1104 1111 1112 1115 1146
4 1168 1175 1176 1179
0
6 1219 1226 1227 1230 1261 1270
7 1290 1297 1298 1301 1332 1341 1343
9 1364 1371 1372 1375 1406 1415 1417 1432 1434
5 1454 1461 1462 1465 1496
7 1518 1525 1526 1529 1560 1569 1571
5 1602 1609 1610 1613 1644
9 1666 1673 1674 1677 1708 1717 1719 1734 1736
5 1756 1763 1764 1767 1798
4 1821 1828 1829 1832
7 1877 1884 1885 1888 1919 1928 1930
4 1954 1961 1962 1965
7 2012 2019 2020 2023 2054 2063 2065
7 2087 2094 2095 2098 2129 2138 2140
4 2152 2159 2160 2163
5 2202 2209 2210 2213 2244
5 2264 2271 2272 2275 2306
5 2327 2334 2335 2338 2369
9 2395 2402 2403 2406 2437 2446 2448 2463 2465
7 2477 2484 2485 2488 2519 2528 2530
4 2553 2560 2561 2564
4 2605 2612 2613 2616
4 2652 2659 2660 2663
7 2690 2697 2698 2701 2732 2741 2743
0
5 2770 2777 2778 2781 2812
4 2833 2840 2841 2844
5 2889 2896 2897 2900 2931
5 2954 2961 2962 2965 2996
7 3020 3027 3028 3031 3062 3071 3073
9 3094 3101 3102 3105 3136 3145 3147 3162 3164
0
7 3199 3206 3207 3210 3241 3250 3252
4 3280 3287 3288 3291
7 3309 3316 3317 3320 3351 3360 3362
7 3382 3389 3390 3393 3424 3433 3435
5 3456 3463 3464 3467 3498
5 3523 3530 3531 3534 3565
5 3586 3593 3594 3597 3628
7 3647 3654 3655 3658 3689 3698 3700
8 3718 3725 3726 3729 3760 3769 3771 3786
7 3804 3811 3812 3815 3846 3855 3857
7 3874 3881 3882 3885 3916 3925 3927
5 3946 3953 3954 3957 3988
4 4008 4015 4016 4019
7 4042 4049 4050 4053 4084 4093 4095
7 4122 4129 4130 4133 4164 4173 4175
7 4195 4202 4203 4206 4237 4246 4248
9 4270 4277 4278 4281 4312 4321 4323 4338 4340
7 4356 4363 4364 4367 4398 4407 4409
5 4431 4438 4439 4442 4473
7 4493 4500 4501 4504 4535 4544 4546
7 4569 4576 4577 4580 4611 4620 4622
8 4637 4644 4645 4648 4679 4688 4690 4705
4 4719 4726 4727 4730
7 4766 4773 4774 4777 4808 4817 4819
4 4847 4854 4855 4858
7 4888 4895 4896 4899 4930 4939 4941
4 4965 4979 4981 4985
7 5024 5031 5032 5035 5066 5075 5077
7 5101 5108 5109 5112 5143 5152 5154
7 5176 5183 5184 5187 5218 5227 5229
4 5249 5256 5257 5260
7 5297 5304 5305 5308 5339 5348 5350
7 5378 5385 5386 5389 5420 5429 5431
7 5447 5454 5455 5458 5489 5498 5500
4 5520 5527 5528 5531
7 5568 5575 5576 5579 5610 5619 5621
7 5644 5651 5652 5655 5686 5695 5697
7 5721 5728 5729 5732 5763 5772 5774
7 5792 5799 5800 5803 5834 5843 5845
5 5868 5875 5876 5879 5910
7 5922 5929 5930 5933 5964 5973 5975
4 6004 6011 6012 6015
7 6049 6056 6057 6060 6091 6100 6102
5 6128 6135 6136 6139 6170
5 6193 6200 6201 6204 6237
7 6257 6264 6265 6268 6299 6308 6310
9 6325 6332 6333 6336 6367 6376 6378 6393 6395
7 6407 6414 6415 6418 6449 6458 6460
4 6483 6490 6491 6494
7 6509 6516 6517 6520 6551 6560 6562
2 6588 6595
1 6613
7 6636 6643 6644 6647 6678 6687 6689
5 6713 6720 6721 6724 6755
5 6775 6782 6783 6786 6817
4 6836 6843 6844 6847
4 6864 6871 6872 6875
7 6900 6907 6908 6911 6942 6951 6953
4 6979 6986 6987 6990
4 7026 7033 7034 7037
7 7057 7064 7065 7068 7099 7108 7110
4 7130 7137 7138 7141
5 7175 7182 7183 7186 7217
9 7225 7232 7233 7236 7267 7276 7278 7293 7295
4 7311 7318 7319 7322
7 7343 7350 7351 7354 7385 7394 7396
1 7424
7 7435 7442 7443 7446 7477 7486 7488
7 7503 7510 7511 7514 7545 7554 7556
7 7574 7581 7582 7585 7616 7625 7627
4 7648 7655 7656 7659
4 7701 7708 7709 7712
9 7723 7730 7731 7734 7765 7774 7776 7791 7793
9 7805 7812 7813 7816 7847 7856 7858 7873 7875
6 7891 7898 7899 7902 7933 7942
5 7956 7963 7964 7967 7998
7 8017 8024 8025 8028 8059 8068 8070
7 8083 8090 8091 8094 8125 8134 8136
5 8154 8161 8162 8165 8196
3 8223 8230 8231
4 8252 8259 8260 8263
5 8265 8272 8273 8276 8307
0
7 8340 8347 8348 8351 8382 8391 8393
7 6711 8412 8413 8416 8447 8456 8458
0
1 8503
0
7 8535 8542 8543 8546 8577 8586 8588
5 8601 8608 8609 8612 8643
7 8660 8667 8668 8671 8702 8711 8713
9 8720 8727 8728 8731 8762 8771 8773 8788 8790
9 8796 8803 8804 8807 8838 8847 8849 8864 8866
7 8881 8888 8889 8892 8923 8932 8934
5 8949 8956 8957 8960 8991
4 9015 9022 9023 9026
8 9053 9060 9061 9064 9095 9104 9106 9121
4 9134 9141 9142 9145
4 9186 9193 9194 9197
5 9227 9234 9235 9238 9269
7 9283 9290 9291 9294 9325 9334 9336
5 9356 9363 9364 9367 9398
4 9415 9422 9423 9426
7 9460 9467 9468 9471 9502 9511 9513
7 9530 9537 9538 9541 9572 9581 9583
4 9608 9615 9616 9619
7 9653 9660 9661 9664 9695 9704 9706
4 9723 9730 9731 9734
4 9773 9780 9781 9784
7 9809 9816 9817 9820 9851 9860 9862
1 9887
0
4 9917 9924 9925 9928
7 9956 9963 9964 9967 9998 10007 10009
8 10033 10040 10041 10044 10075 10084 10086 10101
8 10111 10118 10119 10122 10153 10162 10164 10179
7 10190 10197 10198 10201 10232 10241 10243
7 10273 10280 10281 10284 10315 10324 10326
5 10349 10356 10357 10360 10391
7 8914 10403 10404 10407 10438 10447 10449
9 10470 10477 10478 10481 10512 10521 10523 10538 10540
5 10551 10558 10559 10562 10593
4 10612 10619 10620 10623
7 10652 10659 10660 10663 10694 10703 10705
7 10715 10722 10723 10726 10757 10766 10768
4 10795 10802 10803 10806
5 10830 10837 10838 10841 10872
8 10882 10889 10890 10893 10924 10933 10935 10950
3 10969 10976 10977
7 10983 10990 10991 10994 11025 11034 11036
7 11052 11059 11060 11063 11094 11103 11105
4 11125 11132 11133 11136
7 11161 11168 11169 11172 11203 11212 11214
7 11225 11232 11233 11236 11267 11276 11278
7 11304 11311 11312 11315 11346 11355 11357
4 11360 11367 11368 11371
4 11418 11425 11426 11429
4 11452 11459 11460 11463
6 11499 11506 11507 11510 11541 11550
7 11559 11566 11567 11570 11601 11610 11612
5 11630 11637 11638 11641 11672
7 11688 11695 11696 11699 11730 11739 11741
7 11761 11768 11769 11772 11803 11812 11814
7 11829 11836 11837 11840 11871 11880 11882
7 10104 11897 11898 11901 11932 11941 11943
5 11971 11978 11979 11982 12013
4 12034 12041 12042 12045
7 12079 12086 12087 12090 12121 12130 12132
7 12158 12165 12166 12169 12200 12209 12211
7 12167 12177 12178 12181 12235 12244 12246
7 12254 12261 12262 12265 12296 12305 12307
7 11657 12324 12325 12328 12359 12368 12370
4 12390 12397 12398 12401
7 12427 12434 12435 12438 12469 12478 12480
8 7112 10290 12220 12485 12516 12525 12527 12542
7 5087 8304 8972 9989 12569 12578 12580
4 12606 12613 12614 12617
4 12637 12644 12645 12648
5 12689 12696 12697 12700 12731
5 12746 12753 12754 12757 12788
4 12804 12811 12812 12815
9 7264 9380 9937 11545 12859 12868 12870 12885 12887
5 12901 12908 12909 12912 12943
7 12960 12967 12968 12971 13002 13011 13013
7 13038 13045 13046 13049 13080 13089 13091
4 13106 13113 13114 13117
0
5 13166 13173 13174 13177 13208
4 13217 13224 13225 13228
7 13268 13275 13276 13279 13310 13319 13321
5 13339 13346 13347 13350 13381
7 10985 13392 13393 13396 13427 13436 13438
7 13446 13453 13454 13457 13488 13497 13499
4 13526 13533 13534 13537
7 13552 13559 13560 13563 13594 13603 13605
4 13624 13631 13632 13635
5 13650 13657 13658 13661 13692
7 13702 13709 13710 13713 13744 13753 13755
7 13768 13775 13776 13779 13810 13819 13821
7 7231 13825 13826 13829 13860 13869 13871
0
7 13881 13888 13889 13892 13923 13932 13934
5 13943 13950 13951 13954 13985
4 14007 14014 14015 14018
7 14037 14044 14045 14048 14079 14088 14090
7 14098 14105 14106 14109 14140 14149 14151
4 14178 14185 14186 14189
5 14226 14233 14234 14237 14268
5 14282 14289 14290 14293 14324
7 14338 14345 14346 14349 14380 14389 14391
4 14422 14429 14430 14433
0
7 14484 14491 14492 14495 14526 14535 14537
4 14564 14571 14572 14575
3 14619 14626 14627
5 14642 14649 14650 14653 14684
7 14694 14701 14702 14705 14736 14745 14747
7 14760 14767 14768 14771 14802 14811 14813
4 14831 14838 14839 14842
1 14867
7 13849 14873 14874 14877 14908 14917 14919
9 11080 14934 14935 14938 14969 14978 14980 14995 14997
7 15005 15012 15013 15016 15047 15056 15058
7 15077 15084 15085 15088 15119 15128 15130
7 15140 15147 15148 15151 15182 15191 15193
0
7 15215 15222 15223 15226 15257 15266 15268
7 8692 13648 15272 15275 15306 15315 15317
6 15328 15335 15336 15339 15370 15379
3 15393 15400 15401
7 13242 15405 15406 15409 15440 15449 15451
5 15461 15468 15469 15472 15503
7 15514 15521 15522 15525 15556 15565 15567
5 15578 15585 15586 15589 15620
4 15636 15643 15644 15647
4 15691 15698 15699 15702
4 15740 15747 15748 15751
5 15768 15775 15776 15779 15810
7 9379 15815 15816 15819 15850 15859 15861
5 15872 15879 15880 15883 15914
4 15928 15935 15936 15939
5 15972 15979 15980 15983 16014
5 16029 16036 16037 16040 16071
7 13879 16081 16082 16085 16116 16125 16127
4 16143 16150 16151 16154
9 16181 16188 16189 16192 16223 16232 16234 16249 16251
4 16266 16273 16274 16277
4 16304 16311 16312 16315
9 16333 16340 16341 16344 16375 16384 16386 16401 16403
6 16415 16422 16423 16426 16457 16466
4 16477 16484 16485 16488
8 16519 16526 16527 16530 16561 16570 16572 16587
7 16590 16597 16598 16601 16632 16641 16643
6 16659 16666 16667 16670 16701 16710
5 16722 16729 16730 16733 16764
7 16784 16791 16792 16795 16826 16835 16837
4 16857 16864 16865 16868
7 16909 16916 16917 16920 16951 16960 16962
5 16973 16980 16981 16984 17015
7 17034 17041 17042 17045 17076 17085 17087
7 17099 17106 17107 17110 17141 17150 17152
5 17170 17177 17178 17181 17212
4 17227 17234 17235 17238
7 17257 17264 17265 17268 17299 17308 17310
7 8002 17325 17326 17329 17360 17369 17371
7 12446 17379 17380 17383 17414 17423 17425
5 17437 17444 17445 17448 17479
7 17496 17503 17504 17507 17538 17547 17549
5 17567 17574 17575 17578 17609
9 17624 17631 17632 17635 17666 17675 17677 17692 17694
4 17709 17716 17717 17720
8 11237 17743 17744 17747 17778 17787 17789 17804
7 17809 17816 17817 17820 17851 17860 17862
8 8962 16179 16466 17871 17902 17911 17913 17928
4 17935 17942 17943 17946
0
5 17980 17987 17988 17991 18022
7 18029 18036 18037 18040 18071 18080 18082
6 18084 18091 18092 18095 18126 18135
7 18139 18146 18147 18150 18181 18190 18192
5 18218 18225 18226 18229 18260
7 18269 18276 18277 18280 18311 18320 18322
5 16252 18334 18335 18338 18369
5 18392 18399 18400 18403 18434
4 18452 18459 18460 18463
5 11905 18467 18468 18471 18502
4 18512 18519 18520 18523
5 18556 18563 18564 18567 18598
7 18600 18607 18608 18611 18642 18651 18653
4 18668 18675 18676 18679
4 18713 18720 18721 18724
4 18757 18764 18765 18768
5 18796 18803 18804 18807 18838
5 18850 18857 18858 18861 18892
7 18903 18910 18911 18914 18945 18954 18956
7 18966 18973 18974 18977 19008 19017 19019
4 19030 19037 19038 19041
7 19068 19075 19076 19079 19110 19119 19121
4 19147 19154 19155 19158
7 19184 19191 19192 19195 19226 19235 19237
4 19257 19264 19265 19268
0
7 5182 11498 11499 11511 19332 19341 19343
4 19370 19377 19378 19381
7 19419 19426 19427 19430 19461 19470 19472
4 19494 19501 19502 19505
5 19523 19530 19531 19534 19565
5 19582 19589 19590 19593 19624
6 19631 19638 19639 19642 19673 19682
7 19693 19700 19701 19704 19735 19744 19746
7 19769 19776 19777 19780 19811 19820 19822
5 19836 19843 19844 19847 19878
4 19894 19901 19902 19905
7 19930 19937 19938 19941 19972 19981 19983
7 19988 19995 19996 19999 20030 20039 20041
7 20056 20063 20064 20067 20098 20107 20109
7 7365 16518 16520 20110 20141 20150 20152
7 13711 20166 20167 20170 20201 20210 20212
9 12486 17291 17292 17642 20249 20258 20260 20275 20277
6 20283 20290 20291 20294 20325 20334
7 20350 20357 20358 20361 20392 20401 20403
4 20423 20430 20431 20434
7 20469 20476 20477 20480 20511 20520 20522
5 20531 20538 20539 20542 20573
8 20587 20594 20595 20598 20629 20638 20640 20655
5 20664 20671 20672 20675 20706
4 20719 20726 20727 20730
5 20748 20755 20756 20759 20790
4 20800 20807 20808 20811
5 20853 20860 20861 20864 20895
7 20903 20910 20911 20914 20945 20954 20956
7 15839 20962 20963 20966 20997 21006 21008
7 16442 21024 21025 21028 21059 21068 21070
1 21095
9 21111 21118 21119 21122 21153 21162 21164 21179 21181
4 21193 21200 21201 21204
0
7 21237 21244 21245 21248 21279 21288 21290
7 21299 21306 21307 21310 21341 21350 21352
7 21358 21365 21366 21369 21400 21409 21411
4 21430 21437 21438 21441
5 21477 21484 21485 21488 21519
7 21534 21541 21542 21545 21576 21585 21587
5 17436 21598 21599 21602 21633
0
5 21665 21672 21673 21676 21707
7 21727 21734 21735 21738 21769 21778 21780
7 21799 21806 21807 21810 21841 21850 21852
4 21864 21871 21872 21875
9 21900 21907 21908 21911 21942 21951 21953 21968 21970
7 21980 21987 21988 21991 22022 22031 22033
7 22047 22054 22055 22058 22089 22098 22100
7 20167 22107 22108 22111 22142 22151 22153
7 22157 22164 22165 22168 22199 22208 22210
4 22230 22237 22238 22241
7 22279 22286 22287 22290 22321 22330 22332
7 22352 22359 22360 22363 22394 22403 22405
5 22412 22419 22420 22423 22454
5 22471 22478 22479 22482 22513
7 22522 22529 22530 22533 22564 22573 22575
7 12845 22588 22589 22592 22623 22632 22634
4 22650 22657 22658 22661
7 22682 22689 22690 22693 22724 22733 22735
4 22751 22758 22759 22762
7 22793 22800 22801 22804 22835 22844 22846
5 22865 22872 22873 22876 22907
4 22931 22938 22939 22942
5 22970 22977 22978 22981 23012
7 23027 23034 23035 23038 23069 23078 23080
5 23099 23106 23107 23110 23141
5 23154 23161 23162 23165 23196
4 23217 23224 23225 23228
7 23258 23265 23266 23269 23300 23309 23311
5 23321 23328 23329 23332 23363
6 23376 23383 23384 23387 23418 23427
4 23441 23448 23449 23452
4 23457 23464 23465 23468
7 23500 23507 23508 23511 23542 23551 23553
7 23572 23579 23580 23583 23614 23623 23625
7 23633 23640 23641 23644 23675 23684 23686
7 14304 20680 21359 23698 23729 23738 23740
7 21619 23757 23758 23761 23792 23801 23803
7 23819 23826 23827 23830 23861 23870 23872
7 20237 23883 23884 23887 23918 23927 23929
9 14623 15566 15568 17273 23958 23967 23969 23984 23986
7 17436 23990 23991 23994 24025 24034 24036
4 24061 24068 24069 24072
5 24102 24109 24110 24113 24144
7 12877 24146 24147 24150 24181 24190 24192
5 24215 24222 24223 24226 24257
4 24269 24276 24277 24280
4 24313 24320 24321 24324
7 24345 24352 24353 24356 24387 24396 24398
7 24413 24420 24421 24424 24455 24464 24466
7 12482 22127 23961 24480 24511 24520 24522
6 24539 24546 24547 24550 24581 24590
7 16175 22950 24592 24595 24626 24635 24637
9 7737 17411 18489 21435 24662 24671 24673 24688 24690
5 24696 24703 24704 24707 24738
7 24754 24761 24762 24765 24796 24805 24807
5 24816 24823 24824 24827 24858
4 24876 24883 24884 24887
0
7 20961 24909 24910 24913 24944 24953 24955
7 17963 24964 24965 24968 24999 25008 25010
5 25012 25019 25020 25023 25054
5 25069 25076 25077 25080 25111
5 25124 25131 25132 25135 25166
7 25183 25190 25191 25194 25225 25234 25236
7 25240 25247 25248 25251 25282 25291 25293
5 25301 25308 25309 25312 25343
5 25362 25369 25370 25373 25404
4 25421 25428 25429 25432
7 25464 25471 25472 25475 25506 25515 25517
7 16120 25529 25530 25533 25564 25573 25575
5 25600 25607 25608 25611 25642
6 25646 25653 25654 25657 25688 25697
7 25706 25713 25714 25717 25748 25757 25759
4 25775 25782 25783 25786
4 25825 25832 25833 25836
9 25856 25863 25864 25867 25898 25907 25909 25924 25926
7 25929 25936 25937 25940 25971 25980 25982
5 26005 26012 26013 26016 26047
7 26059 26066 26067 26070 26101 26110 26112
4 11805 26118 26119 26122
5 26135 26142 26143 26146 26177
7 25240 26187 26188 26191 26222 26231 26233
4 26254 26261 26262 26265
4 26292 26299 26300 26303
4 26337 26344 26345 26348
9 26354 26361 26362 26365 26396 26405 26407 26422 26424
5 12420 26427 26428 26431 26462
7 26479 26486 26487 26490 26521 26530 26532
7 26539 26546 26547 26550 26581 26590 26592
5 26600 26607 26608 26611 26642
4 26652 26659 26660 26663
7 10026 13369 14623 19849 26700 26709 26711
5 26447 26727 26728 26731 26762
4 26770 26777 26778 26781
5 26827 26834 26835 26838 26869
1 26888
4 26907 26914 26915 26918
5 26952 26959 26960 26963 26994
0
4 27019 27026 27027 27030
4 27071 27078 27079 27082
7 20234 24231 27084 27087 27118 27127 27129
4 27156 27163 27164 27167
7 27204 27211 27212 27215 27246 27255 27257
7 27268 27275 27276 27279 27310 27319 27321
5 27336 27343 27344 27347 27378
0
4 27417 27424 27425 27428
4 27458 27465 27466 27469
4 16326 27489 27490 27493
4 27535 27542 27543 27546
5 27571 27578 27579 27582 27613
4 27633 27640 27641 27644
4 27680 27687 27688 27691
5 23908 27699 27700 27703 27734
4 27742 27749 27750 27753
0
0
4 27799 27806 27807 27810
0
4 27853 27860 27861 27864
4 27912 27919 27920 27923
0
5 27949 27956 27957 27960 27991
4 26445 28001 28002 28005
0
7 28048 28055 28056 28059 28090 28099 28101
4 28122 28129 28130 28133
1 28163
4 28183 28190 28191 28194
0
7 28240 28247 28248 28251 28282 28291 28293
1 28319
5 28328 28335 28336 28339 28370
7 28380 28387 28388 28391 28422 28431 28433
6 28446 28453 28454 28457 28488 28497
4 28509 28516 28517 28520
4 26469 28533 28534 28537
0
4 28574 28581 28582 28585
1 28633
4 28646 28653 28654 28657
5 28694 28701 28702 28705 28736
7 28742 28749 28750 28753 28784 28793 28795
3 28815 28822 28823
7 28843 28850 28851 28854 28885 28894 28896
0
0
8 28934 28941 28942 28945 28976 28985 28987 29002
7 29020 29027 29028 29031 29062 29071 29073
4 29102 29109 29110 29113
0
0
7 29149 29156 29157 29160 29191 29200 29202
4 29216 29223 29224 29227
4 29266 29273 29274 29277
7 15815 21524 23710 29296 29327 29336 29338
1 29355
0
0
4 29377 29384 29385 29388
6 29417 29424 29425 29428 29459 29468
5 29478 29485 29486 29489 29520
5 29537 29544 29545 29548 29579
7 29591 29598 29599 29602 29633 29642 29644
0
4 29679 29686 29687 29690
7 15190 29722 29723 29726 29757 29766 29768
0
7 24626 29790 29791 29794 29825 29834 29836
4 29865 29872 29873 29876
7 29890 29897 29898 29901 29932 29941 29943
7 29952 29959 29960 29963 29994 30003 30005
6 30023 30030 30031 30034 30065 30074
5 30086 30093 30094 30097 30128
4 30144 30151 30152 30155
5 30180 30187 30188 30191 30222
8 30233 30240 30241 30244 30275 30284 30286 30301
4 30310 30317 30318 30321
7 30359 30366 30367 30370 30401 30410 30412
4 30434 30441 30442 30445
5 30480 30487 30488 30491 30522
4 30542 30549 30550 30553
1 30596
7 30606 30613 30614 30617 30648 30657 30659
8 30666 30673 30674 30677 30708 30717 30719 30734
9 14228 15193 15194 15197 30751 30760 30762 30777 30779
4 30800 30807 30808 30811
0
0
0
4 30872 30879 30880 30883
4 30903 30910 30911 30914
0
7 30947 30954 30955 30958 30989 30998 31000
7 31016 31023 31024 31027 31058 31067 31069
5 31078 31085 31086 31089 31120
7 31136 31143 31144 31147 31178 31187 31189
7 31199 31206 31207 31210 31241 31250 31252
3 31275 31282 31283
4 31298 31305 31306 31309
5 31350 31357 31358 31361 31392
4 31409 31416 31417 31420
4 31448 31455 31456 31459
6 29676 31492 31493 31496 31527 31536
4 31549 31556 31557 31560
5 31589 31596 31597 31600 31631
5 31645 31652 31653 31656 31687
4 31710 31717 31718 31721
4 31750 31757 31758 31761
5 31776 31783 31784 31787 31818
4 31836 31843 31844 31847
7 31869 31876 31877 31880 31911 31920 31922
5 31947 31954 31955 31958 31989
5 32004 32011 32012 32015 32046
7 32067 32074 32075 32078 32109 32118 32120
4 32150 32157 32158 32161
7 32185 32192 32193 32196 32227 32236 32238
7 32242 32249 32250 32253 32284 32293 32295
4 32317 32324 32325 32328
5 32357 32364 32365 32368 32399
4 32411 32418 32419 32422
7 32464 32471 32472 32475 32506 32515 32517
7 28899 32531 32532 32535 32566 32575 32577
4 32595 32602 32603 32606
4 32649 32656 32657 32660
4 32700 32707 32708 32711
4 32734 32741 32742 32745
4 32774 32781 32782 32785
5 32795 32802 32803 32806 32837
0
4 32863 32870 32871 32874
0
4 32914 32921 32922 32925
0
7 32946 32953 32954 32957 32988 32997 32999
5 33023 33030 33031 33034 33065
4 33078 33085 33086 33089
4 33134 33141 33142 33145
7 33165 33172 33173 33176 33207 33216 33218
5 33235 33242 33243 33246 33277
4 33298 33305 33306 33309
0
5 33341 33348 33349 33352 33383
4 33404 33411 33412 33415
5 33422 33429 33430 33433 33464
7 19488 30622 30660 33471 33502 33511 33513
4 33525 33532 33533 33536
7 33575 33582 33583 33586 33617 33626 33628
4 33642 33649 33650 33653
8 33660 33667 33668 33671 33702 33711 33713 33728
5 33735 33742 33743 33746 33777
7 33786 33793 33794 33797 33828 33837 33839
4 33863 33870 33871 33874
0
5 33912 33919 33920 33923 33954
5 33972 33979 33980 33983 34014
4 34038 34045 34046 34049
4 34076 34083 34084 34087
5 34099 34106 34107 34110 34141
0
4 34155 34162 34163 34166
0
7 34204 34211 34212 34215 34246 34255 34257
4 34281 34288 34289 34292
4 34325 34332 34333 34336
4 34378 34385 34386 34389
7 34426 34433 34434 34437 34468 34477 34479
4 34490 34497 34498 34501
0
7 34537 34544 34545 34548 34579 34588 34590
4 34605 34612 34613 34616
4 34648 34655 34656 34659
3 34695 34702 34703
9 33835 34710 34711 34714 34745 34754 34756 34771 34773
6 15087 24846 26041 34775 34806 34815
9 34822 34829 34830 34833 34864 34873 34875 34890 34892
5 34894 34901 34902 34905 34936
4 34960 34967 34968 34971
1 34992
7 35005 35012 35013 35016 35047 35056 35058
0
4 35074 35081 35082 35085
7 35114 35121 35122 35125 35156 35165 35167
7 35186 35193 35194 35197 35228 35237 35239
4 35260 35267 35268 35271
0
5 35293 35300 35301 35304 35335
4 35354 35361 35362 35365
3 35386 35393 35394
7 35412 35419 35420 35423 35454 35463 35465
0
0
7 16185 35471 35472 35475 35506 35515 35517
4 35532 35539 35540 35543
4 35570 35577 35578 35581
4 35622 35629 35630 35633
3 35668 35675 35676
8 35688 35695 35696 35699 35730 35739 35741 35756
4 35774 35781 35782 35785
4 35810 35817 35818 35821
5 35843 35850 35851 35854 35885
8 35890 35897 35898 35901 35932 35941 35943 35958
5 35972 35979 35980 35983 36014
8 36031 36038 36039 36042 36073 36082 36084 36099
0
4 36121 36128 36129 36132
0
4 36153 36160 36161 36164
4 36194 36201 36202 36205
4 36253 36260 36261 36264
7 28179 36281 36282 36285 36316 36325 36327
9 36331 36338 36339 36342 36373 36382 36384 36399 36401
7 30411 36405 36406 36409 36440 36449 36451
4 36473 36480 36481 36484
5 36517 36524 36525 36528 36559
0
5 36583 36590 36591 36594 36625
4 36644 36651 36652 36655
1 36686
4 36699 36706 36707 36710
0
5 33493 36739 36740 36743 36774
0
0
5 36798 36805 36806 36809 36840
7 36857 36864 36865 36868 36899 36908 36910
5 22871 36922 36923 36926 36957
5 36974 36981 36982 36985 37016
4 37031 37038 37039 37042
4 37053 37060 37061 37064
0
0
0
5 37083 37090 37091 37094 37125
7 37146 37153 37154 37157 37188 37197 37199
4 37218 37225 37226 37229
0
4 37277 37284 37285 37288
5 37325 37332 37333 37336 37367
9 37387 37394 37395 37398 37429 37438 37440 37455 37457
3 37464 37471 37472
1 37490
0
4 37509 37516 37517 37520
0
4 37576 37583 37584 37587
4 37628 37635 37636 37639
5 37669 37676 37677 37680 37711
0
7 24976 37736 37737 37740 37771 37780 37782
4 37796 37803 37804 37807
4 37849 37856 37857 37860
9 37888 37895 37896 37899 37930 37939 37941 37956 37958
9 37961 37968 37969 37972 38003 38012 38014 38029 38031
4 38048 38055 38056 38059
0
7 38090 38097 38098 38101 38132 38141 38143
7 38158 38165 38166 38169 38200 38209 38211
5 38230 38237 38238 38241 38272
0
0
7 38291 38298 38299 38302 38333 38342 38344
7 38358 38365 38366 38369 38400 38409 38411
5 38426 38433 38434 38437 38468
7 38483 38490 38491 38494 38525 38534 38536
0
7 38560 38567 38568 38571 38602 38611 38613
4 38628 38635 38636 38639
0
7 38679 38686 38687 38690 38721 38730 38732
7 27773 38734 38735 38738 38769 38778 38780
5 38801 38808 38809 38812 38843
7 38865 38872 38873 38876 38907 38916 38918
4 38933 38940 38941 38944
4 38978 38985 38986 38989
6 39008 39015 39016 39019 39050 39059
7 39071 39078 39079 39082 39113 39122 39124
9 14201 20270 20276 23952 39154 39163 39165 39180 39182
1 39198
0
0
7 39211 39218 39219 39222 39253 39262 39264
5 39272 39279 39280 39283 39314
4 39333 39340 39341 39344
4 39379 39386 39387 39390
7 33503 39424 39425 39428 39459 39468 39470
1 39487
4 39495 39502 39503 39506
5 39518 39525 39526 39529 39560
7 39575 39582 39583 39586 39617 39626 39628
5 39642 39649 39650 39653 39684
5 39700 39707 39708 39711 39742
6 39755 39762 39763 39766 39797 39806
5 39808 39815 39816 39819 39850
7 27269 39854 39855 39858 39889 39898 39900
4 39928 39935 39936 39939
4 39968 39976 39977 39980
2 40012 40019
7 40022 40029 40030 40033 40064 40073 40075
7 21613 30097 40079 40082 40113 40122 40124
0
5 40160 40167 40168 40171 40202
4 40215 40222 40223 40226
6 40259 40266 40267 40270 40301 40310
5 40323 40330 40331 40334 40365
1 40384
0
7 17963 23736 24967 24989 40423 40432 40434
4 40453 40460 40461 40464
4 40505 40512 40513 40516
7 40558 40565 40566 40569 40600 40609 40611
5 40642 40649 40650 40653 40684
0
4 40707 40714 40715 40718
0
5 40758 40765 40766 40769 40800
0
9 40820 40827 40828 40831 40862 40871 40873 40888 40890
0
1 40918
4 40942 40949 40950 40953
4 40990 40997 40998 41001
0
4 41035 41042 41043 41046
4 41075 41082 41083 41086
4 41124 41131 41132 41135
0
5 41154 41161 41162 41165 41196
1 41204
4 41228 41235 41236 41239
7 10678 30248 31127 41258 41289 41298 41300
7 21661 41313 41314 41317 41348 41357 41359
5 25463 41367 41368 41371 41402
5 41414 41421 41422 41425 41456
5 41469 41476 41477 41480 41511
4 41531 41538 41539 41542
7 25246 41547 41548 41551 41582 41591 41593
7 41602 41609 41610 41613 41644 41653 41655
5 41674 41681 41682 41685 41716
5 19252 28672 29296 32793 41746
0
7 41780 41787 41788 41791 41822 41831 41833
5 41856 41863 41864 41867 41898
9 28899 41904 41905 41908 41939 41948 41950 41965 41967
7 41975 41982 41983 41986 42017 42026 42028
0
7 42047 42054 42055 42058 42089 42098 42100
9 42112 42119 42120 42123 42154 42163 42165 42180 42182
5 42184 42191 42192 42195 42226
5 42250 42257 42258 42261 42292
0
8 14537 31612 31828 42183 42329 42338 42340 42355
5 30620 42359 42360 42363 42394
4 42414 42421 42422 42425
4 42450 42457 42458 42461
4 42501 42508 42509 42512
8 42537 42544 42545 42548 42579 42588 42590 42605
5 42611 42618 42619 42622 42653
5 42667 42674 42675 42678 42709
5 42716 42723 42724 42727 42758
0
7 42777 42784 42785 42788 42819 42828 42830
5 42850 42857 42858 42861 42892
4 42910 42917 42918 42921
0
4 42935 42942 42943 42946
5 42986 42993 42994 42997 43028
7 43041 43048 43049 43052 43083 43092 43094
7 26127 43098 43099 43102 43133 43142 43144
4 43162 43169 43170 43173
5 43188 43195 43196 43199 43230
7 40693 43237 43238 43241 43272 43281 43283
4 43306 43313 43314 43317
5 43327 43334 43335 43338 43369
3 43395 43402 43403
7 43409 43416 43417 43420 43451 43460 43462
4 43487 43494 43495 43498
4 43518 43525 43526 43529
0
0
0
7 43572 43579 43580 43583 43614 43623 43625
6 43636 43643 43644 43647 43678 43687
0
4 38165 43708 43709 43712
4 43745 43752 43753 43756
5 13672 43762 43763 43766 43797
6 43817 43824 43825 43828 43859 43868
4 43884 43891 43892 43895
0
7 43924 43931 43932 43935 43966 43975 43977
7 20069 41312 41313 43981 44012 44021 44023
7 44036 44043 44044 44047 44078 44087 44089
0
4 44108 44115 44116 44119
4 44146 44153 44154 44157
5 44179 44186 44187 44190 44221
7 44229 44236 44237 44240 44271 44280 44282
1 44302
4 44320 44327 44328 44331
0
6 44366 44373 44374 44377 44408 44417
6 44430 44437 44438 44441 44472 44481
5 44496 44503 44504 44507 44538
0
4 44554 44561 44562 44565
4 44605 44612 44613 44616
4 44644 44651 44652 44655
4 44687 44694 44695 44698
4 44737 44744 44745 44748
5 44761 44768 44769 44772 44803
0
0
0
4 44838 44845 44846 44849
4 44881 44888 44889 44892
7 44916 44923 44924 44927 44958 44967 44969
0
9 14228 23499 25394 28116 45027 45036 45038 45053 45055
4 45061 45068 45069 45072
4 45104 45111 45112 45115
5 45145 45152 45153 45156 45187
6 45192 45199 45200 45203 45234 45243
5 45245 45252 45253 45256 45287
1 45302
5 45323 45330 45331 45334 45365
7 38020 45373 45374 45377 45408 45417 45419
5 45432 45439 45440 45443 45474
7 45485 45492 45493 45496 45527 45536 45538
7 21222 24247 26777 39841 45575 45584 45586
4 45612 45619 45620 45623
7 44315 45638 45639 45642 45673 45682 45684
3 45710 45717 45718
5 25186 45724 45725 45728 45759
0
5 45783 45790 45791 45794 45825
7 45846 45853 45854 45857 45888 45897 45899
6 45909 45916 45917 45920 45951 45960
4 45979 45986 45987 45990
6 37966 45997 45998 46001 46032 46041
5 46052 46059 46060 46063 46094
7 36715 46099 46100 46103 46134 46143 46145
9 46161 46168 46169 46172 46203 46212 46214 46229 46231
1 46248
5 46265 46272 46273 46276 46307
7 46330 46337 46338 46341 46372 46381 46383
4 46395 46402 46403 46406
7 31604 46437 46438 46441 46472 46481 46483
7 46507 46514 46515 46518 46549 46558 46560
5 46568 46575 46576 46579 46610
4 46620 46627 46628 46631
5 40440 46654 46655 46658 46689
7 46703 46710 46711 46714 46745 46754 46756
7 19541 26777 27124 39817 46790 46799 46801
0
4 46834 46841 46842 46845
4 46875 46882 46883 46886
7 46901 46908 46909 46912 46943 46952 46954
5 34935 46967 46968 46971 47002
4 47015 47022 47023 47026
7 47062 47069 47070 47073 47104 47113 47115
5 47126 47133 47134 47137 47168
0
7 47183 47190 47191 47194 47225 47234 47236
6 47251 47258 47259 47262 47293 47302
0
7 47324 47331 47332 47335 47366 47375 47377
0
8 47394 47401 47402 47405 47436 47445 47447 47462
4 47471 47478 47479 47482
5 47511 47518 47519 47522 47553
0
1 47571
0
7 47592 47599 47600 47603 47634 47643 47645
4 47657 47664 47665 47668
0
4 47718 47725 47726 47729
4 47744 47751 47752 47755
7 12241 38760 46801 47781 47812 47821 47823
4 47844 47851 47852 47855
7 47872 47879 47880 47883 47914 47923 47925
4 47939 47946 47947 47950
5 47993 48000 48001 48004 48035
4 48044 48051 48052 48055
1 48093
9 11863 20493 21831 24730 48127 48136 48138 48153 48155
7 48171 48178 48179 48182 48213 48222 48224
5 48243 48250 48251 48254 48285
5 48298 48305 48306 48309 48340
0
7 48360 48367 48368 48371 48402 48411 48413
7 48429 48436 48437 48440 48471 48480 48482
0
7 48496 48503 48504 48507 48538 48547 48549
7 48568 48575 48576 48579 48610 48619 48621
5 48642 48649 48650 48653 48684
5 48701 48708 48709 48712 48743
7 32101 48752 48753 48756 48787 48796 48798
4 48826 48833 48834 48837
7 25578 41071 45022 48844 48875 48884 48886
7 48897 48904 48905 48908 48939 48948 48950
4 48977 48984 48985 48988
7 10506 30287 49009 49012 49043 49052 49054
1 49077
6 49082 49089 49090 49093 49124 49133
5 49141 49148 49149 49152 49183
7 22590 49194 49195 49198 49229 49238 49240
7 49263 49270 49271 49274 49305 49314 49316
7 49331 49338 49339 49342 49373 49382 49384
5 49388 49395 49396 49399 49430
6 49450 49457 49458 49461 49492 49501
0
5 19809 49508 49509 49512 49543
4 49558 49565 49566 49569
4 49593 49600 49601 49604
4 49650 49657 49658 49661
0
7 49687 49694 49695 49698 49729 49738 49740
4 49756 49763 49764 49767
0
5 49821 49828 49829 49832 49863
4 49885 49892 49893 49896
8 9866 20820 24757 46140 49930 49939 49941 49956
7 21802 49957 49958 49961 49992 50001 50003
7 50020 50027 50028 50031 50062 50071 50073
5 50088 50095 50096 50099 50130
0
4 50166 50173 50174 50177
7 50190 50197 50198 50201 50232 50241 50243
3 50261 50268 50269
4 50285 50292 50293 50296
4 50299 50306 50307 50310
9 37928 50346 50347 50350 50381 50390 50392 50407 50409
4 35327 50418 50419 50422
0
4 50468 50475 50476 50479
4 50503 50510 50511 50514
7 50533 50540 50541 50544 50575 50584 50586
7 50602 50609 50610 50613 50644 50653 50655
0
4 50673 50680 50681 50684
5 50726 50733 50734 50737 50768
4 50789 50796 50797 50800
0
0
0
7 50835 50842 50843 50846 50877 50886 50888
3 50905 50912 50913
7 41348 50920 50921 50924 50955 50964 50966
2 50984 50991
6 50999 51006 51007 51010 51041 51050
5 51061 51068 51069 51072 51103
7 23353 30748 34757 38780 51133 51142 51144
0
4 51176 51183 51184 51187
7 51211 51218 51219 51222 51253 51262 51264
4 51277 51284 51285 51288
5 50902 51301 51302 51305 51336
4 51347 51354 51355 51358
5 42926 51367 51368 51371 51402
4 51420 51427 51428 51431
5 51439 51446 51447 51450 51481
9 51503 51510 51511 51514 51545 51554 51556 51571 51573
4 51590 51597 51598 51601
5 51617 51624 51625 51628 51659
4 51675 51682 51683 51686
0
6 51724 51731 51732 51735 51766 51775
0
7 29746 51780 51781 51784 51815 51824 51826
7 42208 51833 51834 51837 51868 51877 51879
4 51903 51910 51911 51914
5 51952 51959 51960 51963 51994
0
4 52013 52020 52021 52024
4 52051 52058 52059 52062
0
4 52107 52114 52115 52118
4 52147 52154 52155 52158
0
7 8426 14818 15482 16087 52187 52196 52198
5 52214 52221 52222 52225 52256
5 44200 51293 51294 52260 52291
7 24460 41251 45235 52299 52330 52339 52341
4 52352 52359 52360 52363
1 52398
5 52410 52417 52418 52421 52452
5 52470 52477 52478 52481 52512
0
5 52520 52527 52528 52531 52562
0
4 52586 52593 52594 52597
9 18473 23580 28515 45658 52633 52642 52644 52659 52661
4 52666 52673 52674 52677
6 26465 52707 52708 52711 52742 52751
7 52768 52775 52776 52779 52810 52819 52821
7 26105 50320 52824 52827 52858 52867 52869
7 52887 52894 52895 52898 52929 52938 52940
5 52955 52962 52963 52966 52997
7 21803 52103 52635 53004 53035 53044 53046
4 53073 53080 53081 53084
7 13668 20344 21234 30928 53124 53133 53135
4 53154 53161 53162 53165
5 53195 53202 53203 53206 53237
1 53256
4 53274 53281 53282 53285
4 53297 53304 53305 53308
4 53340 53347 53348 53351
7 48278 53372 53373 53376 53407 53416 53418
4 53430 53437 53438 53441
7 24525 40468 53456 53459 53490 53499 53501
7 53507 53514 53515 53518 53549 53558 53560
0
5 53596 53603 53604 53607 53638
4 53652 53659 53660 53663
4 53696 53703 53704 53707
0
4 45568 53730 53731 53734
0
8 53765 53772 53773 53776 53807 53816 53818 53833
8 21360 49717 53035 53836 53867 53876 53878 53893
0
4 53924 53931 53932 53935
7 53959 53966 53967 53970 54001 54010 54012
7 54027 54034 54035 54038 54069 54078 54080
4 54103 54110 54111 54114
0
7 54122 54129 54130 54133 54164 54173 54175
1 54196
5 54209 54216 54217 54220 54251
6 34045 50316 50336 51692 54287 54296
7 54309 54316 54317 54320 54351 54360 54362
0
7 31822 50589 54372 54375 54406 54415 54417
7 25578 49339 49340 54428 54459 54468 54470
5 54490 54497 54498 54501 54532
6 54541 54548 54549 54552 54583 54592
4 54608 54615 54616 54619
4 54651 54658 54659 54662
5 54695 54702 54703 54706 54737
7 54744 54751 54752 54755 54786 54795 54797
9 54811 54818 54819 54822 54853 54862 54864 54879 54881
0
4 54899 54906 54907 54910
9 54936 54943 54944 54947 54978 54987 54989 55004 55006
4 55021 55028 55029 55032
0
7 13396 21493 21523 22227 55094 55103 55105
5 55132 55139 55140 55143 55174
4 55196 55203 55204 55207
7 11928 15392 15425 15977 55229 55238 55240
5 55266 55273 55274 55277 55308
4 55324 55331 55332 55335
7 26192 51121 52675 55351 55382 55391 55393
0
1 55416
5 55426 55433 55434 55437 55468
7 55482 55489 55490 55493 55524 55533 55535
4 43801 55542 55543 55546
4 55572 55579 55580 55583
7 55613 55620 55621 55624 55655 55664 55666
4 55678 55685 55686 55689
8 6450 12881 13439 16099 55725 55734 55736 55751
0
7 55760 55767 55768 55771 55802 55811 55813
4 55820 55827 55828 55831
3 55872 55879 55880
0
7 55892 55899 55900 55903 55934 55943 55945
5 55954 55961 55962 55965 55996
0
5 56015 56022 56023 56026 56057
5 56075 56082 56083 56086 56117
7 12806 49088 51799 56123 56154 56163 56165
7 52971 56182 56183 56186 56217 56226 56228
3 56243 56250 56251
0
4 56268 56275 56276 56279
7 25426 56293 56294 56297 56328 56337 56339
7 56351 56358 56359 56362 56393 56402 56404
0
7 5705 23811 37950 52299 56442 56451 56453
1 56461
7 56481 56488 56489 56492 56523 56532 56534
5 56548 56555 56556 56559 56590
6 56604 56611 56612 56615 56646 56655
4 56665 56672 56673 56676
7 56688 56695 56696 56699 56730 56739 56741
7 56746 56753 56754 56757 56788 56797 56799
4 56824 56831 56832 56835
5 46500 51337 52521 52564 56887
5 56892 56899 56900 56903 56934
1 56943
1 56953
0
0
4 56991 56998 56999 57002
5 51303 57038 57039 57042 57073
4 57090 57097 57098 57101
4 57116 57123 57124 57127
5 57157 57164 57165 57168 57199
1 57215
7 57218 57225 57226 57229 57260 57269 57271
8 14387 28876 33492 40638 57299 57308 57310 57325
4 55348 57333 57334 57337
9 46741 57361 57362 57365 57396 57405 57407 57422 57424
4 57433 57440 57441 57444
4 57482 57489 57490 57493
4 57518 57525 57526 57529
7 57560 57567 57568 57571 57602 57611 57613
7 57634 57641 57642 57645 57676 57685 57687
5 57702 57709 57710 57713 57744
4 57763 57770 57771 57774
4 57823 57830 57831 57834
4 57873 57880 57881 57884
4 57924 57931 57932 57935
4 57969 57976 57977 57980
7 58008 58015 58016 58019 58050 58059 58061
4 58094 58101 58102 58105
0
7 28190 54038 58147 58150 58181 58190 58192
8 58216 58223 58224 58227 58258 58267 58269 58284
7 58288 58295 58296 58299 58330 58339 58341
4 58352 58359 58360 58363
4 58399 58406 58407 58410
7 15779 22229 26428 44762 58465 58474 58476
4 58490 58497 58498 58501
7 16585 27668 36519 58509 58540 58549 58551
4 58566 58573 58574 58577
4 58618 58625 58626 58629
0
8 9330 29600 33660 49240 58691 58700 58702 58717
4 58733 58740 58741 58744
4 58787 58794 58795 58798
7 58803 58810 58811 58814 58845 58854 58856
5 58869 58876 58877 58880 58911
5 58919 58926 58927 58930 58961
7 19928 32230 34629 38456 58988 58997 58999
2 59017 59024
3 59034 59041 59042
0
4 59055 59062 59063 59066
3 59114 59121 59122
1 59135
4 59149 59156 59157 59160
0
7 59187 59194 59195 59198 59229 59238 59240
5 59256 59263 59264 59267 59298
5 59320 59327 59328 59331 59362
7 59375 59382 59383 59386 59417 59426 59428
7 59437 59444 59445 59448 59479 59488 59490
7 59511 59518 59519 59522 59553 59562 59564
5 59592 59599 59600 59603 59634
4 59654 59661 59662 59665
7 59688 59695 59696 59699 59730 59739 59741
7 59751 59758 59759 59762 59793 59802 59804
9 59811 59818 59819 59822 59853 59862 59864 59879 59881
3 59903 59910 59911
4 59930 59937 59938 59941
7 59960 59967 59968 59971 60002 60011 60013
5 55071 60027 60028 60031 60062
0
4 60079 60086 60087 60090
4 60131 60138 60139 60142
3 60171 60178 60179
6 60193 60200 60201 60204 60235 60244
4 60261 60268 60269 60272
7 43633 60302 60303 60306 60337 60346 60348
0
7 17357 19928 20519 24231 60380 60389 60391
8 23464 34793 44396 60404 60435 60444 60446 60461
7 60481 60488 60489 60492 60523 60532 60534
0
5 47688 60549 60550 60553 60584
7 33492 60587 60588 60591 60622 60631 60633
0
4 60658 60665 60666 60669
4 60695 60702 60703 60706
0
5 60729 60736 60737 60740 60771
7 60772 60779 60780 60783 60814 60823 60825
0
5 60856 60863 60864 60867 60898
6 60902 60909 60910 60913 60944 60953
5 60964 60971 60972 60975 61006
7 61017 61024 61025 61028 61059 61068 61070
7 61090 61097 61098 61101 61132 61141 61143
4 61152 61159 61160 61163
7 61203 61210 61211 61214 61245 61254 61256
0
5 61270 61277 61278 61281 61312
8 22306 37121 42479 61319 61350 61359 61361 61376
4 61385 61392 61393 61396
4 61422 61429 61430 61433
7 61464 61471 61472 61475 61506 61515 61517
7 43714 61532 61533 61536 61567 61576 61578
7 16442 26469 30651 45028 61617 61626 61628
5 61647 61654 61655 61658 61689
1 61709
1 61711
4 61719 61726 61727 61730
7 61769 61776 61777 61780 61811 61820 61822
5 61841 61848 61849 61852 61883
4 61889 61896 61897 61900
6 61925 61932 61933 61936 61967 61976
0
7 61982 61989 61990 61993 62024 62033 62035
7 20197 37667 39595 53841 62070 62079 62081
0
5 62113 62120 62121 62124 62155
7 62168 62175 62176 62179 62210 62219 62221
5 62231 62238 62239 62242 62273
5 62277 62284 62285 62288 62319
0
7 46959 62326 62327 62330 62361 62370 62372
1 62389
4 62409 62416 62417 62420
4 62461 62468 62469 62472
7 20101 34478 35412 62499 62530 62539 62541
4 62552 62559 62560 62563
0
7 62597 62604 62605 62608 62639 62648 62650
5 62662 62669 62670 62673 62704
3 62715 62722 62723
6 40423 62727 62728 62731 62762 62771
6 62778 62785 62786 62789 62820 62829
1 43725
4 62838 62845 62846 62849
4 62876 62883 62884 62887
1 62911
4 62932 62939 62940 62943
7 49975 62955 62956 62959 62990 62999 63001
4 63027 63034 63035 63038
5 63060 63067 63068 63071 63102
4 63115 63122 63123 63126
4 63169 63176 63177 63180
7 40426 57058 60040 63211 63242 63251 63253
0
0
0
8 60596 63278 63279 63282 63313 63322 63324 63339
7 63354 63361 63362 63365 63396 63405 63407
0
4 63422 63429 63430 63433
7 63462 63469 63470 63473 63504 63513 63515
5 63530 63537 63538 63541 63572
4 63592 63599 63600 63603
9 7373 9269 9468 10429 63636 63645 63647 63662 63664
4 63682 63689 63690 63693
0
0
7 63734 63741 63742 63745 63776 63785 63787
7 63809 63816 63817 63820 63851 63860 63862
0
5 63878 63885 63886 63889 63920
7 63940 63947 63948 63951 63982 63991 63993
7 64003 64010 64011 64014 64045 64054 64056
0
4 58163 64071 64072 64075
7 64103 64110 64111 64114 64145 64154 64156
7 64170 64177 64178 64181 64212 64221 64223
7 26325 39826 44512 61576 64257 64266 64268
4 33646 64274 64275 64278
4 64317 64324 64325 64328
0
0
6 64354 64361 64362 64365 64396 64405
7 27598 64409 64410 64413 64444 64453 64455
4 64471 64478 64479 64482
7 64507 64514 64515 64518 64549 64558 64560
4 64572 64579 64580 64583
7 64608 64615 64616 64619 64650 64659 64661
4 64680 64687 64688 64691
0
4 64739 64746 64747 64750
7 64755 64762 64763 64766 64797 64806 64808
4 64830 64837 64838 64841
7 64865 64872 64873 64876 64907 64916 64918
6 25269 64922 64923 64926 64957 64966
4 64980 64987 64988 64991
4 65025 65032 65033 65036
9 65072 65079 65080 65083 65114 65123 65125 65140 65142
7 28737 34663 36923 52274 65173 65182 65184
5 65203 65210 65211 65214 65245
0
5 65262 65269 65270 65273 65304
7 47678 65306 65307 65310 65341 65350 65352
7 24471 51620 51991 53892 65387 65396 65398
7 26041 57453 59539 65411 65442 65451 65453
5 65469 65476 65477 65480 65511
7 65527 65534 65535 65538 65569 65578 65580
4 65592 65599 65600 65603
7 19204 45794 49702 65615 65646 65655 65657
4 65670 65677 65678 65681
7 65713 65720 65721 65724 65755 65764 65766
0
5 46110 65782 65783 65786 65817
7 65827 65834 65835 65838 65869 65878 65880
4 65903 65910 65911 65914
4 65929 65936 65937 65940
4 65967 65974 65975 65978
5 66017 66024 66025 66028 66059
0
7 28502 39188 39802 52027 66094 66103 66105
7 66122 66129 66130 66133 66164 66173 66175
5 66190 66197 66198 66201 66232
7 66255 66262 66263 66266 66297 66306 66308
4 66325 66332 66333 66336
0
0
9 52309 66368 66369 66372 66403 66412 66414 66429 66431
6 66441 66448 66449 66452 66483 66492
3 66507 66514 66515
5 66519 66526 66527 66530 66561
6 66576 66583 66584 66587 66618 66627
8 62640 66634 66635 66638 66669 66678 66680 66695
7 66708 66715 66716 66719 66750 66759 66761
5 66772 66779 66780 66783 66814
0
5 66831 66838 66839 66842 66873
4 66881 66888 66889 66892
1 66934
0
4 66956 66963 66964 66967
4 66978 66985 66986 66989
7 67005 67012 67013 67016 67047 67056 67058
7 64689 67076 67077 67080 67111 67120 67122
7 67124 67131 67132 67135 67166 67175 67177
7 32375 67185 67186 67189 67220 67229 67231
7 67254 67261 67262 67265 67296 67305 67307
7 23347 38158 39091 64246 67342 67351 67353
0
7 28272 38047 43564 54252 67386 67395 67397
1 67415
4 67425 67432 67433 67436
5 67468 67475 67476 67479 67510
8 36214 67511 67512 67515 67546 67555 67557 67572
7 67587 67594 67595 67598 67629 67638 67640
4 67656 67663 67664 67667
2 67699 67706
7 22534 49965 60178 67709 67740 67749 67751
8 67767 67774 67775 67778 67809 67818 67820 67835
7 32958 67836 67837 67840 67871 67880 67882
7 67904 67911 67912 67915 67946 67955 67957
7 62916 67971 67972 67975 68006 68015 68017
4 68034 68041 68042 68045
4 68059 68066 68067 68070
5 68096 68103 68104 68107 68138
1 68153
5 68167 68174 68175 68178 68209
4 68224 68231 68232 68235
7 68265 68272 68273 68276 68307 68316 68318
9 68336 68343 68344 68347 68378 68387 68389 68404 68406
4 68424 68431 68432 68435
4 68460 68467 68468 68471
7 68506 68513 68514 68517 68548 68557 68559
7 68576 68583 68584 68587 68618 68627 68629
0
4 68656 68663 68664 68667
7 10281 26653 30160 68696 68727 68736 68738
4 68753 68760 68761 68764
7 68780 68787 68788 68791 68822 68831 68833
9 20285 68839 68840 68843 68874 68883 68885 68900 68902
4 68920 68927 68928 68931
7 19986 25562 31032 33510 68981 68990 68992
0
0
0
0
4 69024 69031 69032 69035
0
4 69075 69082 69083 69086
0
7 26997 63638 65668 69095 69126 69135 69137
5 69145 69152 69153 69156 69187
4 69201 69208 69209 69212
1 18
5 37 44 45 48 79
0
4 111 118 119 122
7 167 174 175 178 209 218 220
7 253 260 261 264 295 304 306
7 333 340 341 344 375 384 386
0
0
7 424 431 432 435 466 475 477
0
7 512 519 520 523 554 563 565
5 588 595 596 599 630
5 653 660 661 664 695
4 721 728 729 732
4 768 775 776 779
5 827 834 835 838 869
1 896
4 921 928 929 932
7 961 968 969 972 1003 1012 1014
4 1038 1045 1046 1049
5 1097 1104 1105 1108 1139
5 1164 1171 1172 1175 1206
4 1232 1239 1240 1243
6 1279 1286 1287 1290 1321 1330
8 1350 1357 1358 1361 1392 1401 1403 1418
8 1437 1444 1445 1448 1479 1488 1490 1505
7 1524 1531 1532 1535 1566 1575 1577
4 1606 1613 1614 1617
7 1650 1657 1658 1661 1692 1701 1703
5 1731 1738 1739 1742 1773
0
4 1801 1808 1809 1812
7 1859 1866 1867 1870 1901 1910 1912
5 1931 1938 1939 1942 1973
5 1995 2002 2003 2006 2037
7 2063 2070 2071 2074 2105 2114 2116
4 2143 2150 2151 2154
4 2198 2205 2206 2209
5 2257 2264 2265 2268 2299
6 2321 2328 2329 2332 2363 2372
0
9 2401 2408 2409 2412 2443 2452 2454 2469 2471
4 2487 2494 2495 2498
4 2539 2546 2547 2550
4 2594 2601 2602 2605
0
0
4 2641 2648 2649 2652
5 2678 2685 2686 2689 2720
7 2743 2750 2751 2754 2785 2794 2796
4 2817 2824 2825 2828
4 2870 2877 2878 2881
4 2927 2934 2935 2938
7 2981 2988 2989 2992 3023 3032 3034
4 3055 3062 3063 3066
3 3092 3099 3100
1 3119
7 3140 3147 3148 3151 3182 3191 3193
3 3222 3229 3230
7 3250 3257 3258 3261 3292 3301 3303
7 3327 3334 3335 3338 3369 3378 3380
0
5 3407 3414 3415 3418 3449
5 3470 3477 3478 3481 3512
5 3536 3543 3544 3547 3578
5 3599 3606 3607 3610 3641
7 3663 3670 3671 3674 3705 3714 3716
7 3739 3746 3747 3750 3781 3790 3792
7 3821 3828 3829 3832 3863 3872 3874
6 3893 3900 3901 3904 3935 3944
4 3957 3964 3965 3968
4 4001 4008 4009 4012
7 4038 4045 4046 4049 4080 4089 4091
7 4118 4125 4126 4129 4160 4169 4171
3 4198 4205 4206
7 4226 4233 4234 4237 4268 4277 4279
8 4305 4312 4313 4316 4347 4356 4358 4373
6 4392 4399 4400 4403 4434 4443
5 4463 4470 4471 4474 4505
7 4526 4533 4534 4537 4568 4577 4579
0
9 4616 4623 4624 4627 4658 4667 4669 4684 4686
4 4706 4713 4714 4717
7 4757 4764 4765 4768 4799 4808 4810
4 4834 4841 4842 4845
5 4881 4888 4889 4892 4923
5 4947 4954 4955 4958 4989
7 5014 5021 5022 5025 5056 5065 5067
7 5085 5092 5093 5096 5127 5136 5138
9 5161 5168 5169 5172 5203 5212 5214 5229 5231
4 5251 5258 5259 5262
7 5305 5312 5313 5316 5347 5356 5358
7 5388 5395 5396 5399 5430 5439 5441
7 5458 5465 5466 5469 5500 5509 5511
4 5534 5541 5542 5545
7 5588 5595 5596 5599 5630 5639 5641
7 5672 5679 5680 5683 5714 5723 5725
7 5746 5753 5754 5757 5788 5797 5799
7 5824 5831 5832 5835 5866 5875 5877
5 5895 5902 5903 5906 5937
5 5957 5964 5965 5968 5999
5 6021 6028 6029 6032 6063
7 6083 6090 6091 6094 6125 6134 6136
4 6158 6165 6166 6169
1 6204
7 6219 6226 6227 6230 6261 6270 6272
7 6293 6300 6301 6304 6335 6344 6346
7 6368 6375 6376 6379 6410 6419 6421
4 6442 6449 6450 6453
5 6498 6505 6506 6509 6540
4 6555 6562 6563 6566
4 6594 6601 6602 6605
6 6632 6639 6640 6643 6674 6683
7 6700 6707 6708 6711 6742 6751 6753
5 6778 6785 6786 6789 6820
4 6836 6843 6844 6847
7 6881 6888 6889 6892 6923 6932 6934
4 6957 6964 6965 6968
4 7013 7020 7021 7024
5 7055 7062 7063 7066 7097
4 7124 7131 7132 7135
4 7174 7181 7182 7185
0
7 7239 7246 7247 7250 7281 7290 7292
4 7319 7326 7327 7330
0
4 7383 7390 7391 7394
4 7435 7442 7443 7446
6 7472 7479 7480 7483 7514 7523
7 7542 7549 7550 7553 7584 7593 7595
0
4 7624 7631 7632 7635
4 7678 7685 7686 7689
0
7 7723 7730 7731 7734 7765 7774 7776
9 7793 7800 7801 7804 7835 7844 7846 7861 7863
7 7877 7884 7885 7888 7919 7928 7930
5 7955 7962 7963 7966 7997
6 8023 8030 8031 8034 8065 8074
7 8091 8098 8099 8102 8133 8142 8144
5 8167 8174 8175 8178 8209
4 8228 8235 8236 8239
4 8265 8272 8273 8276
7 8304 8311 8312 8315 8346 8355 8357
4 8372 8379 8380 8383
3 8406 8413 8414
7 8433 8440 8441 8444 8475 8484 8486
0
7 8530 8537 8538 8541 8572 8581 8583
7 8607 8614 8615 8618 8649 8658 8660
6 8681 8688 8689 8692 8723 8732
9 8742 8749 8750 8753 8784 8793 8795 8810 8812
7 8837 8844 8845 8848 8879 8888 8890
4 8912 8919 8920 8923
1 8946
5 8963 8970 8971 8974 9005
4 9025 9032 9033 9036
0
0
0
4 9114 9121 9122 9125
4 9171 9178 9179 9182
4 9223 9230 9231 9234
1 9276
7 9296 9303 9304 9307 9338 9347 9349
4 9376 9383 9384 9387
0
0
4 9433 9440 9441 9444
4 9493 9500 9501 9504
7 9535 9542 9543 9546 9577 9586 9588
4 9611 9618 9619 9622
0
4 9663 9670 9671 9674
0
4 9723 9730 9731 9734
4 9774 9781 9782 9785
0
6 9827 9834 9835 9838 9869 9878
4 9892 9899 9900 9903
5 9945 9952 9953 9956 9987
7 10008 10015 10016 10019 10050 10059 10061
0
9 10091 10098 10099 10102 10133 10142 10144 10159 10161
7 10179 10186 10187 10190 10221 10230 10232
7 10259 10266 10267 10270 10301 10310 10312
5 10342 10349 10350 10353 10384
7 10407 10414 10415 10418 10449 10458 10460
9 10484 10491 10492 10495 10526 10535 10537 10552 10554
0
4 10577 10584 10585 10588
0
4 10630 10637 10638 10641
7 10687 10694 10695 10698 10729 10738 10740
4 10758 10765 10766 10769
5 10806 10813 10814 10817 10848
5 10866 10873 10874 10877 10908
4 10929 10936 10937 10940
0
4 10966 10973 10974 10977
0
7 11005 11012 11013 11016 11052 11061 11063
5 11088 11095 11096 11099 11130
0
4 11156 11163 11164 11167
7 11210 11217 11218 11221 11252 11261 11263
7 11288 11295 11296 11299 11330 11339 11341
0
4 11359 11366 11367 11370
0
4 11425 11432 11433 11436
5 11464 11471 11472 11475 11506
7 11524 11531 11532 11535 11566 11575 11577
7 11600 11607 11608 11611 11642 11651 11653
6 11676 11683 11684 11687 11718 11727
7 11743 11750 11751 11754 11785 11794 11796
4 11824 11831 11832 11835
9 11855 11862 11863 11866 11897 11906 11908 11923 11925
4 11944 11951 11952 11955
7 11977 11984 11985 11988 12019 12028 12030
4 12047 12054 12055 12058
5 12081 12088 12089 12092 12123
7 12148 12155 12156 12159 12190 12199 12201
0
7 12234 12241 12242 12245 12276 12285 12287
0
7 12307 12314 12315 12318 12349 12358 12360
4 12382 12389 12390 12393
5 12428 12435 12436 12439 12470
7 12494 12501 12502 12505 12536 12545 12547
4 12572 12579 12580 12583
1 12621
4 12639 12646 12647 12650
4 12676 12683 12684 12687
5 12722 12729 12730 12733 12764
7 12781 12788 12789 12792 12823 12832 12834
7 12854 12861 12862 12865 12896 12905 12907
7 12926 12933 12934 12937 12968 12977 12979
7 13008 13015 13016 13019 13050 13059 13061
0
4 13088 13095 13096 13099
5 13147 13154 13155 13158 13189
4 13210 13217 13218 13221
1 13264
1 13288
0
4 13317 13324 13325 13328
5 13368 13375 13376 13379 13410
7 13434 13441 13442 13445 13476 13485 13487
4 13496 13503 13504 13507
5 13537 13544 13545 13548 13579
5 13592 13599 13600 13603 13634
6 13657 13664 13665 13668 13699 13708
1 13726
7 13744 13751 13752 13755 13786 13795 13797
5 13820 13827 13828 13831 13862
0
5 13888 13895 13896 13899 13930
5 13950 13957 13958 13961 13992
4 14012 14019 14020 14023
6 14050 14057 14058 14061 14092 14101
7 14118 14125 14126 14129 14160 14169 14171
0
4 14197 14204 14205 14208
5 14226 14233 14234 14237 14268
5 14293 14300 14301 14304 14335
0
7 14364 14371 14372 14375 14406 14415 14417
4 14442 14449 14450 14453
4 14483 14490 14491 14494
4 14528 14535 14536 14539
0
0
7 14574 14581 14582 14585 14616 14625 14627
5 14643 14650 14651 14654 14685
7 14691 14698 14699 14702 14733 14742 14744
7 14763 14770 14771 14774 14805 14814 14816
0
0
3 14857 14864 14865
0
0
7 14890 14897 14898 14901 14932 14941 14943
7 14969 14976 14977 14980 15011 15020 15022
7 15053 15060 15061 15064 15095 15104 15106
0
4 15139 15146 15147 15150
0
5 15182 15189 15190 15193 15224
6 15243 15250 15251 15254 15285 15294
0
7 15311 15318 15319 15322 15353 15362 15364
4 15372 15379 15380 15383
5 15403 15410 15411 15414 15445
4 15465 15472 15473 15476
4 15516 15523 15524 15527
0
5 15571 15578 15579 15582 15613
4 15632 15639 15640 15643
5 15686 15693 15694 15697 15728
4 15744 15751 15752 15755
4 15787 15794 15795 15798
5 15841 15848 15849 15852 15883
4 15904 15911 15912 15915
5 15951 15958 15959 15962 15993
5 16012 16019 16020 16023 16054
0
5 16075 16082 16083 16086 16117
5 16143 16150 16151 16154 16185
7 16208 16215 16216 16219 16250 16259 16261
4 16283 16290 16291 16294
4 16321 16328 16329 16332
7 16370 16377 16378 16381 16412 16421 16423
5 16442 16449 16450 16453 16484
1 16501
7 16516 16523 16524 16527 16558 16567 16569
4 16588 16595 16596 16599
0
5 16649 16656 16657 16660 16691
5 16716 16723 16724 16727 16758
7 16775 16782 16783 16786 16817 16826 16828
5 16841 16848 16849 16852 16883
4 16897 16904 16905 16908
4 16935 16942 16943 16946
5 16975 16982 16983 16986 17017
0
0
7 17041 17048 17049 17052 17083 17092 17094
7 17117 17124 17125 17128 17159 17168 17170
7 17186 17193 17194 17197 17228 17237 17239
7 17259 17266 17267 17270 17301 17310 17312
7 17342 17349 17350 17353 17384 17393 17395
7 17417 17424 17425 17428 17459 17468 17470
7 17488 17495 17496 17499 17530 17539 17541
5 17558 17565 17566 17569 17600
4 17623 17630 17631 17634
6 17656 17663 17664 17667 17698 17707
4 17726 17733 17734 17737
0
7 17775 17782 17783 17786 17817 17826 17828
7 17853 17860 17861 17864 17895 17904 17906
0
4 17944 17951 17952 17955
5 17983 17990 17991 17994 18025
5 18044 18051 18052 18055 18086
5 18095 18102 18103 18106 18137
6 18157 18164 18165 18168 18199 18208
6 18221 18228 18229 18232 18263 18272
7 18289 18296 18297 18300 18331 18340 18342
5 18354 18361 18362 18365 18396
4 18416 18423 18424 18427
4 18464 18471 18472 18475
0
5 18499 18506 18507 18510 18541
0
0
0
5 8377 18560 18561 18564 18595
5 18616 18623 18624 18627 18658
0
4 18683 18690 18691 18694
4 18736 18743 18744 18747
0
0
5 18802 18809 18810 18813 18844
4 18861 18868 18869 18872
6 18892 18899 18900 18903 18934 18943
6 18954 18961 18962 18965 18996 19005
0
4 19034 19041 19042 19045
7 19085 19092 19093 19096 19127 19136 19138
4 19145 19152 19153 19156
7 19198 19205 19206 19209 19240 19249 19251
0
4 19269 19276 19277 19280
5 19320 19327 19328 19331 19362
5 19376 19383 19384 19387 19418
5 19436 19443 19444 19447 19478
0
0
4 19504 19511 19512 19515
0
5 19552 19559 19560 19563 19594
7 19612 19619 19620 19623 19654 19663 19665
7 19688 19695 19696 19699 19730 19739 19741
4 19771 19778 19779 19782
0
4 19818 19825 19826 19829
5 19860 19867 19868 19871 19902
5 19921 19928 19929 19932 19963
7 19981 19988 19989 19992 20023 20032 20034
0
6 20059 20066 20067 20070 20101 20110
5 20129 20136 20137 20140 20171
5 20184 20191 20192 20195 20226
6 20248 20255 20256 20259 20290 20299
7 20316 20323 20324 20327 20358 20367 20369
5 20388 20395 20396 20399 20430
5 20447 20454 20455 20458 20489
5 20498 20505 20506 20509 20540
7 20554 20561 20562 20565 20596 20605 20607
7 20625 20632 20633 20636 20667 20676 20678
4 20699 20706 20707 20710
4 20730 20737 20738 20741
0
4 20774 20781 20782 20785
5 20830 20837 20838 20841 20872
6 20890 20897 20898 20901 20932 20941
0
5 20966 20973 20974 20977 21008
7 21023 21030 21031 21034 21065 21074 21076
1 21090
