9 18 24 25 26 29 56 60 68 69
0
5 96 102 103 104 107
10 134 140 141 142 145 172 176 184 185 187
11 210 216 217 218 221 248 252 260 261 263 274
11 295 301 302 303 306 333 337 345 346 348 359
10 381 387 388 389 392 419 423 431 432 434
13 456 462 463 464 467 494 498 506 507 509 520 524 526
7 548 554 555 556 559 586 590
7 611 617 618 619 622 649 653
10 675 681 682 683 686 713 717 725 726 728
2 752 758
11 776 782 783 784 787 814 818 826 827 829 840
7 857 863 864 865 868 895 899
10 923 929 930 931 934 961 965 973 974 976
5 1004 1010 1011 1012 1015
6 1047 1053 1054 1055 1058 1085
7 1104 1110 1111 1112 1115 1142 1146
5 1168 1174 1175 1176 1179
0
9 1219 1225 1226 1227 1230 1257 1261 1269 1270
10 1290 1296 1297 1298 1301 1328 1332 1340 1341 1343
13 1364 1370 1371 1372 1375 1402 1406 1414 1415 1417 1428 1432 1434
7 1454 1460 1461 1462 1465 1492 1496
11 1518 1524 1525 1526 1529 1556 1560 1568 1569 1571 1582
8 1602 1608 1609 1610 1613 1640 1644 1652
13 1666 1672 1673 1674 1677 1704 1708 1716 1717 1719 1730 1734 1736
8 1756 1762 1763 1764 1767 1794 1798 1806
6 1821 1827 1828 1829 1832 1859
10 1877 1883 1884 1885 1888 1915 1919 1927 1928 1930
6 1954 1960 1961 1962 1965 1992
10 2012 2018 2019 2020 2023 2050 2054 2062 2063 2065
10 2087 2093 2094 2095 2098 2125 2129 2137 2138 2140
5 2152 2158 2159 2160 2163
7 2202 2208 2209 2210 2213 2240 2244
7 2264 2270 2271 2272 2275 2302 2306
7 2327 2333 2334 2335 2338 2365 2369
13 2395 2401 2402 2403 2406 2433 2437 2445 2446 2448 2459 2463 2465
10 2477 2483 2484 2485 2488 2515 2519 2527 2528 2530
5 2553 2559 2560 2561 2564
5 2605 2611 2612 2613 2616
5 2652 2658 2659 2660 2663
10 2690 2696 2697 2698 2701 2728 2732 2740 2741 2743
0
7 2770 2776 2777 2778 2781 2808 2812
6 2833 2839 2840 2841 2844 2871
7 2889 2895 2896 2897 2900 2927 2931
7 2954 2960 2961 2962 2965 2992 2996
10 3020 3026 3027 3028 3031 3058 3062 3070 3071 3073
13 3094 3100 3101 3102 3105 3132 3136 3144 3145 3147 3158 3162 3164
0
10 3199 3205 3206 3207 3210 3237 3241 3249 3250 3252
5 3280 3286 3287 3288 3291
10 3309 3315 3316 3317 3320 3347 3351 3359 3360 3362
10 3382 3388 3389 3390 3393 3420 3424 3432 3433 3435
8 3456 3462 3463 3464 3467 3494 3498 3506
7 3523 3529 3530 3531 3534 3561 3565
7 3586 3592 3593 3594 3597 3624 3628
10 3647 3653 3654 3655 3658 3685 3689 3697 3698 3700
12 3718 3724 3725 3726 3729 3756 3760 3768 3769 3771 3782 3786
10 3804 3810 3811 3812 3815 3842 3846 3854 3855 3857
10 3874 3880 3881 3882 3885 3912 3916 3924 3925 3927
7 3946 3952 3953 3954 3957 3984 3988
5 4008 4014 4015 4016 4019
11 4042 4048 4049 4050 4053 4080 4084 4092 4093 4095 4106
10 4122 4128 4129 4130 4133 4160 4164 4172 4173 4175
10 4195 4201 4202 4203 4206 4233 4237 4245 4246 4248
13 4270 4276 4277 4278 4281 4308 4312 4320 4321 4323 4334 4338 4340
10 4356 4362 4363 4364 4367 4394 4398 4406 4407 4409
7 4431 4437 4438 4439 4442 4469 4473
10 4493 4499 4500 4501 4504 4531 4535 4543 4544 4546
11 4569 4575 4576 4577 4580 4607 4611 4619 4620 4622 4633
12 4637 4643 4644 4645 4648 4675 4679 4687 4688 4690 4701 4705
5 4719 4725 4726 4727 4730
11 4766 4772 4773 4774 4777 4804 4808 4816 4817 4819 4830
5 4847 4853 4854 4855 4858
10 4888 4894 4895 4896 4899 4926 4930 4938 4939 4941
5 4965 4978 4979 4981 4985
10 5024 5030 5031 5032 5035 5062 5066 5074 5075 5077
10 5101 5107 5108 5109 5112 5139 5143 5151 5152 5154
10 5176 5182 5183 5184 5187 5214 5218 5226 5227 5229
6 5249 5255 5256 5257 5260 5287
11 5297 5303 5304 5305 5308 5335 5339 5347 5348 5350 5361
10 5378 5384 5385 5386 5389 5416 5420 5428 5429 5431
10 5447 5453 5454 5455 5458 5485 5489 5497 5498 5500
6 5520 5526 5527 5528 5531 5558
11 5568 5574 5575 5576 5579 5606 5610 5618 5619 5621 5632
10 5644 5650 5651 5652 5655 5682 5686 5694 5695 5697
10 5721 5727 5728 5729 5732 5759 5763 5771 5772 5774
10 5792 5798 5799 5800 5803 5830 5834 5842 5843 5845
7 5868 5874 5875 5876 5879 5906 5910
11 5922 5928 5929 5930 5933 5960 5964 5972 5973 5975 5986
5 6004 6010 6011 6012 6015
10 6049 6055 6056 6057 6060 6087 6091 6099 6100 6102
8 6128 6134 6135 6136 6139 6166 6170 6178
7 6193 6199 6200 6201 6204 6233 6237
10 6257 6263 6264 6265 6268 6295 6299 6307 6308 6310
13 6325 6331 6332 6333 6336 6363 6367 6375 6376 6378 6389 6393 6395
10 6407 6413 6414 6415 6418 6445 6449 6457 6458 6460
5 6483 6489 6490 6491 6494
10 6509 6515 6516 6517 6520 6547 6551 6559 6560 6562
3 6588 6594 6595
1 6613
10 6636 6642 6643 6644 6647 6674 6678 6686 6687 6689
7 6713 6719 6720 6721 6724 6751 6755
7 6775 6781 6782 6783 6786 6813 6817
5 6836 6842 6843 6844 6847
5 6864 6870 6871 6872 6875
10 6900 6906 6907 6908 6911 6938 6942 6950 6951 6953
5 6979 6985 6986 6987 6990
5 7026 7032 7033 7034 7037
10 7057 7063 7064 7065 7068 7095 7099 7107 7108 7110
5 7130 7136 7137 7138 7141
7 7175 7181 7182 7183 7186 7213 7217
13 7225 7231 7232 7233 7236 7263 7267 7275 7276 7278 7289 7293 7295
5 7311 7317 7318 7319 7322
10 7343 7349 7350 7351 7354 7381 7385 7393 7394 7396
1 7424
10 7435 7441 7442 7443 7446 7473 7477 7485 7486 7488
10 7503 7509 7510 7511 7514 7541 7545 7553 7554 7556
10 7574 7580 7581 7582 7585 7612 7616 7624 7625 7627
6 7648 7654 7655 7656 7659 7686
5 7701 7707 7708 7709 7712
13 7723 7729 7730 7731 7734 7761 7765 7773 7774 7776 7787 7791 7793
13 7805 7811 7812 7813 7816 7843 7847 7855 7856 7858 7869 7873 7875
9 7891 7897 7898 7899 7902 7929 7933 7941 7942
7 7956 7962 7963 7964 7967 7994 7998
10 8017 8023 8024 8025 8028 8055 8059 8067 8068 8070
10 8083 8089 8090 8091 8094 8121 8125 8133 8134 8136
8 8154 8160 8161 8162 8165 8192 8196 8204
4 8223 8229 8230 8231
5 8252 8258 8259 8260 8263
7 8265 8271 8272 8273 8276 8303 8307
0
11 8340 8346 8347 8348 8351 8378 8382 8390 8391 8393 8404
10 6711 8411 8412 8413 8416 8443 8447 8455 8456 8458
0
1 8503
0
10 8535 8541 8542 8543 8546 8573 8577 8585 8586 8588
7 8601 8607 8608 8609 8612 8639 8643
10 8660 8666 8667 8668 8671 8698 8702 8710 8711 8713
13 8720 8726 8727 8728 8731 8758 8762 8770 8771 8773 8784 8788 8790
13 8796 8802 8803 8804 8807 8834 8838 8846 8847 8849 8860 8864 8866
10 8881 8887 8888 8889 8892 8919 8923 8931 8932 8934
7 8949 8955 8956 8957 8960 8987 8991
5 9015 9021 9022 9023 9026
12 9053 9059 9060 9061 9064 9091 9095 9103 9104 9106 9117 9121
5 9134 9140 9141 9142 9145
5 9186 9192 9193 9194 9197
7 9227 9233 9234 9235 9238 9265 9269
11 9283 9289 9290 9291 9294 9321 9325 9333 9334 9336 9347
7 9356 9362 9363 9364 9367 9394 9398
6 9415 9421 9422 9423 9426 9453
10 9460 9466 9467 9468 9471 9498 9502 9510 9511 9513
11 9530 9536 9537 9538 9541 9568 9572 9580 9581 9583 9594
6 9608 9614 9615 9616 9619 9646
10 9653 9659 9660 9661 9664 9691 9695 9703 9704 9706
5 9723 9729 9730 9731 9734
5 9773 9779 9780 9781 9784
10 9809 9815 9816 9817 9820 9847 9851 9859 9860 9862
1 9887
0
5 9917 9923 9924 9925 9928
11 9956 9962 9963 9964 9967 9994 9998 10006 10007 10009 10020
12 10033 10039 10040 10041 10044 10071 10075 10083 10084 10086 10097 10101
12 10111 10117 10118 10119 10122 10149 10153 10161 10162 10164 10175 10179
11 10190 10196 10197 10198 10201 10228 10232 10240 10241 10243 10254
11 10273 10279 10280 10281 10284 10311 10315 10323 10324 10326 10337
7 10349 10355 10356 10357 10360 10387 10391
11 8914 10402 10403 10404 10407 10434 10438 10446 10447 10449 10460
13 10470 10476 10477 10478 10481 10508 10512 10520 10521 10523 10534 10538 10540
7 10551 10557 10558 10559 10562 10589 10593
5 10612 10618 10619 10620 10623
10 10652 10658 10659 10660 10663 10690 10694 10702 10703 10705
10 10715 10721 10722 10723 10726 10753 10757 10765 10766 10768
5 10795 10801 10802 10803 10806
7 10830 10836 10837 10838 10841 10868 10872
12 10882 10888 10889 10890 10893 10920 10924 10932 10933 10935 10946 10950
4 10969 10975 10976 10977
10 10983 10989 10990 10991 10994 11021 11025 11033 11034 11036
11 11052 11058 11059 11060 11063 11090 11094 11102 11103 11105 11116
5 11125 11131 11132 11133 11136
10 11161 11167 11168 11169 11172 11199 11203 11211 11212 11214
10 11225 11231 11232 11233 11236 11263 11267 11275 11276 11278
10 11304 11310 11311 11312 11315 11342 11346 11354 11355 11357
6 11360 11366 11367 11368 11371 11398
5 11418 11424 11425 11426 11429
6 11452 11458 11459 11460 11463 11490
9 11499 11505 11506 11507 11510 11537 11541 11549 11550
10 11559 11565 11566 11567 11570 11597 11601 11609 11610 11612
8 11630 11636 11637 11638 11641 11668 11672 11680
11 11688 11694 11695 11696 11699 11726 11730 11738 11739 11741 11752
10 11761 11767 11768 11769 11772 11799 11803 11811 11812 11814
10 11829 11835 11836 11837 11840 11867 11871 11879 11880 11882
11 10104 11896 11897 11898 11901 11928 11932 11940 11941 11943 11954
7 11971 11977 11978 11979 11982 12009 12013
5 12034 12040 12041 12042 12045
11 12079 12085 12086 12087 12090 12117 12121 12129 12130 12132 12143
10 12158 12164 12165 12166 12169 12196 12200 12208 12209 12211
10 12167 12176 12177 12178 12181 12231 12235 12243 12244 12246
10 12254 12260 12261 12262 12265 12292 12296 12304 12305 12307
10 11657 12323 12324 12325 12328 12355 12359 12367 12368 12370
5 12390 12396 12397 12398 12401
10 12427 12433 12434 12435 12438 12465 12469 12477 12478 12480
12 7112 9302 10290 12220 12485 12512 12516 12524 12525 12527 12538 12542
10 5087 8253 8304 8972 9989 12565 12569 12577 12578 12580
5 12606 12612 12613 12614 12617
6 12637 12643 12644 12645 12648 12675
7 12689 12695 12696 12697 12700 12727 12731
7 12746 12752 12753 12754 12757 12784 12788
5 12804 12810 12811 12812 12815
13 7264 8721 9380 9937 11545 12855 12859 12867 12868 12870 12881 12885 12887
7 12901 12907 12908 12909 12912 12939 12943
11 12960 12966 12967 12968 12971 12998 13002 13010 13011 13013 13024
10 13038 13044 13045 13046 13049 13076 13080 13088 13089 13091
5 13106 13112 13113 13114 13117
0
7 13166 13172 13173 13174 13177 13204 13208
6 13217 13223 13224 13225 13228 13255
10 13268 13274 13275 13276 13279 13306 13310 13318 13319 13321
7 13339 13345 13346 13347 13350 13377 13381
10 10985 13391 13392 13393 13396 13423 13427 13435 13436 13438
11 13446 13452 13453 13454 13457 13484 13488 13496 13497 13499 13510
5 13526 13532 13533 13534 13537
10 13552 13558 13559 13560 13563 13590 13594 13602 13603 13605
5 13624 13630 13631 13632 13635
7 13650 13656 13657 13658 13661 13688 13692
11 13702 13708 13709 13710 13713 13740 13744 13752 13753 13755 13766
10 13768 13774 13775 13776 13779 13806 13810 13818 13819 13821
10 7231 12839 13825 13826 13829 13856 13860 13868 13869 13871
0
10 13881 13887 13888 13889 13892 13919 13923 13931 13932 13934
7 13943 13949 13950 13951 13954 13981 13985
5 14007 14013 14014 14015 14018
10 14037 14043 14044 14045 14048 14075 14079 14087 14088 14090
11 14098 14104 14105 14106 14109 14136 14140 14148 14149 14151 14162
6 14178 14184 14185 14186 14189 14216
7 14226 14232 14233 14234 14237 14264 14268
7 14282 14288 14289 14290 14293 14320 14324
11 14338 14344 14345 14346 14349 14376 14380 14388 14389 14391 14402
6 14422 14428 14429 14430 14433 14460
0
11 14484 14490 14491 14492 14495 14522 14526 14534 14535 14537 14548
6 14564 14570 14571 14572 14575 14602
4 14619 14625 14626 14627
7 14642 14648 14649 14650 14653 14680 14684
10 14694 14700 14701 14702 14705 14732 14736 14744 14745 14747
10 14760 14766 14767 14768 14771 14798 14802 14810 14811 14813
5 14831 14837 14838 14839 14842
1 14867
10 13849 14872 14873 14874 14877 14904 14908 14916 14917 14919
13 11080 14933 14934 14935 14938 14965 14969 14977 14978 14980 14991 14995 14997
11 15005 15011 15012 15013 15016 15043 15047 15055 15056 15058 15069
10 15077 15083 15084 15085 15088 15115 15119 15127 15128 15130
10 15140 15146 15147 15148 15151 15178 15182 15190 15191 15193
0
10 15215 15221 15222 15223 15226 15253 15257 15265 15266 15268
10 8692 11081 13648 15272 15275 15302 15306 15314 15315 15317
9 15328 15334 15335 15336 15339 15366 15370 15378 15379
4 15393 15399 15400 15401
10 13242 15404 15405 15406 15409 15436 15440 15448 15449 15451
7 15461 15467 15468 15469 15472 15499 15503
10 15514 15520 15521 15522 15525 15552 15556 15564 15565 15567
8 15578 15584 15585 15586 15589 15616 15620 15628
6 15636 15642 15643 15644 15647 15674
5 15691 15697 15698 15699 15702
5 15740 15746 15747 15748 15751
7 15768 15774 15775 15776 15779 15806 15810
10 9379 15814 15815 15816 15819 15846 15850 15858 15859 15861
7 15872 15878 15879 15880 15883 15910 15914
5 15928 15934 15935 15936 15939
7 15972 15978 15979 15980 15983 16010 16014
7 16029 16035 16036 16037 16040 16067 16071
10 13879 16080 16081 16082 16085 16112 16116 16124 16125 16127
5 16143 16149 16150 16151 16154
13 16181 16187 16188 16189 16192 16219 16223 16231 16232 16234 16245 16249 16251
5 16266 16272 16273 16274 16277
5 16304 16310 16311 16312 16315
13 16333 16339 16340 16341 16344 16371 16375 16383 16384 16386 16397 16401 16403
9 16415 16421 16422 16423 16426 16453 16457 16465 16466
6 16477 16483 16484 16485 16488 16515
12 16519 16525 16526 16527 16530 16557 16561 16569 16570 16572 16583 16587
11 16590 16596 16597 16598 16601 16628 16632 16640 16641 16643 16654
9 16659 16665 16666 16667 16670 16697 16701 16709 16710
7 16722 16728 16729 16730 16733 16760 16764
10 16784 16790 16791 16792 16795 16822 16826 16834 16835 16837
5 16857 16863 16864 16865 16868
10 16909 16915 16916 16917 16920 16947 16951 16959 16960 16962
7 16973 16979 16980 16981 16984 17011 17015
10 17034 17040 17041 17042 17045 17072 17076 17084 17085 17087
10 17099 17105 17106 17107 17110 17137 17141 17149 17150 17152
7 17170 17176 17177 17178 17181 17208 17212
5 17227 17233 17234 17235 17238
11 17257 17263 17264 17265 17268 17295 17299 17307 17308 17310 17321
10 8002 17324 17325 17326 17329 17356 17360 17368 17369 17371
10 12446 17378 17379 17380 17383 17410 17414 17422 17423 17425
8 17437 17443 17444 17445 17448 17475 17479 17487
10 17496 17502 17503 17504 17507 17534 17538 17546 17547 17549
7 17567 17573 17574 17575 17578 17605 17609
13 17624 17630 17631 17632 17635 17662 17666 17674 17675 17677 17688 17692 17694
5 17709 17715 17716 17717 17720
12 11237 17742 17743 17744 17747 17774 17778 17786 17787 17789 17800 17804
10 17809 17815 17816 17817 17820 17847 17851 17859 17860 17862
12 8962 15969 16179 16466 17871 17898 17902 17910 17911 17913 17924 17928
5 17935 17941 17942 17943 17946
0
7 17980 17986 17987 17988 17991 18018 18022
10 18029 18035 18036 18037 18040 18067 18071 18079 18080 18082
9 18084 18090 18091 18092 18095 18122 18126 18134 18135
10 18139 18145 18146 18147 18150 18177 18181 18189 18190 18192
7 18218 18224 18225 18226 18229 18256 18260
10 18269 18275 18276 18277 18280 18307 18311 18319 18320 18322
7 16252 18333 18334 18335 18338 18365 18369
7 18392 18398 18399 18400 18403 18430 18434
5 18452 18458 18459 18460 18463
7 11905 18466 18467 18468 18471 18498 18502
6 18512 18518 18519 18520 18523 18550
7 18556 18562 18563 18564 18567 18594 18598
10 18600 18606 18607 18608 18611 18638 18642 18650 18651 18653
6 18668 18674 18675 18676 18679 18706
5 18713 18719 18720 18721 18724
5 18757 18763 18764 18765 18768
7 18796 18802 18803 18804 18807 18834 18838
8 18850 18856 18857 18858 18861 18888 18892 18900
10 18903 18909 18910 18911 18914 18941 18945 18953 18954 18956
10 18966 18972 18973 18974 18977 19004 19008 19016 19017 19019
5 19030 19036 19037 19038 19041
11 19068 19074 19075 19076 19079 19106 19110 19118 19119 19121 19132
5 19147 19153 19154 19155 19158
10 19184 19190 19191 19192 19195 19222 19226 19234 19235 19237
6 19257 19263 19264 19265 19268 19295
0
11 5182 11494 11498 11499 11511 19328 19332 19340 19341 19343 19354
6 19370 19376 19377 19378 19381 19408
10 19419 19425 19426 19427 19430 19457 19461 19469 19470 19472
5 19494 19500 19501 19502 19505
7 19523 19529 19530 19531 19534 19561 19565
7 19582 19588 19589 19590 19593 19620 19624
9 19631 19637 19638 19639 19642 19669 19673 19681 19682
10 19693 19699 19700 19701 19704 19731 19735 19743 19744 19746
11 19769 19775 19776 19777 19780 19807 19811 19819 19820 19822 19833
7 19836 19842 19843 19844 19847 19874 19878
5 19894 19900 19901 19902 19905
10 19930 19936 19937 19938 19941 19968 19972 19980 19981 19983
10 19988 19994 19995 19996 19999 20026 20030 20038 20039 20041
10 20056 20062 20063 20064 20067 20094 20098 20106 20107 20109
10 7365 12358 16518 16520 20110 20137 20141 20149 20150 20152
10 13711 20165 20166 20167 20170 20197 20201 20209 20210 20212
13 12486 15519 17291 17292 17642 20245 20249 20257 20258 20260 20271 20275 20277
9 20283 20289 20290 20291 20294 20321 20325 20333 20334
11 20350 20356 20357 20358 20361 20388 20392 20400 20401 20403 20414
5 20423 20429 20430 20431 20434
10 20469 20475 20476 20477 20480 20507 20511 20519 20520 20522
7 20531 20537 20538 20539 20542 20569 20573
12 20587 20593 20594 20595 20598 20625 20629 20637 20638 20640 20651 20655
7 20664 20670 20671 20672 20675 20702 20706
5 20719 20725 20726 20727 20730
7 20748 20754 20755 20756 20759 20786 20790
6 20800 20806 20807 20808 20811 20838
7 20853 20859 20860 20861 20864 20891 20895
10 20903 20909 20910 20911 20914 20941 20945 20953 20954 20956
11 15839 20961 20962 20963 20966 20993 20997 21005 21006 21008 21019
10 16442 21023 21024 21025 21028 21055 21059 21067 21068 21070
1 21095
13 21111 21117 21118 21119 21122 21149 21153 21161 21162 21164 21175 21179 21181
5 21193 21199 21200 21201 21204
0
10 21237 21243 21244 21245 21248 21275 21279 21287 21288 21290
10 21299 21305 21306 21307 21310 21337 21341 21349 21350 21352
10 21358 21364 21365 21366 21369 21396 21400 21408 21409 21411
6 21430 21436 21437 21438 21441 21468
7 21477 21483 21484 21485 21488 21515 21519
10 21534 21540 21541 21542 21545 21572 21576 21584 21585 21587
7 17436 21597 21598 21599 21602 21629 21633
0
7 21665 21671 21672 21673 21676 21703 21707
10 21727 21733 21734 21735 21738 21765 21769 21777 21778 21780
10 21799 21805 21806 21807 21810 21837 21841 21849 21850 21852
5 21864 21870 21871 21872 21875
13 21900 21906 21907 21908 21911 21938 21942 21950 21951 21953 21964 21968 21970
10 21980 21986 21987 21988 21991 22018 22022 22030 22031 22033
10 22047 22053 22054 22055 22058 22085 22089 22097 22098 22100
10 20167 22106 22107 22108 22111 22138 22142 22150 22151 22153
11 22157 22163 22164 22165 22168 22195 22199 22207 22208 22210 22221
6 22230 22236 22237 22238 22241 22268
11 22279 22285 22286 22287 22290 22317 22321 22329 22330 22332 22343
10 22352 22358 22359 22360 22363 22390 22394 22402 22403 22405
8 22412 22418 22419 22420 22423 22450 22454 22462
7 22471 22477 22478 22479 22482 22509 22513
11 22522 22528 22529 22530 22533 22560 22564 22572 22573 22575 22586
10 12845 22587 22588 22589 22592 22619 22623 22631 22632 22634
5 22650 22656 22657 22658 22661
10 22682 22688 22689 22690 22693 22720 22724 22732 22733 22735
5 22751 22757 22758 22759 22762
10 22793 22799 22800 22801 22804 22831 22835 22843 22844 22846
7 22865 22871 22872 22873 22876 22903 22907
5 22931 22937 22938 22939 22942
7 22970 22976 22977 22978 22981 23008 23012
10 23027 23033 23034 23035 23038 23065 23069 23077 23078 23080
7 23099 23105 23106 23107 23110 23137 23141
8 23154 23160 23161 23162 23165 23192 23196 23204
5 23217 23223 23224 23225 23228
10 23258 23264 23265 23266 23269 23296 23300 23308 23309 23311
7 23321 23327 23328 23329 23332 23359 23363
9 23376 23382 23383 23384 23387 23414 23418 23426 23427
5 23441 23447 23448 23449 23452
6 23457 23463 23464 23465 23468 23495
11 23500 23506 23507 23508 23511 23538 23542 23550 23551 23553 23564
10 23572 23578 23579 23580 23583 23610 23614 23622 23623 23625
10 23633 23639 23640 23641 23644 23671 23675 23683 23684 23686
10 14304 18891 20680 21359 23698 23725 23729 23737 23738 23740
10 21619 23756 23757 23758 23761 23788 23792 23800 23801 23803
10 23819 23825 23826 23827 23830 23857 23861 23869 23870 23872
10 20237 23882 23883 23884 23887 23914 23918 23926 23927 23929
13 14623 15553 15566 15568 17273 23954 23958 23966 23967 23969 23980 23984 23986
10 17436 23989 23990 23991 23994 24021 24025 24033 24034 24036
5 24061 24067 24068 24069 24072
7 24102 24108 24109 24110 24113 24140 24144
11 12877 23612 24146 24147 24150 24177 24181 24189 24190 24192 24203
7 24215 24221 24222 24223 24226 24253 24257
5 24269 24275 24276 24277 24280
5 24313 24319 24320 24321 24324
10 24345 24351 24352 24353 24356 24383 24387 24395 24396 24398
11 24413 24419 24420 24421 24424 24451 24455 24463 24464 24466 24477
10 12482 21992 22127 23961 24480 24507 24511 24519 24520 24522
9 24539 24545 24546 24547 24550 24577 24581 24589 24590
10 16175 20965 22950 24592 24595 24622 24626 24634 24635 24637
13 7737 17293 17411 18489 21435 24658 24662 24670 24671 24673 24684 24688 24690
7 24696 24702 24703 24704 24707 24734 24738
10 24754 24760 24761 24762 24765 24792 24796 24804 24805 24807
7 24816 24822 24823 24824 24827 24854 24858
5 24876 24882 24883 24884 24887
0
10 20961 24908 24909 24910 24913 24940 24944 24952 24953 24955
10 17963 24963 24964 24965 24968 24995 24999 25007 25008 25010
8 25012 25018 25019 25020 25023 25050 25054 25062
7 25069 25075 25076 25077 25080 25107 25111
8 25124 25130 25131 25132 25135 25162 25166 25174
10 25183 25189 25190 25191 25194 25221 25225 25233 25234 25236
10 25240 25246 25247 25248 25251 25278 25282 25290 25291 25293
7 25301 25307 25308 25309 25312 25339 25343
7 25362 25368 25369 25370 25373 25400 25404
6 25421 25427 25428 25429 25432 25459
10 25464 25470 25471 25472 25475 25502 25506 25514 25515 25517
11 16120 25528 25529 25530 25533 25560 25564 25572 25573 25575 25586
7 25600 25606 25607 25608 25611 25638 25642
9 25646 25652 25653 25654 25657 25684 25688 25696 25697
10 25706 25712 25713 25714 25717 25744 25748 25756 25757 25759
5 25775 25781 25782 25783 25786
5 25825 25831 25832 25833 25836
13 25856 25862 25863 25864 25867 25894 25898 25906 25907 25909 25920 25924 25926
10 25929 25935 25936 25937 25940 25967 25971 25979 25980 25982
7 26005 26011 26012 26013 26016 26043 26047
10 26059 26065 26066 26067 26070 26097 26101 26109 26110 26112
5 11805 26117 26118 26119 26122
7 26135 26141 26142 26143 26146 26173 26177
11 25240 26186 26187 26188 26191 26218 26222 26230 26231 26233 26244
5 26254 26260 26261 26262 26265
5 26292 26298 26299 26300 26303
5 26337 26343 26344 26345 26348
13 26354 26360 26361 26362 26365 26392 26396 26404 26405 26407 26418 26422 26424
7 12420 26426 26427 26428 26431 26458 26462
10 26479 26485 26486 26487 26490 26517 26521 26529 26530 26532
10 26539 26545 26546 26547 26550 26577 26581 26589 26590 26592
7 26600 26606 26607 26608 26611 26638 26642
5 26652 26658 26659 26660 26663
10 10026 12893 13369 14623 19849 26696 26700 26708 26709 26711
7 26447 26726 26727 26728 26731 26758 26762
6 26770 26776 26777 26778 26781 26808
7 26827 26833 26834 26835 26838 26865 26869
1 26888
6 26907 26913 26914 26915 26918 26945
7 26952 26958 26959 26960 26963 26990 26994
0
5 27019 27025 27026 27027 27030
5 27071 27077 27078 27079 27082
10 20234 24228 24231 27084 27087 27114 27118 27126 27127 27129
6 27156 27162 27163 27164 27167 27194
10 27204 27210 27211 27212 27215 27242 27246 27254 27255 27257
11 27268 27274 27275 27276 27279 27306 27310 27318 27319 27321 27332
8 27336 27342 27343 27344 27347 27374 27378 27386
0
5 27417 27423 27424 27425 27428
5 27458 27464 27465 27466 27469
5 16326 27488 27489 27490 27493
5 27535 27541 27542 27543 27546
7 27571 27577 27578 27579 27582 27609 27613
5 27633 27639 27640 27641 27644
5 27680 27686 27687 27688 27691
7 23908 27698 27699 27700 27703 27730 27734
5 27742 27748 27749 27750 27753
0
0
5 27799 27805 27806 27807 27810
0
6 27853 27859 27860 27861 27864 27891
5 27912 27918 27919 27920 27923
0
7 27949 27955 27956 27957 27960 27987 27991
6 26445 28000 28001 28002 28005 28032
0
10 28048 28054 28055 28056 28059 28086 28090 28098 28099 28101
5 28122 28128 28129 28130 28133
1 28163
5 28183 28189 28190 28191 28194
0
10 28240 28246 28247 28248 28251 28278 28282 28290 28291 28293
1 28319
8 28328 28334 28335 28336 28339 28366 28370 28378
10 28380 28386 28387 28388 28391 28418 28422 28430 28431 28433
9 28446 28452 28453 28454 28457 28484 28488 28496 28497
5 28509 28515 28516 28517 28520
6 26469 28532 28533 28534 28537 28564
0
6 28574 28580 28581 28582 28585 28612
1 28633
5 28646 28652 28653 28654 28657
7 28694 28700 28701 28702 28705 28732 28736
10 28742 28748 28749 28750 28753 28780 28784 28792 28793 28795
4 28815 28821 28822 28823
10 28843 28849 28850 28851 28854 28881 28885 28893 28894 28896
0
0
12 28934 28940 28941 28942 28945 28972 28976 28984 28985 28987 28998 29002
11 29020 29026 29027 29028 29031 29058 29062 29070 29071 29073 29084
5 29102 29108 29109 29110 29113
0
0
10 29149 29155 29156 29157 29160 29187 29191 29199 29200 29202
5 29216 29222 29223 29224 29227
5 29266 29272 29273 29274 29277
10 15815 20814 21524 23710 29296 29323 29327 29335 29336 29338
1 29355
0
0
5 29377 29383 29384 29385 29388
9 29417 29423 29424 29425 29428 29455 29459 29467 29468
7 29478 29484 29485 29486 29489 29516 29520
7 29537 29543 29544 29545 29548 29575 29579
11 29591 29597 29598 29599 29602 29629 29633 29641 29642 29644 29655
0
6 29679 29685 29686 29687 29690 29717
10 15190 29721 29722 29723 29726 29753 29757 29765 29766 29768
0
11 24626 29789 29790 29791 29794 29821 29825 29833 29834 29836 29847
5 29865 29871 29872 29873 29876
10 29890 29896 29897 29898 29901 29928 29932 29940 29941 29943
11 29952 29958 29959 29960 29963 29990 29994 30002 30003 30005 30016
9 30023 30029 30030 30031 30034 30061 30065 30073 30074
7 30086 30092 30093 30094 30097 30124 30128
5 30144 30150 30151 30152 30155
7 30180 30186 30187 30188 30191 30218 30222
12 30233 30239 30240 30241 30244 30271 30275 30283 30284 30286 30297 30301
6 30310 30316 30317 30318 30321 30348
10 30359 30365 30366 30367 30370 30397 30401 30409 30410 30412
5 30434 30440 30441 30442 30445
7 30480 30486 30487 30488 30491 30518 30522
5 30542 30548 30549 30550 30553
1 30596
10 30606 30612 30613 30614 30617 30644 30648 30656 30657 30659
12 30666 30672 30673 30674 30677 30704 30708 30716 30717 30719 30730 30734
13 14228 15192 15193 15194 15197 30747 30751 30759 30760 30762 30773 30777 30779
5 30800 30806 30807 30808 30811
0
0
0
5 30872 30878 30879 30880 30883
5 30903 30909 30910 30911 30914
0
10 30947 30953 30954 30955 30958 30985 30989 30997 30998 31000
10 31016 31022 31023 31024 31027 31054 31058 31066 31067 31069
7 31078 31084 31085 31086 31089 31116 31120
10 31136 31142 31143 31144 31147 31174 31178 31186 31187 31189
10 31199 31205 31206 31207 31210 31237 31241 31249 31250 31252
4 31275 31281 31282 31283
5 31298 31304 31305 31306 31309
7 31350 31356 31357 31358 31361 31388 31392
5 31409 31415 31416 31417 31420
6 31448 31454 31455 31456 31459 31486
9 29676 31491 31492 31493 31496 31523 31527 31535 31536
5 31549 31555 31556 31557 31560
7 31589 31595 31596 31597 31600 31627 31631
7 31645 31651 31652 31653 31656 31683 31687
5 31710 31716 31717 31718 31721
5 31750 31756 31757 31758 31761
7 31776 31782 31783 31784 31787 31814 31818
5 31836 31842 31843 31844 31847
11 31869 31875 31876 31877 31880 31907 31911 31919 31920 31922 31933
7 31947 31953 31954 31955 31958 31985 31989
7 32004 32010 32011 32012 32015 32042 32046
11 32067 32073 32074 32075 32078 32105 32109 32117 32118 32120 32131
5 32150 32156 32157 32158 32161
10 32185 32191 32192 32193 32196 32223 32227 32235 32236 32238
10 32242 32248 32249 32250 32253 32280 32284 32292 32293 32295
5 32317 32323 32324 32325 32328
7 32357 32363 32364 32365 32368 32395 32399
6 32411 32417 32418 32419 32422 32449
10 32464 32470 32471 32472 32475 32502 32506 32514 32515 32517
11 28899 32530 32531 32532 32535 32562 32566 32574 32575 32577 32588
5 32595 32601 32602 32603 32606
5 32649 32655 32656 32657 32660
5 32700 32706 32707 32708 32711
5 32734 32740 32741 32742 32745
5 32774 32780 32781 32782 32785
8 32795 32801 32802 32803 32806 32833 32837 32845
0
5 32863 32869 32870 32871 32874
0
5 32914 32920 32921 32922 32925
0
10 32946 32952 32953 32954 32957 32984 32988 32996 32997 32999
7 33023 33029 33030 33031 33034 33061 33065
6 33078 33084 33085 33086 33089 33116
5 33134 33140 33141 33142 33145
10 33165 33171 33172 33173 33176 33203 33207 33215 33216 33218
7 33235 33241 33242 33243 33246 33273 33277
5 33298 33304 33305 33306 33309
0
7 33341 33347 33348 33349 33352 33379 33383
5 33404 33410 33411 33412 33415
7 33422 33428 33429 33430 33433 33460 33464
10 19488 27243 30622 30660 33471 33498 33502 33510 33511 33513
5 33525 33531 33532 33533 33536
10 33575 33581 33582 33583 33586 33613 33617 33625 33626 33628
5 33642 33648 33649 33650 33653
12 33660 33666 33667 33668 33671 33698 33702 33710 33711 33713 33724 33728
7 33735 33741 33742 33743 33746 33773 33777
10 33786 33792 33793 33794 33797 33824 33828 33836 33837 33839
5 33863 33869 33870 33871 33874
0
7 33912 33918 33919 33920 33923 33950 33954
7 33972 33978 33979 33980 33983 34010 34014
5 34038 34044 34045 34046 34049
5 34076 34082 34083 34084 34087
7 34099 34105 34106 34107 34110 34137 34141
0
6 34155 34161 34162 34163 34166 34193
0
10 34204 34210 34211 34212 34215 34242 34246 34254 34255 34257
5 34281 34287 34288 34289 34292
6 34325 34331 34332 34333 34336 34363
5 34378 34384 34385 34386 34389
10 34426 34432 34433 34434 34437 34464 34468 34476 34477 34479
5 34490 34496 34497 34498 34501
0
10 34537 34543 34544 34545 34548 34575 34579 34587 34588 34590
6 34605 34611 34612 34613 34616 34643
5 34648 34654 34655 34656 34659
4 34695 34701 34702 34703
13 33835 34709 34710 34711 34714 34741 34745 34753 34754 34756 34767 34771 34773
9 15087 24644 24846 26041 34775 34802 34806 34814 34815
13 34822 34828 34829 34830 34833 34860 34864 34872 34873 34875 34886 34890 34892
7 34894 34900 34901 34902 34905 34932 34936
5 34960 34966 34967 34968 34971
2 34992 34998
10 35005 35011 35012 35013 35016 35043 35047 35055 35056 35058
0
5 35074 35080 35081 35082 35085
10 35114 35120 35121 35122 35125 35152 35156 35164 35165 35167
10 35186 35192 35193 35194 35197 35224 35228 35236 35237 35239
5 35260 35266 35267 35268 35271
0
7 35293 35299 35300 35301 35304 35331 35335
5 35354 35360 35361 35362 35365
4 35386 35392 35393 35394
10 35412 35418 35419 35420 35423 35450 35454 35462 35463 35465
0
0
11 16185 35470 35471 35472 35475 35502 35506 35514 35515 35517 35528
5 35532 35538 35539 35540 35543
5 35570 35576 35577 35578 35581
5 35622 35628 35629 35630 35633
4 35668 35674 35675 35676
12 35688 35694 35695 35696 35699 35726 35730 35738 35739 35741 35752 35756
5 35774 35780 35781 35782 35785
5 35810 35816 35817 35818 35821
7 35843 35849 35850 35851 35854 35881 35885
12 35890 35896 35897 35898 35901 35928 35932 35940 35941 35943 35954 35958
7 35972 35978 35979 35980 35983 36010 36014
12 36031 36037 36038 36039 36042 36069 36073 36081 36082 36084 36095 36099
0
5 36121 36127 36128 36129 36132
0
5 36153 36159 36160 36161 36164
6 36194 36200 36201 36202 36205 36232
5 36253 36259 36260 36261 36264
10 28179 36280 36281 36282 36285 36312 36316 36324 36325 36327
13 36331 36337 36338 36339 36342 36369 36373 36381 36382 36384 36395 36399 36401
11 30411 36404 36405 36406 36409 36436 36440 36448 36449 36451 36462
5 36473 36479 36480 36481 36484
7 36517 36523 36524 36525 36528 36555 36559
0
7 36583 36589 36590 36591 36594 36621 36625
5 36644 36650 36651 36652 36655
1 36686
5 36699 36705 36706 36707 36710
0
7 33493 36738 36739 36740 36743 36770 36774
0
0
7 36798 36804 36805 36806 36809 36836 36840
10 36857 36863 36864 36865 36868 36895 36899 36907 36908 36910
7 22871 36921 36922 36923 36926 36953 36957
7 36974 36980 36981 36982 36985 37012 37016
5 37031 37037 37038 37039 37042
5 37053 37059 37060 37061 37064
0
0
0
7 37083 37089 37090 37091 37094 37121 37125
10 37146 37152 37153 37154 37157 37184 37188 37196 37197 37199
6 37218 37224 37225 37226 37229 37256
0
6 37277 37283 37284 37285 37288 37315
7 37325 37331 37332 37333 37336 37363 37367
13 37387 37393 37394 37395 37398 37425 37429 37437 37438 37440 37451 37455 37457
4 37464 37470 37471 37472
1 37490
0
6 37509 37515 37516 37517 37520 37547
0
5 37576 37582 37583 37584 37587
5 37628 37634 37635 37636 37639
7 37669 37675 37676 37677 37680 37707 37711
0
10 24976 37735 37736 37737 37740 37767 37771 37779 37780 37782
5 37796 37802 37803 37804 37807
5 37849 37855 37856 37857 37860
13 37888 37894 37895 37896 37899 37926 37930 37938 37939 37941 37952 37956 37958
13 37961 37967 37968 37969 37972 37999 38003 38011 38012 38014 38025 38029 38031
5 38048 38054 38055 38056 38059
0
10 38090 38096 38097 38098 38101 38128 38132 38140 38141 38143
10 38158 38164 38165 38166 38169 38196 38200 38208 38209 38211
7 38230 38236 38237 38238 38241 38268 38272
0
0
10 38291 38297 38298 38299 38302 38329 38333 38341 38342 38344
10 38358 38364 38365 38366 38369 38396 38400 38408 38409 38411
7 38426 38432 38433 38434 38437 38464 38468
10 38483 38489 38490 38491 38494 38521 38525 38533 38534 38536
0
10 38560 38566 38567 38568 38571 38598 38602 38610 38611 38613
5 38628 38634 38635 38636 38639
0
10 38679 38685 38686 38687 38690 38717 38721 38729 38730 38732
10 27773 37968 38734 38735 38738 38765 38769 38777 38778 38780
7 38801 38807 38808 38809 38812 38839 38843
10 38865 38871 38872 38873 38876 38903 38907 38915 38916 38918
5 38933 38939 38940 38941 38944
5 38978 38984 38985 38986 38989
9 39008 39014 39015 39016 39019 39046 39050 39058 39059
10 39071 39077 39078 39079 39082 39109 39113 39121 39122 39124
13 14201 19629 20270 20276 23952 39150 39154 39162 39163 39165 39176 39180 39182
1 39198
0
0
10 39211 39217 39218 39219 39222 39249 39253 39261 39262 39264
7 39272 39278 39279 39280 39283 39310 39314
5 39333 39339 39340 39341 39344
6 39379 39385 39386 39387 39390 39417
11 33503 39423 39424 39425 39428 39455 39459 39467 39468 39470 39481
1 39487
5 39495 39501 39502 39503 39506
7 39518 39524 39525 39526 39529 39556 39560
10 39575 39581 39582 39583 39586 39613 39617 39625 39626 39628
7 39642 39648 39649 39650 39653 39680 39684
7 39700 39706 39707 39708 39711 39738 39742
9 39755 39761 39762 39763 39766 39793 39797 39805 39806
7 39808 39814 39815 39816 39819 39846 39850
10 27269 39853 39854 39855 39858 39885 39889 39897 39898 39900
5 39928 39934 39935 39936 39939
5 39968 39975 39976 39977 39980
3 40012 40018 40019
10 40022 40028 40029 40030 40033 40060 40064 40072 40073 40075
10 21613 27642 30097 40079 40082 40109 40113 40121 40122 40124
0
7 40160 40166 40167 40168 40171 40198 40202
6 40215 40221 40222 40223 40226 40253
9 40259 40265 40266 40267 40270 40297 40301 40309 40310
7 40323 40329 40330 40331 40334 40361 40365
1 40384
0
11 17963 21014 23736 24967 24989 40419 40423 40431 40432 40434 40445
5 40453 40459 40460 40461 40464
5 40505 40511 40512 40513 40516
11 40558 40564 40565 40566 40569 40596 40600 40608 40609 40611 40622
7 40642 40648 40649 40650 40653 40680 40684
0
6 40707 40713 40714 40715 40718 40745
0
7 40758 40764 40765 40766 40769 40796 40800
0
13 40820 40826 40827 40828 40831 40858 40862 40870 40871 40873 40884 40888 40890
0
2 40918 40924
5 40942 40948 40949 40950 40953
5 40990 40996 40997 40998 41001
0
5 41035 41041 41042 41043 41046
5 41075 41081 41082 41083 41086
5 41124 41130 41131 41132 41135
0
7 41154 41160 41161 41162 41165 41192 41196
2 41204 41210
5 41228 41234 41235 41236 41239
10 10678 28353 30248 31127 41258 41285 41289 41297 41298 41300
10 21661 41312 41313 41314 41317 41344 41348 41356 41357 41359
7 25463 41366 41367 41368 41371 41398 41402
7 41414 41420 41421 41422 41425 41452 41456
7 41469 41475 41476 41477 41480 41507 41511
5 41531 41537 41538 41539 41542
10 25246 41546 41547 41548 41551 41578 41582 41590 41591 41593
11 41602 41608 41609 41610 41613 41640 41644 41652 41653 41655 41666
7 41674 41680 41681 41682 41685 41712 41716
7 19252 25307 28672 29296 32793 41742 41746
0
11 41780 41786 41787 41788 41791 41818 41822 41830 41831 41833 41844
7 41856 41862 41863 41864 41867 41894 41898
13 28899 40479 41904 41905 41908 41935 41939 41947 41948 41950 41961 41965 41967
10 41975 41981 41982 41983 41986 42013 42017 42025 42026 42028
0
10 42047 42053 42054 42055 42058 42085 42089 42097 42098 42100
13 42112 42118 42119 42120 42123 42150 42154 42162 42163 42165 42176 42180 42182
8 42184 42190 42191 42192 42195 42222 42226 42234
7 42250 42256 42257 42258 42261 42288 42292
0
12 14537 30022 31612 31828 42183 42325 42329 42337 42338 42340 42351 42355
7 30620 42358 42359 42360 42363 42390 42394
5 42414 42420 42421 42422 42425
5 42450 42456 42457 42458 42461
5 42501 42507 42508 42509 42512
12 42537 42543 42544 42545 42548 42575 42579 42587 42588 42590 42601 42605
7 42611 42617 42618 42619 42622 42649 42653
7 42667 42673 42674 42675 42678 42705 42709
7 42716 42722 42723 42724 42727 42754 42758
0
10 42777 42783 42784 42785 42788 42815 42819 42827 42828 42830
7 42850 42856 42857 42858 42861 42888 42892
5 42910 42916 42917 42918 42921
0
5 42935 42941 42942 42943 42946
7 42986 42992 42993 42994 42997 43024 43028
10 43041 43047 43048 43049 43052 43079 43083 43091 43092 43094
10 26127 43097 43098 43099 43102 43129 43133 43141 43142 43144
5 43162 43168 43169 43170 43173
7 43188 43194 43195 43196 43199 43226 43230
10 40693 43236 43237 43238 43241 43268 43272 43280 43281 43283
5 43306 43312 43313 43314 43317
7 43327 43333 43334 43335 43338 43365 43369
4 43395 43401 43402 43403
10 43409 43415 43416 43417 43420 43447 43451 43459 43460 43462
5 43487 43493 43494 43495 43498
6 43518 43524 43525 43526 43529 43556
0
0
0
10 43572 43578 43579 43580 43583 43610 43614 43622 43623 43625
9 43636 43642 43643 43644 43647 43674 43678 43686 43687
0
5 38165 43707 43708 43709 43712
5 43745 43751 43752 43753 43756
7 13672 43761 43762 43763 43766 43793 43797
9 43817 43823 43824 43825 43828 43855 43859 43867 43868
5 43884 43890 43891 43892 43895
0
10 43924 43930 43931 43932 43935 43962 43966 43974 43975 43977
10 20069 27915 41312 41313 43981 44008 44012 44020 44021 44023
10 44036 44042 44043 44044 44047 44074 44078 44086 44087 44089
0
5 44108 44114 44115 44116 44119
5 44146 44152 44153 44154 44157
7 44179 44185 44186 44187 44190 44217 44221
10 44229 44235 44236 44237 44240 44267 44271 44279 44280 44282
1 44302
5 44320 44326 44327 44328 44331
0
9 44366 44372 44373 44374 44377 44404 44408 44416 44417
9 44430 44436 44437 44438 44441 44468 44472 44480 44481
8 44496 44502 44503 44504 44507 44534 44538 44546
0
6 44554 44560 44561 44562 44565 44592
5 44605 44611 44612 44613 44616
5 44644 44650 44651 44652 44655
5 44687 44693 44694 44695 44698
5 44737 44743 44744 44745 44748
7 44761 44767 44768 44769 44772 44799 44803
0
0
0
5 44838 44844 44845 44846 44849
5 44881 44887 44888 44889 44892
11 44916 44922 44923 44924 44927 44954 44958 44966 44967 44969 44980
0
13 14228 21873 23499 25394 28116 45023 45027 45035 45036 45038 45049 45053 45055
5 45061 45067 45068 45069 45072
5 45104 45110 45111 45112 45115
7 45145 45151 45152 45153 45156 45183 45187
9 45192 45198 45199 45200 45203 45230 45234 45242 45243
7 45245 45251 45252 45253 45256 45283 45287
1 45302
7 45323 45329 45330 45331 45334 45361 45365
10 38020 45372 45373 45374 45377 45404 45408 45416 45417 45419
7 45432 45438 45439 45440 45443 45470 45474
10 45485 45491 45492 45493 45496 45523 45527 45535 45536 45538
10 21222 24220 24247 26777 39841 45571 45575 45583 45584 45586
5 45612 45618 45619 45620 45623
10 44315 45637 45638 45639 45642 45669 45673 45681 45682 45684
4 45710 45716 45717 45718
8 25186 45723 45724 45725 45728 45755 45759 45767
0
7 45783 45789 45790 45791 45794 45821 45825
10 45846 45852 45853 45854 45857 45884 45888 45896 45897 45899
9 45909 45915 45916 45917 45920 45947 45951 45959 45960
5 45979 45985 45986 45987 45990
9 37966 45996 45997 45998 46001 46028 46032 46040 46041
7 46052 46058 46059 46060 46063 46090 46094
10 36715 46098 46099 46100 46103 46130 46134 46142 46143 46145
13 46161 46167 46168 46169 46172 46199 46203 46211 46212 46214 46225 46229 46231
1 46248
7 46265 46271 46272 46273 46276 46303 46307
10 46330 46336 46337 46338 46341 46368 46372 46380 46381 46383
6 46395 46401 46402 46403 46406 46433
11 31604 46436 46437 46438 46441 46468 46472 46480 46481 46483 46494
10 46507 46513 46514 46515 46518 46545 46549 46557 46558 46560
7 46568 46574 46575 46576 46579 46606 46610
5 46620 46626 46627 46628 46631
8 40440 46653 46654 46655 46658 46685 46689 46697
10 46703 46709 46710 46711 46714 46741 46745 46753 46754 46756
11 19541 25813 26777 27124 39817 46786 46790 46798 46799 46801 46812
0
5 46834 46840 46841 46842 46845
5 46875 46881 46882 46883 46886
10 46901 46907 46908 46909 46912 46939 46943 46951 46952 46954
7 34935 46966 46967 46968 46971 46998 47002
6 47015 47021 47022 47023 47026 47053
10 47062 47068 47069 47070 47073 47100 47104 47112 47113 47115
7 47126 47132 47133 47134 47137 47164 47168
0
11 47183 47189 47190 47191 47194 47221 47225 47233 47234 47236 47247
9 47251 47257 47258 47259 47262 47289 47293 47301 47302
0
10 47324 47330 47331 47332 47335 47362 47366 47374 47375 47377
0
12 47394 47400 47401 47402 47405 47432 47436 47444 47445 47447 47458 47462
5 47471 47477 47478 47479 47482
7 47511 47517 47518 47519 47522 47549 47553
0
1 47571
0
10 47592 47598 47599 47600 47603 47630 47634 47642 47643 47645
6 47657 47663 47664 47665 47668 47695
0
5 47718 47724 47725 47726 47729
5 47744 47750 47751 47752 47755
10 12241 28762 38760 46801 47781 47808 47812 47820 47821 47823
5 47844 47850 47851 47852 47855
10 47872 47878 47879 47880 47883 47910 47914 47922 47923 47925
6 47939 47945 47946 47947 47950 47977
7 47993 47999 48000 48001 48004 48031 48035
5 48044 48050 48051 48052 48055
1 48093
13 11863 20242 20493 21831 24730 48123 48127 48135 48136 48138 48149 48153 48155
10 48171 48177 48178 48179 48182 48209 48213 48221 48222 48224
7 48243 48249 48250 48251 48254 48281 48285
8 48298 48304 48305 48306 48309 48336 48340 48348
0
10 48360 48366 48367 48368 48371 48398 48402 48410 48411 48413
10 48429 48435 48436 48437 48440 48467 48471 48479 48480 48482
0
10 48496 48502 48503 48504 48507 48534 48538 48546 48547 48549
11 48568 48574 48575 48576 48579 48606 48610 48618 48619 48621 48632
7 48642 48648 48649 48650 48653 48680 48684
7 48701 48707 48708 48709 48712 48739 48743
11 32101 48751 48752 48753 48756 48783 48787 48795 48796 48798 48809
5 48826 48832 48833 48834 48837
10 25578 39800 41071 45022 48844 48871 48875 48883 48884 48886
10 48897 48903 48904 48905 48908 48935 48939 48947 48948 48950
5 48977 48983 48984 48985 48988
10 10506 29767 30287 49009 49012 49039 49043 49051 49052 49054
1 49077
9 49082 49088 49089 49090 49093 49120 49124 49132 49133
8 49141 49147 49148 49149 49152 49179 49183 49191
11 22590 49193 49194 49195 49198 49225 49229 49237 49238 49240 49251
10 49263 49269 49270 49271 49274 49301 49305 49313 49314 49316
10 49331 49337 49338 49339 49342 49369 49373 49381 49382 49384
7 49388 49394 49395 49396 49399 49426 49430
9 49450 49456 49457 49458 49461 49488 49492 49500 49501
0
7 19809 49507 49508 49509 49512 49539 49543
5 49558 49564 49565 49566 49569
6 49593 49599 49600 49601 49604 49631
5 49650 49656 49657 49658 49661
0
10 49687 49693 49694 49695 49698 49725 49729 49737 49738 49740
5 49756 49762 49763 49764 49767
0
7 49821 49827 49828 49829 49832 49859 49863
5 49885 49891 49892 49893 49896
12 9866 20758 20820 24757 46140 49926 49930 49938 49939 49941 49952 49956
10 21802 35062 49957 49958 49961 49988 49992 50000 50001 50003
10 50020 50026 50027 50028 50031 50058 50062 50070 50071 50073
7 50088 50094 50095 50096 50099 50126 50130
0
5 50166 50172 50173 50174 50177
10 50190 50196 50197 50198 50201 50228 50232 50240 50241 50243
4 50261 50267 50268 50269
5 50285 50291 50292 50293 50296
6 50299 50305 50306 50307 50310 50337
13 37928 50345 50346 50347 50350 50377 50381 50389 50390 50392 50403 50407 50409
5 35327 50417 50418 50419 50422
0
5 50468 50474 50475 50476 50479
5 50503 50509 50510 50511 50514
10 50533 50539 50540 50541 50544 50571 50575 50583 50584 50586
10 50602 50608 50609 50610 50613 50640 50644 50652 50653 50655
0
5 50673 50679 50680 50681 50684
7 50726 50732 50733 50734 50737 50764 50768
5 50789 50795 50796 50797 50800
0
0
0
10 50835 50841 50842 50843 50846 50873 50877 50885 50886 50888
4 50905 50911 50912 50913
10 41348 50919 50920 50921 50924 50951 50955 50963 50964 50966
3 50984 50990 50991
9 50999 51005 51006 51007 51010 51037 51041 51049 51050
7 51061 51067 51068 51069 51072 51099 51103
11 23353 30746 30748 34757 38780 51129 51133 51141 51142 51144 51155
0
5 51176 51182 51183 51184 51187
11 51211 51217 51218 51219 51222 51249 51253 51261 51262 51264 51275
5 51277 51283 51284 51285 51288
7 50902 51300 51301 51302 51305 51332 51336
5 51347 51353 51354 51355 51358
7 42926 51366 51367 51368 51371 51398 51402
5 51420 51426 51427 51428 51431
8 51439 51445 51446 51447 51450 51477 51481 51489
13 51503 51509 51510 51511 51514 51541 51545 51553 51554 51556 51567 51571 51573
5 51590 51596 51597 51598 51601
7 51617 51623 51624 51625 51628 51655 51659
6 51675 51681 51682 51683 51686 51713
0
9 51724 51730 51731 51732 51735 51762 51766 51774 51775
0
10 29746 51779 51780 51781 51784 51811 51815 51823 51824 51826
11 42208 51832 51833 51834 51837 51864 51868 51876 51877 51879 51890
6 51903 51909 51910 51911 51914 51941
7 51952 51958 51959 51960 51963 51990 51994
0
5 52013 52019 52020 52021 52024
6 52051 52057 52058 52059 52062 52089
0
5 52107 52113 52114 52115 52118
5 52147 52153 52154 52155 52158
0
10 8426 12798 14818 15482 16087 52183 52187 52195 52196 52198
7 52214 52220 52221 52222 52225 52252 52256
7 44200 51292 51293 51294 52260 52287 52291
10 24460 40837 41251 45235 52299 52326 52330 52338 52339 52341
6 52352 52358 52359 52360 52363 52390
1 52398
7 52410 52416 52417 52418 52421 52448 52452
7 52470 52476 52477 52478 52481 52508 52512
0
7 52520 52526 52527 52528 52531 52558 52562
0
5 52586 52592 52593 52594 52597
13 18473 23528 23580 28515 45658 52629 52633 52641 52642 52644 52655 52659 52661
6 52666 52672 52673 52674 52677 52704
9 26465 52706 52707 52708 52711 52738 52742 52750 52751
10 52768 52774 52775 52776 52779 52806 52810 52818 52819 52821
10 26105 48509 50320 52824 52827 52854 52858 52866 52867 52869
10 52887 52893 52894 52895 52898 52925 52929 52937 52938 52940
7 52955 52961 52962 52963 52966 52993 52997
11 21803 46489 52103 52635 53004 53031 53035 53043 53044 53046 53057
5 53073 53079 53080 53081 53084
10 13668 18153 20344 21234 30928 53120 53124 53132 53133 53135
5 53154 53160 53161 53162 53165
7 53195 53201 53202 53203 53206 53233 53237
1 53256
5 53274 53280 53281 53282 53285
5 53297 53303 53304 53305 53308
5 53340 53346 53347 53348 53351
10 48278 53371 53372 53373 53376 53403 53407 53415 53416 53418
5 53430 53436 53437 53438 53441
10 24525 39983 40468 53456 53459 53486 53490 53498 53499 53501
10 53507 53513 53514 53515 53518 53545 53549 53557 53558 53560
0
7 53596 53602 53603 53604 53607 53634 53638
5 53652 53658 53659 53660 53663
5 53696 53702 53703 53704 53707
0
6 45568 53729 53730 53731 53734 53761
0
12 53765 53771 53772 53773 53776 53803 53807 53815 53816 53818 53829 53833
12 21360 49162 49717 53035 53836 53863 53867 53875 53876 53878 53889 53893
0
5 53924 53930 53931 53932 53935
10 53959 53965 53966 53967 53970 53997 54001 54009 54010 54012
10 54027 54033 54034 54035 54038 54065 54069 54077 54078 54080
5 54103 54109 54110 54111 54114
0
10 54122 54128 54129 54130 54133 54160 54164 54172 54173 54175
1 54196
7 54209 54215 54216 54217 54220 54247 54251
9 34045 50303 50316 50336 51692 54283 54287 54295 54296
10 54309 54315 54316 54317 54320 54347 54351 54359 54360 54362
0
10 31822 48924 50589 54372 54375 54402 54406 54414 54415 54417
10 25578 45926 49339 49340 54428 54455 54459 54467 54468 54470
7 54490 54496 54497 54498 54501 54528 54532
9 54541 54547 54548 54549 54552 54579 54583 54591 54592
5 54608 54614 54615 54616 54619
5 54651 54657 54658 54659 54662
7 54695 54701 54702 54703 54706 54733 54737
10 54744 54750 54751 54752 54755 54782 54786 54794 54795 54797
13 54811 54817 54818 54819 54822 54849 54853 54861 54862 54864 54875 54879 54881
0
5 54899 54905 54906 54907 54910
13 54936 54942 54943 54944 54947 54974 54978 54986 54987 54989 55000 55004 55006
5 55021 55027 55028 55029 55032
0
11 13396 19134 21493 21523 22227 55090 55094 55102 55103 55105 55116
7 55132 55138 55139 55140 55143 55170 55174
5 55196 55202 55203 55204 55207
11 11928 13437 15392 15425 15977 55225 55229 55237 55238 55240 55251
7 55266 55272 55273 55274 55277 55304 55308
5 55324 55330 55331 55332 55335
10 26192 48275 51121 52675 55351 55378 55382 55390 55391 55393
0
1 55416
7 55426 55432 55433 55434 55437 55464 55468
10 55482 55488 55489 55490 55493 55520 55524 55532 55533 55535
5 43801 55541 55542 55543 55546
6 55572 55578 55579 55580 55583 55610
10 55613 55619 55620 55621 55624 55651 55655 55663 55664 55666
5 55678 55684 55685 55686 55689
12 6450 11900 12881 13439 16099 55721 55725 55733 55734 55736 55747 55751
0
10 55760 55766 55767 55768 55771 55798 55802 55810 55811 55813
6 55820 55826 55827 55828 55831 55858
4 55872 55878 55879 55880
0
10 55892 55898 55899 55900 55903 55930 55934 55942 55943 55945
7 55954 55960 55961 55962 55965 55992 55996
0
7 56015 56021 56022 56023 56026 56053 56057
7 56075 56081 56082 56083 56086 56113 56117
10 12806 48421 49088 51799 56123 56150 56154 56162 56163 56165
10 52971 56181 56182 56183 56186 56213 56217 56225 56226 56228
4 56243 56249 56250 56251
0
5 56268 56274 56275 56276 56279
11 25426 55107 56293 56294 56297 56324 56328 56336 56337 56339 56350
10 56351 56357 56358 56359 56362 56389 56393 56401 56402 56404
0
10 5705 18028 23811 37950 52299 56438 56442 56450 56451 56453
1 56461
10 56481 56487 56488 56489 56492 56519 56523 56531 56532 56534
7 56548 56554 56555 56556 56559 56586 56590
9 56604 56610 56611 56612 56615 56642 56646 56654 56655
5 56665 56671 56672 56673 56676
10 56688 56694 56695 56696 56699 56726 56730 56738 56739 56741
10 56746 56752 56753 56754 56757 56784 56788 56796 56797 56799
5 56824 56830 56831 56832 56835
7 46500 50438 51337 52521 52564 56883 56887
7 56892 56898 56899 56900 56903 56930 56934
1 56943
1 56953
0
0
6 56991 56997 56998 56999 57002 57029
7 51303 57037 57038 57039 57042 57069 57073
5 57090 57096 57097 57098 57101
5 57116 57122 57123 57124 57127
7 57157 57163 57164 57165 57168 57195 57199
1 57215
10 57218 57224 57225 57226 57229 57256 57260 57268 57269 57271
12 14387 25485 28876 33492 40638 57295 57299 57307 57308 57310 57321 57325
5 55348 57332 57333 57334 57337
13 46741 57360 57361 57362 57365 57392 57396 57404 57405 57407 57418 57422 57424
5 57433 57439 57440 57441 57444
5 57482 57488 57489 57490 57493
5 57518 57524 57525 57526 57529
10 57560 57566 57567 57568 57571 57598 57602 57610 57611 57613
11 57634 57640 57641 57642 57645 57672 57676 57684 57685 57687 57698
8 57702 57708 57709 57710 57713 57740 57744 57752
6 57763 57769 57770 57771 57774 57801
6 57823 57829 57830 57831 57834 57861
6 57873 57879 57880 57881 57884 57911
5 57924 57930 57931 57932 57935
5 57969 57975 57976 57977 57980
11 58008 58014 58015 58016 58019 58046 58050 58058 58059 58061 58072
6 58094 58100 58101 58102 58105 58132
0
11 28190 52523 54038 58147 58150 58177 58181 58189 58190 58192 58203
12 58216 58222 58223 58224 58227 58254 58258 58266 58267 58269 58280 58284
10 58288 58294 58295 58296 58299 58326 58330 58338 58339 58341
5 58352 58358 58359 58360 58363
5 58399 58405 58406 58407 58410
10 15779 20658 22229 26428 44762 58461 58465 58473 58474 58476
5 58490 58496 58497 58498 58501
10 16585 26424 27668 36519 58509 58536 58540 58548 58549 58551
6 58566 58572 58573 58574 58577 58604
6 58618 58624 58625 58626 58629 58656
0
12 9330 22500 29600 33660 49240 58687 58691 58699 58700 58702 58713 58717
5 58733 58739 58740 58741 58744
5 58787 58793 58794 58795 58798
10 58803 58809 58810 58811 58814 58841 58845 58853 58854 58856
7 58869 58875 58876 58877 58880 58907 58911
7 58919 58925 58926 58927 58930 58957 58961
10 19928 31514 32230 34629 38456 58984 58988 58996 58997 58999
3 59017 59023 59024
4 59034 59040 59041 59042
0
6 59055 59061 59062 59063 59066 59093
4 59114 59120 59121 59122
1 59135
5 59149 59155 59156 59157 59160
0
11 59187 59193 59194 59195 59198 59225 59229 59237 59238 59240 59251
7 59256 59262 59263 59264 59267 59294 59298
8 59320 59326 59327 59328 59331 59358 59362 59370
10 59375 59381 59382 59383 59386 59413 59417 59425 59426 59428
10 59437 59443 59444 59445 59448 59475 59479 59487 59488 59490
11 59511 59517 59518 59519 59522 59549 59553 59561 59562 59564 59575
7 59592 59598 59599 59600 59603 59630 59634
5 59654 59660 59661 59662 59665
10 59688 59694 59695 59696 59699 59726 59730 59738 59739 59741
10 59751 59757 59758 59759 59762 59789 59793 59801 59802 59804
13 59811 59817 59818 59819 59822 59849 59853 59861 59862 59864 59875 59879 59881
4 59903 59909 59910 59911
5 59930 59936 59937 59938 59941
10 59960 59966 59967 59968 59971 59998 60002 60010 60011 60013
7 55071 60026 60027 60028 60031 60058 60062
0
6 60079 60085 60086 60087 60090 60117
5 60131 60137 60138 60139 60142
4 60171 60177 60178 60179
9 60193 60199 60200 60201 60204 60231 60235 60243 60244
5 60261 60267 60268 60269 60272
10 43633 60301 60302 60303 60306 60333 60337 60345 60346 60348
0
10 17357 19590 19928 20519 24231 60376 60380 60388 60389 60391
12 23464 30755 34793 44396 60404 60431 60435 60443 60444 60446 60457 60461
10 60481 60487 60488 60489 60492 60519 60523 60531 60532 60534
0
7 47688 60548 60549 60550 60553 60580 60584
11 33492 58209 60587 60588 60591 60618 60622 60630 60631 60633 60644
0
5 60658 60664 60665 60666 60669
5 60695 60701 60702 60703 60706
0
7 60729 60735 60736 60737 60740 60767 60771
11 60772 60778 60779 60780 60783 60810 60814 60822 60823 60825 60836
0
7 60856 60862 60863 60864 60867 60894 60898
9 60902 60908 60909 60910 60913 60940 60944 60952 60953
7 60964 60970 60971 60972 60975 61002 61006
11 61017 61023 61024 61025 61028 61055 61059 61067 61068 61070 61081
10 61090 61096 61097 61098 61101 61128 61132 61140 61141 61143
5 61152 61158 61159 61160 61163
10 61203 61209 61210 61211 61214 61241 61245 61253 61254 61256
0
7 61270 61276 61277 61278 61281 61308 61312
12 22306 35106 37121 42479 61319 61346 61350 61358 61359 61361 61372 61376
5 61385 61391 61392 61393 61396
5 61422 61428 61429 61430 61433
11 61464 61470 61471 61472 61475 61502 61506 61514 61515 61517 61528
10 43714 61531 61532 61533 61536 61563 61567 61575 61576 61578
10 16442 22467 26469 30651 45028 61613 61617 61625 61626 61628
7 61647 61653 61654 61655 61658 61685 61689
1 61709
1 61711
5 61719 61725 61726 61727 61730
10 61769 61775 61776 61777 61780 61807 61811 61819 61820 61822
7 61841 61847 61848 61849 61852 61879 61883
5 61889 61895 61896 61897 61900
9 61925 61931 61932 61933 61936 61963 61967 61975 61976
0
10 61982 61988 61989 61990 61993 62020 62024 62032 62033 62035
10 20197 31504 37667 39595 53841 62066 62070 62078 62079 62081
0
7 62113 62119 62120 62121 62124 62151 62155
10 62168 62174 62175 62176 62179 62206 62210 62218 62219 62221
7 62231 62237 62238 62239 62242 62269 62273
7 62277 62283 62284 62285 62288 62315 62319
0
10 46959 62325 62326 62327 62330 62357 62361 62369 62370 62372
1 62389
5 62409 62415 62416 62417 62420
5 62461 62467 62468 62469 62472
10 20101 33910 34478 35412 62499 62526 62530 62538 62539 62541
5 62552 62558 62559 62560 62563
0
10 62597 62603 62604 62605 62608 62635 62639 62647 62648 62650
7 62662 62668 62669 62670 62673 62700 62704
4 62715 62721 62722 62723
9 40423 62726 62727 62728 62731 62758 62762 62770 62771
9 62778 62784 62785 62786 62789 62816 62820 62828 62829
1 43725
5 62838 62844 62845 62846 62849
5 62876 62882 62883 62884 62887
1 62911
5 62932 62938 62939 62940 62943
11 49975 62954 62955 62956 62959 62986 62990 62998 62999 63001 63012
5 63027 63033 63034 63035 63038
7 63060 63066 63067 63068 63071 63098 63102
6 63115 63121 63122 63123 63126 63153
6 63169 63175 63176 63177 63180 63207
10 40426 56320 57058 60040 63211 63238 63242 63250 63251 63253
0
0
0
12 60596 63277 63278 63279 63282 63309 63313 63321 63322 63324 63335 63339
10 63354 63360 63361 63362 63365 63392 63396 63404 63405 63407
0
5 63422 63428 63429 63430 63433
10 63462 63468 63469 63470 63473 63500 63504 63512 63513 63515
7 63530 63536 63537 63538 63541 63568 63572
6 63592 63598 63599 63600 63603 63630
13 7373 9063 9269 9468 10429 63632 63636 63644 63645 63647 63658 63662 63664
5 63682 63688 63689 63690 63693
0
0
10 63734 63740 63741 63742 63745 63772 63776 63784 63785 63787
10 63809 63815 63816 63817 63820 63847 63851 63859 63860 63862
0
8 63878 63884 63885 63886 63889 63916 63920 63928
10 63940 63946 63947 63948 63951 63978 63982 63990 63991 63993
10 64003 64009 64010 64011 64014 64041 64045 64053 64054 64056
0
5 58163 64070 64071 64072 64075
10 64103 64109 64110 64111 64114 64141 64145 64153 64154 64156
10 64170 64176 64177 64178 64181 64208 64212 64220 64221 64223
10 26325 34759 39826 44512 61576 64253 64257 64265 64266 64268
5 33646 64273 64274 64275 64278
5 64317 64323 64324 64325 64328
0
0
9 64354 64360 64361 64362 64365 64392 64396 64404 64405
10 27598 64408 64409 64410 64413 64440 64444 64452 64453 64455
5 64471 64477 64478 64479 64482
10 64507 64513 64514 64515 64518 64545 64549 64557 64558 64560
5 64572 64578 64579 64580 64583
10 64608 64614 64615 64616 64619 64646 64650 64658 64659 64661
5 64680 64686 64687 64688 64691
0
5 64739 64745 64746 64747 64750
10 64755 64761 64762 64763 64766 64793 64797 64805 64806 64808
5 64830 64836 64837 64838 64841
10 64865 64871 64872 64873 64876 64903 64907 64915 64916 64918
9 25269 64921 64922 64923 64926 64953 64957 64965 64966
5 64980 64986 64987 64988 64991
6 65025 65031 65032 65033 65036 65063
13 65072 65078 65079 65080 65083 65110 65114 65122 65123 65125 65136 65140 65142
10 28737 34659 34663 36923 52274 65169 65173 65181 65182 65184
8 65203 65209 65210 65211 65214 65241 65245 65253
0
7 65262 65268 65269 65270 65273 65300 65304
10 47678 65305 65306 65307 65310 65337 65341 65349 65350 65352
11 24471 48414 51620 51991 53892 65383 65387 65395 65396 65398 65409
11 26041 46809 57453 59539 65411 65438 65442 65450 65451 65453 65464
7 65469 65475 65476 65477 65480 65507 65511
10 65527 65533 65534 65535 65538 65565 65569 65577 65578 65580
5 65592 65598 65599 65600 65603
10 19204 44654 45794 49702 65615 65642 65646 65654 65655 65657
5 65670 65676 65677 65678 65681
11 65713 65719 65720 65721 65724 65751 65755 65763 65764 65766 65777
0
7 46110 65781 65782 65783 65786 65813 65817
10 65827 65833 65834 65835 65838 65865 65869 65877 65878 65880
5 65903 65909 65910 65911 65914
5 65929 65935 65936 65937 65940
5 65967 65973 65974 65975 65978
7 66017 66023 66024 66025 66028 66055 66059
0
10 28502 38605 39188 39802 52027 66090 66094 66102 66103 66105
10 66122 66128 66129 66130 66133 66160 66164 66172 66173 66175
8 66190 66196 66197 66198 66201 66228 66232 66240
10 66255 66261 66262 66263 66266 66293 66297 66305 66306 66308
5 66325 66331 66332 66333 66336
0
0
13 52309 65151 66368 66369 66372 66399 66403 66411 66412 66414 66425 66429 66431
9 66441 66447 66448 66449 66452 66479 66483 66491 66492
4 66507 66513 66514 66515
7 66519 66525 66526 66527 66530 66557 66561
9 66576 66582 66583 66584 66587 66614 66618 66626 66627
12 62640 66633 66634 66635 66638 66665 66669 66677 66678 66680 66691 66695
10 66708 66714 66715 66716 66719 66746 66750 66758 66759 66761
7 66772 66778 66779 66780 66783 66810 66814
0
7 66831 66837 66838 66839 66842 66869 66873
6 66881 66887 66888 66889 66892 66919
2 66934 66940
0
5 66956 66962 66963 66964 66967
5 66978 66984 66985 66986 66989
11 67005 67011 67012 67013 67016 67043 67047 67055 67056 67058 67069
10 64689 67075 67076 67077 67080 67107 67111 67119 67120 67122
10 67124 67130 67131 67132 67135 67162 67166 67174 67175 67177
10 32375 67184 67185 67186 67189 67216 67220 67228 67229 67231
10 67254 67260 67261 67262 67265 67292 67296 67304 67305 67307
10 23347 30751 38158 39091 64246 67338 67342 67350 67351 67353
0
11 28272 36510 38047 43564 54252 67382 67386 67394 67395 67397 67408
1 67415
5 67425 67431 67432 67433 67436
7 67468 67474 67475 67476 67479 67506 67510
12 36214 65169 67511 67512 67515 67542 67546 67554 67555 67557 67568 67572
10 67587 67593 67594 67595 67598 67625 67629 67637 67638 67640
5 67656 67662 67663 67664 67667
3 67699 67705 67706
11 22534 47070 49965 60178 67709 67736 67740 67748 67749 67751 67762
12 67767 67773 67774 67775 67778 67805 67809 67817 67818 67820 67831 67835
10 32958 66786 67836 67837 67840 67867 67871 67879 67880 67882
10 67904 67910 67911 67912 67915 67942 67946 67954 67955 67957
10 62916 67970 67971 67972 67975 68002 68006 68014 68015 68017
5 68034 68040 68041 68042 68045
5 68059 68065 68066 68067 68070
8 68096 68102 68103 68104 68107 68134 68138 68146
2 68153 68159
7 68167 68173 68174 68175 68178 68205 68209
5 68224 68230 68231 68232 68235
10 68265 68271 68272 68273 68276 68303 68307 68315 68316 68318
13 68336 68342 68343 68344 68347 68374 68378 68386 68387 68389 68400 68404 68406
5 68424 68430 68431 68432 68435
5 68460 68466 68467 68468 68471
10 68506 68512 68513 68514 68517 68544 68548 68556 68557 68559
10 68576 68582 68583 68584 68587 68614 68618 68626 68627 68629
0
6 68656 68662 68663 68664 68667 68694
10 10281 22397 26653 30160 68696 68723 68727 68735 68736 68738
5 68753 68759 68760 68761 68764
10 68780 68786 68787 68788 68791 68818 68822 68830 68831 68833
13 20285 68838 68839 68840 68843 68870 68874 68882 68883 68885 68896 68900 68902
6 68920 68926 68927 68928 68931 68958
10 19986 24409 25562 31032 33510 68977 68981 68989 68990 68992
0
0
0
0
5 69024 69030 69031 69032 69035
0
5 69075 69081 69082 69083 69086
0
10 26997 51463 63638 65668 69095 69122 69126 69134 69135 69137
7 69145 69151 69152 69153 69156 69183 69187
5 69201 69207 69208 69209 69212
1 18
7 37 43 44 45 48 75 79
0
5 111 117 118 119 122
11 167 173 174 175 178 205 209 217 218 220 231
10 253 259 260 261 264 291 295 303 304 306
10 333 339 340 341 344 371 375 383 384 386
0
0
10 424 430 431 432 435 462 466 474 475 477
0
10 512 518 519 520 523 550 554 562 563 565
7 588 594 595 596 599 626 630
7 653 659 660 661 664 691 695
5 721 727 728 729 732
6 768 774 775 776 779 806
8 827 833 834 835 838 865 869 877
2 896 902
5 921 927 928 929 932
10 961 967 968 969 972 999 1003 1011 1012 1014
6 1038 1044 1045 1046 1049 1076
7 1097 1103 1104 1105 1108 1135 1139
7 1164 1170 1171 1172 1175 1202 1206
5 1232 1238 1239 1240 1243
9 1279 1285 1286 1287 1290 1317 1321 1329 1330
12 1350 1356 1357 1358 1361 1388 1392 1400 1401 1403 1414 1418
12 1437 1443 1444 1445 1448 1475 1479 1487 1488 1490 1501 1505
10 1524 1530 1531 1532 1535 1562 1566 1574 1575 1577
5 1606 1612 1613 1614 1617
10 1650 1656 1657 1658 1661 1688 1692 1700 1701 1703
7 1731 1737 1738 1739 1742 1769 1773
0
6 1801 1807 1808 1809 1812 1839
10 1859 1865 1866 1867 1870 1897 1901 1909 1910 1912
7 1931 1937 1938 1939 1942 1969 1973
7 1995 2001 2002 2003 2006 2033 2037
10 2063 2069 2070 2071 2074 2101 2105 2113 2114 2116
5 2143 2149 2150 2151 2154
6 2198 2204 2205 2206 2209 2236
7 2257 2263 2264 2265 2268 2295 2299
9 2321 2327 2328 2329 2332 2359 2363 2371 2372
0
13 2401 2407 2408 2409 2412 2439 2443 2451 2452 2454 2465 2469 2471
5 2487 2493 2494 2495 2498
5 2539 2545 2546 2547 2550
5 2594 2600 2601 2602 2605
0
0
5 2641 2647 2648 2649 2652
7 2678 2684 2685 2686 2689 2716 2720
10 2743 2749 2750 2751 2754 2781 2785 2793 2794 2796
5 2817 2823 2824 2825 2828
6 2870 2876 2877 2878 2881 2908
5 2927 2933 2934 2935 2938
10 2981 2987 2988 2989 2992 3019 3023 3031 3032 3034
5 3055 3061 3062 3063 3066
4 3092 3098 3099 3100
1 3119
10 3140 3146 3147 3148 3151 3178 3182 3190 3191 3193
4 3222 3228 3229 3230
10 3250 3256 3257 3258 3261 3288 3292 3300 3301 3303
10 3327 3333 3334 3335 3338 3365 3369 3377 3378 3380
0
7 3407 3413 3414 3415 3418 3445 3449
7 3470 3476 3477 3478 3481 3508 3512
7 3536 3542 3543 3544 3547 3574 3578
7 3599 3605 3606 3607 3610 3637 3641
10 3663 3669 3670 3671 3674 3701 3705 3713 3714 3716
11 3739 3745 3746 3747 3750 3777 3781 3789 3790 3792 3803
10 3821 3827 3828 3829 3832 3859 3863 3871 3872 3874
9 3893 3899 3900 3901 3904 3931 3935 3943 3944
5 3957 3963 3964 3965 3968
5 4001 4007 4008 4009 4012
10 4038 4044 4045 4046 4049 4076 4080 4088 4089 4091
10 4118 4124 4125 4126 4129 4156 4160 4168 4169 4171
4 4198 4204 4205 4206
10 4226 4232 4233 4234 4237 4264 4268 4276 4277 4279
12 4305 4311 4312 4313 4316 4343 4347 4355 4356 4358 4369 4373
9 4392 4398 4399 4400 4403 4430 4434 4442 4443
7 4463 4469 4470 4471 4474 4501 4505
11 4526 4532 4533 4534 4537 4564 4568 4576 4577 4579 4590
0
13 4616 4622 4623 4624 4627 4654 4658 4666 4667 4669 4680 4684 4686
5 4706 4712 4713 4714 4717
10 4757 4763 4764 4765 4768 4795 4799 4807 4808 4810
5 4834 4840 4841 4842 4845
7 4881 4887 4888 4889 4892 4919 4923
7 4947 4953 4954 4955 4958 4985 4989
10 5014 5020 5021 5022 5025 5052 5056 5064 5065 5067
10 5085 5091 5092 5093 5096 5123 5127 5135 5136 5138
13 5161 5167 5168 5169 5172 5199 5203 5211 5212 5214 5225 5229 5231
6 5251 5257 5258 5259 5262 5289
11 5305 5311 5312 5313 5316 5343 5347 5355 5356 5358 5369
10 5388 5394 5395 5396 5399 5426 5430 5438 5439 5441
10 5458 5464 5465 5466 5469 5496 5500 5508 5509 5511
6 5534 5540 5541 5542 5545 5572
11 5588 5594 5595 5596 5599 5626 5630 5638 5639 5641 5652
10 5672 5678 5679 5680 5683 5710 5714 5722 5723 5725
10 5746 5752 5753 5754 5757 5784 5788 5796 5797 5799
10 5824 5830 5831 5832 5835 5862 5866 5874 5875 5877
7 5895 5901 5902 5903 5906 5933 5937
7 5957 5963 5964 5965 5968 5995 5999
7 6021 6027 6028 6029 6032 6059 6063
10 6083 6089 6090 6091 6094 6121 6125 6133 6134 6136
5 6158 6164 6165 6166 6169
1 6204
10 6219 6225 6226 6227 6230 6257 6261 6269 6270 6272
10 6293 6299 6300 6301 6304 6331 6335 6343 6344 6346
10 6368 6374 6375 6376 6379 6406 6410 6418 6419 6421
6 6442 6448 6449 6450 6453 6480
7 6498 6504 6505 6506 6509 6536 6540
5 6555 6561 6562 6563 6566
5 6594 6600 6601 6602 6605
9 6632 6638 6639 6640 6643 6670 6674 6682 6683
10 6700 6706 6707 6708 6711 6738 6742 6750 6751 6753
7 6778 6784 6785 6786 6789 6816 6820
5 6836 6842 6843 6844 6847
10 6881 6887 6888 6889 6892 6919 6923 6931 6932 6934
6 6957 6963 6964 6965 6968 6995
5 7013 7019 7020 7021 7024
8 7055 7061 7062 7063 7066 7093 7097 7105
5 7124 7130 7131 7132 7135
6 7174 7180 7181 7182 7185 7212
0
10 7239 7245 7246 7247 7250 7277 7281 7289 7290 7292
5 7319 7325 7326 7327 7330
0
5 7383 7389 7390 7391 7394
5 7435 7441 7442 7443 7446
9 7472 7478 7479 7480 7483 7510 7514 7522 7523
10 7542 7548 7549 7550 7553 7580 7584 7592 7593 7595
0
5 7624 7630 7631 7632 7635
5 7678 7684 7685 7686 7689
0
10 7723 7729 7730 7731 7734 7761 7765 7773 7774 7776
13 7793 7799 7800 7801 7804 7831 7835 7843 7844 7846 7857 7861 7863
11 7877 7883 7884 7885 7888 7915 7919 7927 7928 7930 7941
7 7955 7961 7962 7963 7966 7993 7997
9 8023 8029 8030 8031 8034 8061 8065 8073 8074
10 8091 8097 8098 8099 8102 8129 8133 8141 8142 8144
7 8167 8173 8174 8175 8178 8205 8209
5 8228 8234 8235 8236 8239
5 8265 8271 8272 8273 8276
10 8304 8310 8311 8312 8315 8342 8346 8354 8355 8357
5 8372 8378 8379 8380 8383
4 8406 8412 8413 8414
11 8433 8439 8440 8441 8444 8471 8475 8483 8484 8486 8497
0
10 8530 8536 8537 8538 8541 8568 8572 8580 8581 8583
10 8607 8613 8614 8615 8618 8645 8649 8657 8658 8660
9 8681 8687 8688 8689 8692 8719 8723 8731 8732
13 8742 8748 8749 8750 8753 8780 8784 8792 8793 8795 8806 8810 8812
10 8837 8843 8844 8845 8848 8875 8879 8887 8888 8890
5 8912 8918 8919 8920 8923
1 8946
7 8963 8969 8970 8971 8974 9001 9005
6 9025 9031 9032 9033 9036 9063
0
0
0
6 9114 9120 9121 9122 9125 9152
5 9171 9177 9178 9179 9182
6 9223 9229 9230 9231 9234 9261
1 9276
11 9296 9302 9303 9304 9307 9334 9338 9346 9347 9349 9360
5 9376 9382 9383 9384 9387
0
0
6 9433 9439 9440 9441 9444 9471
5 9493 9499 9500 9501 9504
10 9535 9541 9542 9543 9546 9573 9577 9585 9586 9588
5 9611 9617 9618 9619 9622
0
5 9663 9669 9670 9671 9674
0
5 9723 9729 9730 9731 9734
5 9774 9780 9781 9782 9785
0
9 9827 9833 9834 9835 9838 9865 9869 9877 9878
6 9892 9898 9899 9900 9903 9930
7 9945 9951 9952 9953 9956 9983 9987
10 10008 10014 10015 10016 10019 10046 10050 10058 10059 10061
0
13 10091 10097 10098 10099 10102 10129 10133 10141 10142 10144 10155 10159 10161
10 10179 10185 10186 10187 10190 10217 10221 10229 10230 10232
11 10259 10265 10266 10267 10270 10297 10301 10309 10310 10312 10323
7 10342 10348 10349 10350 10353 10380 10384
10 10407 10413 10414 10415 10418 10445 10449 10457 10458 10460
13 10484 10490 10491 10492 10495 10522 10526 10534 10535 10537 10548 10552 10554
0
5 10577 10583 10584 10585 10588
0
6 10630 10636 10637 10638 10641 10668
10 10687 10693 10694 10695 10698 10725 10729 10737 10738 10740
5 10758 10764 10765 10766 10769
7 10806 10812 10813 10814 10817 10844 10848
7 10866 10872 10873 10874 10877 10904 10908
5 10929 10935 10936 10937 10940
0
5 10966 10972 10973 10974 10977
0
10 11005 11011 11012 11013 11016 11048 11052 11060 11061 11063
7 11088 11094 11095 11096 11099 11126 11130
0
5 11156 11162 11163 11164 11167
10 11210 11216 11217 11218 11221 11248 11252 11260 11261 11263
10 11288 11294 11295 11296 11299 11326 11330 11338 11339 11341
0
5 11359 11365 11366 11367 11370
0
5 11425 11431 11432 11433 11436
7 11464 11470 11471 11472 11475 11502 11506
10 11524 11530 11531 11532 11535 11562 11566 11574 11575 11577
10 11600 11606 11607 11608 11611 11638 11642 11650 11651 11653
9 11676 11682 11683 11684 11687 11714 11718 11726 11727
10 11743 11749 11750 11751 11754 11781 11785 11793 11794 11796
5 11824 11830 11831 11832 11835
13 11855 11861 11862 11863 11866 11893 11897 11905 11906 11908 11919 11923 11925
5 11944 11950 11951 11952 11955
10 11977 11983 11984 11985 11988 12015 12019 12027 12028 12030
5 12047 12053 12054 12055 12058
8 12081 12087 12088 12089 12092 12119 12123 12131
10 12148 12154 12155 12156 12159 12186 12190 12198 12199 12201
0
10 12234 12240 12241 12242 12245 12272 12276 12284 12285 12287
0
10 12307 12313 12314 12315 12318 12345 12349 12357 12358 12360
5 12382 12388 12389 12390 12393
7 12428 12434 12435 12436 12439 12466 12470
10 12494 12500 12501 12502 12505 12532 12536 12544 12545 12547
5 12572 12578 12579 12580 12583
1 12621
5 12639 12645 12646 12647 12650
5 12676 12682 12683 12684 12687
7 12722 12728 12729 12730 12733 12760 12764
10 12781 12787 12788 12789 12792 12819 12823 12831 12832 12834
10 12854 12860 12861 12862 12865 12892 12896 12904 12905 12907
11 12926 12932 12933 12934 12937 12964 12968 12976 12977 12979 12990
10 13008 13014 13015 13016 13019 13046 13050 13058 13059 13061
0
6 13088 13094 13095 13096 13099 13126
7 13147 13153 13154 13155 13158 13185 13189
5 13210 13216 13217 13218 13221
1 13264
1 13288
0
5 13317 13323 13324 13325 13328
8 13368 13374 13375 13376 13379 13406 13410 13418
10 13434 13440 13441 13442 13445 13472 13476 13484 13485 13487
5 13496 13502 13503 13504 13507
7 13537 13543 13544 13545 13548 13575 13579
7 13592 13598 13599 13600 13603 13630 13634
9 13657 13663 13664 13665 13668 13695 13699 13707 13708
1 13726
10 13744 13750 13751 13752 13755 13782 13786 13794 13795 13797
8 13820 13826 13827 13828 13831 13858 13862 13870
0
8 13888 13894 13895 13896 13899 13926 13930 13938
7 13950 13956 13957 13958 13961 13988 13992
5 14012 14018 14019 14020 14023
9 14050 14056 14057 14058 14061 14088 14092 14100 14101
10 14118 14124 14125 14126 14129 14156 14160 14168 14169 14171
0
5 14197 14203 14204 14205 14208
8 14226 14232 14233 14234 14237 14264 14268 14276
7 14293 14299 14300 14301 14304 14331 14335
0
11 14364 14370 14371 14372 14375 14402 14406 14414 14415 14417 14428
5 14442 14448 14449 14450 14453
5 14483 14489 14490 14491 14494
5 14528 14534 14535 14536 14539
0
0
10 14574 14580 14581 14582 14585 14612 14616 14624 14625 14627
7 14643 14649 14650 14651 14654 14681 14685
10 14691 14697 14698 14699 14702 14729 14733 14741 14742 14744
10 14763 14769 14770 14771 14774 14801 14805 14813 14814 14816
0
0
4 14857 14863 14864 14865
0
0
10 14890 14896 14897 14898 14901 14928 14932 14940 14941 14943
11 14969 14975 14976 14977 14980 15007 15011 15019 15020 15022 15033
11 15053 15059 15060 15061 15064 15091 15095 15103 15104 15106 15117
0
5 15139 15145 15146 15147 15150
0
7 15182 15188 15189 15190 15193 15220 15224
9 15243 15249 15250 15251 15254 15281 15285 15293 15294
0
10 15311 15317 15318 15319 15322 15349 15353 15361 15362 15364
5 15372 15378 15379 15380 15383
7 15403 15409 15410 15411 15414 15441 15445
5 15465 15471 15472 15473 15476
5 15516 15522 15523 15524 15527
0
7 15571 15577 15578 15579 15582 15609 15613
5 15632 15638 15639 15640 15643
7 15686 15692 15693 15694 15697 15724 15728
5 15744 15750 15751 15752 15755
6 15787 15793 15794 15795 15798 15825
7 15841 15847 15848 15849 15852 15879 15883
5 15904 15910 15911 15912 15915
7 15951 15957 15958 15959 15962 15989 15993
7 16012 16018 16019 16020 16023 16050 16054
0
8 16075 16081 16082 16083 16086 16113 16117 16125
7 16143 16149 16150 16151 16154 16181 16185
10 16208 16214 16215 16216 16219 16246 16250 16258 16259 16261
5 16283 16289 16290 16291 16294
5 16321 16327 16328 16329 16332
10 16370 16376 16377 16378 16381 16408 16412 16420 16421 16423
7 16442 16448 16449 16450 16453 16480 16484
1 16501
10 16516 16522 16523 16524 16527 16554 16558 16566 16567 16569
5 16588 16594 16595 16596 16599
0
7 16649 16655 16656 16657 16660 16687 16691
7 16716 16722 16723 16724 16727 16754 16758
10 16775 16781 16782 16783 16786 16813 16817 16825 16826 16828
7 16841 16847 16848 16849 16852 16879 16883
5 16897 16903 16904 16905 16908
5 16935 16941 16942 16943 16946
7 16975 16981 16982 16983 16986 17013 17017
0
0
10 17041 17047 17048 17049 17052 17079 17083 17091 17092 17094
10 17117 17123 17124 17125 17128 17155 17159 17167 17168 17170
10 17186 17192 17193 17194 17197 17224 17228 17236 17237 17239
11 17259 17265 17266 17267 17270 17297 17301 17309 17310 17312 17323
10 17342 17348 17349 17350 17353 17380 17384 17392 17393 17395
10 17417 17423 17424 17425 17428 17455 17459 17467 17468 17470
10 17488 17494 17495 17496 17499 17526 17530 17538 17539 17541
7 17558 17564 17565 17566 17569 17596 17600
5 17623 17629 17630 17631 17634
9 17656 17662 17663 17664 17667 17694 17698 17706 17707
5 17726 17732 17733 17734 17737
0
10 17775 17781 17782 17783 17786 17813 17817 17825 17826 17828
10 17853 17859 17860 17861 17864 17891 17895 17903 17904 17906
0
5 17944 17950 17951 17952 17955
7 17983 17989 17990 17991 17994 18021 18025
7 18044 18050 18051 18052 18055 18082 18086
7 18095 18101 18102 18103 18106 18133 18137
9 18157 18163 18164 18165 18168 18195 18199 18207 18208
9 18221 18227 18228 18229 18232 18259 18263 18271 18272
10 18289 18295 18296 18297 18300 18327 18331 18339 18340 18342
7 18354 18360 18361 18362 18365 18392 18396
5 18416 18422 18423 18424 18427
5 18464 18470 18471 18472 18475
0
7 18499 18505 18506 18507 18510 18537 18541
0
0
0
7 8377 18559 18560 18561 18564 18591 18595
8 18616 18622 18623 18624 18627 18654 18658 18666
0
5 18683 18689 18690 18691 18694
5 18736 18742 18743 18744 18747
0
0
7 18802 18808 18809 18810 18813 18840 18844
5 18861 18867 18868 18869 18872
9 18892 18898 18899 18900 18903 18930 18934 18942 18943
9 18954 18960 18961 18962 18965 18992 18996 19004 19005
0
5 19034 19040 19041 19042 19045
10 19085 19091 19092 19093 19096 19123 19127 19135 19136 19138
6 19145 19151 19152 19153 19156 19183
10 19198 19204 19205 19206 19209 19236 19240 19248 19249 19251
0
5 19269 19275 19276 19277 19280
7 19320 19326 19327 19328 19331 19358 19362
7 19376 19382 19383 19384 19387 19414 19418
7 19436 19442 19443 19444 19447 19474 19478
0
0
5 19504 19510 19511 19512 19515
0
7 19552 19558 19559 19560 19563 19590 19594
10 19612 19618 19619 19620 19623 19650 19654 19662 19663 19665
11 19688 19694 19695 19696 19699 19726 19730 19738 19739 19741 19752
5 19771 19777 19778 19779 19782
0
5 19818 19824 19825 19826 19829
7 19860 19866 19867 19868 19871 19898 19902
7 19921 19927 19928 19929 19932 19959 19963
10 19981 19987 19988 19989 19992 20019 20023 20031 20032 20034
0
9 20059 20065 20066 20067 20070 20097 20101 20109 20110
7 20129 20135 20136 20137 20140 20167 20171
8 20184 20190 20191 20192 20195 20222 20226 20234
9 20248 20254 20255 20256 20259 20286 20290 20298 20299
10 20316 20322 20323 20324 20327 20354 20358 20366 20367 20369
8 20388 20394 20395 20396 20399 20426 20430 20438
7 20447 20453 20454 20455 20458 20485 20489
7 20498 20504 20505 20506 20509 20536 20540
10 20554 20560 20561 20562 20565 20592 20596 20604 20605 20607
10 20625 20631 20632 20633 20636 20663 20667 20675 20676 20678
5 20699 20705 20706 20707 20710
5 20730 20736 20737 20738 20741
0
6 20774 20780 20781 20782 20785 20812
7 20830 20836 20837 20838 20841 20868 20872
9 20890 20896 20897 20898 20901 20928 20932 20940 20941
0
7 20966 20972 20973 20974 20977 21004 21008
10 21023 21029 21030 21031 21034 21061 21065 21073 21074 21076
1 21090
