0
0
0
0
0
0
0
0
0
0
0
0
0
0
0
0
0
0
0
0
0
0
0
0
0
0
0
0
0
0
0
0
0
0
0
0
0
0
0
0
0
0
0
0
0
0
0
0
0
0
0
0
0
0
0
0
0
0
0
0
0
0
0
0
0
0
0
0
0
0
0
0
0
0
0
0
0
0
1 0
0
0
1 0
0
0
0
0
1 0
0
0
0
0
0
0
0
0
0
0
0
0
0
0
0
0
0
0
0
0
0
0
0
0
0
0
0
0
0
0
0
0
0
0
0
0
0
0
0
0
0
1 1
0
0
1 1
0
0
0
0
1 1
0
0
0
0
0
0
0
0
0
0
0
0
0
0
0
0
0
0
0
0
0
0
0
0
0
0
0
0
0
0
0
0
0
0
1 2
0
0
1 2
0
0
0
0
1 2
0
0
0
0
0
0
0
0
0
0
0
0
0
0
0
0
0
0
0
0
0
0
0
0
0
0
0
0
0
0
0
0
0
0
0
0
1 3
0
0
1 3
0
0
0
0
1 3
0
0
0
0
0
0
0
0
0
0
0
0
0
0
0
0
0
0
0
0
0
0
0
0
0
0
0
0
0
0
0
0
0
0
0
0
0
0
0
0
1 4
0
0
1 4
0
0
0
0
1 4
0
0
0
0
0
0
0
0
0
0
0
0
0
0
0
0
0
0
0
0
0
0
0
0
0
0
0
0
0
0
0
0
0
0
0
0
0
1 5
0
0
1 5
0
0
0
0
1 5
0
0
0
0
0
1 466
0
0
0
0
0
0
0
0
0
0
0
0
0
0
0
0
0
0
1 6
0
0
1 6
0
0
0
0
1 6
0
0
0
0
0
0
0
0
0
0
0
0
0
0
0
0
0
0
2 809 1632
1 466
0
0
0
0
0
0
0
0
0
0
0
0
0
0
0
0
0
0
0
0
1 7
0
0
1 7
0
0
0
0
1 7
0
0
0
0
1 980
0
0
0
0
0
0
0
0
0
0
0
0
0
0
0
0
0
0
0
0
0
0
0
0
0
1 8
0
0
1 8
0
0
0
0
1 8
0
0
0
0
0
0
0
0
0
1 131
0
0
0
0
2 887 1504
0
0
0
2 592 1188
4 674 809 980 1619
0
5 394 448 739 1548 1632
1 9
0
1 1504
1 9
0
0
0
2 654 932
1 9
0
0
0
0
0
0
4 22 64 267 665
2 68 1619
1 448
0
0
0
0
0
0
0
0
0
0
0
5 654 723 1034 1418 1450
0
0
0
0
0
0
0
1 10
0
0
1 10
0
1 640
0
0
1 10
0
0
0
2 359 446
0
0
0
0
10 131 197 317 339 592 636 674 887 1188 1325
0
7 267 394 466 665 746 756 1548
2 446 888
1 652
6 397 439 792 1317 1334 1643
0
0
3 675 1557 1580
2 11 125
0
2 1014 1595
4 11 498 1644 1836
2 169 1019
0
7 586 619 726 903 1371 1651 1692
0
3 11 1504 1595
0
2 317 339
5 64 739 1277 1366 1412
5 127 285 636 669 1450
3 652 1632 1643
4 140 294 619 834
1 1315
1 723
0
0
0
0
0
0
0
0
0
0
0
0
0
0
0
0
0
0
0
0
0
0
0
0
0
0
0
0
0
0
0
0
0
1 12
0
0
1 12
0
0
0
0
1 12
0
0
0
0
0
0
0
0
1 427
0
0
0
0
0
0
0
0
0
0
0
0
0
0
1 1329
0
0
1 13
0
0
1 13
0
0
0
0
1 13
0
0
0
0
0
0
0
0
0
0
0
0
0
0
0
1 932
0
0
1 1235
0
2 144 197
0
0
0
0
0
1 138
0
0
0
0
0
0
0
0
0
1 14
0
0
1 14
0
0
0
0
1 14
0
0
0
4 153 388 1285 1651
0
1 791
0
0
22 71 141 217 386 387 495 640 698 840 1011 1034 1137 1261 1317 1366 1418 1548 1580 1604 1652 1818 1880
7 359 397 420 726 1510 1776 1821
8 44 388 1155 1313 1325 1334 1412 1723
2 791 1426
0
0
0
20 43 68 90 124 127 250 439 642 757 811 887 1137 1186 1235 1277 1329 1450 1565 1604 1644
1 420
1 15
7 294 792 1037 1094 1155 1166 1714
5 1228 1320 1336 1556 1619
6 15 600 675 756 1327 1821
1 212
1 269
0
0
1 15
1 627
0
1 1588
0
33 22 125 128 267 285 307 317 363 372 387 448 465 495 498 586 592 674 707 723 751 817 818 888 956 958 980 1024 1028 1476 1556 1557 1652 1710
0
3 803 1714 1837
11 90 115 124 169 634 643 1140 1313 1317 1451 1856
0
1 1643
1 427
0
0
0
0
0
0
2 903 1776
2 803 1609
0
0
0
0
0
0
0
1 16
0
0
1 16
0
0
0
1 1327
1 16
0
1 93
0
2 386 1261
0
0
0
0
0
0
0
0
0
1 1770
0
0
0
0
0
0
0
0
1 1837
0
0
0
0
0
0
0
0
0
0
0
1 17
0
0
1 17
0
0
0
0
1 17
0
0
0
0
0
0
0
0
2 1082 1404
2 18 227
0
0
8 18 44 93 328 600 642 1014 1321
1 1426
3 83 236 829
5 216 631 811 1266 1591
0
1 18
0
6 397 726 958 1085 1380 1818
1 739
0
0
0
10 128 212 441 465 968 969 1186 1514 1612 1636
1 304
0
0
0
0
0
0
0
0
0
0
0
0
1 269
0
0
0
0
0
0
0
0
0
0
0
0
0
0
0
0
0
2 19 1861
0
0
1 19
0
0
0
0
1 19
0
0
0
0
0
0
0
0
0
0
0
0
0
0
1 765
1 1655
2 707 1440
0
0
0
1 960
0
0
0
0
2 20 681
0
0
1 20
0
0
0
0
1 20
0
0
0
0
0
0
0
0
0
3 533 627 1525
0
0
4 21 328 388 1037
2 534 981
4 131 561 1114 1615
2 21 1768
0
0
0
0
1 21
0
0
2 1722 1836
0
0
22 139 229 236 365 439 446 470 485 531 669 705 834 1082 1094 1364 1371 1452 1692 1697 1709 1765 1782
0
0
10 141 153 307 390 611 839 938 1024 1181 1418
11 217 218 359 394 502 737 757 818 902 1179 1437
14 22 27 43 75 121 250 373 654 746 1034 1315 1378 1710 1713
2 1291 1501
0
0
0
9 138 313 339 356 917 942 1014 1188 1565
0
9 231 642 698 817 1228 1235 1424 1445 1880
0
1 1238
0
0
0
0
0
0
0
0
0
0
0
0
1 561
0
0
0
0
0
0
0
0
0
0
0
0
0
1 23
0
0
1 23
0
0
0
7 26 35 304 537 632 935 1490
1 23
1 402
0
0
0
0
0
4 688 1320 1321 1722
0
2 1163 1591
1 228
0
2 637 1397
0
6 202 259 932 1311 1325 1593
0
0
5 186 765 842 1414 1521
0
0
11 71 241 471 903 1028 1182 1383 1404 1457 1713 1757
0
0
1 24
0
0
1 24
0
1 1196
0
5 330 402 964 1019 1621
1 24
0
3 281 829 1832
1 144
0
0
2 365 1397
0
0
0
0
0
0
0
0
1 1314
0
0
2 1112 1869
0
0
0
0
0
0
1 112
2 127 840
0
0
0
1 1314
0
1 25
0
0
1 25
0
0
0
0
1 25
0
0
1 112
1 210
0
0
0
0
18 235 363 470 485 636 814 968 1140 1336 1375 1380 1469 1580 1588 1644 1683 1821 1856
1 26
13 373 450 751 791 938 1085 1155 1291 1407 1451 1488 1600 1652
1 387
0
12 44 372 378 390 502 643 1038 1366 1604 1709 1760 1851
1 26
0
0
0
7 285 331 333 705 1186 1277 1285
8 27 176 420 935 956 1026 1045 1166
2 688 1238
6 469 1037 1476 1570 1612 1765
1 1521
5 297 495 600 886 1593
5 1160 1261 1269 1373 1655
0
0
3 27 254 1207
3 124 981 1615
0
3 308 1266 1486
0
0
0
0
2 115 358
0
1 537
1 1212
0
0
0
0
0
0
0
0
0
2 28 503
0
0
2 28 257
1 1103
0
0
0
1 28
1 1114
0
2 1211 1491
0
0
0
0
0
2 530 1609
10 35 294 324 640 876 1035 1163 1520 1607 1665
0
1 29
0
0
1 29
0
1 1241
16 371 435 450 507 578 585 803 1062 1142 1414 1436 1602 1714 1776 1782 1820
1 1117
1 29
1 960
0
2 936 1491
6 225 503 681 798 1452 1510
2 706 1839
4 47 223 1754 1786
0
0
0
0
0
0
0
1 793
0
2 427 1343
0
6 179 507 842 1243 1389 1757
0
0
2 1768 1869
3 98 944 1698
0
0
0
0
1 1717
0
1 30
2 143 330
3 286 1005 1754
1 30
0
0
0
0
1 30
0
0
0
0
0
0
0
1 1072
0
0
0
0
0
3 186 566 1097
1 31
0
1 1396
3 31 1352 1542
1 1368
0
0
0
1 31
0
0
1 1184
0
0
0
0
0
0
0
0
0
0
0
0
0
0
0
0
0
0
0
0
0
1 33
6 85 509 908 1327 1407 1488
1 478
2 33 1340
1 935
0
0
0
1 33
2 472 1408
1 1175
2 54 1072
0
4 634 691 814 1732
0
2 711 1012
1 1269
1 1611
0
0
0
1 1494
0
0
0
0
0
0
0
0
0
0
0
0
0
0
0
1 34
0
0
1 34
0
0
0
0
1 34
0
0
0
0
0
0
0
0
8 96 755 1045 1213 1364 1438 1440 1628
0
5 239 619 988 1608 1800
4 35 210 583 1248
12 197 222 259 707 1008 1212 1297 1525 1553 1602 1667 1760
9 146 320 324 530 706 797 1195 1249 1490
0
19 85 121 269 576 603 838 927 1028 1196 1233 1412 1430 1499 1522 1649 1692 1697 1720 1871
1 116
0
8 93 308 402 438 886 1117 1211 1245
0
0
0
0
0
0
0
0
0
0
0
0
0
0
1 686
0
0
0
0
0
0
0
0
0
0
1 36
0
0
1 36
0
0
0
0
1 36
0
0
0
0
0
0
0
0
0
0
1 638
0
0
0
2 464 924
0
0
0
0
0
0
0
0
0
0
0
0
0
1 997
0
0
0
0
0
0
0
1 37
0
0
1 37
0
0
0
0
2 37 240
0
0
0
0
0
0
1 240
1 528
0
0
1 694
0
0
1 1803
1 555
0
0
0
0
0
0
1 962
1 201
0
0
0
1 555
0
0
4 38 1152 1541 1732
0
3 467 628 1290
1 38
0
0
0
0
1 38
0
0
8 440 554 686 1329 1441 1460 1586 1871
0
0
4 288 375 585 936
0
0
11 199 348 471 770 1307 1408 1413 1517 1590 1651 1665
5 434 1542 1621 1809 1889
9 39 1160 1249 1345 1365 1437 1537 1628 1771
3 333 509 638
14 228 382 441 498 534 537 735 809 947 1137 1142 1361 1547 1880
2 39 490
2 507 617
0
1 1520
6 94 223 416 422 1213 1373
2 39 249
0
0
3 98 975 1486
0
8 566 876 1019 1258 1273 1362 1655 1837
0
2 51 465
0
6 40 47 371 992 1032 1222
0
0
2 40 617
4 434 802 1241 1284
0
9 94 174 281 445 568 710 796 1521 1636
1 261
3 40 688 1557
0
0
0
12 162 451 458 691 779 891 924 955 1290 1400 1438 1633
0
1 802
6 737 797 964 1008 1112 1810
1 1385
1 41
16 48 60 202 318 355 555 637 908 1096 1259 1443 1541 1546 1607 1622 1654
1 263
2 41 1149
1 672
1 1667
0
2 1177 1429
1 41
0
0
0
0
6 132 770 796 1559 1660 1833
0
1 167
1 355
4 43 967 1600 1683
7 128 500 771 811 988 1296 1570
1 550
0
3 209 358 630
1 42
0
0
1 42
0
1 894
0
0
5 42 83 125 227 757
0
0
2 751 1318
0
0
10 75 139 501 755 967 1011 1180 1239 1375 1861
0
1 1161
3 140 392 669
7 213 586 665 948 1085 1291 1818
9 71 129 902 905 1185 1257 1380 1547 1836
4 363 969 1033 1723
0
16 176 212 219 225 289 386 472 550 652 834 1031 1334 1409 1451 1522 1856
7 502 958 1075 1207 1340 1445 1476
1 254
7 116 540 911 1336 1378 1469 1851
5 250 352 698 1179 1426
0
0
0
1 1383
6 45 365 681 1314 1457 1717
0
0
1 45
0
0
9 115 153 310 551 570 845 1003 1811 1839
0
1 45
0
0
4 1080 1592 1656 1765
0
0
0
0
0
0
0
0
0
1 984
3 840 905 1786
0
0
1 1064
0
1 464
3 46 451 1499
0
0
1 46
0
0
0
0
1 46
0
2 1236 1809
2 1038 1591
5 478 704 1035 1184 1611
4 235 631 793 1111
0
0
0
1 1494
2 1622 1889
3 222 382 1183
10 47 585 738 1273 1302 1389 1413 1414 1653 1820
8 80 146 218 231 248 1197 1396 1869
0
6 456 765 842 1259 1343 1654
0
2 876 1419
3 444 706 1666
2 792 1130
2 275 575
1 375
0
1 48
0
0
1 1263
2 275 459
2 48 514
0
0
2 1263 1586
0
1 628
2 960 1216
0
0
0
0
0
0
1 54
0
0
0
1 891
0
0
0
0
0
0
0
0
1 49
0
2 469 481
2 49 248
0
0
0
0
1 49
0
0
0
0
0
0
0
0
0
1 50
0
0
1 50
0
0
0
0
7 50 311 372 533 756 1690 1823
0
0
0
0
1 1218
0
0
0
0
2 926 1166
1 51
0
0
0
1 297
5 51 356 481 611 917
0
0
0
0
6 144 947 1039 1181 1182 1424
2 216 1010
0
1 215
0
0
0
0
2 1436 1831
0
0
0
8 331 817 948 953 1359 1590 1766 1855
0
0
0
0
0
0
0
0
0
0
0
1 52
0
0
1 52
0
0
0
7 847 888 1032 1410 1449 1832 1860
4 52 1362 1443 1810
0
0
0
0
0
5 161 491 554 1771 1881
0
0
0
0
0
0
0
0
0
0
1 1648
0
0
1 53
0
0
1 53
0
0
1 771
0
1 53
0
0
0
0
0
0
0
1 1637
1 96
0
21 133 148 163 312 354 441 552 620 848 927 962 1072 1152 1238 1395 1565 1633 1653 1803 1865 1866
5 54 483 1045 1257 1410
0
0
0
1 82
2 717 835
0
3 926 1176 1375
4 340 1075 1340 1365
0
2 55 1093
5 141 462 694 1595 1671
0
1 55
0
1 313
1 1479
2 373 1823
2 55 816
0
0
0
0
0
0
0
0
1 56
1 1754
0
3 56 467 1222
2 1009 1218
3 471 603 915
0
2 416 523
1 56
0
0
1 1845
0
9 199 206 286 997 1005 1062 1064 1352 1559
6 710 1012 1132 1156 1216 1871
0
0
0
1 390
0
0
0
0
0
0
0
0
0
0
0
0
0
0
0
0
1 1780
1 1162
0
2 57 1376
0
0
1 57
0
0
0
0
1 57
1 1813
0
0
0
0
1 1347
0
0
5 500 1146 1149 1183 1833
0
1 921
0
0
1 819
1 371
0
1 531
2 1299 1419
0
4 1177 1279 1286 1364
2 58 1130
3 132 358 1811
0
2 58 1780
1 630
6 257 307 936 1011 1088 1384
0
0
5 58 729 921 968 1608
1 1146
1 434
2 528 759
1 385
0
1 435
0
0
0
0
2 59 1221
1 320
1 119
1 59
1 1197
1 797
0
1 1361
1 59
5 641 798 983 1096 1813
0
2 632 975
0
0
0
0
1 188
2 1175 1537
6 60 109 162 283 1387 1796
1 457
1 150
2 308 1541
0
1 60
4 838 1087 1097 1103
2 1432 1460
0
1 505
4 80 163 375 422
0
2 407 808
0
0
0
2 68 829
0
0
0
3 563 1088 1609
0
0
0
0
0
0
0
0
4 229 1383 1658 1753
0
1 61
0
0
1 61
0
0
0
0
1 61
1 1770
0
0
0
1 530
0
1 1010
0
0
0
9 179 333 348 476 490 894 904 1225 1243
0
0
3 143 1248 1866
1 578
2 711 779
1 129
2 62 1736
0
0
1 62
0
6 540 700 848 1318 1430 1840
0
3 232 668 865
1 62
1 1225
0
0
6 266 501 570 833 1510 1621
4 904 1345 1733 1745
0
0
0
0
0
0
2 651 1814
0
1 1087
1 1475
0
2 63 881
0
0
1 63
0
1 944
6 249 416 467 775 1368 1441
1 167
1 63
1 735
0
1 881
0
1 651
0
0
0
0
3 288 833 1278
0
0
1 1267
0
0
0
1 955
0
0
1 148
2 213 577
1 1561
0
0
0
1 1373
0
1 1787
1 96
0
0
1 816
1 99
20 64 261 281 282 492 568 626 704 916 1074 1093 1239 1311 1333 1371 1485 1636 1683 1697 1782
1 1173
5 470 839 1384 1424 1501
1 1024
0
0
0
2 1035 1464
0
0
0
0
0
0
0
1 860
0
0
0
0
0
0
0
2 65 1542
4 89 95 869 1433
0
1 65
0
0
0
0
2 65 778
0
0
0
0
0
0
0
0
3 637 1440 1456
4 66 459 1161 1696
6 186 354 478 1271 1477 1809
4 312 456 584 796
1 66
3 201 283 511
1 1429
0
1 1420
7 66 424 450 562 992 1046 1128
3 826 1211 1480
0
2 583 1347
0
6 169 324 444 1067 1530 1649
0
2 174 1820
0
0
0
0
0
0
0
0
0
0
1 67
0
0
2 67 1680
0
0
0
0
2 67 602
0
0
0
0
2 130 396
0
0
0
1 818
3 209 241 1297
8 352 392 750 1031 1223 1313 1514 1612
0
1 328
2 83 1656
4 215 801 1717 1722
3 217 1409 1556
0
3 69 925 1203
0
1 1195
1 69
0
0
0
0
1 69
0
0
1 1845
0
0
0
0
0
2 1003 1180
0
0
0
0
0
2 819 937
2 650 1753
1 675
0
0
1 940
0
0
0
0
1 1801
0
1 1787
1 70
1 1867
0
1 70
1 793
2 1162 1333
0
0
2 70 557
0
0
0
0
0
0
0
0
10 485 620 708 784 835 1140 1416 1519 1628 1720
0
4 310 621 641 1185
13 138 378 575 942 1008 1070 1112 1258 1473 1569 1614 1660 1830
0
1 219
0
0
0
2 1094 1710
0
10 463 626 967 1228 1306 1321 1600 1623 1676 1851
1 1254
0
7 140 492 576 627 760 800 948
0
0
3 105 213 577
0
0
0
2 1561 1777
2 611 1000
0
1 72
0
1 105
2 72 1861
0
0
0
0
1 72
0
0
0
0
0
0
0
0
3 738 847 875
1 445
0
0
0
1 73
0
1 1374
1 73
0
2 94 1241
1 622
0
4 73 725 1302 1831
0
0
3 161 1526 1530
0
0
0
0
0
1 82
0
0
0
0
0
0
4 916 1109 1249 1284
3 563 915 1119
0
0
0
0
0
0
1 74
0
0
1 74
0
0
0
0
1 74
0
0
0
0
0
0
0
0
0
8 75 109 139 222 500 1198 1236 1732
1 1176
0
4 202 305 1486 1689
0
0
0
4 112 1157 1607 1698
1 1395
0
0
0
0
0
0
0
1 206
0
0
0
1 1664
0
0
0
2 76 1860
0
0
1 76
0
0
0
0
1 76
0
1 1233
0
0
0
0
0
0
0
0
0
5 573 776 798 1165 1615
0
0
0
0
0
2 491 1760
0
0
0
0
0
0
0
0
0
1 1740
0
0
0
0
0
2 1569 1712
0
0
0
1 77
0
0
1 77
0
0
0
0
1 77
0
0
0
0
0
0
0
0
0
0
6 210 672 896 1479 1667 1799
0
0
3 713 906 1328
0
0
1 1177
0
0
0
0
0
9 704 1208 1257 1270 1279 1399 1499 1523 1724
0
1 1884
0
1 78
0
0
1 78
0
0
1 1338
0
2 78 670
0
0
0
0
0
0
0
0
0
0
0
0
0
0
1 1389
0
0
0
0
0
0
0
0
0
0
0
0
0
0
0
0
0
0
0
1 79
0
0
1 79
0
0
0
0
1 79
0
0
0
0
0
0
1 98
0
2 366 1678
5 263 275 486 689 1788
7 135 440 686 773 1381 1407 1468
2 743 1438
1 80
11 296 355 429 472 499 775 841 1105 1269 1387 1537
6 188 418 594 651 1637 1678
0
0
0
1 823
7 157 1133 1546 1564 1633 1723 1841
0
0
0
0
0
0
0
1 1432
1 81
1 854
1 736
2 81 789
0
1 1664
0
0
3 81 1132 1385
1 941
0
0
0
2 658 1178
2 754 1122
0
0
0
8 114 288 438 514 572 602 682 1772
4 160 368 700 1127
2 82 1648
0
1 252
2 133 201
1 1178
0
0
0
0
0
1 1039
0
0
0
2 734 1867
0
0
2 529 1342
0
0
0
0
0
0
1 913
0
2 770 1252
0
1 84
0
0
1 84
0
0
0
0
1 84
0
0
0
0
0
0
2 89 861
1 1517
0
3 85 991 1873
0
0
2 996 1245
0
0
1 1398
0
0
1 1275
1 1179
0
3 455 1308 1393
3 717 1296 1391
0
1 137
0
3 732 918 1740
0
2 891 1768
0
0
0
0
0
0
1 86
4 352 590 1253 1690
1 1456
1 86
0
0
0
1 1173
1 86
2 553 1404
2 974 1442
0
0
0
0
1 297
2 246 1574
0
0
0
0
0
1 1270
0
0
0
0
2 87 1070
0
0
1 87
0
0
1 424
0
2 87 449
0
0
0
0
4 1119 1189 1491 1498
0
0
0
1 1105
1 225
0
0
0
1 88
0
0
1 88
1 198
1 332
0
0
1 88
0
0
0
0
0
0
0
0
12 90 195 228 643 906 964 984 1081 1082 1084 1181 1670
0
11 121 132 304 934 938 1000 1074 1452 1457 1490 1676
1 789
1 588
1 595
1 890
10 95 223 578 852 1142 1184 1226 1343 1638 1814
0
2 566 1390
1 89
4 728 1271 1769 1828
0
0
0
1 1771
0
0
3 1268 1559 1629
5 501 655 1266 1469 1570
9 279 622 1111 1397 1408 1477 1485 1527 1653
1 634
4 462 1138 1254 1830
0
5 239 254 551 857 1439
0
0
0
1 400
0
2 421 1431
1 91
0
0
1 91
4 173 556 1103 1203
0
0
2 709 925
1 91
0
2 1222 1781
0
0
0
0
0
2 395 400
1 1475
0
1 1022
0
1 904
0
1 92
2 1230 1435
2 731 1666
1 92
1 1226
0
0
0
1 92
0
0
0
0
1 1630
0
1 1262
0
5 330 898 953 1410 1480
0
0
1 1307
0
3 927 1376 1602
1 1810
1 161
0
0
5 284 398 827 1523 1526
2 407 1574
4 329 731 1281 1324
4 95 496 979 1539
1 944
3 247 1338 1620
1 166
0
0
0
0
4 177 323 527 826
1 1571
1 1494
3 496 865 1312
1 102
2 1225 1571
1 119
0
3 167 823 1531
0
0
1 97
0
3 158 1372 1794
3 97 137 1309
0
3 134 451 1831
0
0
1 97
0
1 869
2 1289 1614
0
0
1 1433
0
0
0
2 155 1285
0
0
0
0
0
0
0
1 99
3 226 354 1015
2 116 1092
0
0
1 99
0
0
9 476 691 784 1059 1109 1213 1278 1286 1646
0
1 280
3 838 1290 1788
1 943
0
0
1 552
0
0
0
1 411
0
0
1 238
0
0
0
0
1 100
1 855
0
1 100
0
0
0
0
1 100
0
0
0
0
0
0
0
0
0
0
1 1221
0
0
0
0
0
0
0
0
2 523 1425
0
0
0
0
0
0
0
2 1078 1846
1 101
0
0
2 101 1022
0
0
2 668 954
0
1 101
0
0
0
0
0
0
0
0
0
2 102 194
0
0
7 341 445 832 1381 1420 1745 1854
0
1 102
0
1 940
0
3 179 572 682
0
2 190 689
0
0
0
0
0
0
0
0
0
0
0
0
0
0
0
0
1 103
0
0
1 103
0
0
0
0
1 103
0
0
0
0
0
0
1 1464
0
0
1 104
0
2 732 1475
2 104 151
2 591 1175
7 313 457 729 1158 1299 1403 1881
2 396 663
2 1157 1399
2 104 1198
1 1468
1 1772
1 1268
0
3 1145 1164 1815
0
0
5 122 554 841 954 1130
0
1 626
0
6 105 469 1437 1501 1671 1858
0
1 1306
0
0
0
0
0
0
0
1 777
0
0
0
5 758 860 1067 1811 1833
1 106
0
1 1127
1 106
0
4 162 712 1509 1658
0
1 937
2 106 480
0
0
0
0
3 187 1590 1855
1 1347
0
0
0
2 505 743
2 108 491
0
0
2 108 1304
2 143 146
3 895 1596 1800
1 1026
0
6 108 490 711 1243 1454 1733
1 1788
0
0
1 996
0
0
5 232 488 570 848 1079
1 898
1 738
2 109 594
0
3 648 836 1139
0
2 456 1403
0
2 775 1781
0
2 974 983
0
0
1 1531
0
0
0
0
0
0
0
0
0
0
0
0
0
0
0
0
0
0
0
0
0
1 110
0
0
1 110
0
0
0
0
1 110
0
0
0
0
2 584 1442
0
4 283 428 459 1087
1 318
0
0
0
0
1 1076
0
0
0
0
0
0
0
0
1 111
0
0
1 111
0
1 913
0
1 326
1 111
0
0
0
0
0
0
0
0
1 421
0
0
2 952 1048
0
3 401 846 1764
1 289
0
2 325 509
0
0
1 479
3 113 135 1460
0
0
1 113
0
0
0
0
1 113
0
0
6 148 350 736 779 1057 1585
0
0
4 624 1016 1736 1787
0
2 843 941
0
3 114 767 1850
0
1 897
2 1015 1815
0
1 114
0
1 226
1 160
0
2 151 428
1 832
1 221
1 1267
2 533 1043
0
0
1 1873
0
1 1275
3 536 708 1822
2 988 1635
0
3 129 340 499
1 621
0
0
3 215 356 814
0
0
0
0
0
0
0
0
0
0
0
0
0
0
0
0
0
1 117
0
0
3 117 699 823
0
0
0
0
1 117
0
0
2 1128 1549
0
0
0
0
0
0
1 1734
1 1303
2 118 248
0
2 166 1226
2 118 187
0
1 1320
0
0
1 118
0
0
0
1 545
0
0
0
0
0
0
0
1 119
1 181
0
2 602 1841
0
0
0
0
0
9 120 150 391 540 808 1302 1413 1525 1812
0
0
2 120 550
0
0
1 1777
0
2 120 366
0
1 886
1 568
1 1080
1 1686
1 1149
0
0
3 1395 1514 1865
0
0
1 801
4 345 684 758 924
1 755
1 1423
5 235 800 1386 1766 1859
1 1012
1 663
5 122 207 479 1712 1840
0
0
2 722 810
1 1752
1 122
0
0
1 1454
0
0
0
0
4 164 931 1160 1281
0
0
0
0
0
0
0
2 1231 1675
3 123 157 1884
0
0
4 123 662 1004 1888
4 852 1138 1146 1190
0
0
0
1 123
0
0
0
0
0
0
0
0
0
2 176 864
2 969 1547
1 1485
2 374 1747
1 1449
0
0
0
2 827 1568
0
0
0
0
0
0
0
0
0
0
0
0
0
0
0
0
0
0
0
0
0
1 126
0
0
1 126
2 412 1005
0
0
0
1 126
0
1 750
0
0
0
0
0
0
5 249 382 1183 1300 1324
0
2 845 981
0
0
2 1148 1519
0
0
0
0
0
0
1 824
1 258
1 130
6 370 670 1156 1212 1757 1828
2 236 1790
0
1 483
1 130
0
0
1 1391
0
0
0
2 1233 1801
3 683 978 1436
0
15 194 385 458 802 1084 1182 1259 1518 1520 1592 1593 1665 1832 1870 1877
8 284 703 712 773 1053 1158 1203 1660
0
1 1794
3 279 280 1755
2 1196 1649
0
1 907
1 1487
1 575
0
2 440 822
0
0
0
1 511
1 579
0
1 753
0
1 714
2 1429 1696
1 133
3 549 1164 1803
0
0
0
2 1400 1845
0
1 696
1 926
0
0
2 134 1352
0
1 208
0
0
3 134 444 1046
0
0
5 347 529 728 861 1694
1 1252
0
0
0
0
1 1814
0
0
1 135
0
0
0
0
0
0
0
0
0
0
0
2 504 1070
1 510
1 556
0
0
1 136
1 709
0
2 136 1715
0
3 1097 1289 1874
0
0
1 136
3 1174 1419 1796
0
2 504 1048
0
0
1 754
0
2 984 1647
0
5 181 246 819 1393 1431
0
1 137
0
0
1 1293
2 177 1686
0
3 1088 1129 1342
0
0
2 918 1139
0
0
1 1473
4 301 573 1165 1630
1 1439
4 305 329 1195 1312
1 216
1 155
1 1038
0
1 942
0
0
0
3 232 1577 1648
0
1 1623
0
4 306 463 1118 1409
7 662 846 895 1253 1390 1425 1866
0
0
0
0
0
0
1 1377
4 195 934 1456 1763
0
0
0
0
0
0
0
0
1 142
0
0
1 142
0
0
0
0
1 142
0
0
0
0
0
2 173 896
0
0
2 784 1561
0
1 1517
0
0
0
5 345 588 1310 1386 1868
0
2 481 1043
0
0
5 293 892 1416 1472 1522
0
1 145
0
0
1 145
2 781 1747
0
1 1298
0
1 145
0
0
1 163
0
0
0
0
2 239 531
5 231 534 621 905 1445
6 229 403 931 979 991 1284
1 1031
4 591 1067 1279 1756
0
0
0
5 492 1223 1528 1610 1839
2 606 658
0
0
1 147
0
0
4 147 601 713 1695
0
3 617 1368 1846
0
0
2 147 190
1 302
0
0
0
0
0
0
0
1 486
0
3 257 1415 1588
0
0
2 1004 1498
1 635
0
0
0
0
0
0
1 418
0
1 149
1 997
0
1 149
3 168 977 1577
1 1678
0
0
1 149
0
0
2 952 983
0
0
0
0
0
0
3 185 1309 1799
0
5 528 1114 1434 1566 1838
1 150
4 252 370 1185 1370
0
0
0
3 164 348 1854
1 312
0
2 703 1273
6 292 321 1263 1581 1616 1885
1 316
0
1 702
1 151
6 1189 1198 1399 1558 1759 1889
2 628 1680
0
1 296
0
0
2 263 272
1 672
1 152
0
0
1 152
0
2 1500 1549
4 1248 1311 1707 1709
2 1000 1770
4 152 947 1315 1670
0
0
0
0
0
0
1 227
0
0
2 320 877
8 597 683 737 975 1081 1568 1622 1724
2 1118 1689
0
0
0
0
0
0
0
0
0
0
0
0
0
0
0
0
0
0
0
0
0
0
0
1 266
0
0
0
0
0
2 300 680
0
0
0
0
1 154
0
0
1 154
0
1 376
0
2 520 843
1 154
0
0
1 424
3 1057 1059 1192
0
0
0
0
0
0
1 1858
0
2 155 282
0
0
3 209 1207 1868
1 166
0
0
0
0
0
0
1 165
0
1 1434
1 1423
1 1763
0
1 525
1 165
0
0
0
0
1 156
0
0
1 156
0
0
0
0
2 156 165
0
0
0
0
0
0
0
0
0
0
0
1 157
3 1119 1135 1385
3 855 1477 1859
1 1875
0
1 1493
2 1278 1711
0
0
1 1480
0
1 720
1 1432
0
0
0
0
1 1512
1 1789
1 1303
0
0
0
0
2 689 1001
0
1 897
0
1 158
0
0
0
0
1 158
0
0
0
1 1553
1 732
1 1398
0
0
0
1 850
0
1 547
1 595
0
3 335 411 1328
2 159 1262
0
0
2 159 1271
0
0
6 1193 1270 1654 1658 1794 1884
2 344 1171
1 159
0
0
0
0
1 581
0
0
1 961
0
0
3 258 1231 1789
1 816
1 763
0
0
0
1 529
0
1 572
0
4 368 514 1079 1585
0
1 160
1 933
0
0
0
0
0
0
1 721
3 1076 1560 1620
1 622
0
0
0
1 374
0
1 1430
0
12 219 270 515 725 916 956 1197 1443 1611 1694 1764 1888
0
4 630 1216 1304 1720
0
0
2 736 1870
0
0
3 1539 1608 1725
2 702 1838
1 1292
0
1 164
0
1 1111
1 1163
0
1 1281
0
1 350
0
0
0
0
5 310 632 875 1108 1800
0
0
0
6 204 699 992 1086 1362 1731
2 925 1062
3 854 867 1740
0
0
0
0
4 579 1468 1479 1704
0
1 1616
0
0
0
1 168
0
1 1815
0
0
1 168
0
0
1 233
0
0
1 889
0
0
0
2 259 1359
1 311
2 810 847
0
0
1 1606
0
0
0
0
0
1 292
0
0
0
2 170 221
0
0
1 170
0
0
0
1 668
1 170
0
0
0
0
0
0
0
0
3 429 452 1805
0
0
0
0
0
1 609
0
0
0
1 171
0
0
1 171
0
0
0
0
1 171
0
0
0
0
0
0
0
0
0
0
1 499
0
0
5 207 1145 1218 1345 1822
0
1 184
0
0
0
0
0
1 172
0
0
2 172 1813
0
0
1 1039
0
1 172
0
1 714
0
0
0
1 1812
0
0
1 1372
0
4 580 1049 1509 1785
0
1 173
1 539
0
0
1 670
0
0
0
1 483
1 174
1 907
0
1 915
1 1606
3 261 277 1250
0
1 557
2 734 1790
0
0
0
1 1599
1 175
0
1 1599
1 175
0
0
0
0
1 175
0
3 270 503 1666
1 608
0
0
0
0
0
0
1 857
0
0
0
0
0
3 177 206 1095
0
0
0
0
0
4 379 543 682 1405
1 1715
0
0
0
3 759 1374 1433
2 488 1092
0
3 518 1080 1670
0
0
0
0
0
0
0
0
0
0
0
0
0
0
0
0
0
1 1125
0
0
1 180
0
0
1 180
0
0
0
0
1 180
1 859
0
0
1 1370
1 1308
0
0
1 917
0
0
2 181 638
0
0
0
1 349
1 1403
0
1 1775
0
0
0
0
0
0
1 1435
1 544
0
0
0
0
0
0
0
0
0
0
0
0
0
0
0
0
0
0
2 610 679
0
3 247 717 1583
5 504 1190 1558 1739 1854
0
2 183 1596
1 380
0
1 183
0
0
0
0
1 183
0
0
2 722 1086
0
0
0
0
0
1 184
0
0
0
0
1 184
0
1 712
0
1 788
0
0
0
0
1 601
1 185
0
0
0
1 1282
1 185
0
0
0
0
2 1236 1719
0
0
0
0
1 1793
0
0
0
0
4 728 1193 1638 1843
0
0
0
0
3 786 807 1752
3 1659 1769 1879
0
4 822 846 1168 1629
0
0
0
0
0
1 187
0
0
0
1 633
2 954 1664
1 1772
0
0
2 336 970
0
0
0
1 777
2 1208 1626
3 1647 1675 1734
1 1396
0
3 1105 1153 1673
0
1 598
0
2 449 511
4 262 769 1536 1661
1 188
1 1849
0
0
1 1053
1 974
0
0
0
0
3 435 576 1069
2 1330 1850
3 189 300 1448
0
0
1 189
0
0
1 563
1 1354
1 189
0
1 1753
0
1 422
0
0
0
1 1124
0
3 1339 1381 1564
1 1144
1 190
0
0
0
0
2 226 1058
1 510
0
4 251 648 937 1781
2 191 1573
0
0
1 191
3 696 753 1286
1 1346
0
1 1022
1 191
0
0
5 293 614 821 1502 1841
0
4 549 1133 1164 1454
3 873 1071 1304
0
0
1 1867
0
0
0
0
0
3 341 987 999
0
0
0
0
1 977
0
0
0
1 1377
1 391
0
0
0
0
0
0
0
0
1 192
0
0
1 192
1 1214
0
0
0
1 192
0
0
0
0
0
0
1 1873
0
1 193
0
0
4 193 323 545 1797
0
3 398 850 1017
0
0
1 193
0
0
0
0
0
0
0
0
1 902
1 194
0
2 610 877
1 795
0
0
0
0
4 419 594 1704 1885
0
0
3 1093 1713 1864
3 1135 1245 1830
1 195
1 1855
0
0
2 553 1755
0
7 347 515 697 869 934 1763 1842
0
1 880
0
0
0
1 1230
0
0
2 858 1387
1 941
1 512
1 196
0
0
1 196
0
0
0
0
1 196
0
0
0
0
0
0
0
0
4 1033 1174 1176 1390
2 1318 1533
0
0
0
1 198
0
0
0
0
1 198
0
1 750
0
0
0
0
3 487 527 567
1 694
1 199
3 407 1574 1888
0
0
0
0
4 552 679 778 1009
1 240
0
0
0
0
0
0
0
0
0
1 200
0
0
1 200
0
1 1069
0
0
1 200
0
0
0
0
0
1 438
1 743
0
2 318 1735
0
1 211
0
0
1 505
2 771 1676
0
0
0
0
0
0
0
0
0
0
0
0
0
1 203
0
0
1 203
0
4 1115 1157 1531 1799
0
0
1 203
0
0
1 684
0
0
0
0
0
1 204
0
0
1 562
2 278 1626
1 204
1 1376
0
0
0
0
0
0
0
0
0
0
0
0
0
0
0
0
0
0
1 205
0
0
1 205
0
0
0
0
1 205
0
0
0
0
0
0
0
0
1 881
0
0
0
0
0
0
0
1 207
2 894 1036
0
0
5 401 609 1566 1637 1824
2 1016 1379
0
0
1 1698
0
1 208
0
0
0
0
1 208
0
1 1875
0
0
0
1 1877
0
0
0
0
2 321 661
1 976
4 428 663 873 1536
0
0
2 620 1365
0
0
1 1518
0
0
0
0
1 1388
0
0
0
0
0
0
2 1324 1766
0
0
0
0
1 309
0
0
0
0
1 913
1 211
0
0
0
2 700 939
2 211 244
2 721 1785
0
0
0
1 327
0
0
0
0
0
0
0
0
0
0
0
1 1498
0
0
0
0
0
0
0
0
0
0
1 214
1 342
0
1 214
0
0
0
0
1 214
0
2 522 995
0
0
0
1 589
0
0
0
1 781
1 624
0
0
0
0
0
0
0
0
0
1 1191
0
3 705 1220 1786
1 631
1 301
0
2 218 392
0
1 590
1 1512
1 547
0
1 839
0
1 1191
1 1487
2 331 1528
1 655
0
0
0
0
1 1691
0
0
0
0
1 220
0
0
1 220
0
0
0
0
1 220
0
1 763
0
0
2 1122 1817
0
0
0
0
3 418 513 1178
0
1 221
1 1001
0
0
1 302
0
0
0
0
5 1102 1300 1398 1464 1707
0
2 1108 1162
1 776
0
0
1 597
0
0
0
0
0
0
0
0
0
0
0
0
0
0
0
0
0
0
0
0
0
0
0
0
0
0
0
1 224
0
0
1 224
0
0
0
0
1 224
0
0
0
0
0
0
0
0
1 933
0
0
4 272 820 908 1581
1 233
1 955
0
0
0
0
0
0
0
0
1 396
0
1 843
0
0
0
0
0
0
0
0
2 1297 1497
0
4 462 735 877 1569
0
1 1331
0
0
2 385 1148
0
0
0
1 1881
1 1075
0
1 1635
1 1461
0
0
0
2 567 1526
0
0
1 1742
0
0
0
2 412 1467
1 335
1 581
0
0
0
0
0
2 866 1731
0
0
0
0
0
1 230
0
1 1639
1 230
0
1 1519
0
0
3 230 614 1840
0
0
0
0
0
1 399
0
0
1 305
0
0
1 1161
0
0
0
0
2 1646 1826
1 1571
0
0
0
0
1 325
0
0
1 233
0
1 769
0
0
2 379 1199
0
0
1 579
0
0
1 234
0
1 1144
1 234
0
0
0
1 844
1 234
1 1367
0
0
1 1695
0
1 768
0
0
0
2 1298 1472
0
0
1 329
0
0
1 864
1 1759
0
0
3 403 488 976
1 870
2 340 1079
0
0
1 377
0
9 536 807 815 889 962 996 1152 1388 1518
0
0
0
0
3 479 977 1598
0
1 237
0
0
1 237
0
0
0
0
1 237
0
0
0
1 447
0
0
3 892 978 1305
0
1 238
0
0
0
0
1 238
0
0
0
0
0
0
0
1 1827
1 1047
0
0
0
0
1 1029
1 824
0
0
0
1 1448
0
1 241
3 715 1239 1378
0
0
0
1 561
0
0
0
1 258
0
0
0
1 1737
0
0
0
1 242
1 730
0
1 242
0
0
0
0
1 242
0
0
0
0
0
0
0
0
3 641 650 724
0
0
0
1 243
0
1 657
1 243
0
0
2 577 1090
2 833 1711
1 243
0
0
1 657
0
0
0
0
0
0
1 255
1 244
0
0
0
0
1 244
0
0
0
0
0
0
0
1 1303
0
0
0
0
0
0
0
0
1 245
0
0
1 245
0
0
0
0
1 245
0
0
0
0
1 799
0
0
0
1 246
0
0
0
0
0
1 943
0
0
0
0
1 247
0
0
0
0
1 1470
0
0
1 1059
1 523
2 496 731
0
0
0
0
0
0
0
2 251 316
1 1071
0
1 804
0
1 251
0
0
0
0
0
0
0
1 667
1 252
1 730
0
1 464
0
0
0
0
0
0
1 1427
0
0
1 433
0
1 1050
0
0
0
2 326 463
0
0
0
0
1 720
1 1524
0
0
0
1 1729
0
0
1 1575
0
0
0
0
0
0
1 255
0
0
0
0
1 255
0
0
0
0
1 1431
1 520
0
0
0
0
0
7 376 837 1312 1402 1417 1801 1805
1 256
1 1306
0
2 256 767
0
0
0
1 403
2 256 836
1 1762
0
0
0
0
0
0
0
0
0
3 551 1002 1292
2 865 987
0
0
0
0
2 768 1224
0
0
1 1256
0
0
1 1852
1 486
0
0
0
1 587
0
0
0
0
0
0
2 327 858
0
0
0
1 260
0
0
1 260
0
1 544
0
0
1 260
0
1 1691
0
0
0
0
0
0
1 801
0
4 1084 1583 1724 1736
3 525 1333 1384
0
0
0
0
0
1 608
2 262 804
0
0
0
1 873
1 262
0
0
0
0
0
0
0
0
0
1 1704
0
0
2 1040 1268
0
0
0
0
0
0
0
0
3 264 1523 1617
0
0
1 264
0
0
0
0
1 264
0
0
0
0
1 1004
0
0
0
1 265
0
0
1 265
0
0
0
2 406 1017
1 265
0
0
0
0
0
1 580
0
1 1822
0
1 266
0
0
0
0
0
0
1 425
0
2 787 1415
0
1 1449
0
1 598
3 268 808 852
2 370 1258
0
1 268
0
2 589 1543
1 1049
0
1 268
0
0
0
0
2 332 1656
0
0
0
0
1 349
0
0
1 270
2 556 709
0
0
0
0
0
0
0
0
2 546 1434
0
0
1 1566
0
0
0
0
0
0
0
1 271
0
0
1 271
0
0
0
0
1 271
0
0
0
0
0
0
0
0
1 272
0
1 826
0
2 786 828
0
0
0
0
1 377
0
1 662
0
2 273 1331
0
0
2 273 830
0
0
1 1416
0
1 273
1 1244
0
0
0
0
0
0
0
0
0
0
0
1 649
0
0
0
0
0
0
0
0
0
0
0
0
0
0
0
0
1 1775
0
1 274
0
0
1 274
0
0
0
0
1 274
0
0
0
1 649
0
0
0
0
1 1849
0
0
0
0
0
0
0
0
0
0
0
0
0
0
0
0
0
0
0
0
0
0
0
0
0
0
0
1 276
0
0
1 276
0
0
0
0
1 276
0
0
0
0
0
0
0
0
0
1 277
2 990 1796
0
1 1129
0
5 277 342 729 1282 1616
0
0
0
0
0
0
0
0
1 437
1 1310
1 278
0
1 995
0
0
2 278 1783
0
3 405 1098 1247
0
0
3 1402 1527 1870
0
2 1379 1756
0
3 279 280 893
0
0
0
0
1 1872
0
0
0
0
0
2 1442 1748
1 1299
0
0
1 582
0
1 1173
1 1850
1 282
1 1180
0
0
0
0
0
0
0
0
0
0
0
1 284
0
0
0
0
0
0
0
0
1 286
1 710
0
1 1048
0
0
0
0
2 603 1696
0
1 1817
0
0
0
0
0
0
0
0
0
0
0
0
0
0
0
1 287
0
0
1 287
0
0
0
0
1 287
0
0
0
0
0
0
0
0
0
1 1107
0
1 289
0
0
0
0
0
0
0
1 882
0
0
0
0
0
1 290
1 1725
0
1 290
2 867 1573
1 1204
7 344 431 961 1168 1189 1231 1427
0
1 290
0
0
0
0
0
0
0
0
1 291
0
0
1 291
0
1 1254
0
0
1 291
0
0
0
0
0
0
0
0
0
1 292
0
0
0
0
0
0
1 1015
0
1 293
0
0
0
0
1 991
0
0
0
0
1 295
0
0
2 295 1214
0
0
0
0
2 295 1777
1 300
0
0
0
1 810
0
0
0
0
0
1 296
0
0
0
0
0
0
0
1 1276
0
0
0
0
0
3 860 976 1060
0
1 298
0
0
1 298
0
0
0
1 447
1 298
1 844
0
0
0
0
0
0
0
2 299 1886
0
0
2 299 1589
0
0
0
0
1 299
0
0
0
0
0
0
0
0
2 758 832
0
0
0
0
0
0
0
0
1 301
0
0
0
0
0
0
0
0
1 1826
0
2 671 1661
2 302 1606
0
0
0
0
1 667
1 719
0
1 321
1 1797
0
0
0
0
0
0
0
1 303
0
0
1 303
0
0
0
0
1 303
0
1 1513
0
0
0
0
0
0
0
0
0
0
0
0
0
0
1 306
0
0
0
0
1 306
0
0
0
0
0
0
0
0
1 1746
3 595 963 1074
0
0
0
0
1 309
1 1369
0
2 1287 1747
0
1 309
0
0
0
1 684
0
0
0
0
0
0
4 408 455 546 1050
0
0
0
0
2 708 807
1 311
0
0
0
0
1 760
0
0
0
0
0
0
0
0
3 639 921 1735
0
3 1138 1549 1614
2 1115 1838
0
1 314
0
0
1 314
0
0
0
0
1 314
0
0
0
0
0
0
0
0
0
0
0
0
0
0
1 315
0
0
2 315 813
0
1 661
0
0
1 315
0
0
0
0
0
0
0
0
0
1 635
0
1 316
0
0
0
0
0
0
0
0
1 522
2 940 1420
0
2 733 1348
0
0
0
0
0
0
0
0
0
0
0
0
0
0
0
0
0
0
0
0
0
0
0
0
1 319
0
0
1 319
0
0
0
0
1 319
0
0
0
0
0
0
0
0
0
3 1586 1824 1843
0
0
1 1738
0
0
0
0
0
1 1680
0
0
0
0
0
0
0
0
1 1123
0
0
0
0
0
0
0
0
0
0
0
1 322
0
0
0
0
4 323 380 1292 1610
5 545 789 1058 1250 1620
1 754
0
0
0
0
0
0
1 835
0
0
0
1 325
1 821
0
0
0
0
0
0
0
2 953 1745
0
0
2 1386 1742
1 326
0
0
0
0
0
0
3 715 830 870
0
0
1 1280
0
0
1 327
0
3 1078 1567 1677
0
0
2 366 1192
0
0
2 999 1330
0
0
0
0
0
0
0
0
0
0
0
0
1 1553
0
0
3 378 1641 1729
0
0
0
0
0
0
0
0
1 332
0
0
2 1068 1502
0
0
0
0
0
0
0
1 1337
0
0
0
1 1280
1 334
0
0
1 334
1 794
0
1 872
0
1 334
0
0
0
0
0
0
0
0
0
0
2 890 1673
1 335
0
0
0
0
0
0
0
0
1 336
0
0
0
1 970
1 336
1 685
0
0
0
0
0
1 1391
1 610
1 362
0
0
1 337
0
0
1 337
0
0
0
0
1 337
0
0
0
0
0
1 400
1 583
0
0
0
0
0
0
0
0
0
0
0
0
0
0
0
0
0
0
0
0
0
0
0
0
0
0
0
1 338
0
0
1 338
0
0
0
0
1 338
0
0
0
0
0
0
0
0
0
1 587
0
0
1 1060
1 1223
0
0
1 341
1 1339
1 837
0
0
4 536 815 857 979
0
0
0
0
1 1874
0
0
2 342 1309
0
0
0
0
0
1 931
0
0
0
0
1 799
0
0
0
0
0
0
0
0
1 1703
1 1131
0
0
0
3 343 1536 1885
0
0
1 343
0
0
0
0
1 343
0
0
0
0
0
1 893
0
0
2 344 1560
0
0
0
0
0
0
1 1171
0
1 1842
0
1 345
1 1865
0
1 1092
0
0
0
0
0
0
1 1392
0
1 346
0
0
1 346
0
0
0
0
1 346
0
0
1 1879
3 1077 1150 1530
0
0
0
0
1 347
1 1731
0
0
1 573
0
0
2 1227 1535
0
1 895
3 518 1295 1858
1 800
0
1 1599
0
0
1 349
0
0
0
0
0
0
1 452
1 859
2 350 1153
0
2 1145 1507
0
0
0
0
0
0
2 764 1733
0
0
0
0
0
0
1 487
0
0
0
0
1 353
0
0
1 353
0
0
0
0
1 353
0
0
0
1 841
0
1 426
0
0
0
0
0
0
0
1 648
0
0
1 411
0
2 1342 1859
4 880 900 1135 1647
0
0
0
0
1 673
0
1 1388
0
0
0
0
0
0
1 776
0
2 702 1120
0
0
0
0
0
0
0
0
1 357
0
0
1 357
0
0
0
0
2 357 782
0
0
0
0
0
0
0
0
0
2 1026 1461
0
0
0
0
1 1812
0
0
0
0
1 360
0
0
1 360
0
0
0
1 671
1 360
0
0
0
0
0
0
0
0
1 361
0
0
2 361 1010
0
0
0
0
1 361
0
0
0
1 1642
0
0
0
1 1500
1 362
1 1558
0
0
0
1 362
1 430
0
0
0
0
0
0
0
0
0
0
0
0
1 1328
1 1737
0
0
1 1719
0
0
0
0
0
1 543
0
0
0
0
0
1 364
0
0
1 364
0
0
0
0
1 364
0
0
0
0
0
0
0
0
2 1577 1626
3 399 1109 1805
0
0
0
0
0
0
0
2 624 854
0
1 685
0
0
1 1639
0
0
0
0
1 367
0
0
1 367
0
0
0
0
1 367
0
0
0
0
0
0
0
0
1 368
0
0
0
0
0
0
0
0
1 1762
0
0
0
0
0
0
1 369
0
0
1 369
0
0
0
0
1 369
0
0
0
1 1467
0
0
0
0
0
0
0
0
0
0
0
0
0
0
1 374
0
0
0
0
0
0
0
2 1032 1425
1 1069
0
0
0
1 376
0
0
1 1400
1 458
0
0
0
0
1 377
0
0
0
0
0
0
0
0
1 1018
0
0
0
0
0
0
0
1 871
1 379
0
0
0
2 582 1199
0
0
0
0
0
3 380 457 920
0
0
0
0
0
0
0
0
0
0
0
0
1 1246
0
1 1256
0
0
0
2 746 1305
1 383
1 508
0
1 383
0
0
0
0
2 383 1659
1 830
0
0
0
0
0
0
0
2 1127 1533
0
0
1 384
0
0
1 384
0
2 724 1617
0
0
1 384
1 532
0
0
1 1712
0
0
1 879
0
0
0
0
0
0
0
0
0
0
0
0
1 745
0
0
0
0
0
0
0
0
0
0
1 389
0
0
1 389
0
0
0
0
1 389
0
0
0
0
0
0
0
0
0
1 1132
0
1 391
0
0
0
0
1 987
0
0
0
0
0
0
0
0
0
0
0
0
0
0
0
0
0
0
0
1 1125
1 393
0
1 1848
1 393
1 994
0
0
0
1 393
0
0
0
0
0
0
1 1293
0
0
4 453 972 1064 1759
0
2 703 1372
1 822
2 679 1546
2 409 449
2 395 1393
0
0
0
0
1 395
1 1316
0
0
0
1 950
0
0
0
0
0
0
1 862
0
0
0
0
0
4 398 906 1630 1780
0
0
0
1 1117
0
3 647 907 1575
0
0
1 419
0
1 399
0
1 1153
0
1 1246
0
4 697 1016 1758 1842
0
0
0
0
0
0
0
0
0
1 401
1 1102
1 482
0
0
0
1 1002
0
0
0
0
1 870
0
0
0
1 1857
0
0
0
0
0
0
0
1 404
0
0
1 404
0
0
0
0
1 404
0
0
0
0
0
1 1107
0
0
3 405 778 1789
4 963 1042 1489 1535
0
0
0
2 405 970
0
0
0
0
0
0
0
3 861 1227 1677
1 406
0
0
0
0
1 406
0
0
0
0
2 473 666
0
0
0
0
0
0
0
0
1 408
0
0
0
0
1 408
0
0
0
0
1 683
0
0
0
0
1 409
0
0
0
0
1 409
0
0
0
0
1 473
0
1 1123
0
0
0
2 1773 1792
0
1 410
0
0
1 410
0
0
0
0
1 410
0
0
0
0
0
0
0
0
0
0
0
0
3 788 1077 1589
0
0
0
1 412
0
0
0
0
0
0
0
0
0
0
0
0
0
1 413
0
1 1579
1 413
0
0
0
0
1 413
0
0
0
1 635
0
0
0
0
1 414
0
0
1 414
0
1 1441
0
0
1 414
0
0
0
0
0
0
0
0
0
0
0
0
0
0
0
0
0
0
0
0
0
0
0
1 415
0
0
1 415
0
0
0
0
1 415
0
0
0
0
0
0
0
0
0
0
0
0
0
0
0
1 1844
0
0
0
0
0
0
0
0
0
0
0
0
1 417
0
0
1 417
0
0
0
0
1 417
0
0
0
0
0
0
0
0
0
0
0
0
1 667
0
0
0
0
1 1508
0
1 1405
0
1 1224
1 419
0
0
0
0
0
0
0
1 777
1 425
1 421
0
0
0
0
0
1 772
1 646
0
1 713
0
0
0
0
0
0
0
0
0
0
0
0
0
0
0
1 425
0
0
0
1 989
0
0
0
0
1 1136
0
1 426
0
1 1156
1 1484
0
1 426
0
0
0
0
0
0
0
0
0
0
0
0
0
1 1071
0
3 429 1122 1204
0
0
0
2 1040 1481
0
0
0
0
0
1 430
0
0
0
0
1 430
0
0
2 1003 1043
0
0
1 1300
0
0
1 431
0
0
0
1 1053
1 431
0
0
0
2 923 1090
0
0
0
0
2 1354 1646
0
1 1047
2 432 1056
0
0
1 432
0
0
0
0
1 432
0
0
0
0
0
0
0
0
4 433 515 1539 1769
0
0
0
0
1 433
0
0
0
0
0
0
0
1 1208
1 1576
0
0
2 508 1783
0
0
0
0
0
0
0
0
0
0
0
0
0
0
0
0
0
0
0
0
0
0
0
0
0
0
0
0
0
0
0
1 436
1 591
0
1 436
0
0
0
0
1 436
0
0
0
0
0
0
0
0
1 1124
1 437
0
0
0
1 946
2 437 966
0
0
0
0
0
0
1 1126
0
0
0
1 759
1 1506
0
0
0
1 1730
1 1158
0
1 1253
0
0
0
0
0
0
0
3 442 1275 1338
0
0
1 442
0
0
0
0
1 442
0
0
0
0
0
0
0
0
0
0
0
0
0
0
0
0
1 443
0
0
1 443
0
0
0
0
1 443
0
0
0
0
0
0
0
0
0
0
0
0
0
1 1017
5 547 722 795 1262 1509
1 1545
0
1 1086
0
1 1200
0
1 447
0
0
0
0
0
0
0
0
2 901 1220
0
0
0
0
0
0
0
1 875
0
0
0
0
0
0
0
0
1 813
0
0
0
1 452
0
0
0
0
0
0
0
0
2 1421 1489
1 1131
1 453
1 1150
0
0
0
1 453
1 850
0
0
0
0
0
0
1 973
1 1538
0
0
0
0
3 455 518 1790
0
0
0
0
0
0
0
0
0
0
0
0
0
0
0
1 584
0
0
0
0
0
0
0
2 898 1808
0
0
0
0
1 460
0
1 513
1 460
0
0
0
0
1 460
0
0
0
0
0
0
0
0
0
0
0
0
0
0
0
0
0
0
0
2 885 1370
0
0
0
0
1 680
0
0
0
0
0
1 1685
0
0
0
0
0
0
0
0
0
0
0
0
0
0
0
0
0
1 863
1 468
0
0
1 468
0
0
0
0
1 468
0
0
0
0
0
0
0
0
0
0
0
1 1497
0
0
0
1 693
0
0
0
0
0
1 473
0
0
0
0
0
0
0
0
0
0
1 896
0
1 1098
0
0
1 827
0
1 1133
0
0
0
0
0
0
1 474
0
0
1 474
0
0
0
0
1 474
0
0
0
0
0
0
0
0
0
0
0
0
0
0
0
0
0
0
0
0
0
0
0
0
0
0
0
0
0
0
0
0
0
0
0
0
0
0
0
1 475
0
0
1 475
0
0
0
0
1 475
0
0
0
0
0
0
0
0
1 476
0
0
0
0
0
0
0
0
0
0
1 1540
0
0
0
0
0
0
0
1 780
1 477
0
1 1739
1 477
0
0
0
0
1 477
0
0
0
0
0
0
2 696 939
0
1 480
0
0
0
0
1 480
0
0
1 1392
4 764 781 1115 1564
0
0
0
0
0
0
0
0
0
0
0
0
1 482
0
3 560 1193 1579
0
1 1784
1 482
0
0
0
0
0
0
0
0
0
0
0
0
0
0
0
0
1 484
0
0
1 484
0
0
0
0
1 484
0
0
0
0
0
0
0
0
0
0
1 1691
0
1 1148
0
0
0
0
0
0
1 510
1 487
0
0
0
0
0
0
0
0
2 900 1310
0
0
0
0
0
0
0
0
0
1 489
0
1 1659
1 489
0
0
1 1287
0
1 489
0
0
0
0
0
0
0
0
0
1 625
0
0
0
0
0
0
0
0
0
0
0
0
1 1750
1 1095
1 1581
0
1 493
0
0
2 493 1508
1 769
0
0
0
1 493
0
0
1 1244
0
0
0
0
0
0
0
0
1 494
0
0
1 494
0
0
0
0
1 494
0
0
0
0
1 1761
0
0
0
0
0
0
0
0
0
0
2 1068 1672
1 1350
0
1 497
0
0
1 497
0
0
0
0
1 497
0
0
0
0
0
0
0
0
0
0
0
0
0
0
0
0
0
0
0
2 787 1423
0
0
0
0
0
1 1009
0
0
0
0
0
0
0
0
0
0
0
0
0
0
1 508
0
0
0
0
0
0
0
0
0
0
0
0
0
1 820
0
0
0
0
0
0
0
0
0
1 512
0
0
0
0
1 512
0
0
0
0
0
0
0
0
0
0
0
0
1 513
0
0
0
0
0
0
0
0
0
2 541 1857
0
0
0
0
0
1 1507
0
0
0
0
0
0
0
0
0
0
0
0
0
0
0
0
0
0
0
0
0
0
0
0
0
0
0
0
0
1 516
0
0
1 516
0
0
0
0
1 516
0
0
0
0
0
0
0
0
0
0
0
1 517
0
0
1 517
0
1 1864
0
0
1 517
0
0
0
0
0
1 1051
1 824
0
1 1748
0
0
0
0
0
0
0
0
1 519
1 890
1 965
1 519
0
0
0
0
1 519
0
0
0
0
0
0
0
0
1 520
2 866 871
0
0
0
1 1662
1 567
0
1 618
0
0
0
0
0
1 522
0
0
0
0
0
0
0
0
1 1598
0
1 1076
2 1512 1568
0
0
2 718 1036
1 1018
0
0
0
0
0
0
0
0
2 524 1439
0
0
1 524
0
0
0
0
1 524
0
0
0
0
0
0
0
0
0
1 525
0
0
0
0
0
0
0
0
0
2 673 883
0
1 946
0
0
1 526
0
0
1 526
0
0
1 951
0
1 526
1 1116
0
0
1 972
0
0
0
1 836
0
1 527
1 1081
0
0
0
0
0
0
0
0
0
0
0
0
0
0
0
1 532
0
0
0
2 882 1690
1 532
1 1307
0
0
0
0
0
0
0
0
0
0
1 535
0
1 1165
1 535
0
0
0
0
1 535
0
0
0
0
0
0
0
0
0
0
0
0
0
0
0
0
0
0
0
0
0
0
0
0
0
0
0
0
1 538
0
0
2 538 1827
0
0
0
0
1 538
0
0
0
0
0
0
0
0
1 539
0
0
0
0
1 539
0
0
0
0
0
0
0
0
0
0
0
0
0
0
1 541
0
0
0
0
1 541
0
0
0
0
1 1323
0
0
0
0
0
1 542
0
0
1 542
0
0
1 1758
0
1 542
0
2 645 1694
1 1377
0
1 794
0
0
0
0
0
2 543 639
1 714
0
0
1 1473
0
0
0
1 1804
0
1 1357
1 544
0
0
0
1 609
0
0
0
0
0
0
0
0
0
0
0
1 546
0
0
1 1641
0
0
0
0
0
0
0
0
0
0
0
0
0
0
0
0
1 548
0
0
1 548
0
0
0
0
1 548
0
0
0
0
0
0
0
0
1 549
0
0
0
0
0
0
0
0
2 614 1488
0
0
0
1 1635
0
0
0
0
0
0
0
0
0
0
1 978
3 553 734 1350
0
0
0
0
0
0
0
0
0
0
1 1567
1 872
0
0
0
0
0
0
0
0
0
0
0
0
1 1337
0
0
0
0
1 990
1 557
0
0
0
0
0
0
0
0
0
0
0
0
0
0
0
0
0
0
0
1 1215
0
0
0
0
0
0
0
0
1 558
0
0
1 558
1 1516
0
0
0
1 558
0
0
0
0
0
1 1319
0
0
0
0
2 1573 1711
0
0
1 559
0
0
1 559
1 923
0
0
0
1 559
1 1346
0
0
0
0
0
0
0
1 1675
0
1 560
0
0
0
0
1 560
0
0
0
0
0
0
0
0
0
0
0
0
0
1 562
0
0
0
1 1773
0
0
0
0
0
1 1332
0
1 1506
0
0
0
0
0
0
0
0
0
0
0
0
1 1891
1 564
0
0
1 564
0
0
0
1 1891
1 564
0
0
0
0
0
0
0
0
0
0
0
1 1083
0
0
0
0
0
0
0
0
3 952 1174 1715
0
1 922
0
0
1 565
0
0
1 565
0
0
0
0
1 565
0
0
0
0
0
0
0
0
0
0
0
0
0
1 1358
1 725
0
0
1 604
1 762
0
2 593 1592
0
1 1638
1 1819
0
1 1242
1 569
0
0
0
0
1 879
0
0
0
0
0
0
0
0
0
0
0
0
0
0
0
0
0
0
0
0
0
0
0
0
1 574
0
0
1 574
0
0
0
0
1 574
0
0
0
0
0
0
0
0
1 1272
0
0
0
0
0
0
1 1875
0
0
0
0
0
0
1 1629
1 616
1 1493
2 1545 1824
0
0
0
1 580
0
0
0
0
1 1446
0
2 597 1126
0
2 581 601
0
1 1610
0
2 1287 1700
0
0
0
0
0
0
0
1 910
0
1 582
0
0
0
1 1702
0
0
0
0
0
0
0
0
0
0
1 1171
2 1046 1872
1 1282
0
1 1877
0
0
1 1725
0
1 1417
1 1746
0
0
0
1 966
0
0
2 587 1110
1 1326
0
1 1737
0
1 892
0
0
0
0
0
2 588 880
0
0
1 1001
0
0
0
0
0
0
0
1 589
1 1221
0
0
0
0
0
1 690
0
0
0
1 590
0
0
0
0
0
0
0
1 1191
0
0
0
1 720
0
0
0
0
0
0
1 593
0
0
1 1078
0
1 593
0
0
0
0
0
0
0
0
0
0
0
0
0
0
0
0
0
1 1543
0
0
1 971
0
1 1484
1 1116
1 596
0
0
1 596
0
0
0
0
1 596
0
0
0
1 951
0
0
0
0
0
1 633
0
0
0
0
0
1 598
0
0
0
1 1129
0
0
0
0
0
0
0
0
1 599
0
0
1 599
0
0
0
2 606 772
2 599 650
0
0
0
0
0
0
0
0
0
0
0
1 993
0
1 1167
0
0
0
0
0
0
0
0
0
0
0
0
1 1348
0
0
1 604
0
0
0
0
1 604
0
0
0
0
0
0
0
0
1 605
0
0
1 605
0
0
1 646
0
1 605
0
0
1 1828
1 1224
0
0
0
0
0
0
0
1 1251
0
0
0
0
0
0
0
0
0
0
0
0
0
0
0
1 606
0
0
0
0
2 657 1516
0
0
0
0
0
0
0
0
1 607
0
0
1 607
0
0
0
0
1 607
0
0
0
0
0
0
0
0
0
0
1 608
1 1642
0
0
1 719
1 1483
1 1316
0
0
0
0
0
0
0
0
0
0
1 1579
0
0
0
0
0
0
0
0
0
0
0
0
0
0
0
0
1 612
0
0
1 612
0
0
0
0
2 612 1734
0
0
0
0
0
0
0
0
0
0
0
0
1 1779
0
0
0
0
0
0
0
0
0
0
1 1217
0
0
0
0
1 1255
1 613
0
0
1 613
0
0
0
0
1 613
0
0
0
0
0
0
0
0
0
0
0
0
0
1 994
0
0
1 1762
0
1 1716
0
0
0
0
0
0
0
0
0
0
1 615
0
0
1 615
0
0
0
0
1 615
0
0
0
0
0
0
0
0
0
1 616
0
0
0
0
1 616
0
1 773
0
0
1 1808
0
0
0
0
0
1 1124
0
0
0
0
1 618
0
0
0
0
2 618 1852
0
1 1846
0
0
0
0
0
0
0
0
0
0
0
0
0
0
0
1 1356
0
1 623
1 1472
0
1 623
0
0
0
0
1 623
0
0
0
0
0
0
0
0
0
0
0
1 625
1 1242
0
1 1819
0
1 625
0
0
0
1 864
0
0
0
0
0
1 914
0
0
0
0
0
0
1 1042
0
0
0
0
1 629
1 858
0
1 629
0
0
0
0
1 629
0
0
0
0
0
0
1 1169
0
0
0
0
0
0
0
0
0
0
0
0
0
1 633
0
0
0
0
0
0
0
0
1 1823
0
0
0
0
0
0
1 666
0
0
0
0
0
0
1 1862
0
0
0
0
1 639
0
0
0
0
0
0
0
0
0
0
1 1051
0
0
0
0
0
1 692
1 721
1 644
0
1 676
1 644
0
0
0
0
1 644
0
0
0
0
0
0
1 1289
0
0
0
1 645
0
0
0
0
1 645
0
0
0
0
0
0
0
0
0
1 1210
0
0
1 646
0
0
0
0
0
0
0
0
1 647
2 661 1661
0
0
0
1 647
1 747
0
0
0
0
0
1 804
0
0
1 1662
0
0
0
1 946
0
1 649
0
0
0
0
0
0
0
0
1 821
0
0
0
0
0
0
0
0
0
1 655
0
0
0
0
0
0
0
0
1 656
0
0
1 656
0
0
0
0
1 656
0
0
0
0
0
0
0
0
0
1 1886
0
0
0
0
0
0
0
1 658
0
1 933
0
0
0
0
0
0
0
0
0
0
1 659
1 1136
0
1 659
0
0
0
0
1 659
0
0
0
0
0
0
0
0
0
0
1 799
0
1 660
0
0
1 660
1 961
0
1 1131
0
1 660
0
0
0
0
0
0
1 1247
0
0
0
0
0
0
0
0
0
0
0
0
1 1686
0
0
0
0
0
0
0
0
0
1 766
0
0
0
0
0
0
0
0
1 664
0
0
1 664
0
0
0
0
0
1 1063
0
1 666
0
0
0
0
0
0
0
0
0
0
0
0
0
0
0
0
0
0
0
0
1 671
0
0
0
0
0
0
0
0
0
0
0
0
0
0
0
1 673
0
0
0
0
0
0
0
0
0
0
0
0
0
0
1 676
0
0
0
0
1 676
0
0
0
0
0
0
0
0
0
0
0
0
0
1 1260
1 677
0
0
1 677
1 943
0
0
0
1 677
0
0
0
0
2 1596 1716
0
0
0
0
0
0
0
0
0
0
0
0
0
0
0
0
0
0
0
0
0
0
0
0
0
0
1 678
0
0
1 678
0
0
0
0
1 678
0
0
0
0
0
0
0
0
1 950
0
1 918
1 1049
0
0
0
0
1 680
0
0
0
0
0
0
0
0
0
0
0
0
0
0
0
0
0
0
0
0
0
0
0
0
0
0
0
1 685
0
0
0
0
0
0
2 1513 1793
0
0
0
0
0
0
0
0
1 687
0
0
2 687 1331
0
0
0
1 1695
1 687
0
0
0
0
0
0
0
0
0
0
1 690
0
0
0
0
1 690
0
0
0
1 1727
0
0
0
1 1206
1 897
0
0
0
0
1 692
0
0
0
0
1 692
0
1 1272
0
0
0
0
0
0
1 1853
1 693
0
0
0
0
1 693
0
1 1125
0
0
0
0
0
0
1 1707
0
1 1295
0
0
0
0
0
0
0
0
0
0
0
0
0
1 1057
1 1817
0
1 697
0
0
0
0
0
0
0
0
0
1 699
0
0
0
0
0
0
0
0
0
0
0
0
0
0
0
0
0
0
0
0
1 701
0
0
1 701
0
0
0
0
1 701
0
0
0
0
0
0
0
0
0
0
1 986
0
1 1585
0
1 1613
0
1 1843
0
0
0
1 1639
0
0
0
0
0
0
0
0
0
0
0
0
0
0
0
0
0
0
1 1143
0
0
0
0
0
0
0
0
0
1 1421
0
0
0
0
0
0
0
0
0
0
0
0
0
0
0
0
0
0
0
0
0
0
0
0
0
0
1 715
0
0
0
0
0
0
0
1 718
1 1802
0
0
0
1 718
0
0
0
0
0
1 920
0
0
0
0
0
1 719
0
0
0
0
0
0
0
0
0
0
0
0
0
0
0
0
0
0
0
0
1 1107
0
0
0
0
0
1 1560
0
0
0
0
0
0
0
0
0
0
0
0
0
0
0
0
0
1 1108
0
1 1862
1 724
0
0
1 1527
0
0
0
0
0
0
0
0
0
0
0
0
0
0
2 1463 1575
0
1 727
0
0
1 727
0
0
0
0
1 727
0
0
0
0
0
0
0
0
0
0
0
0
0
0
0
0
0
0
1 730
0
0
0
0
0
0
0
0
0
0
0
0
1 1230
1 733
0
0
0
0
1 733
0
0
0
0
0
0
0
0
0
0
0
0
0
0
0
0
0
0
0
0
0
0
0
0
0
1 1864
0
0
0
0
1 866
0
0
1 741
0
0
1 741
0
0
0
0
1 741
0
0
0
0
0
0
0
0
1 995
0
1 742
0
0
1 742
0
0
0
0
1 742
0
0
0
0
0
0
0
0
0
0
0
1 1144
0
0
1 878
0
1 1860
0
1 1481
0
0
0
0
0
0
0
1 1217
1 744
0
0
1 744
0
0
0
0
1 744
0
0
0
0
0
0
0
0
0
1 745
0
0
1 786
0
1 745
0
0
0
0
0
0
0
0
0
0
1 1361
1 1190
0
0
0
0
0
0
0
0
0
2 747 1797
0
0
0
0
1 747
0
0
1 1524
0
0
0
0
0
0
2 748 1752
0
0
1 748
0
1 1738
0
0
1 748
0
1 1849
0
0
0
0
0
0
0
0
0
0
0
1 749
0
0
1 749
0
0
0
0
1 749
0
0
0
0
0
0
0
0
0
0
0
0
0
0
0
0
0
0
0
0
0
0
0
0
0
0
1 752
0
0
1 752
0
0
0
0
1 752
0
0
0
0
0
0
0
0
0
0
0
0
0
0
1 753
0
0
0
0
0
0
0
0
0
0
0
0
0
0
1 1750
0
0
0
0
0
0
1 828
0
3 1256 1379 1784
0
0
0
0
0
0
0
0
0
0
0
0
0
0
0
0
0
0
0
0
0
0
0
0
0
0
0
0
0
0
1 885
0
0
1 761
0
0
1 761
0
0
0
0
1 761
0
0
0
0
0
0
0
0
1 762
0
0
1 930
0
1 762
0
0
0
0
0
1 1359
1 1089
0
1 763
0
1 1098
0
0
0
0
0
0
0
1 764
0
0
0
0
0
0
0
0
0
0
0
0
1 766
0
0
0
0
1 766
0
0
0
0
0
0
0
0
0
0
0
1 767
1 825
0
0
0
0
0
0
0
0
0
0
1 768
0
0
0
0
0
0
0
0
0
0
0
0
0
0
0
0
1 772
0
0
0
0
0
0
0
0
0
0
0
0
0
0
0
0
0
0
0
0
0
0
0
0
0
0
2 774 1367
0
0
1 774
0
1 1060
0
0
1 774
1 1785
0
0
0
0
0
0
0
0
0
0
0
0
0
0
1 1848
0
1 788
1 863
0
0
0
0
0
0
0
0
0
1 780
0
0
0
0
1 780
0
1 1640
0
0
0
0
0
0
0
0
0
0
0
0
0
1 782
0
0
0
0
1 782
0
1 1251
0
1 1055
0
0
1 1693
0
0
0
2 783 1489
0
0
1 783
1 1341
0
0
0
2 783 945
0
0
0
0
0
0
0
0
0
0
0
0
0
0
0
0
0
0
0
0
0
0
0
0
0
0
1 787
0
0
0
0
0
0
0
0
0
1 1250
0
0
1 965
0
0
0
0
1 883
0
0
0
1 790
0
0
1 790
0
0
1 1672
0
1 790
0
0
0
0
0
0
0
0
1 1455
0
0
1 794
0
0
0
0
0
0
0
0
0
0
1 795
0
0
0
0
0
0
0
0
1 1214
2 1532 1563
0
0
0
0
0
0
0
0
1 1201
0
0
0
0
0
0
0
1 1583
0
0
0
0
0
0
2 1118 1735
0
0
1 805
0
0
1 805
0
0
0
0
1 805
0
0
0
0
0
0
0
0
0
0
0
0
0
2 1120 1405
0
1 1141
0
1 1237
1 1040
0
0
0
0
0
0
0
0
0
1 1252
0
0
0
1 849
0
0
0
0
0
0
0
0
1 812
0
0
1 812
0
0
0
0
1 812
0
0
0
0
0
0
0
0
1 1382
1 813
0
0
0
0
0
0
0
0
0
0
0
0
0
0
1 1058
0
0
0
0
1 815
0
0
0
0
0
0
0
1 844
0
0
0
0
0
0
0
0
0
0
0
0
0
0
0
1 820
0
0
1 1673
0
0
0
0
0
0
0
0
0
0
0
0
0
0
0
1 1727
0
0
0
0
0
0
0
0
0
0
0
0
0
0
1 1448
0
0
1 1515
0
0
1 825
0
0
0
0
1 825
0
0
0
0
0
0
0
0
0
0
0
0
0
0
1 1349
0
0
0
0
0
1 1356
0
0
0
0
0
0
1 828
1 1002
0
0
0
0
0
0
0
0
0
0
0
0
0
0
0
1 831
0
0
1 831
0
0
0
0
1 831
0
0
0
0
0
0
0
0
0
0
0
0
1 1677
0
0
0
0
0
0
0
0
0
0
0
1 1041
0
2 973 1700
0
0
0
0
2 837 1663
0
0
1 1685
0
0
0
0
0
0
0
0
0
0
0
0
0
0
0
0
0
0
0
0
0
0
0
0
0
0
0
0
1 949
0
0
1 845
0
0
0
0
0
0
0
0
0
1 1007
0
0
0
0
0
0
1 1244
0
1 849
0
0
0
0
1 849
0
0
1 1232
0
0
0
0
0
0
0
0
0
0
0
1 1246
0
1 1305
0
0
0
0
0
2 851 1018
0
0
2 851 1500
1 1021
0
0
0
1 851
0
0
0
0
1 1021
0
0
0
1 1496
0
0
1 1029
0
0
0
0
0
0
0
0
0
0
0
0
0
0
1 853
0
0
1 853
0
1 423
0
0
1 853
0
0
0
0
0
0
0
0
0
0
0
0
1 855
0
0
0
0
0
0
0
0
0
0
0
0
0
1 856
0
1 1267
1 856
0
0
0
0
1 856
0
0
0
0
0
0
0
0
0
0
0
0
0
0
0
0
0
0
0
0
0
0
1 859
0
0
0
0
0
0
0
0
1 889
0
1 1730
0
0
0
0
0
0
1 862
0
0
0
0
1 862
0
0
1 1624
0
0
0
0
0
1 1332
0
0
1 863
0
0
2 1406 1463
0
0
0
0
0
0
1 1427
0
0
0
0
0
0
0
0
0
0
0
0
0
1 1545
0
1 950
0
0
0
1 867
0
0
0
0
0
0
0
0
0
0
0
0
1 1301
0
0
1 868
1 1283
0
0
0
1 1829
1 1435
0
0
0
0
0
0
0
0
0
0
0
1 871
0
0
0
0
0
0
0
0
0
1 872
0
0
0
0
0
0
0
0
0
0
0
0
0
1 874
0
0
2 874 1090
0
0
0
0
1 874
0
0
0
0
0
0
0
0
0
0
0
0
0
0
0
0
2 1260 1392
0
0
0
0
0
0
2 878 1689
0
0
0
0
1 878
0
0
0
0
0
0
0
0
0
1 1513
0
0
0
1 1169
0
0
0
0
0
0
1 879
0
0
0
0
0
0
0
0
0
0
0
0
0
0
0
0
0
0
0
1 882
0
0
0
0
0
0
0
0
0
0
0
1 883
1 1110
0
0
0
1 1083
0
0
0
0
0
1 884
0
0
1 884
0
0
0
0
1 884
0
0
0
0
0
0
0
0
0
0
0
1 885
0
0
0
0
0
0
0
0
0
0
0
0
0
0
0
0
0
0
0
0
0
0
0
0
0
0
0
0
0
1 893
1 1199
0
0
0
0
0
0
0
1 1206
0
0
0
1 1374
0
0
0
0
0
0
0
0
1 1876
1 972
0
0
0
0
0
0
0
0
0
0
0
0
0
0
0
0
0
0
0
0
0
0
0
1 899
0
0
1 899
0
0
0
0
1 899
0
0
0
0
0
0
0
0
0
1 900
0
0
0
0
0
0
0
0
1 901
0
0
0
0
1 901
0
0
0
0
0
0
0
0
0
0
0
0
0
0
0
0
0
1 1576
0
0
0
0
0
0
0
1 993
1 1077
0
0
0
0
0
1 1204
0
0
0
0
0
0
1 1578
0
0
1 909
1 1578
0
1 909
0
0
0
0
1 909
0
0
0
0
0
0
0
0
0
1 910
0
0
0
0
1 910
1 1534
0
0
1 1063
0
0
0
0
1 911
0
0
0
0
0
0
0
0
0
0
0
1 985
0
0
0
0
0
0
0
0
0
0
0
1 912
0
0
1 912
0
0
0
0
1 912
1 1154
0
0
0
0
0
0
0
0
0
0
0
0
1 914
0
0
0
0
1 914
0
0
0
0
0
0
0
0
0
0
0
0
0
1 1538
0
0
0
0
0
0
0
0
0
0
0
0
0
1 1458
0
0
0
0
0
0
0
0
0
0
1 919
0
0
1 919
0
0
0
0
0
0
3 920 1358 1882
1 1729
0
0
1 1773
0
0
0
0
0
0
1 1276
0
0
0
1 922
0
0
0
0
1 922
0
0
0
0
0
0
0
0
0
1 923
0
0
0
1 1681
0
0
0
0
0
0
0
1 999
1 930
0
0
0
1 1495
1 930
1 1428
0
0
1 1056
0
0
0
0
0
1 1227
0
0
0
0
0
0
0
0
0
0
0
2 939 1326
0
0
0
0
0
0
0
0
0
0
0
0
0
0
0
0
0
0
0
0
0
0
0
0
0
0
0
1 945
0
0
0
0
1 945
0
0
0
0
0
0
0
1 1551
0
0
0
0
0
0
0
0
0
0
0
2 971 1234
0
0
0
0
0
0
0
0
1 949
0
1 1351
0
0
1 949
0
0
0
0
0
0
0
0
0
0
1 1784
0
0
0
0
0
0
0
0
1 951
0
0
0
0
0
0
1 1095
0
0
0
0
0
0
0
0
0
1 1808
0
0
0
0
0
0
0
0
0
1 1756
0
1 957
0
0
1 957
1 1006
0
0
0
1 957
0
0
0
0
0
0
0
0
0
0
0
1 959
0
0
1 959
0
0
0
0
1 959
0
0
0
0
0
0
0
0
0
0
0
0
0
0
0
0
1 965
0
0
1 963
0
0
0
0
2 1487 1742
0
0
0
0
0
0
1 1167
0
0
0
0
0
0
1 1073
1 966
0
0
0
0
0
0
0
0
0
0
0
0
0
0
0
0
0
0
0
0
0
1 971
0
0
0
1 1116
0
0
0
0
0
0
0
0
0
0
0
0
0
0
1 973
0
0
0
0
0
0
0
0
0
0
0
0
0
0
0
0
0
0
0
0
0
0
0
0
0
0
0
0
0
0
0
0
0
0
0
0
0
1 982
0
0
1 982
0
0
0
0
1 982
0
0
0
0
0
0
0
0
0
1 1483
0
1 985
0
0
0
0
1 985
0
1 1853
0
0
0
0
0
0
0
0
1 986
0
0
0
0
1 986
0
0
0
0
0
0
0
0
0
2 1134 1767
0
0
2 989 1339
0
0
0
0
1 989
0
0
0
0
0
0
0
0
1 990
1 1589
0
0
0
0
0
0
0
0
0
0
0
0
0
0
0
1 993
0
0
0
0
0
0
0
0
0
1 994
0
0
0
0
0
0
0
0
0
0
0
0
0
0
0
0
0
0
0
0
0
0
0
0
0
0
0
0
0
0
0
0
0
1 1139
0
0
0
0
0
0
0
0
0
0
1 1642
0
1 998
1 1532
0
1 998
0
0
0
0
1 998
0
0
0
1 1021
0
0
0
0
0
0
0
0
0
0
0
0
0
0
0
0
0
0
0
0
0
0
0
0
0
0
0
0
0
0
0
0
0
0
0
0
0
0
0
1 1478
0
1 1006
0
0
0
0
2 1006 1578
0
0
0
0
0
0
0
0
1 1007
0
0
0
0
1 1007
0
0
0
0
0
0
0
0
0
0
0
0
0
0
0
0
0
0
0
1 1013
0
0
1 1013
0
0
0
0
1 1013
0
1 1640
0
0
0
0
0
0
0
0
0
0
0
0
0
0
0
0
0
0
0
0
0
0
0
1 1330
0
0
0
0
0
0
0
0
0
0
0
0
0
0
0
0
0
0
0
1 1023
0
0
1 1023
0
0
0
0
1 1023
0
0
0
0
0
0
0
0
0
0
0
0
0
0
0
0
0
0
0
0
0
0
0
0
0
0
0
0
0
0
0
0
0
0
0
0
1 1025
0
0
1 1025
0
0
0
0
1 1025
0
0
0
0
0
0
0
0
0
0
0
0
0
0
0
0
0
0
1 1027
0
0
1 1027
0
0
0
0
2 1027 1827
0
0
0
0
0
0
0
0
0
1 1598
0
1 1029
1 423
0
0
0
0
0
0
0
1 1030
0
0
1 1030
0
0
0
0
1 1030
0
0
0
0
0
0
0
0
0
0
0
0
0
0
0
0
0
0
0
1 1033
0
1 1411
0
0
0
0
0
1 1068
0
0
0
1 1036
0
0
0
0
0
0
0
0
0
0
0
0
0
0
0
0
0
1 1202
0
1 1041
0
0
0
0
1 1041
0
0
0
0
0
0
0
0
0
1 1042
0
0
0
0
0
0
0
0
1 1150
0
0
0
0
0
0
0
0
0
0
0
0
0
0
0
1 1044
0
0
1 1044
0
0
0
0
1 1044
0
0
0
0
0
1 1234
0
0
0
0
0
0
0
0
0
1 1047
0
0
1 1502
0
0
0
0
0
0
1 1446
0
0
0
0
0
1 1555
0
0
0
0
0
0
0
1 1050
0
0
0
0
0
0
0
0
0
0
2 1051 1073
0
0
0
0
0
0
0
0
0
0
0
0
1 1052
0
0
1 1052
0
0
0
0
1 1052
0
0
0
1 1829
0
0
0
0
0
0
0
1 1605
0
0
0
1 1054
0
0
1 1054
0
0
0
0
1 1054
0
0
0
0
0
0
0
0
1 1055
0
0
0
0
1 1055
0
0
0
0
0
0
0
0
0
0
0
1 1056
0
0
0
0
0
0
0
0
0
0
1 1705
0
0
0
0
1 1346
0
0
0
0
0
0
0
0
0
0
0
0
0
0
0
0
0
0
0
1 1061
0
0
1 1061
0
0
0
0
1 1061
0
0
0
0
0
0
0
0
0
0
0
1 1354
0
1 1063
0
0
0
0
0
0
0
0
0
0
0
0
0
1 1096
1 1775
1 1682
1 1594
0
0
0
0
0
0
0
0
0
1 1065
0
0
1 1065
0
0
0
0
1 1065
0
0
0
0
0
0
0
0
0
0
1 1563
0
0
0
0
0
1 1066
0
0
1 1066
0
0
0
0
1 1066
0
0
0
0
0
0
0
0
0
0
2 1455 1493
0
0
0
0
0
0
0
0
0
0
0
0
0
0
0
0
0
0
0
0
0
0
0
0
0
0
0
0
0
0
1 1242
0
1 1073
0
0
0
0
0
0
0
1 1819
0
1 1296
0
1 1293
0
1 1369
1 1804
0
0
0
0
0
0
0
0
0
0
0
0
0
0
1 1693
0
0
0
0
0
0
0
0
0
0
0
0
1 1215
0
0
0
0
0
1 1083
0
0
0
0
0
0
0
0
1 1879
1 1738
0
0
0
1 1764
0
0
0
0
1 1089
0
0
0
0
1 1089
0
0
0
0
0
0
0
0
0
0
0
0
0
0
0
0
0
0
1 1091
0
0
1 1091
0
0
0
0
1 1091
0
0
0
0
1 1168
0
0
0
0
0
0
0
0
0
0
0
0
0
0
0
0
0
0
0
0
0
0
0
0
0
0
0
0
0
0
0
0
0
0
0
0
0
0
0
0
0
0
0
0
0
0
0
0
0
1 1100
0
0
1 1100
0
0
0
0
1 1100
0
0
0
0
0
1 1508
0
0
0
0
1 1101
0
0
1 1101
0
0
0
0
1 1101
0
0
0
0
0
0
0
0
0
0
0
1 1102
0
0
0
1 1458
0
0
0
0
0
1 1104
0
0
1 1104
0
1 1700
0
1 1237
1 1104
0
0
0
0
0
0
0
0
0
0
0
0
0
0
0
0
0
0
0
0
0
0
0
1 1106
0
0
1 1106
0
0
0
0
1 1106
0
0
0
0
0
0
0
0
1 1344
0
0
0
0
0
0
0
0
0
0
0
1 1110
0
0
0
0
0
0
0
0
0
0
0
0
0
1 1200
0
0
0
0
0
0
0
0
0
0
1 1113
0
0
1 1113
0
0
0
0
1 1113
0
0
0
1 1535
0
0
0
0
1 1484
0
0
0
0
0
0
0
0
0
0
0
0
0
1 1319
0
0
0
0
0
0
0
0
0
0
1 1323
0
0
0
1 1120
0
0
0
0
0
0
0
0
0
0
0
0
0
0
0
0
0
0
0
0
1 1210
1 1534
0
0
0
1 1121
0
0
1 1121
0
0
0
0
1 1121
0
0
0
0
0
0
0
0
0
0
0
1 1123
0
0
0
0
0
0
0
0
0
0
0
0
0
0
0
0
0
0
0
0
0
0
0
1 1126
0
0
0
0
0
0
0
0
0
0
0
1 1128
0
0
0
0
0
0
0
0
0
0
0
0
0
0
0
0
0
0
0
0
0
0
0
0
0
0
0
0
0
0
0
2 1134 1743
0
0
0
0
1 1134
0
0
0
0
0
0
0
0
0
1 1357
0
0
0
1 1136
0
0
0
0
0
0
0
0
0
0
0
0
0
0
0
0
0
0
0
0
0
0
0
0
0
0
0
0
1 1779
1 1141
0
0
0
0
1 1141
0
0
0
0
0
0
0
0
0
0
1 1143
1 1613
0
0
0
1 1143
0
0
0
0
0
0
0
0
0
0
0
0
0
0
0
0
0
0
0
0
0
0
0
0
0
1 1657
0
0
1 1415
0
0
0
0
0
0
0
0
1 1751
0
0
0
0
0
0
0
0
0
0
0
0
0
0
0
0
0
0
1 1154
0
0
0
0
1 1154
0
0
0
0
0
0
0
0
0
0
0
0
0
0
0
0
0
0
0
0
0
0
0
1 1159
1 1681
0
1 1159
0
0
0
0
1 1159
0
0
0
0
0
1 1631
0
0
0
0
0
0
0
0
0
0
0
0
0
0
0
2 1755 1868
0
1 1462
0
1 1167
1 1406
0
0
0
0
0
0
0
0
0
0
0
0
0
0
0
0
0
1 1351
0
0
0
0
1 1169
0
1 1891
0
0
0
0
0
0
0
1 1170
0
0
1 1170
0
0
0
0
1 1170
0
0
0
0
0
0
0
0
0
0
0
0
0
1 1876
0
0
0
0
0
0
0
0
0
0
0
0
0
0
0
0
0
0
0
0
0
0
0
0
0
0
0
0
0
1 1496
0
0
0
0
0
0
0
0
0
0
0
0
0
0
0
0
0
0
0
0
0
0
0
0
0
0
1 1192
0
0
0
0
0
0
0
0
0
0
0
0
0
0
0
0
0
0
0
0
0
0
0
0
0
0
0
0
0
0
0
0
0
0
0
1 1194
0
0
1 1194
0
0
1 1882
0
1 1194
0
0
0
0
0
0
0
0
0
0
0
0
0
0
0
0
0
0
0
0
0
0
0
0
0
0
0
0
1 1844
0
0
0
1 1200
0
0
0
0
0
0
1 1201
0
0
0
0
1 1201
0
0
0
0
0
0
0
0
1 1202
0
0
0
0
1 1202
0
0
0
0
0
0
1 1495
0
0
0
0
0
0
0
0
0
0
0
0
0
1 1481
0
0
1 1205
0
0
1 1205
0
0
0
0
1 1205
0
0
0
0
0
0
0
0
0
0
1 1206
0
0
0
0
0
0
0
0
0
0
0
0
0
0
1 1210
0
0
0
0
0
0
0
0
0
0
0
0
0
0
0
0
0
0
0
0
0
0
0
0
1 1215
0
0
0
0
0
0
0
0
0
0
0
0
0
0
1 1217
0
0
0
0
0
0
0
0
0
0
0
0
0
0
0
1 1219
0
0
1 1219
0
0
0
0
1 1219
0
0
0
0
0
0
0
0
1 1220
0
0
0
0
0
0
0
0
0
0
0
0
0
0
0
0
1 1718
0
0
0
0
0
0
0
0
0
0
0
0
1 1761
0
0
0
0
0
0
0
0
0
1 1229
0
0
1 1229
0
0
0
0
1 1229
0
0
0
0
0
0
0
0
0
0
0
0
0
0
0
1 1232
0
0
0
0
1 1232
0
0
0
0
0
0
0
0
0
0
0
0
0
1 1234
0
0
0
0
0
0
0
0
0
0
0
0
0
1 1237
0
0
0
0
0
0
0
0
0
0
0
0
0
0
0
0
0
0
0
0
0
0
0
0
0
0
1 1240
0
0
1 1240
0
0
0
0
1 1240
0
0
0
0
0
0
0
0
0
0
0
0
0
0
0
0
0
0
0
0
0
0
0
0
0
0
0
0
0
0
0
0
0
1 1247
0
0
0
0
0
0
0
0
0
0
0
1 1795
0
1 1750
1 1251
0
1 1792
0
0
0
0
0
0
0
0
0
0
0
0
0
0
0
0
0
0
1 1255
0
0
0
0
1 1255
0
0
0
0
0
0
0
0
0
0
0
0
0
0
0
0
0
0
0
0
0
0
0
0
0
0
0
1 1260
0
0
0
0
0
0
0
0
0
0
0
0
0
0
0
0
0
0
0
0
0
0
0
0
1 1265
0
0
1 1265
0
0
0
0
1 1265
0
0
0
0
0
0
0
0
0
0
0
0
0
0
0
0
0
0
0
0
0
0
0
0
0
0
1 1272
0
0
0
0
0
0
0
0
0
1 1274
0
0
1 1274
0
0
0
0
1 1274
0
0
0
0
0
0
0
0
0
1 1463
0
0
0
0
0
1 1702
0
1 1276
0
0
0
0
0
0
0
0
0
0
0
1 1529
0
1 1280
0
0
0
0
0
0
0
0
0
0
0
0
0
0
0
1 1283
0
0
0
0
1 1283
0
0
0
0
0
0
0
0
0
0
0
0
0
0
0
0
0
0
0
0
0
0
0
0
0
0
0
0
1 1288
0
0
1 1288
0
0
0
0
1 1288
0
0
0
0
0
0
0
0
0
0
0
0
0
0
0
0
0
0
0
0
0
0
0
0
0
0
1 1295
0
0
0
0
0
0
0
0
0
0
0
0
0
0
0
0
0
0
0
0
0
0
0
1 1298
0
0
0
0
0
0
0
0
0
0
0
0
0
0
1 1301
0
0
0
0
1 1301
0
0
0
0
0
0
0
0
0
0
0
0
0
0
0
0
0
0
0
0
0
0
0
0
0
0
0
0
0
0
1 1308
0
0
0
0
0
0
0
0
0
0
0
0
0
0
0
0
0
0
0
0
0
0
0
0
0
1 1316
0
0
0
0
0
0
0
0
0
0
1 1319
0
0
0
0
0
0
0
0
0
0
0
0
0
0
0
0
1 1322
0
0
1 1322
0
0
0
0
1 1322
0
0
0
0
0
0
0
0
0
0
0
1 1567
1 1323
0
0
1 1337
0
0
0
0
0
0
0
1 1326
0
0
0
0
0
0
0
0
0
0
0
0
0
0
0
0
0
0
0
0
0
0
0
0
0
1 1332
0
0
0
0
0
0
0
0
0
0
0
0
0
0
0
0
0
0
0
0
0
0
0
0
0
0
0
0
0
0
0
1 1335
0
0
1 1335
0
0
0
0
1 1335
0
0
0
0
0
0
0
0
0
0
0
0
0
0
0
0
0
0
0
0
0
0
0
0
0
0
0
0
0
0
1 1341
0
0
0
0
1 1341
0
0
0
0
0
0
1 1540
0
0
0
0
0
0
0
1 1444
0
0
0
1 1344
0
0
0
0
1 1344
0
0
0
0
0
0
0
0
0
0
0
0
0
1 1857
0
0
0
0
0
1 1348
0
0
0
0
0
0
0
0
1 1349
0
0
0
0
1 1349
0
0
0
0
0
0
0
0
0
1 1350
0
0
0
0
0
0
0
0
0
0
0
0
1 1351
0
0
0
0
0
0
0
0
0
0
0
0
0
0
0
0
0
0
0
0
0
0
0
0
1 1478
0
1 1353
0
0
1 1353
0
0
0
0
1 1353
0
0
0
0
0
0
0
0
0
0
0
0
0
0
0
0
0
0
0
0
0
0
0
0
0
0
0
0
0
0
0
0
0
0
0
0
0
0
0
0
0
0
0
0
0
1 1355
0
0
1 1355
0
0
0
0
1 1355
0
0
0
0
0
0
0
0
0
0
1 1356
0
0
0
0
0
0
0
0
0
0
0
0
1 1357
0
0
0
0
0
0
0
0
0
0
1 1358
0
0
0
0
0
0
0
0
0
0
0
0
0
0
0
0
0
1 1360
0
0
1 1360
0
0
0
0
1 1360
0
0
0
0
0
0
0
0
0
0
0
0
0
0
0
0
1 1617
0
0
1 1363
0
0
1 1363
0
0
0
0
1 1363
0
0
0
0
0
0
0
0
1 1767
0
0
0
0
0
0
1 1367
0
0
0
0
0
0
0
0
1 1369
0
0
0
0
0
0
0
0
0
0
0
0
0
0
0
0
0
0
0
0
0
0
0
0
0
0
0
0
0
0
0
0
0
0
0
0
0
0
0
0
0
0
0
1 1382
0
0
0
0
1 1382
0
0
0
0
0
0
0
0
0
0
0
0
0
0
0
0
0
0
0
0
0
0
0
0
0
0
0
0
0
0
0
0
0
0
0
0
0
0
0
0
0
0
0
0
0
0
0
0
0
0
0
0
0
0
0
0
0
0
0
0
0
0
0
0
0
0
0
0
1 1402
0
0
0
0
0
0
0
0
0
0
0
0
0
0
0
0
0
1 1406
0
0
0
0
0
0
0
0
0
0
0
0
0
0
0
0
0
0
1 1411
0
0
0
0
1 1411
0
0
0
0
0
0
0
0
0
0
0
0
0
0
0
0
0
0
0
0
0
0
0
0
0
0
1 1417
0
0
0
0
0
0
0
0
0
0
0
0
0
0
0
0
2 1421 1719
0
0
0
0
0
0
0
0
0
0
1 1422
0
0
1 1422
0
0
0
0
1 1422
0
0
0
0
0
0
0
0
0
0
0
0
0
0
0
0
0
0
0
0
0
0
0
1 1428
0
0
0
0
1 1428
0
0
0
0
0
0
0
0
0
0
0
0
0
1 1618
0
0
0
0
0
0
0
0
0
0
0
0
0
0
0
0
0
0
0
0
0
0
0
0
0
0
0
0
0
0
0
0
1 1730
0
0
0
0
0
0
0
1 1444
0
0
0
0
1 1444
0
0
0
0
0
0
0
0
0
0
0
0
0
0
0
1 1446
0
0
0
0
0
0
0
0
0
0
0
0
0
0
0
0
0
0
0
0
0
0
1 1835
0
1 1461
0
0
0
0
1 1515
1 1455
0
0
0
0
0
0
0
0
0
0
0
0
0
1 1458
0
0
0
0
0
0
0
0
1 1459
0
0
1 1459
0
0
0
0
1 1459
0
0
0
0
0
0
0
0
0
0
0
0
0
0
0
0
0
0
0
0
0
1 1462
0
0
0
0
1 1462
0
0
0
0
0
0
0
0
0
0
1 1743
0
0
0
0
0
0
1 1465
0
0
1 1465
0
0
0
0
1 1465
0
0
0
0
0
0
0
0
0
0
0
0
0
0
0
1 1466
0
0
1 1466
0
0
0
0
1 1466
0
0
0
0
0
0
0
0
1 1467
0
0
0
0
0
0
0
0
0
1 1470
0
0
0
0
1 1470
0
0
0
0
0
0
0
0
0
1 1471
0
0
1 1471
0
0
0
0
1 1471
0
0
0
0
0
0
0
0
0
0
0
0
0
0
0
0
0
0
0
0
0
0
0
0
0
0
0
0
1 1478
0
0
0
0
0
0
0
0
0
0
0
0
0
0
0
0
0
0
0
0
0
0
0
0
0
0
0
0
0
1 1482
0
0
1 1482
0
0
0
0
1 1482
0
0
0
1 1524
0
0
0
0
0
1 1483
0
0
0
0
0
0
0
0
0
0
0
0
0
0
0
0
0
0
0
0
0
0
0
0
0
0
0
0
0
0
0
0
0
0
0
0
0
0
0
0
0
0
0
0
0
1 1492
0
0
1 1492
0
0
0
0
1 1492
0
0
0
0
0
0
0
0
0
0
0
0
0
0
0
0
0
1 1495
0
0
0
0
0
0
0
0
0
0
0
0
1 1496
0
0
0
0
0
0
0
0
0
1 1497
0
0
0
0
0
0
0
0
1 1872
0
0
0
1 1793
0
0
0
0
0
0
0
0
0
0
0
0
0
0
0
0
0
0
0
0
0
0
0
1 1503
0
0
1 1503
0
1 1505
0
0
1 1505
0
0
0
0
1 1505
0
0
0
0
0
0
0
0
1 1506
0
0
0
0
0
0
0
0
1 1507
0
0
0
0
0
0
0
0
0
0
0
0
0
0
0
0
0
0
0
1 1758
0
0
0
0
0
0
0
0
0
0
0
0
0
0
0
0
0
0
1 1515
0
0
0
0
0
0
0
0
1 1516
0
0
0
0
0
0
0
0
1 1716
0
0
0
0
0
0
0
0
0
0
0
0
0
0
0
0
0
0
0
0
0
0
0
0
0
0
0
0
0
1 1718
0
0
1 1528
0
0
0
0
2 1529 1662
0
0
0
0
1 1529
0
0
0
0
0
0
0
0
0
0
0
0
0
0
0
0
0
0
1 1532
0
0
0
0
0
0
0
0
0
0
1 1533
0
0
0
0
0
0
0
0
0
0
0
1 1534
0
0
0
0
0
0
0
0
0
0
0
0
0
0
0
0
0
0
1 1538
0
0
0
0
0
0
0
0
0
0
0
0
0
0
0
1 1540
0
0
0
0
0
0
0
0
0
0
0
1 1543
0
0
0
0
0
0
0
0
0
0
0
0
0
0
0
0
1 1544
0
0
1 1544
0
0
0
0
1 1544
0
0
0
0
0
0
0
1 1703
0
0
0
0
0
0
0
0
0
0
0
0
0
0
0
0
0
0
0
0
0
1 1550
0
0
1 1550
0
0
0
0
1 1550
0
0
0
0
0
0
0
0
1 1551
0
0
0
0
1 1551
0
0
0
0
0
0
0
0
0
0
0
0
0
0
0
0
0
0
0
0
0
0
0
0
0
0
0
0
0
0
1 1552
0
0
1 1552
0
0
0
0
1 1552
0
0
0
0
0
0
0
0
0
0
0
0
0
0
1 1554
0
0
1 1554
0
0
0
0
1 1554
0
0
0
0
0
0
0
0
0
1 1555
0
0
0
0
1 1555
0
0
0
0
0
0
0
0
0
0
0
0
0
0
0
0
0
0
0
0
0
0
0
0
0
0
1 1563
0
0
0
0
0
0
0
0
0
0
0
0
0
0
0
0
0
0
0
0
0
0
0
0
0
0
0
0
0
0
0
0
0
0
0
0
0
0
0
0
0
0
0
0
1 1576
0
0
0
0
0
0
0
1 1853
0
0
0
0
0
0
0
0
0
0
0
0
0
0
0
0
0
0
1 1582
0
0
1 1582
0
0
0
0
1 1582
0
0
0
0
0
0
0
0
0
0
0
0
0
0
0
0
0
0
0
0
0
0
0
0
0
0
1 1587
0
0
1 1587
0
0
0
0
1 1587
0
0
0
0
0
0
0
0
0
0
1 1682
0
0
0
0
0
0
0
0
0
0
0
0
0
0
0
0
0
0
0
1 1594
0
0
0
0
1 1594
0
0
0
0
0
0
0
0
0
0
0
0
0
0
0
0
0
0
0
0
0
0
0
0
0
0
0
0
0
0
0
1 1601
0
0
1 1601
0
0
0
0
1 1601
0
0
0
0
0
0
0
0
0
0
0
0
1 1603
0
0
1 1603
0
0
0
0
1 1603
0
0
0
0
0
0
0
0
0
1 1605
0
0
0
0
1 1605
0
0
0
0
0
0
0
0
0
0
0
0
0
0
0
0
0
0
0
0
0
0
0
0
0
0
0
0
1 1613
0
0
0
0
0
0
0
0
0
0
0
0
0
0
1 1883
0
0
0
0
1 1618
0
0
0
0
1 1618
0
0
0
0
0
0
0
0
0
0
0
0
0
0
0
0
1 1623
0
0
1 1624
0
0
0
0
1 1624
0
0
0
0
0
0
0
0
0
1 1625
0
0
1 1625
0
0
0
0
1 1625
0
0
0
0
0
0
0
0
0
0
1 1627
0
0
1 1627
0
1 1739
0
0
1 1627
0
0
0
0
0
0
0
0
0
0
0
0
0
0
0
0
0
0
0
0
1 1631
0
0
0
0
1 1631
0
0
0
0
0
0
0
0
0
0
0
0
0
0
0
0
0
0
0
0
0
0
0
0
0
0
0
0
0
0
0
0
0
1 1640
0
0
0
0
0
0
0
0
0
0
1 1641
0
0
0
0
0
0
0
0
0
0
0
0
1 1645
0
0
1 1645
0
0
0
0
1 1645
0
0
0
0
0
0
0
0
0
0
0
0
0
0
0
0
0
1 1650
0
0
1 1650
0
0
0
0
1 1650
0
0
0
0
0
0
0
0
0
0
0
0
0
1 1657
0
0
1 1671
0
1 1657
0
0
0
0
0
0
0
0
0
0
0
0
0
0
0
0
0
0
0
0
0
0
0
0
0
0
0
0
1 1663
0
0
0
0
1 1663
0
0
0
0
0
0
0
0
0
0
0
0
0
0
0
0
0
0
0
0
0
0
0
0
0
0
0
0
0
0
0
0
0
0
0
0
0
0
0
0
0
1 1668
0
0
1 1668
0
0
0
0
1 1668
0
0
0
0
0
0
0
0
0
0
0
0
0
1 1669
0
0
1 1669
0
0
0
0
1 1669
0
0
0
0
0
0
0
0
0
0
0
0
0
1 1672
0
0
0
0
0
0
0
0
0
0
0
0
0
0
0
0
0
0
0
0
0
0
0
0
0
0
0
0
0
0
0
0
0
0
0
0
0
1 1674
0
0
1 1674
0
0
0
0
1 1674
0
0
0
0
0
0
0
0
0
0
0
0
0
0
0
0
0
0
0
0
0
0
0
0
0
0
0
0
0
0
0
0
0
0
0
0
0
0
0
0
1 1679
0
0
1 1679
0
0
0
0
0
0
0
0
0
0
1 1681
0
0
0
0
0
0
0
0
0
0
0
0
1 1682
0
0
0
0
0
0
0
0
0
0
0
1 1684
0
0
1 1684
0
0
0
0
1 1684
0
0
0
0
0
0
0
0
1 1685
0
0
0
0
0
0
0
0
0
0
0
0
0
0
0
0
0
0
0
0
0
0
0
0
0
0
0
1 1687
0
0
1 1687
0
0
0
0
1 1687
0
0
0
0
0
0
0
0
0
0
1 1688
0
0
0
0
0
0
0
0
0
0
0
0
0
0
0
0
0
0
0
0
0
1 1693
0
0
0
0
0
0
0
0
0
0
0
0
0
0
0
0
0
0
0
0
0
0
0
1 1874
0
0
0
0
0
0
0
0
0
0
0
0
0
0
0
0
0
0
0
0
0
0
0
1 1699
0
0
1 1699
0
0
0
0
1 1699
0
0
0
0
0
0
0
0
0
0
0
0
0
1 1701
0
0
1 1701
0
0
0
0
1 1701
0
0
0
0
0
0
0
0
0
0
0
0
1 1702
0
0
0
0
0
0
0
0
0
0
0
0
1 1703
0
0
0
0
0
0
0
0
1 1705
0
0
0
0
1 1705
0
0
0
0
0
0
0
0
0
0
0
0
0
0
0
0
1 1706
0
0
1 1706
0
0
0
0
1 1706
0
0
0
0
0
0
0
0
0
0
0
0
0
0
0
0
0
0
0
0
0
0
0
0
0
0
0
0
1 1744
0
0
0
0
0
0
1 1718
0
0
0
0
0
0
0
0
0
0
0
0
0
0
0
0
0
0
0
0
0
0
1 1721
0
0
1 1721
0
0
0
0
1 1721
0
0
0
0
0
0
0
0
0
0
0
0
0
0
0
0
0
0
0
1 1726
0
0
1 1726
0
0
0
0
1 1726
0
0
0
0
0
0
0
0
1 1727
0
0
0
0
0
0
0
0
0
0
1 1728
0
0
1 1728
0
0
0
0
1 1728
0
0
0
0
0
0
0
0
0
0
0
0
0
0
0
0
0
0
0
0
0
0
0
0
0
0
0
0
0
0
0
0
0
0
0
0
0
0
0
0
0
0
0
0
0
0
0
0
0
0
0
0
0
0
0
0
0
0
0
0
0
0
0
0
0
0
0
0
0
0
1 1741
0
0
1 1741
0
0
0
0
1 1741
0
0
0
0
0
0
0
0
1 1795
0
0
0
0
0
0
0
0
1 1743
0
0
0
0
0
0
0
0
0
0
1 1744
0
0
0
0
1 1744
0
0
0
0
0
0
0
0
0
0
0
1 1746
0
0
0
0
0
0
0
0
0
0
0
0
1 1748
0
0
0
0
0
0
0
0
0
0
0
0
0
0
0
0
0
0
0
0
0
0
0
0
0
1 1749
0
0
1 1749
0
0
0
0
0
0
0
0
0
0
0
0
1 1751
0
0
0
0
1 1751
0
0
0
0
0
0
0
0
0
0
0
0
0
0
0
0
0
0
0
0
0
0
0
0
0
0
0
0
0
0
0
0
0
0
0
0
0
0
0
0
0
0
0
0
1 1761
0
0
0
0
0
1 1886
0
0
0
0
0
0
0
0
0
0
0
0
0
0
0
0
0
0
0
0
0
1 1767
0
0
0
0
0
0
0
0
0
0
0
0
0
0
0
0
0
0
0
0
0
0
0
0
0
1 1774
0
0
1 1774
0
0
0
0
1 1774
0
0
0
0
0
0
0
0
0
0
0
0
0
0
0
1 1778
0
0
1 1778
0
0
0
0
1 1778
0
0
0
0
0
0
0
0
1 1779
0
0
1 1829
0
0
0
0
0
0
0
0
0
0
0
0
1 1783
0
0
0
0
0
0
0
0
0
0
0
0
0
0
0
0
0
0
0
0
0
0
0
0
0
0
0
0
0
0
0
0
0
0
0
0
0
0
0
0
0
0
1 1791
0
0
1 1791
0
0
0
0
1 1791
0
0
0
0
0
0
0
0
0
0
1 1792
0
0
0
0
0
0
0
0
0
0
0
0
0
0
0
0
0
0
0
1 1795
0
0
0
0
0
0
0
0
0
0
0
0
0
0
0
0
1 1798
0
0
1 1798
0
0
0
0
1 1798
0
0
0
0
0
0
0
0
0
0
0
0
0
1 1802
0
0
0
0
1 1802
0
0
0
0
0
0
0
0
0
0
0
0
1 1804
0
0
0
0
0
0
0
0
0
0
0
0
0
0
0
0
0
0
0
0
0
0
0
1 1806
0
0
1 1806
0
0
0
0
1 1806
0
0
0
0
0
0
0
0
0
1 1807
0
0
1 1807
0
0
0
0
1 1807
0
0
0
0
0
0
0
0
0
0
0
0
0
0
0
0
0
0
0
0
0
0
0
0
0
0
0
0
0
0
0
0
0
0
0
0
1 1816
0
0
1 1816
0
0
0
0
1 1816
0
0
0
0
0
0
0
0
0
0
0
0
0
0
0
0
0
0
0
0
0
0
0
0
0
0
0
0
0
0
0
0
0
0
0
0
0
0
1 1825
0
0
1 1825
0
0
0
0
1 1825
0
0
0
0
0
0
0
0
0
1 1826
0
0
0
0
0
0
0
0
0
0
0
0
0
0
0
0
0
0
0
0
0
0
0
0
0
0
0
0
0
0
1 1834
0
0
1 1834
0
0
0
0
1 1834
0
0
0
0
0
0
0
0
1 1835
0
0
0
0
1 1835
0
0
0
0
0
0
0
0
0
0
0
0
0
0
0
0
0
0
0
0
1 1844
0
0
0
0
0
0
0
0
0
0
0
0
0
0
0
0
0
0
1 1847
0
0
1 1847
0
0
0
0
1 1847
0
0
0
0
0
0
0
0
0
1 1848
0
0
0
0
0
0
0
0
0
0
0
0
0
0
0
0
0
1 1852
0
0
0
0
0
0
0
0
0
0
0
0
0
0
0
0
0
0
0
0
0
0
0
0
0
0
0
0
0
0
0
0
0
0
0
0
0
0
1 1862
0
0
0
0
0
0
0
0
0
0
0
1 1863
0
0
1 1863
0
0
0
0
1 1863
0
0
0
0
0
0
0
0
0
0
0
0
0
0
0
0
0
0
0
0
0
0
0
0
0
0
0
0
0
0
0
0
0
0
0
0
0
0
0
0
0
0
0
0
0
0
0
0
0
0
0
0
0
1 1876
0
0
0
0
0
0
0
0
0
0
0
0
0
0
0
0
0
0
0
0
0
1 1882
0
0
0
0
0
0
0
0
0
1 1883
0
0
0
0
1 1883
0
0
0
0
0
0
0
0
0
0
0
0
0
0
0
0
0
0
0
0
0
0
0
0
0
0
0
0
0
0
0
0
0
0
1 1887
0
0
1 1887
0
0
0
0
1 1887
0
0
0
0
0
0
0
0
0
0
0
1 1890
0
0
1 1890
0
0
0
0
1 1890
0
0
0
0
0
0
0
0
0
0
0
0
0
0
0
0
1 423
0
0
0
0
0
0
0
0
0
