3 78 81 86
3 128 131 136
3 171 174 179
3 216 219 224
3 265 268 273
3 311 314 319
3 344 347 352
3 393 396 401
3 432 435 440
3 463 466 471
3 500 503 508
3 526 529 534
3 576 579 584
3 611 614 619
3 656 659 664
3 682 685 690
3 717 720 725
3 760 763 768
3 778 781 786
3 825 828 833
3 859 862 867
3 880 883 888
3 478 695 899
3 935 938 943
3 966 969 974
3 1006 1009 1014
3 942 1024 1029
3 899 1034 1042
3 1063 1066 1071
3 1083 1086 1091
3 1120 1123 1128
3 1143 1146 1151
0
3 1176 1179 1184
3 1213 1216 1221
3 942 1081 1233
3 1266 1269 1274
3 1311 1314 1319
3 1349 1352 1357
3 1368 1371 1376
3 1385 1388 1393
3 1402 1405 1410
3 1424 1427 1432
3 680 899 1419
3 675 781 1028
3 1455 1458 1463
3 1483 1486 1491
3 1097 1385 1503
3 1403 1514 1519
3 1545 1548 1553
3 1563 1566 1571
3 1383 1582 1587
3 1616 1619 1624
3 1644 1647 1652
3 1187 1532 1664
3 1674 1677 1682
3 1691 1694 1699
3 1729 1732 1737
3 1758 1761 1766
3 1777 1780 1785
3 1403 1795 1800
3 1826 1829 1834
3 1852 1855 1860
3 1877 1880 1885
3 478 537 1919
3 1942 1945 1950
3 1960 1963 1968
3 1986 1989 1994
3 479 680 1811
3 2012 2015 2020
3 2048 2051 2056
3 673 963 1443
3 2089 2092 2097
3 2111 2114 2119
3 2143 2146 2151
3 899 1438 2161
3 2185 2188 2193
3 2231 2234 2239
3 2266 2269 2274
3 2309 2312 2317
3 1504 1805 2330
3 2346 2349 2354
3 1668 2128 2366
3 783 1432 2008
3 2394 2397 2402
3 1177 1237 2412
3 2438 2441 2446
3 2465 2468 2473
3 2487 2490 2495
3 1943 2409 2514
3 680 698 2504
3 2535 2538 2543
3 2558 2561 2566
3 727 781 1240
3 1375 1391 2116
3 1943 2511 2588
3 1230 1661 1914
3 2607 2610 2615
3 1113 1379 2324
3 1918 2633 2638
3 2660 2663 2668
3 2697 2700 2705
3 2600 2715 2720
3 2743 2746 2751
3 2761 2764 2769
3 2082 2091 2781
3 2796 2799 2804
0
3 2815 2818 2823
3 1795 2161 2833
3 2866 2869 2874
3 2896 2899 2904
3 999 1017 2168
3 2925 2928 2933
3 2364 2943 2948
3 698 1050 1461
3 1238 1449 2635
3 2988 2991 2996
3 3008 3011 3016
3 1779 2602 3028
3 3037 3040 3045
3 899 1237 2506
3 2777 3064 3069
3 3086 3089 3094
3 680 698 1043
3 526 695 1432
3 3134 3137 3142
3 538 680 1000
3 695 793 1420
3 1443 1851 2966
3 1999 3165 3170
3 450 517 882
3 1415 1759 2506
3 1663 2369 3202
3 2612 3213 3218
3 2328 2925 3230
3 3247 3250 3255
3 2427 2610 3267
3 646 904 2068
3 894 1438 2161
3 540 1441 2079
3 673 897 1675
3 3313 3316 3321
3 1121 1848 2819
3 640 977 1592
3 3343 3346 3351
3 1235 1504 2819
3 3371 3374 3379
3 1663 1905 2936
3 3403 3406 3411
3 1797 3037 3424
3 2764 2953 3437
3 3446 3449 3454
3 668 897 1461
3 3501 3504 3509
3 2625 3284 3522
3 3545 3548 3553
3 2337 3086 3565
3 2609 3593 3598
3 3614 3617 3622
3 2365 2951 3645
3 1630 2122 2582
3 1397 1795 2801
3 1663 1805 3354
3 3077 3429 3675
3 3533 3540 3553
3 2591 3010 3526
3 1417 1884 2604
3 3407 3704 3709
3 530 698 1973
3 3734 3737 3742
3 3761 3764 3769
3 3791 3794 3799
3 2539 3327 3812
3 1391 1975 3821
3 3834 3837 3842
3 1034 1446 3104
3 2596 3271 3858
0
3 1109 1845 2724
3 3893 3896 3901
3 3029 3265 3912
0
3 3951 3954 3959
3 3785 3968 3973
3 3421 3983 3988
3 960 1142 1961
3 2809 3011 4017
3 1793 2332 4041
3 4053 4056 4061
3 2726 3379 4073
3 4082 4085 4090
3 4124 4127 4132
3 4141 4144 4149
3 2715 3180 4159
3 2504 3304 4172
3 4190 4193 4198
3 517 640 1234
3 2491 4212 4217
3 1366 1704 4226
3 4243 4246 4251
3 1342 1964 2369
3 957 1403 2164
3 4280 4283 4288
3 3691 4297 4302
3 4322 4325 4330
3 1704 2177 3858
3 3064 3783 4347
3 3215 4357 4362
3 1423 2004 3525
3 1018 1233 2250
3 4262 4404 4409
3 686 793 1446
3 1442 1906 2082
3 4437 4440 4445
3 1595 2009 2970
3 784 1593 3283
3 673 898 2010
3 898 1504 4472
3 1446 2070 3663
3 4493 4496 4501
3 2955 3734 4513
3 1234 1502 2161
3 1097 1375 2511
3 4556 4559 4564
3 1095 1446 2483
3 2634 2950 4078
3 778 1432 3461
3 953 1370 2504
3 894 1824 3361
3 4638 4641 4646
3 906 1504 3360
3 1859 2830 3291
3 3712 4577 4672
3 4683 4686 4691
3 1023 1496 3061
3 783 894 3167
3 4725 4728 4733
3 2655 4742 4747
3 1232 2528 3359
3 1319 1326 4233
3 963 2004 4768
3 4785 4788 4793
3 4806 4809 4814
3 4409 4825 4830
3 4847 4850 4855
3 2454 3265 4864
3 2590 3948 4875
3 1504 1548 3008
3 1376 1883 3151
3 680 899 1450
3 4081 4893 4898
3 2368 3425 4907
0
3 1042 1448 2528
3 4824 4946 4951
3 4964 4967 4972
3 1066 1763 3390
3 3164 3633 4777
3 957 1234 3719
3 5011 5014 5019
3 1392 1919 3826
3 4040 5038 5043
3 1404 2327 3444
3 5065 5068 5073
3 5082 5085 5090
3 1864 3490 5100
3 478 519 695
3 5114 5117 5122
3 687 807 1237
3 3663 3844 5135
3 5156 5159 5164
3 3444 4576 5173
3 5186 5189 5194
3 5226 5229 5234
3 1511 1518 2327
3 5271 5274 5279
3 3826 5289 5294
3 4301 5305 5310
3 2524 3184 5319
3 2643 3184 5319
3 976 1391 1919
3 1919 3522 5338
3 1795 1964 2881
3 2585 3181 5351
3 538 695 1033
3 1122 1704 5360
3 5386 5389 5394
3 1363 1895 2364
3 1446 2919 5406
3 5420 5423 5428
3 5437 5440 5445
3 3433 3730 5455
3 3341 4093 5464
3 540 683 1081
3 5474 5477 5482
3 2331 3441 5493
3 1038 1586 2453
3 5509 5512 5517
3 5526 5529 5534
3 3496 4053 5483
3 3280 4470 5552
3 3380 4517 5564
3 5581 5584 5589
3 794 942 2506
3 2164 3282 4655
3 3295 5606 5611
3 695 897 1763
3 1045 1240 1798
3 4398 5626 5631
3 1461 2067 3687
3 1571 3720 5648
3 1663 1962 3430
3 904 1679 2766
3 5667 5670 5675
3 5690 5693 5698
3 3434 4893 5710
3 517 536 695
3 1403 2882 4260
3 5747 5750 5755
3 1235 1778 3464
3 3433 4373 5572
1 5795
3 2596 4144 5800
3 1081 1235 1973
3 2921 4669 5813
3 2903 4926 5826
3 4414 5007 5839
3 781 880 2007
3 2587 3282 4704
3 973 1121 2575
3 1033 1604 4482
3 2492 5127 5872
3 1033 1369 1845
3 5888 5891 5896
3 3613 4625 5908
3 4026 5917 5922
3 5934 5937 5942
3 5977 5980 5985
3 517 536 904
3 1672 2966 4713
3 2718 4105 6002
3 4438 5294 6015
3 6040 6043 6048
3 3621 5426 6057
3 3058 3336 6068
3 6080 6083 6088
3 3221 4178 6097
3 1366 1845 3429
3 3916 5132 6113
3 2936 3682 6122
0
3 1450 2005 2439
3 6143 6146 6151
3 1663 1961 2634
3 1403 1418 2331
3 904 1587 2970
3 6196 6199 6204
3 1050 1423 1759
3 512 674 898
3 6224 6227 6232
3 6241 6244 6249
3 5931 6258 6263
3 695 1023 1444
3 6293 6296 6301
3 894 980 1455
3 2326 3045 5844
3 6329 6332 6337
3 2365 3643 6346
3 6362 6365 6370
3 3166 3425 5115
3 1089 1385 1752
3 695 1028 1571
3 899 1025 1681
3 3107 3659 6389
3 1363 1512 1805
3 3506 4963 6402
3 4716 5182 6411
3 1028 2068 5863
3 3864 4677 6429
3 3952 5800 6439
0
3 1370 1502 3151
3 6459 6462 6467
3 6479 6482 6487
3 1770 3180 4605
3 673 729 1446
3 673 695 1026
3 668 675 880
3 6518 6521 6526
3 897 1028 1709
3 3037 4115 6538
3 1441 2005 4472
3 6564 6567 6572
3 462 519 898
3 2551 6588 6593
3 1999 2767 4587
3 522 674 788
3 2585 4146 6611
3 4652 6311 6622
3 2532 2551 5948
3 2918 4351 6638
3 944 973 1240
3 3361 4711 4971
3 6661 6664 6669
3 5312 6678 6683
3 5089 6692 6697
3 1807 2586 4227
3 5642 6711 6716
3 6587 6726 6731
3 6744 6747 6752
3 2652 3613 6168
3 3138 4624 6769
3 6783 6786 6791
3 6800 6803 6808
3 6832 6835 6840
3 1375 1698 1883
3 6869 6872 6877
3 2332 3401 4511
3 4167 6620 6900
3 674 681 1034
3 2534 2913 6910
3 1375 1805 4065
3 10766 12070 17622
3 1968 2471 3512
3 5107 6909 6935
3 6157 6946 6951
3 593 701 1107
3 2881 2953 4375
3 2331 3751 6967
3 6264 6977 6982
3 5426 6991 6996
3 7008 7011 7016
3 4920 7025 7030
3 1367 1389 1768
3 1089 1772 4051
3 7074 7077 7082
3 5303 7092 7097
3 1240 2364 4257
3 522 680 894
3 1360 2328 3191
3 793 1370 1663
3 7124 7127 7132
3 7149 7152 7157
3 1509 1973 3218
3 1391 2107 2718
3 512 520 894
3 4737 5516 7179
3 462 480 695
3 2473 4039 6587
3 1025 1089 1968
3 1397 1483 2612
3 3751 6120 7209
3 6582 7220 7225
0
3 2424 5642 7239
3 1506 1962 2837
3 1796 2766 6439
3 1397 3180 6406
3 1518 1960 2881
3 7268 7271 7276
0
3 1675 2526 4600
3 2076 3295 4926
3 1289 1482 4910
3 695 793 1383
3 325 372 519
3 1351 1694 1883
3 7326 7329 7334
3 1036 1547 2781
3 894 1023 1921
3 963 1366 1696
3 1185 1446 2331
3 6702 6736 7356
3 7381 7384 7389
3 7429 7432 7437
3 1845 2641 7446
3 7466 7469 7474
3 1178 1495 1961
3 2924 3064 4723
3 2804 7483 7488
3 1547 1587 3338
3 6640 7505 7510
3 1664 3169 3820
3 7527 7530 7535
3 894 1023 2065
3 2327 3388 4996
3 4224 6138 7556
3 2830 3870 4711
3 7575 7578 7583
3 1371 1845 2823
3 1630 2211 2815
3 1919 2079 3367
3 7610 7613 7618
3 7630 7633 7638
3 673 695 1038
3 2588 2599 4885
3 7657 7660 7665
3 529 695 1370
3 2331 2966 3780
3 1420 1746 2161
3 1438 1864 2523
3 898 1028 1447
3 1063 1095 3844
3 3242 3258 3949
3 1804 2814 4265
0
3 1089 1109 1372
3 6460 7042 7706
3 1177 1369 2921
3 3243 4079 7555
3 1964 3195 4039
3 4189 7730 7735
3 4511 7270 7748
3 1519 2364 3643
3 3663 4178 7025
3 7794 7797 7802
3 7814 7817 7822
3 3872 6107 7239
3 7840 7843 7848
3 3508 4957 7857
0
3 4447 5719 7871
3 1698 2688 4884
3 7896 7899 7904
3 3539 5031 7914
3 7929 7932 7937
3 2596 4224 7947
3 1327 1769 3423
3 2383 3221 3639
3 1080 1235 1839
3 894 1754 3359
3 6488 7964 7969
3 877 1571 2957
3 881 1370 3360
3 7981 7984 7989
3 2963 4718 6007
3 942 1052 1370
3 8018 8021 8026
3 3813 8035 8040
3 1449 1857 3037
3 7758 8055 8060
3 8071 8074 8079
3 3864 6287 8090
3 3927 5016 8101
3 3020 4144 5801
3 5145 5642 8117
3 3610 4476 7172
3 8137 8140 8145
3 3203 4095 8154
3 1421 1446 3040
3 1461 2528 4983
3 1663 2648 4232
3 2447 4176 8179
3 1360 1630 2777
3 1334 1346 1403
3 2539 3244 5136
3 2056 3828 8210
3 8239 8242 8247
3 8261 8264 8269
3 7507 8280 8285
3 882 921 4773
3 1968 4300 8299
3 1815 2136 4059
3 8325 8328 8333
3 8359 8362 8367
3 1142 1381 2513
3 4224 4617 7863
3 1391 1919 3048
1 8394
3 1461 1864 2830
0
3 2364 2724 3641
3 2205 3280 6101
3 8424 8427 8432
3 1511 2068 3189
3 1237 2079 4051
3 1906 2082 4812
3 1089 1849 2511
3 3196 3698 4680
3 3810 5096 8462
3 3627 4626 8471
3 5334 6433 8485
3 1233 1971 5949
3 1962 2879 7255
3 1089 1363 1503
3 532 695 1442
3 5000 5995 8517
3 2508 3336 8528
3 4451 5119 8539
3 2439 4474 8550
3 2765 3363 7075
3 459 517 695
3 8388 8569 8574
3 2332 2833 4167
3 2509 3611 5621
3 8599 8602 8607
3 3465 4528 8469
3 4037 5113 8623
3 8636 8639 8644
3 685 781 1038
3 3374 3982 8471
3 1994 2364 3031
3 1237 1696 5368
3 8385 8674 8679
3 8688 8691 8696
3 3368 8643 8724
3 8738 8741 8746
3 3845 5037 8757
3 3757 4351 8105
3 3946 4161 5930
3 897 1587 2087
3 8791 8794 8799
3 8829 8832 8837
3 4093 4646 8163
3 8867 8870 8875
3 8456 8885 8890
3 1372 1388 3376
3 7865 8906 8911
3 532 540 1232
3 1663 2065 4378
3 2067 2967 3360
3 2117 2524 3655
3 8931 8934 8939
3 2939 4456 6319
3 7593 8951 8956
3 1919 2076 2779
3 691 877 2079
3 1351 1524 3439
3 8978 8981 8986
3 1423 1762 3665
3 784 1496 4469
3 942 1788 3687
3 4021 8617 9007
3 698 1189 2525
3 3394 5708 6795
3 517 538 1023
3 955 1403 1959
3 1285 1369 3912
3 5662 8090 9035
3 505 673 1081
3 1786 2067 4802
3 680 781 906
3 698 1028 2504
3 9054 9057 9062
3 8081 9073 9078
3 6917 8694 9091
3 6617 9100 9105
3 2835 4081 6165
3 5207 5238 9121
3 2036 4802 8644
3 1872 1890 2332
3 521 539 1446
0
3 470 492 899
3 2523 4483 9140
3 9149 9152 9157
3 4808 4817 8729
3 2359 3368 9175
3 9188 9191 9196
3 9209 9212 9217
3 4373 5695 9101
3 3089 3296 5184
3 2767 3063 4375
2 9256 9259
3 478 519 1442
3 6702 9023 9267
3 4906 5569 6890
3 1859 2703 3741
3 538 894 1441
3 2274 3166 3816
3 5563 6231 9288
3 1406 2250 3445
3 6176 7924 9304
3 460 517 695
3 525 685 2037
3 9056 9319 9324
3 9339 9342 9347
3 9379 9382 9387
3 3946 4232 6586
3 3496 7301 9404
3 859 1095 1455
3 2364 2724 3864
3 3178 3465 6721
3 3058 4291 5635
3 5923 6321 9432
3 1255 1360 2328
3 9448 9451 9456
3 950 1035 1393
3 2327 2726 3589
3 8546 9467 9472
3 1189 1397 2641
3 9052 9486 9491
3 7350 9501 9506
3 1330 1675 4225
0
3 3209 4086 7481
3 4178 6628 9534
3 673 906 1450
3 2991 3691 9544
3 1857 2365 4408
3 9565 9568 9573
3 3436 3672 6187
3 3181 3432 6584
3 1495 1919 2262
3 894 1033 4468
3 1096 1235 1509
3 695 850 1234
3 2065 2963 5647
3 2542 3248 5136
3 1391 1705 5361
3 1191 1850 2823
3 2801 3181 3975
3 2253 3374 6919
3 3200 3801 8091
3 4769 5833 9650
0
3 1669 2425 3948
3 7886 9658 9663
3 5570 8761 9675
3 3576 4931 8562
3 3653 4410 9053
3 3067 3962 7172
3 492 542 695
3 4802 6484 9723
3 2119 3663 8382
3 532 674 788
3 9743 9746 9751
3 2515 3221 4003
3 1766 2766 5294
3 4786 4908 9770
3 2560 2587 4885
3 2429 2763 3603
3 5722 9784 9789
3 2380 3829 8179
3 1370 1886 4600
3 2348 2936 3668
3 898 1400 3465
3 1503 2106 2832
3 462 537 789
0
3 9823 9826 9831
3 9842 9845 9850
3 2329 2814 4258
3 9878 9881 9886
3 6507 9896 9901
3 519 899 6458
3 9106 9923 9928
3 9938 9941 9946
3 9960 9963 9968
3 2005 3144 4219
3 695 1025 1435
3 9995 9998 10003
3 3198 4086 10018
3 2360 3261 5802
3 1230 1438 3059
3 519 685 1571
3 680 898 1432
3 2795 3058 5543
3 1769 3869 7108
2 2079 5653
3 10076 10079 10084
3 8386 10093 10098
3 3635 4503 10107
3 6131 7492 10117
3 848 960 1506
3 9247 10130 10135
3 2943 4967 10147
3 4697 4989 10159
3 4040 4674 7614
3 1366 1415 2392
3 1420 1650 4266
3 6916 8643 10176
3 2328 3181 8892
3 10203 10206 10211
3 1883 2331 2839
3 2205 4525 6185
3 2791 4030 6908
3 1950 4232 6678
3 1397 1850 2936
3 7465 10240 10245
3 3347 4455 7492
3 6204 10261 10266
3 10277 10280 10285
3 2065 2641 3330
0
3 4008 5177 9899
3 5109 7685 10312
3 3977 6765 10229
3 2349 2507 5801
3 10334 10337 10342
3 670 676 1025
3 522 683 1510
3 1105 1496 2052
3 5892 8084 10354
3 4162 7172 10365
3 1391 1415 1962
3 1235 1400 1782
3 1095 1786 2205
3 4860 6026 9207
3 2079 3061 6108
3 2009 3057 5028
3 1389 1399 3180
3 697 709 1089
3 4896 5038 9112
3 10402 10405 10410
0
3 4008 4718 5647
3 1807 3037 5114
3 371 460 1370
3 3067 3721 5487
3 680 784 1420
3 10452 10455 10460
3 5693 7205 10470
3 1023 1189 2970
3 4718 6007 10490
3 1682 1917 3634
3 695 906 1604
3 695 898 2003
3 1751 2035 3265
3 4576 7720 10514
3 4093 5814 9130
3 3191 4011 6585
3 2336 2604 2991
3 3163 4762 7829
3 10148 10554 10559
3 1969 2596 5175
3 2585 3112 7372
3 5177 10040 10587
3 783 976 1811
3 5189 5833 6468
3 10604 10607 10612
3 2718 2954 5543
3 1864 1895 4813
3 540 894 1446
3 1669 2065 5809
3 2835 4972 7945
3 4963 6004 10644
3 1237 1801 2644
3 897 1921 4478
3 673 1000 1477
3 2331 2777 6155
3 960 1109 1506
3 2941 3508 4589
3 4690 5518 10498
3 1461 3153 10679
3 2918 3296 4011
3 1623 2106 3721
3 1663 1857 2830
3 10443 10698 10703
3 3608 4146 7226
3 10726 10729 10734
3 2511 3090 5114
3 10761 10764 10769
3 2347 3693 6319
3 2661 3567 10782
3 10796 10799 10804
3 2528 3852 6007
3 4187 5007 8979
3 3902 6121 10827
3 1934 2795 5507
3 2409 3221 6691
3 6605 10845 10850
3 7325 10230 10862
3 3104 4707 8960
3 1859 2599 4984
3 4632 7858 9820
3 3693 5424 10892
1 10908
3 1943 2617 4178
3 4712 5833 6649
3 6428 7858 10926
3 5894 8191 10936
3 4096 4375 5042
3 10950 10953 10958
3 2106 3687 7196
3 1081 1381 1508
3 3464 4161 4600
3 9865 10982 10987
3 6494 8399 11008
3 4180 6171 8528
3 1877 1888 4339
3 5414 7968 11028
3 7924 10330 11040
3 11051 11054 11059
3 7296 10073 11071
3 1038 1240 3047
3 455 517 680
3 520 695 1623
3 3715 4718 10836
3 2510 5907 7841
3 1397 1536 2431
3 3341 4740 8522
3 5319 6054 11101
3 1429 1845 4348
3 2820 3296 6106
3 2250 3327 7367
3 2945 3591 9481
3 2575 2831 7263
3 11148 11151 11156
3 6171 7565 11166
3 7188 11175 11180
3 898 1443 4158
3 532 708 963
3 1845 1865 2556
3 1443 1477 3360
3 2253 2504 6611
3 3187 3822 6617
3 1177 1403 4576
3 11223 11226 11231
3 8483 11241 11246
2 1449 11255
3 11279 11282 11287
3 2390 2901 4403
3 8966 11301 11306
3 1696 2136 3824
3 1919 2135 3663
3 904 1587 3909
3 2429 3276 9398
2 11345 11348
3 6439 9669 11355
3 1748 1766 5662
3 8356 11370 11375
3 7000 8265 11385
3 1289 1397 3058
3 2012 2542 3692
3 1581 1671 3210
3 1237 1663 2580
0
0
3 10096 11398 11403
3 3077 3361 6021
3 470 635 957
3 3646 4573 9177
3 2506 3304 4178
3 942 1034 1180
3 1094 1363 1763
3 2035 2803 4081
3 897 1025 2506
3 4408 7481 11425
3 2040 2722 5720
3 2355 2941 4188
3 904 2068 3287
3 2645 4870 9343
3 1113 1882 2589
3 10285 11453 11458
3 7096 7926 9119
3 1370 1592 3454
3 1442 1604 2079
3 10676 11487 11492
3 6598 9396 10888
3 7935 8611 11512
3 2916 3414 8354
3 1604 2575 5822
3 2703 2777 4022
3 1397 1902 4578
3 695 1034 3663
3 11541 11544 11549
3 695 788 1447
3 11561 11564 11569
3 854 1092 1525
3 3630 5426 9213
3 1341 1663 4718
3 5621 6679 11589
3 973 1400 2504
3 7842 10325 11586
3 7097 8514 11609
3 1419 1438 2076
3 793 1023 1766
3 793 1444 3105
3 4026 5921 6683
3 8595 11478 11631
3 6582 7941 11124
3 7233 10639 11650
3 2448 2841 4046
3 1379 1788 3465
3 4374 4711 5507
3 3407 4110 4723
3 3178 4740 8178
3 2588 3361 6007
3 406 460 695
3 881 1043 3153
3 11688 11691 11696
3 1786 2841 3414
3 1476 2504 3263
3 11267 11708 11713
3 9584 11724 11729
3 4105 4984 6543
3 1232 1420 2964
3 6939 11742 11747
3 5290 8209 11756
3 2412 3361 5469
3 1385 1968 3691
3 8656 11206 11773
3 6568 8851 11783
3 4447 5307 9840
3 2415 2827 4718
3 1303 1704 3404
3 11830 11833 11838
3 4105 5847 11397
3 2087 2506 3453
3 3589 4514 8531
3 4983 6644 10588
3 1461 2029 6985
3 3089 3393 5078
3 1122 1704 3138
3 11545 11884 11889
3 10689 11898 11903
3 1234 1400 2068
3 1695 4232 7691
3 1593 1841 6244
3 673 1438 1763
3 1191 1705 3062
3 11923 11926 11931
3 528 781 904
3 2634 2946 5462
3 2939 4352 6628
3 4146 5089 7171
3 6420 7887 10726
3 530 973 1381
0
3 10730 10739 11842
3 2554 2700 4089
3 11977 11980 11985
3 695 897 1922
3 12022 12025 12030
3 1034 2821 6214
3 12049 12052 12057
3 695 963 1237
3 4761 10746 12069
3 12078 12081 12086
3 1446 2005 3362
3 1385 1623 6397
3 1444 4207 12106
3 492 673 899
3 1081 1495 1926
3 4348 7886 12118
3 683 880 1036
3 1028 1494 3285
3 1592 2376 3797
3 5056 6971 10429
3 10637 12138 12143
3 6679 8973 12153
3 2957 3338 6985
3 12178 12181 12186
3 1034 1230 1664
3 1968 3218 8501
3 4756 7007 12202
3 2916 3258 5363
3 3810 5120 9399
3 4922 5642 12226
3 7828 9046 12237
3 12250 12253 12258
3 3181 4045 6995
3 12274 12277 12282
3 10270 12291 12296
3 7008 11407 12308
3 2936 3513 9531
3 4078 5801 10485
3 2641 3513 4883
3 5507 5998 10208
3 12344 12347 12352
3 1089 1704 3692
3 9265 11250 12366
3 1480 1704 6582
3 12393 12396 12401
3 12418 12421 12426
3 1973 2795 3363
3 5875 7654 12114
3 4051 4248 6398
3 2068 2465 3242
3 4096 4894 6965
3 1136 1187 1663
3 11608 12237 12470
3 1919 2506 5621
3 1447 1672 4610
3 2887 3654 7882
3 6092 6765 11207
3 2696 5841 8572
3 2830 3643 4713
3 1466 3049 3872
3 2504 3465 7948
3 777 894 2504
3 8345 11045 12519
3 2504 3180 5030
3 788 1025 1442
3 3691 3962 7175
3 1801 1874 2881
3 1763 1815 3273
3 10105 12538 12543
3 4812 7000 10953
3 12562 12565 12570
3 2635 3870 6071
3 1674 1919 4170
3 683 894 2074
3 3858 7607 11519
3 1403 1786 12380
3 1142 1801 3252
3 5312 7369 10109
0
3 12625 12628 12633
3 12644 12647 12652
3 4522 6639 12664
3 1067 1801 2539
3 12674 12677 12682
3 2331 2482 4035
3 12706 12709 12714
3 5404 6675 9696
3 3687 4524 9720
3 2135 2641 6311
3 8517 11041 12735
3 1496 2524 3677
3 992 1400 2068
3 12760 12763 12768
3 882 1072 3423
3 4285 5665 7492
3 7938 8598 11635
3 1090 1240 6615
3 3295 3466 10399
3 2136 2478 3566
3 6187 10424 12806
3 12832 12835 12840
3 2360 4506 6967
3 5783 6738 12852
3 4069 7091 8901
3 3890 6563 9508
3 7104 8469 12876
3 2365 2798 6476
3 1968 2999 12888
3 3273 5292 8627
3 1510 1758 2777
3 6036 7219 9215
3 1705 2354 6536
3 2337 4095 7374
3 11739 12920 12925
3 3566 4171 6171
3 6944 9189 12939
3 673 680 1370
3 2526 3090 5664
3 2835 3276 11817
3 698 1023 2065
3 10426 12969 12974
3 1089 1370 2511
3 9613 12985 12990
3 4072 4685 9862
3 2774 3783 6124
3 1746 1767 3090
0
3 3156 4605 7548
3 1405 1746 3051
3 6092 7221 12162
0
3 1349 1663 4718
3 4035 6122 6624
3 11288 13047 13052
3 675 683 1025
3 1705 3166 6948
3 2168 2768 4285
3 2766 3181 7114
3 13076 13079 13084
3 1039 1368 3077
3 1440 1960 4658
3 1727 2053 4524
3 952 1081 3678
3 2774 3203 4095
3 2205 3280 7983
3 683 1034 1581
3 8658 11601 13110
3 4011 5426 12575
3 8993 11001 13134
3 13144 13147 13152
3 3621 6064 8500
0
3 1920 2445 5336
3 3256 4207 8354
3 1186 1794 2765
3 1671 2162 4207
3 1409 1757 2256
3 2359 2370 4511
3 898 1450 2422
3 1438 2029 5339
3 897 1592 2504
3 963 1592 3180
3 1502 1746 3151
3 1154 1495 2511
3 1443 2067 3425
3 680 793 1033
0
3 459 517 904
3 2478 3438 5426
3 3090 3949 9913
3 4466 4480 8558
3 3513 5844 13223
3 3620 4003 7507
3 13259 13262 13267
3 1235 2014 3282
3 971 1237 3185
3 1504 1781 3663
3 2161 2769 3438
3 4677 6433 11102
3 7177 12749 13300
3 10384 13307 13312
3 12136 13321 13326
3 2012 2539 3181
3 5425 6967 11213
3 13350 13353 13358
3 9480 11110 13369
3 1042 1447 3525
3 2262 4031 7038
0
3 9088 12827 13384
3 1074 1240 1969
3 1053 1234 3166
3 1230 1375 2641
3 4128 5477 10374
3 8230 12513 13409
3 1525 1705 3665
3 8823 9877 13424
3 1576 1695 3783
3 13440 13443 13448
3 4468 7188 13457
3 1777 2679 8540
3 1385 1694 2545
3 2005 3367 5999
3 4989 6899 8700
3 1845 1861 2601
3 2511 2562 3010
3 6104 6691 11413
3 684 906 2076
3 13497 13500 13505
3 2559 4184 9783
3 3085 3633 5426
3 10706 13521 13526
3 1237 2195 3177
3 11478 12192 13540
3 638 680 906
3 1493 2161 3993
3 10428 12681 13554
3 908 1035 1663
3 1438 1919 4769
3 13581 13584 13589
3 1088 1389 2116
3 8393 8952 12468
3 1109 1845 2823
3 5195 7621 10696
3 1240 2415 4171
3 6452 6626 10718
3 5312 9224 13623
3 1233 1848 3452
3 1235 1368 2135
3 3826 5801 10322
3 8708 10268 13638
3 2392 3222 10439
3 2439 3296 7116
3 2077 2526 5442
3 8828 13659 13664
3 4992 6454 10042
3 1443 1664 2262
3 1381 2068 5115
3 1403 1506 3180
3 9338 10975 13692
3 673 729 1039
3 2573 3614 7172
3 1517 1522 3433
0
3 13717 13720 13725
3 784 1045 2523
3 1898 2956 10798
3 2522 2772 5056
3 1039 1192 2331
3 2262 2460 3620
3 1961 2515 3617
3 8441 9493 13752
3 1381 1503 3432
3 13762 13765 13770
3 2421 2962 7124
3 5501 11366 13788
3 537 680 1033
3 1895 2641 3571
3 1757 2262 3363
3 5836 5887 13802
3 2587 3077 3680
3 3987 5294 8502
3 10909 13818 13823
3 1389 2135 3361
3 668 1033 2625
3 1757 2641 4086
3 5629 7581 8475
3 13852 13855 13860
3 2618 3252 9069
3 1351 1397 2644
3 900 1025 1442
3 3673 4983 5800
3 3270 6579 12482
0
3 6107 9517 13887
3 1420 2425 12480
3 1234 2004 4598
3 3349 4701 13911
3 1755 2766 5331
3 3151 4522 6988
3 10905 13926 13931
3 1503 2119 3037
3 3007 3584 4838
3 2818 3665 4096
3 4740 6458 10720
3 2076 2783 4965
3 1366 2578 7970
3 2424 3906 13962
3 2610 3421 6015
3 3336 5304 7565
3 957 1919 3452
3 2599 3282 4963
3 675 698 2005
3 989 1004 1455
3 541 899 3454
3 6594 8763 13988
3 522 673 698
3 1435 1857 4208
3 8253 12791 13999
3 684 950 3013
3 781 950 2076
3 14016 14019 14024
3 8065 12802 14037
3 2587 3151 4393
3 517 675 957
3 8518 11425 14048
3 685 724 1177
3 2253 3613 6277
3 608 680 1360
3 4052 5847 11957
3 4602 5186 9451
3 8309 10859 14074
3 1919 2053 5031
3 522 675 1446
3 14106 14109 14114
3 684 1023 1449
3 5883 8204 14040
3 2272 2590 7124
3 4071 6003 11742
3 1179 1447 1672
3 10281 14145 14150
3 2383 3273 6170
3 1107 1506 2511
3 12723 14169 14174
3 1368 1865 3783
3 4087 8270 12324
3 1743 1971 2810
3 5722 8671 14194
3 10574 14203 14208
3 7655 8179 14218
3 11489 13129 14231
3 1146 1704 3213
3 14258 14261 14266
3 4060 7005 12364
3 14312 14315 14320
3 8929 10580 14331
3 8100 12935 14344
3 8381 11355 14355
3 1604 3719 10104
3 14373 14376 14381
3 1370 1784 9912
3 1381 1624 3691
3 14401 14404 14409
3 894 1230 1757
3 1368 1672 4378
3 537 673 1028
3 4692 10203 14425
3 1147 1883 3376
3 5627 12484 14434
3 3425 3905 7296
3 532 894 1919
3 2609 3808 6584
3 1039 1375 1911
3 2113 3869 11114
3 1023 1438 1671
3 1729 2580 4303
3 3303 4114 8082
3 899 1449 4769
3 4352 5317 10042
3 788 1023 1443
3 2328 2718 4071
3 10469 14478 14483
3 963 1454 1824
3 1763 1921 5031
3 1401 2354 3566
3 3061 3336 5825
3 1795 2331 4187
3 4386 4718 6178
3 1109 1503 2289
3 2513 3296 4207
3 2425 3173 5929
3 6078 7491 10975
3 2424 3265 6588
0
3 1663 2169 3054
3 1145 1504 4033
3 955 980 2524
3 2418 3604 4522
3 2262 2768 3438
3 1397 3207 6405
0
3 4963 5315 14552
3 2766 2837 3917
3 777 963 2447
3 3864 6897 10424
3 10865 13111 14570
3 1025 1177 2328
3 1185 1366 2524
3 1446 2010 3295
3 1623 1664 2575
3 12108 14589 14594
3 537 675 1237
3 1366 1503 3037
3 960 1089 1503
3 3390 5109 13019
3 2065 3341 5192
3 4963 8509 14621
3 492 673 897
3 1508 1755 3256
3 1967 2718 5720
3 7218 9623 14638
3 14649 14652 14657
3 3060 3536 7685
3 906 1592 1921
3 2688 3296 6397
3 676 782 1450
3 4917 5426 10872
3 11404 14681 14686
3 1409 1965 3201
3 1237 1857 3661
3 2534 3265 4956
3 1802 2345 3577
3 1943 2621 3869
3 3423 3535 5145
3 2559 3926 10914
3 1089 1600 3178
3 898 1368 2781
3 1230 1397 2329
3 2528 3281 7896
3 850 1230 1959
3 1360 1883 6805
3 2448 2879 5330
3 1403 1624 3663
3 14165 14741 14746
3 906 1447 3360
3 8467 12212 14762
0
3 4053 4766 10548
3 1623 3108 5111
3 492 538 680
3 698 1025 1446
3 894 1095 2506
0
3 2823 3072 4095
3 10351 12437 14793
3 1959 2440 3304
3 963 1455 2506
3 11334 12668 14807
3 14816 14819 14824
3 1360 1802 2925
3 4613 6214 14787
3 13108 14846 14851
3 9741 10865 13780
3 1926 2758 4522
3 14869 14872 14877
3 14893 14896 14901
3 4624 6374 14910
3 2328 2770 3698
3 1023 1449 2523
3 4880 14920 14925
3 14935 14938 14943
3 3341 4701 8932
3 2068 3279 8094
0
3 1875 2552 2763
3 695 1036 1447
3 1961 2524 3567
3 11882 14256 14972
3 1680 2250 3698
3 1969 2575 3574
3 6971 9869 13347
3 15002 15005 15010
3 8762 11706 15020
3 6949 8597 12777
3 1919 2524 3106
3 1045 1379 2164
3 3188 4481 11594
3 1025 1177 8163
3 6679 7218 10277
3 942 1235 2506
3 1074 1094 2478
3 15066 15069 15074
3 3570 8457 12437
3 1197 1500 2598
3 11402 13333 15092
3 10743 13196 15105
3 4598 7346 15115
3 2478 3393 4426
3 1237 1483 2262
3 3451 6257 10729
3 900 1921 2781
3 4093 5875 12205
2 15152 15155
3 455 465 534
3 15157 15160 15165
3 7109 8311 15174
3 6124 7764 15183
3 6895 7613 12639
3 2801 3810 7172
3 674 1095 1864
0
3 3582 4475 7883
3 5591 9439 10997
3 793 2005 3054
3 10551 14792 15222
3 8243 8729 15231
3 1366 2410 3332
3 3180 4381 4718
3 2065 3156 4643
3 1081 1374 3180
3 960 1037 1391
3 1237 1446 3341
3 2262 2585 5065
3 4932 9931 15014
3 877 1234 3037
3 2122 2585 4617
3 2524 5315 9726
3 3367 4482 15273
3 13800 15278 15283
3 1973 2122 6092
3 2604 2844 4285
3 10375 11831 15302
3 4208 6476 15313
3 11247 12828 15325
3 6104 6679 12772
3 4040 4375 6040
3 1368 1794 2331
3 7234 11320 15344
3 2588 3671 7025
3 7457 14157 15360
3 1349 1403 1798
3 1146 1367 1942
3 5119 8592 15372
3 15389 15392 15397
3 7173 8458 10886
3 1403 2337 6586
3 1370 1443 3105
3 462 519 673
3 2999 3451 5664
3 15427 15430 15435
3 11466 15444 15449
3 15480 15483 15488
3 1234 3602 5860
3 15503 15506 15511
3 12218 15521 15526
3 684 695 2010
3 525 695 1393
3 3438 3949 6259
3 1415 1704 2522
3 3654 6057 9702
3 1907 2086 3330
0
3 10375 12412 15553
3 2337 4071 7492
3 680 904 1663
3 3423 4351 5148
3 5841 8190 14036
3 3112 3465 7883
3 2068 2227 4600
3 1036 1420 2523
3 2597 2601 4664
0
3 4082 5424 8258
3 2454 2586 4227
3 4939 6617 9741
3 7039 11198 15598
3 3291 3407 6310
3 11220 11224 11889
3 6785 7507 8774
3 525 673 1023
3 3433 4576 7608
3 15625 15628 15633
3 3948 5030 10392
0
3 2936 3643 9586
3 1360 1522 5765
3 15660 15663 15668
3 693 1023 3390
3 5529 6765 11757
3 1366 1604 2809
3 784 952 1494
3 1466 3180 8388
3 957 1038 3180
3 12383 15699 15704
3 528 534 1675
3 2820 3951 9352
0
3 4723 7880 12067
3 3833 3836 6110
3 1025 1419 2076
3 15736 15739 15744
3 1089 1234 2580
3 15757 15760 15765
3 673 680 1028
3 12270 15775 15780
3 3724 3825 5564
3 1081 1403 2168
3 1232 1766 3671
3 709 1080 1815
3 3367 5800 8473
3 1193 1495 3663
3 793 1036 2005
3 9588 12986 15809
3 2068 2618 5664
3 882 1043 2205
3 3433 3700 5294
3 5065 6484 14398
3 14700 15829 15834
3 460 479 684
3 2590 3654 5801
3 973 1367 1864
3 1403 1501 3465
3 2076 3293 15851
3 10853 15854 15859
3 15869 15872 15877
3 4031 4301 6310
3 15888 15891 15896
3 1230 1368 2065
3 2522 4011 8455
3 2571 3280 6611
3 13090 15917 15922
3 371 462 539
3 1397 1663 2337
0
3 2964 4612 8167
3 793 1391 1919
3 1660 2332 4351
3 2511 4003 8390
3 4640 6324 9594
3 10247 11933 15956
3 5863 8120 15967
3 6253 8758 11828
3 522 539 700
3 529 680 1023
3 15980 15983 15988
3 2641 4663 7005
3 3263 4032 6171
3 1641 2366 3291
3 1237 1973 3185
3 16006 16009 16014
3 532 668 1366
3 673 695 1025
3 1503 1663 2524
3 1403 1506 3620
3 849 1039 1381
3 1466 2008 5127
3 13016 16028 16033
3 1824 2801 3620
3 4009 6467 7577
3 1415 2068 3181
3 4040 5563 9101
3 7862 9115 15278
3 10644 16062 16067
3 2181 2351 4022
3 1081 1366 3180
3 1509 2560 3844
3 1234 1407 2250
3 16109 16112 16117
3 16131 16134 16139
3 2504 3454 3872
3 1675 2781 16031
3 7654 10340 16153
3 4035 5907 10517
3 16191 16194 16199
3 3085 4032 8278
3 2076 2506 4266
3 5841 6691 10625
3 2326 2332 3408
2 16240 16243
3 1989 3439 5774
3 11389 13077 16254
3 12382 15679 16267
3 1023 1419 1919
3 16279 16282 16287
3 7307 10647 16296
3 3050 3271 9237
3 16324 16327 16332
1 16343
3 2164 3466 10982
3 1571 2439 7968
3 4488 5021 7546
3 532 894 1237
3 10273 12500 16365
3 3221 3663 8081
3 3374 4695 9455
3 1960 3201 5368
3 894 1237 1919
3 1113 2168 4355
3 16413 16416 16421
3 8475 10639 12679
3 16435 16438 16443
3 8489 13786 16456
3 6035 15405 16469
3 3698 4167 5053
3 12319 16478 16483
3 16500 16503 16508
3 3452 4522 9515
0
3 894 1028 3452
3 695 899 2074
3 3571 4813 8258
3 2227 3064 6491
3 899 963 4170
3 683 697 1089
3 3250 3865 8354
3 8856 9352 15240
3 1118 1455 2009
3 13474 15270 16544
3 3993 6281 14638
3 1237 2065 3665
3 16567 16570 16575
3 891 950 2009
3 675 1444 2337
3 2262 3465 5030
3 3671 5421 8507
3 16595 16598 16603
3 9476 10533 16612
3 16623 16626 16631
3 4936 5863 11356
3 7113 10838 14733
3 3691 4632 6098
3 1189 1349 2161
3 1865 2823 6131
3 3006 4032 8799
3 4260 5662 10399
3 1852 2939 5030
3 4781 6278 8520
3 5768 9943 12529
3 3949 7468 15893
3 2221 2429 3693
3 16702 16705 16710
3 4620 5825 11594
3 12920 14862 16728
3 16537 16739 16744
3 1865 2718 5822
3 5620 8510 16756
3 3107 3347 5629
3 5330 7831 16769
2 16795 16798
3 7606 10033 13637
3 13028 16811 16816
3 3068 4008 9938
3 1824 2036 4063
3 1097 1122 1692
3 3184 4176 13106
3 3363 5317 11539
3 963 1109 3166
3 6628 8077 15203
3 3438 4708 6582
3 1028 1234 2211
3 7643 13487 16861
3 4973 6355 8854
3 3304 3537 4178
3 2918 3663 12533
3 894 1036 1466
3 1604 3061 4393
3 11739 14418 16889
3 883 1112 2431
3 2515 4009 7025
3 739 1835 3453
3 1368 1630 2519
3 2364 2771 4023
3 6742 8303 11359
3 16915 16918 16923
3 3919 5224 12381
3 674 708 1089
3 2086 3043 5482
3 16939 16942 16947
3 8812 12968 16956
3 1726 1761 6611
3 2545 2839 4081
3 894 1089 1919
3 5310 7042 16972
3 7509 10042 11503
3 3810 4410 10212
3 1097 1477 4468
3 1913 2047 2939
3 2327 2644 2824
3 3583 3633 6678
3 3167 3829 7239
3 17015 17018 17023
3 6742 13640 17034
3 3998 9439 15128
3 2609 3183 3620
3 13635 16719 17054
3 1795 3256 5290
3 4144 5573 9923
3 17071 17074 17079
3 2250 3421 4285
3 1232 2820 3687
3 2045 3177 4963
3 9659 17093 17098
3 1333 1663 3203
3 8098 12485 17111
3 3751 4963 6311
3 17135 17138 17143
3 17153 17156 17161
3 7263 8895 11529
3 1367 1493 1961
3 1400 1624 2581
3 1461 1759 2795
3 3037 3805 6219
3 1738 1786 3794
3 1872 2511 3227
3 2774 2946 3706
3 17198 17201 17206
3 4506 5370 9532
3 673 788 1442
3 8391 8954 12478
3 1089 1503 1975
3 674 685 1023
3 2963 3783 5098
3 1571 1681 9016
3 4351 5765 8458
3 17245 17248 17253
3 4663 5561 17263
3 4755 8021 12057
3 2515 3166 8699
3 10913 12262 16959
3 2068 2526 4171
3 1600 2119 2612
3 976 1623 3180
3 1415 1746 2795
3 17294 17297 17302
3 14785 17311 17316
3 529 891 1443
3 697 748 1381
3 3423 3672 5665
3 1096 1461 3367
3 1857 3064 4646
3 2337 3031 4093
3 4178 6066 6628
3 4003 5765 9590
3 6856 13296 17337
3 1702 2023 3207
3 2696 3376 8913
3 17356 17359 17364
3 6566 10227 17374
3 4042 5243 9948
3 2943 4052 5337
3 1028 1449 2076
3 4995 8911 17392
3 9500 11715 15606
3 2718 3429 3949
3 1604 2809 4173
3 698 1023 1446
3 6653 7758 14188
3 2781 3520 6107
3 3061 3567 6170
3 1623 2185 9867
3 825 1438 2092
3 9030 9722 17431
3 17443 17446 17451
3 4170 7819 9815
3 1663 3054 6069
3 1663 1848 3296
3 2049 2380 4099
3 3336 3525 13106
3 992 1112 1504
3 3180 3668 5315
3 1237 1360 1705
3 5324 8501 15124
3 2412 2960 4139
3 3252 6012 16389
3 3568 4364 8448
3 11123 13166 17505
3 3180 4368 8504
0
3 4009 6091 12528
3 673 906 1370
3 1630 2766 4609
3 11355 13265 17527
3 15824 17537 17542
3 2264 3086 3620
3 3433 4167 6040
3 5526 9167 16867
3 17577 17580 17585
3 3089 3663 4227
3 1367 1501 3438
3 17597 17600 17605
3 8324 8332 13136
