3 11 34 41
0
2 89 112
3 127 150 157
4 203 226 233 270
4 288 311 318 355
3 374 397 404
6 449 472 479 516 524 526
3 541 564 571
3 604 627 634
3 668 691 698
1 745
4 769 792 799 836
3 850 873 880
4 916 939 946 983
3 997 1020 1027
3 1040 1063 1070
3 1097 1120 1127
3 1161 1184 1191
0
3 1212 1235 1242
3 1283 1306 1313
6 1357 1380 1387 1424 1432 1434
3 1447 1470 1477
4 1511 1534 1541 1578
3 1595 1618 1625
6 1659 1682 1689 1726 1734 1736
3 1749 1772 1779
3 1814 1837 1844
3 1870 1893 1900
3 1947 1970 1977
3 2005 2028 2035
3 2080 2103 2110
3 2145 2168 2175
3 2195 2218 2225
3 2257 2280 2287
3 2320 2343 2350
6 2388 2411 2418 2455 2463 2465
3 2470 2493 2500
3 2546 2569 2576
3 2598 2621 2628
2 2645 2668
3 2683 2706 2713
0
3 2763 2786 2793
3 2826 2849 2856
3 2882 2905 2912
3 2947 2970 2977
4 3013 3036 3043 3080
6 3087 3110 3117 3154 3162 3164
1 3178
4 3192 3215 3222 3259
1 3273
3 3302 3325 3332
4 3375 3398 3405 3442
3 3449 3472 3479
3 3516 3539 3546
3 3579 3602 3609
3 3640 3663 3670
5 3711 3734 3741 3778 3786
3 3797 3820 3827
3 3867 3890 3897
3 3939 3962 3969
2 4001 4024
4 4035 4058 4065 4102
4 4115 4138 4145 4182
4 4188 4211 4218 4255
6 4263 4286 4293 4330 4338 4340
3 4349 4372 4379
3 4424 4447 4454
3 4486 4509 4516
4 4562 4585 4592 4629
5 2702 4653 4660 4697 4705
3 4712 4735 4742
4 4759 4782 4789 4826
3 4840 4863 4870
3 4881 4904 4911
3 4954 4991 4999
4 5017 5040 5047 5084
3 5094 5117 5124
4 5169 5192 5199 5236
3 5242 5265 5272
4 5290 5313 5320 5357
3 5371 5394 5401
3 5440 5463 5470
3 5513 5536 5543
4 4972 5584 5591 5628
4 5637 5660 5667 5704
3 5714 5737 5744
4 5785 5808 5815 5852
3 5861 5884 5891
4 5915 5938 5945 5982
3 5997 6020 6027
4 6042 6065 6072 6109
3 6121 6144 6151
3 6184 6209 6216
3 6250 6273 6280
6 6318 6341 6348 6385 6393 6395
3 6400 6423 6430
1 6476
4 6502 6525 6532 6569
1 6581
1 6606
4 6629 6652 6659 6696
3 6706 6729 6736
3 6768 6791 6798
1 6829
2 6857 6880
4 6893 6916 6923 6960
3 6972 6995 7002
2 7019 7042
4 7050 7073 7080 7117
3 7123 7146 7153
3 7168 7191 7198
6 5733 7241 7248 7285 7293 7295
3 7304 7327 7334
4 3468 7359 7366 7403
1 7417
3 7428 7451 7458
3 7496 7519 7526
3 7567 7590 7597
3 7641 7664 7671
2 7694 7717
6 6421 7739 7746 7783 7791 7793
6 7798 7821 7828 7865 7873 7875
3 7884 7907 7914
3 7949 7972 7979
3 8010 8033 8040
4 8076 8099 8106 8143
3 8147 8170 8177
1 8216
1 8245
3 4852 8281 8288
0
4 8333 8356 8363 8400
4 3843 8421 8428 8465
1 8480
1 8496
1 8513
4 8528 8551 8558 8595
3 6523 8617 8624
3 8653 8676 8683
6 7359 8736 8743 8780 8788 8790
6 5883 8812 8819 8856 8864 8866
3 8874 8897 8904
3 8942 8965 8972
3 9008 9031 9038
5 5690 9069 9076 9113 9121
3 9127 9150 9157
3 9179 9202 9209
3 9220 9243 9250
4 9276 9299 9306 9343
3 8296 9372 9379
3 9408 9431 9438
3 8736 9476 9483
4 9523 9546 9553 9590
3 9601 9624 9631
3 9522 9669 9676
3 9716 9739 9746
3 9766 9789 9796
4 7347 9825 9832 9869
1 9880
1 9898
3 9910 9933 9940
4 9949 9972 9979 10016
5 10026 10049 10056 10093 10101
5 10104 10127 10134 10171 10179
4 10183 10206 10213 10250
4 10266 10289 10296 10333
3 10342 10365 10372
4 7072 10412 10419 10456
6 10463 10486 10493 10530 10538 10540
3 10544 10567 10574
3 10605 10628 10635
3 10508 10668 10675
4 8467 10731 10738 10775
3 10788 10811 10818
3 10823 10846 10853
5 8996 10898 10905 10942 10950
1 10962
4 9468 10999 11006 11043
4 7015 11068 11075 11112
3 11118 11141 11148
4 10157 11177 11184 11221
4 7518 11241 11248 11285
3 11297 11320 11327
3 3793 11376 11383
2 11411 11434
3 11445 11468 11475
3 8126 11515 11522
4 11552 11575 11582 11619
3 11623 11646 11653
4 11681 11704 11711 11748
3 11754 11777 11784
4 11822 11845 11852 11889
4 4682 11906 11913 11950
3 11964 11987 11994
3 12027 12050 12057
4 12072 12095 12102 12139
3 12151 12174 12181
3 12156 12190 12216
4 7448 12270 12277 12314
3 7352 12333 12340
3 12383 12406 12413
3 12420 12443 12450
5 3645 12490 12497 12534 12542
4 3485 12543 12550 12587
2 12599 12622
3 12630 12653 12660
3 12682 12705 12712
3 12739 12762 12769
3 12797 12820 12827
6 4688 12588 12840 12877 12885 12887
3 12894 12917 12924
4 12953 12976 12983 13020
3 13031 13054 13061
3 13099 13122 13129
1 13149
3 13159 13182 13189
3 13210 13233 13240
4 13261 13284 13291 13328
3 13332 13355 13362
3 7479 13401 13408
4 5690 13462 13469 13506
2 13519 13542
3 13545 13568 13575
1 13617
3 13643 13666 13673
4 7854 13718 13725 13762
3 5796 13784 13791
3 4650 13834 13841
0
3 11337 13897 13904
3 12363 13959 13966
3 14000 14023 14030
3 8816 14053 14060
4 9905 14114 14121 14158
3 14171 14194 14201
3 14219 14242 14249
3 14176 14298 14305
4 14331 14354 14361 14398
3 14415 14438 14445
1 14469
4 14477 14500 14507 14544
3 14557 14580 14587
1 14612
3 14635 14658 14665
3 14687 14710 14717
3 14636 14776 14783
2 14824 14847
1 14860
4 2533 14882 14889 14926
6 3481 14943 14950 14987 14995 14997
4 9956 15021 15028 15065
3 15070 15093 15100
4 11552 15156 15163 15200
0
3 8061 15231 15238
3 8661 15280 15287
3 15321 15344 15351
1 15386
4 7252 15414 15421 15458
3 8083 15477 15484
3 15507 15530 15537
3 15571 15594 15601
3 15629 15652 15659
3 15684 15707 15715
2 15733 15756
3 15761 15784 15791
3 4131 15824 15831
3 15865 15888 15895
3 15921 15944 15951
3 15965 15988 15995
3 16022 16045 16052
4 3864 16090 16097 16134
3 16136 16159 16166
6 16174 16197 16204 16241 16249 16251
3 16259 16282 16289
2 16297 16320
6 16326 16349 16356 16393 16401 16403
3 16408 16431 16438
3 16470 16493 16500
5 8053 16535 16542 16579 16587
4 5661 16606 16613 16650
3 15631 16675 16682
3 16715 16738 16745
3 16777 16800 16807
3 16850 16873 16880
3 16902 16925 16932
3 16966 16989 16996
3 17027 17050 17057
3 17092 17115 17122
3 17163 17186 17193
3 17220 17243 17250
4 11676 17273 17280 17317
3 5139 17334 17341
3 6441 17388 17395
3 17296 17453 17460
3 17489 17512 17519
3 17560 17583 17590
6 17617 17640 17647 17684 17692 17694
3 17702 17725 17732
5 6923 17752 17759 17796 17804
4 13305 17825 17832 17869
5 5088 17876 17883 17920 17928
3 16714 17951 17958
0
3 17973 17996 18003
3 6332 18045 18052
3 15363 18100 18107
4 13655 18155 18162 18199
3 18211 18234 18241
3 8032 18285 18292
3 8661 18343 18350
3 18385 18408 18415
1 18445
3 6964 18476 18483
3 15779 18528 18535
3 16688 18572 18579
3 7494 18616 18623
3 18661 18684 18691
3 16079 18729 18736
3 18750 18773 18780
3 16803 18812 18819
3 12573 18866 18873
3 12325 18919 18926
3 14819 18982 18989
3 16187 19046 19053
4 10093 19084 19091 19128
3 19140 19163 19170
4 16223 19200 19207 19244
3 19250 19273 19280
1 19309
4 5175 11767 11818 19350
3 19363 19386 19393
4 19412 19435 19442 19479
3 19487 19510 19517
3 15508 19539 19546
3 19575 19598 19605
3 12060 19647 19654
4 19686 19709 19716 19753
4 19762 19785 19792 19829
3 1582 19852 19859
3 19887 19910 19917
3 13471 19946 19953
4 10322 20004 20011 20048
3 14362 20072 20079
4 4236 20115 20122 20159
4 7282 20175 20182 20219
6 8171 20223 20230 20267 20275 20277
3 15982 20299 20306
4 20343 20366 20373 20410
3 20416 20439 20446
3 20462 20485 20492
3 20524 20547 20554
5 20580 20603 20610 20647 20655
3 20657 20680 20687
2 20712 20735
3 20741 20764 20771
3 13329 20816 20823
3 20846 20869 20876
3 11107 20919 20926
4 8075 20971 20978 21015
4 4705 21033 21040 21077
1 21088
6 21104 21127 21134 21171 21179 21181
3 21186 21209 21216
0
3 13734 21253 21260
3 13968 21315 21322
4 7875 21374 21381 21418
3 21423 21446 21453
3 21470 21493 21500
4 21527 21550 21557 21594
3 12183 21607 21614
1 21649
3 21658 21681 21688
4 21720 21743 21750 21787
3 21792 21815 21822
3 21857 21880 21887
6 21893 21916 21923 21960 21968 21970
3 21613 21996 22003
3 22040 22063 22070
3 5334 22116 22123
4 12185 22173 22180 22217
3 22223 22246 22253
4 22272 22295 22302 22339
3 18915 22368 22375
3 7373 22428 22435
3 22464 22487 22494
4 19931 22538 22545 22582
3 6924 22597 22604
3 22643 22666 22673
4 6684 22698 22705 22742
3 22744 22767 22774
4 22786 22809 22816 22853
3 22858 22881 22888
3 22924 22947 22954
3 22963 22986 22993
4 23020 23043 23050 23087
3 23092 23115 23122
3 23147 23170 23177
3 23210 23233 23240
3 15911 23274 23281
3 23314 23337 23344
3 23369 23392 23399
1 23434
3 13776 23473 23480
4 8449 23516 23523 23560
3 20616 23588 23595
4 15191 23649 23656 23693
4 7753 23703 23710 23747
3 8082 23766 23773
4 23812 23835 23842 23879
4 15157 23892 23899 23936
6 8015 19564 23939 23976 23984 23986
4 12893 23999 24006 24043
3 24054 24077 24084
3 24095 24118 24125
4 10280 24155 24162 24199
3 24208 24231 24238
3 24262 24285 24292
2 24306 24329
4 24338 24361 24368 24405
4 15219 24429 24436 24473
4 6280 24485 24492 24529
3 24532 24555 24562
3 6895 24600 24607
6 5248 23104 24643 24680 24688 24690
3 12344 24712 24719
3 24747 24770 24777
3 15504 24832 24839
1 24869
1 24901
4 13477 24918 24925 24962
3 10929 24973 24980
3 18712 25028 25035
3 23444 25085 25092
3 24649 25140 25147
3 25176 25199 25206
3 18299 25256 25263
3 19271 25317 25324
3 25355 25378 25385
3 25414 25437 25444
4 19218 25480 25487 25524
4 5911 25538 25545 25582
3 25593 25616 25623
3 12568 25662 25669
4 25699 25722 25729 25766
3 25768 25791 25798
3 25818 25841 25848
6 10313 25872 25879 25916 25924 25926
4 9379 25945 25952 25989
3 25998 26021 26028
3 24693 26075 26082
1 5190
3 26128 26151 26158
4 14397 26196 26203 26240
3 26247 26270 26277
3 26285 26308 26315
1 26330
6 16570 26370 26377 26414 26422 26424
3 7458 26436 26443
3 26472 26495 26502
3 24190 26555 26562
3 26593 26616 26623
2 26645 26668
4 4194 26674 26681 26718
3 9653 26736 26743
3 25070 26786 26793
3 26820 26843 26850
1 26881
3 26900 26923 26930
3 20154 26968 26975
0
3 27012 27035 27042
1 27064
4 16774 27092 27099 27136
3 27149 27172 27179
3 27197 27220 27227
4 27261 27284 27291 27328
3 17026 27352 27359
1 27394
3 27410 27433 27440
3 27451 27474 27481
3 7365 27498 27505
3 27528 27551 27558
3 27564 27587 27594
3 27626 27649 27656
1 27673
3 15498 27708 27715
3 15246 27758 27765
0
1 27779
3 27792 27815 27822
0
3 27846 27869 27876
3 27905 27928 27935
0
3 16788 27965 27972
3 15793 28010 28017
0
3 28041 28064 28071
3 28115 28138 28145
1 28156
3 28176 28199 28206
0
4 28233 28256 28263 28300
1 28312
3 28321 28344 28351
3 20872 28396 28403
3 28439 28462 28469
2 28502 28525
3 12325 28542 28549
0
3 25516 28590 28597
1 28626
3 28639 28662 28669
3 28687 28710 28717
3 27291 28758 28765
1 28808
3 28836 28859 28866
1 28909
1 28925
5 28927 28950 28957 28994 29002
4 29013 29036 29043 29080
3 29095 29118 29125
0
0
3 29142 29165 29172
3 29209 29232 29239
3 29259 29282 29289
3 6463 29301 29308
1 29348
0
0
2 29370 29393
3 29410 29433 29440
3 29471 29494 29501
3 29530 29553 29560
4 29584 29607 29614 29651
0
3 29672 29695 29702
3 8805 29731 29738
1 29782
4 12833 29799 29806 29843
2 29858 29881
4 25357 29906 29913 29950
4 9827 29968 29975 30012
3 28415 30039 30046
3 30079 30102 30109
3 30137 30160 30167
3 30173 30196 30203
5 30226 30249 30256 30293 30301
3 30303 30326 30333
3 30352 30375 30382
3 30427 30450 30457
3 30473 30496 30503
3 30535 30558 30565
1 30589
3 20665 30622 30629
5 23065 30682 30689 30726 30734
6 9338 16788 22106 30769 30777 30779
2 30793 30816
1 30826
1 30838
1 30853
3 30865 30888 30895
3 27585 30919 30926
0
3 24848 30963 30970
3 31009 31032 31039
3 19843 31094 31101
3 31129 31152 31159
3 27620 31215 31222
1 31268
3 31291 31314 31321
3 31343 31366 31373
3 31402 31425 31432
3 31441 31464 31471
3 16559 31501 31508
3 31542 31565 31572
3 31582 31605 31612
3 31638 31661 31668
3 31703 31726 31733
1 31743
3 31769 31792 31799
3 31829 31852 31859
4 25541 31885 31892 31929
3 31940 31963 31970
3 31997 32020 32027
4 32060 32083 32090 32127
3 32143 32166 32173
3 16984 32201 32208
3 18675 32258 32265
3 32310 32333 32340
3 32350 32373 32380
3 32404 32427 32434
4 32457 32480 32487 32524
4 15026 32540 32547 32584
3 15788 32611 32618
3 32642 32665 32672
1 32693
3 32727 32750 32757
2 32767 32790
3 16175 32811 32818
0
3 32856 32879 32886
0
2 32907 32930
1 32941
3 22925 32962 32969
3 33016 33039 33046
3 33071 33094 33101
3 33127 33150 33157
3 26549 33181 33188
3 33228 33251 33258
2 33291 33314
0
3 33334 33357 33364
1 33397
3 13667 33438 33445
3 16441 33476 33483
3 33518 33541 33548
3 33568 33591 33598
1 33635
5 23742 33676 33683 33720 33728
3 25741 33751 33758
3 22030 33802 33809
3 33856 33879 33886
0
3 33905 33928 33935
3 33965 33988 33995
2 34031 34054
1 34069
3 34092 34115 34122
0
3 24339 34171 34178
0
4 16026 34220 34227 34264
3 34274 34297 34304
3 34318 34341 34348
3 34371 34394 34401
3 34419 34442 34449
3 34483 34506 34513
1 34525
4 34530 34553 34560 34597
3 33286 34621 34628
3 31844 34664 34671
1 34688
6 17348 34719 34726 34763 34771 34773
3 4506 34780 34787
6 34426 34838 34845 34882 34890 34892
3 13666 34910 34917
2 34953 34976
1 34985
3 24096 35021 35028
0
3 35067 35090 35097
3 35107 35130 35137
3 35179 35202 35209
3 35253 35276 35283
0
3 17399 35309 35316
3 35347 35370 35377
1 14620
3 35405 35428 35435
0
0
4 7815 35480 35487 35524
3 26841 35548 35555
3 31503 35586 35593
3 35615 35638 35645
1 35661
5 35681 35704 35711 35748 35756
3 35767 35790 35797
2 35803 35826
3 35836 35859 35866
5 14490 35906 35913 35950 35958
3 35965 35988 35995
5 36024 36047 36054 36091 36099
0
1 36114
0
3 36146 36169 36176
3 36187 36210 36217
3 36246 36269 36276
3 15960 36290 36297
6 12993 36347 36354 36391 36399 36401
4 10673 36414 36421 36458
3 36466 36489 36496
3 36510 36533 36540
0
3 36576 36599 36606
3 36637 36660 36667
1 36679
3 36692 36715 36722
0
3 21319 36748 36755
0
0
3 36791 36814 36821
4 36850 36873 36880 36917
3 12957 36931 36938
3 36967 36990 36997
2 37024 37047
1 34291
0
0
0
3 25394 37099 37106
3 37139 37162 37169
3 37211 37234 37241
0
3 37270 37293 37300
3 37318 37341 37348
6 37380 37403 37410 37447 37455 37457
1 14620
1 37483
0
3 37502 37525 37532
1 37556
3 37569 37592 37599
3 37621 37644 37651
3 37662 37685 37692
1 37729
3 18038 37745 37752
3 37789 37812 37819
3 37842 37865 37872
6 26370 37904 37911 37948 37956 37958
6 21961 37977 37984 38021 38029 38031
3 38041 38064 38071
0
3 38083 38106 38113
3 38151 38174 38181
3 38223 38246 38253
0
0
3 36347 38307 38314
3 38351 38374 38381
3 38419 38442 38449
3 38476 38499 38506
0
3 38553 38576 38583
3 38621 38644 38651
0
3 38672 38695 38702
3 12035 38743 38750
3 38794 38817 38824
3 38858 38881 38888
3 38926 38949 38956
1 38971
3 39001 39024 39031
3 39064 39087 39094
6 10869 39128 39135 39172 39180 39182
1 39191
0
0
3 39204 39227 39234
3 26734 39288 39295
3 39326 39349 39356
3 39372 39395 39402
4 21014 39433 39440 39477
1 14620
1 39488
3 39511 39534 39541
3 39568 39591 39598
3 39635 39658 39665
3 39693 39716 39723
3 39748 39771 39778
3 22045 39824 39831
4 17326 39863 39870 39907
3 39921 39944 39951
3 28024 39985 39993
1 40005
3 18813 40038 40045
4 10836 40087 40094 40131
1 40135
3 40153 40176 40183
3 40208 40231 40238
3 22612 40275 40282
3 40316 40339 40346
1 40377
0
4 7101 40397 40404 40441
3 27489 40469 40476
3 40498 40521 40528
4 40551 40574 40581 40618
3 40635 40658 40665
0
3 40700 40723 40730
0
3 40751 40774 40781
0
6 40813 40836 40843 40880 40888 40890
0
1 40911
3 40935 40958 40965
2 40983 41006
1 41017
3 41028 41051 41058
3 23490 41091 41098
2 41117 41140
0
3 37716 41170 41177
1 35720
3 41221 41244 41251
4 4789 41263 41270 41307
3 9291 41322 41329
3 13521 41376 41383
3 41407 41430 41437
3 41462 41485 41492
1 41524
4 16053 41556 41563 41600
4 28485 41618 41625 41662
3 39101 41690 41697
3 12360 41720 41727
1 41756
4 41773 41796 41803 41840
3 41849 41872 41879
6 15533 41913 41920 41957 41965 41967
3 34651 41991 41998
0
3 42040 42063 42070
6 42105 42128 42135 42172 42180 42182
3 13719 42200 42207
3 42243 42266 42273
0
5 7326 42303 42310 42347 42355
3 11115 42368 42375
3 42407 42430 42437
3 42317 42466 42473
3 42494 42517 42524
5 32118 42553 42560 42597 42605
3 28936 42627 42634
3 42660 42683 42690
3 40297 42732 42739
0
3 42770 42793 42800
3 42843 42866 42873
1 42903
0
3 42928 42951 42958
3 42979 43002 43009
3 43034 43057 43064
4 10472 43107 43114 43151
1 43155
3 43181 43204 43211
4 18048 43246 43253 43290
2 43299 43322
3 24836 43343 43350
1 43388
4 17038 43425 43432 43469
2 43480 43503
3 43511 43534 43541
0
0
0
3 14767 43588 43595
3 43629 43652 43659
1 43699
3 30831 43717 43724
1 43738
3 6577 43771 43778
3 43810 43833 43840
2 43877 43900
0
3 43917 43940 43947
3 8128 43986 43993
3 44029 44052 44059
0
3 44101 44124 44131
3 36678 44162 44169
3 34667 44195 44202
3 23839 44245 44252
1 44295
3 44313 44336 44343
1 14619
3 44359 44382 44389
3 44423 44446 44453
3 44489 44512 44519
0
3 44308 44570 44577
2 44598 44621
3 44637 44660 44667
3 39967 44703 44710
2 44730 44753
3 42910 44777 44784
0
0
0
3 44831 44854 44861
3 44874 44897 44904
4 23560 44932 44939 44976
1 44993
6 8436 45001 45008 45045 45053 45055
3 34665 45077 45084
2 45097 45120
3 45138 45161 45168
3 42015 45208 45215
3 26705 45261 45268
1 45295
3 45316 45339 45346
3 23169 45382 45389
3 45425 45448 45455
4 45478 45501 45508 45545
4 13889 45549 45556 45593
2 45605 45628
4 18393 45647 45654 45691
1 45703
3 9718 45733 45740
0
3 45776 45799 45806
3 45839 45862 45869
3 45902 45925 45932
1 45972
3 15560 46006 46013
3 46045 46068 46075
3 20341 46108 46115
6 46154 46177 46184 46221 46229 46231
1 46241
3 46258 46281 46288
3 46323 46346 46353
3 46388 46411 46418
4 16240 46446 46453 46490
3 46500 46523 46530
3 46561 46584 46591
3 46613 46636 46643
3 16108 46663 46670
4 40301 46719 46726 46763
4 12569 46764 46771 46808
1 46823
3 44850 46850 46857
3 46868 46891 46898
4 25098 46917 46924 46961
3 13664 46976 46983
3 47008 47031 47038
4 47055 47078 47085 47122
3 24989 47142 47149
0
4 47176 47199 47206 47243
3 31903 47267 47274
0
3 47317 47340 47347
1 47383
5 36128 47410 47417 47454 47462
3 47464 47487 47494
3 47504 47527 47534
0
1 47564
0
4 47585 47608 47615 47652
3 22264 47673 47680
0
2 47711 47734
3 35002 47760 47767
4 6567 47786 47793 47830
3 47837 47860 47867
3 35895 47888 47895
3 47932 47955 47962
3 47986 48009 48016
3 33409 48060 48067
1 48086
6 6358 48101 48108 48145 48153 48155
3 48164 48187 48194
3 48236 48259 48266
3 48291 48314 48321
0
4 48353 48376 48383 48420
3 48422 48445 48452
0
3 41173 48512 48519
4 48561 48584 48591 48628
3 48635 48658 48665
3 48694 48717 48724
4 21071 48761 48768 48805
1 48819
3 11312 48849 48856
4 48890 48913 48920 48957
3 48970 48993 49000
3 6557 49017 49024
1 49070
3 21264 49098 49105
3 49134 49157 49164
4 8605 49203 49210 49247
3 49256 49279 49286
3 49324 49347 49354
3 28741 49404 49411
3 49443 49466 49473
0
3 7692 49517 49524
2 49551 49574
3 49586 49609 49616
2 49643 49666
1 49675
4 48811 49703 49710 49747
3 33453 49772 49779
1 49799
3 49814 49837 49844
1 49878
5 8729 49904 49911 49948 49956
3 14059 49966 49973
3 50013 50036 50043
3 50081 50104 50111
1 50146
1 50159
3 50183 50206 50213
1 50254
1 50278
3 36236 50315 50322
6 28277 50355 50362 50399 50407 50409
3 23008 50427 50434
1 50458
3 42921 50484 50491
3 50496 50519 50526
3 35846 50549 50556
3 50595 50618 50625
0
3 50666 50689 50696
3 50719 50742 50749
3 50782 50805 50812
0
1 50826
0
3 40432 50851 50858
1 50898
3 21064 50929 50936
1 50977
3 50992 51015 51022
3 51054 51077 51084
4 10838 51107 51114 51151
0
3 51169 51192 51199
4 51204 51227 51234 51271
2 41978 51293
3 34602 51310 51317
1 51340
3 20294 51376 51383
2 51413 51436
3 44654 51455 51462
6 51496 51519 51526 51563 51571 51573
2 51583 51606
3 30412 51633 51640
3 51668 51691 51698
0
3 51717 51740 51747
0
3 10204 51789 51796
4 25863 51842 51849 51886
3 51896 51919 51926
3 51945 51968 51975
1 52007
3 10506 52029 52036
3 52044 52067 52074
0
3 52100 52123 52130
2 52140 52163
0
4 5281 27915 48493 52205
3 48421 52230 52237
3 31844 52265 52272
3 15162 52304 52311
3 26948 52368 52375
1 45035
3 52403 52426 52433
3 52463 52486 52493
0
3 46497 52536 52543
0
2 52579 52602
6 9283 52607 52614 52651 52659 52661
3 28742 52682 52689
3 8411 52716 52723
3 52761 52784 52791
4 12486 52832 52839 52876
3 52880 52903 52910
3 52948 52971 52978
4 10121 53009 53016 53053
2 53066 53089
3 9609 53098 53105
3 53147 53170 53177
3 53188 53211 53218
1 53249
1 53267
3 53290 53313 53320
3 53333 53356 53363
3 29572 53381 53388
3 53423 53446 53453
3 11015 53464 53471
4 32074 53523 53530 53567
1 53577
3 53589 53612 53619
3 53645 53668 53675
2 53689 53712
1 53724
3 22035 53739 53746
0
5 39209 53781 53788 53825 53833
5 10028 53841 53848 53885 53893
1 53905
3 53917 53940 53947
3 44622 53975 53982
4 54020 54043 54050 54087
2 54096 54119
0
3 31904 54138 54145
1 54189
3 54202 54225 54232
3 34023 54261 54268
3 54302 54325 54332
1 54370
4 15566 54380 54387 54424
3 9184 54433 54440
3 54483 54506 54513
3 29676 54557 54564
3 54601 54624 54631
3 54644 54667 54674
3 54688 54711 54718
3 53391 54760 54767
6 54804 54827 54834 54871 54879 54881
1 54886
3 54892 54915 54922
6 48860 54952 54959 54996 55004 55006
3 55014 55037 55044
1 55066
4 6825 47158 55075 55112
3 55125 55148 55155
1 55189
4 6441 21188 53466 55247
3 55259 55282 55289
3 55317 55340 55347
3 13080 55356 55363
0
1 55409
3 40689 55442 55449
3 43702 55498 55505
3 15788 55551 55558
3 52069 55588 55595
3 22800 55629 55636
3 55671 55694 55701
5 4321 26412 55706 55743 55751
0
3 55753 55776 55783
3 49985 55836 55843
1 55865
0
3 55885 55908 55915
3 55947 55970 55977
1 56003
3 43757 56031 56038
3 56068 56091 56098
4 5712 56128 56135 56172
3 36054 56191 56198
1 56236
0
3 56261 56284 56291
4 12398 56302 56309 56346
3 25216 56367 56374
0
3 5686 56416 56423
1 56454
3 56474 56497 56504
3 56541 56564 56571
3 55820 56620 56627
2 56658 56681
3 29956 56704 56711
4 36808 56762 56769 56806
3 56817 56840 56847
3 18538 56861 56868
3 38823 56908 56915
1 56936
1 56946
0
1 56972
3 56984 57007 57014
3 23749 57047 57054
2 57083 57106
2 52291 57132
3 57150 57173 57180
1 57208
3 42113 57234 57241
5 8729 57273 57280 57317 57325
3 50471 57342 57349
6 25678 57370 57377 57414 57422 57424
3 57426 57449 57456
3 57475 57498 57505
3 57511 57534 57541
4 25908 57576 57583 57620
4 57627 57650 57657 57694
3 37545 57718 57725
3 57756 57779 57786
3 57816 57839 57846
3 57866 57889 57896
3 57917 57940 57947
3 57962 57985 57992
4 33722 58024 58031 58068
3 58087 58110 58117
1 58144
4 15461 58155 58162 58199
5 58209 58232 58239 58276 58284
4 57504 58304 58311 58348
3 33103 58368 58375
3 58392 58415 58422
3 6217 58439 58446
2 58483 58506
4 8738 58514 58521 58558
3 58559 58582 58589
3 58611 58634 58641
0
5 9280 58665 58672 58709 58717
3 58726 58749 58756
1 58780
4 14037 58819 58826 58863
3 40438 58885 58892
3 45001 58935 58942
3 13095 58962 58969
1 59010
1 59027
0
3 59048 59071 59078
1 59107
1 59128
3 59142 59165 59172
0
4 59180 59203 59210 59247
3 41980 59272 59279
3 59313 59336 59343
3 44783 59391 59398
3 21182 59453 59460
4 59504 59527 59534 59571
3 59585 59608 59615
3 59647 59670 59677
3 54748 59704 59711
3 25274 59767 59774
6 28154 59827 59834 59871 59879 59881
1 59896
2 59923 59946
4 59953 59976 59983 60020
3 33480 60036 60043
0
3 60072 60095 60102
3 60124 60147 60154
1 60164
3 60186 60209 60216
3 60254 60277 60284
4 27265 60311 60318 60355
0
4 9824 34791 60361 60398
5 14407 60409 60416 60453 60461
4 60474 60497 60504 60541
0
3 25164 60558 60565
4 14953 60596 60603 60640
0
3 60651 60674 60681
2 41909 60711
0
3 60722 60745 60752
4 31706 60788 60795 60832
1 60845
3 60849 60872 60879
3 36296 60918 60925
3 60957 60980 60987
4 30731 61033 61040 61077
3 61083 61106 61113
3 28452 61168 61175
3 61196 61219 61226
0
3 61263 61286 61293
5 9670 61324 61331 61368 61376
3 61378 61401 61408
3 56323 61438 61445
4 61457 61480 61487 61524
4 15531 61541 61548 61585
4 11646 61591 61598 61635
3 61640 61663 61670
1 61702
1 37058
3 42749 61735 61742
4 61762 61785 61792 61829
3 61834 61857 61864
3 45430 61905 61912
3 61918 61941 61948
0
4 54960 61998 62005 62042
4 8311 62044 62051 62088
1 62102
3 49646 62129 62136
3 62161 62184 62191
3 62224 62247 62254
3 36510 62293 62300
0
3 22200 62335 62342
1 62382
3 62402 62425 62432
3 62454 62477 62484
4 8972 62504 62511 62548
3 52371 62568 62575
0
3 62590 62613 62620
3 62655 62678 62685
1 62708
3 22014 62736 62743
3 55076 62794 62801
1 34293
3 36279 62854 62861
2 62869 62892
1 62904
2 62925 62948
4 12104 62964 62971 63008
3 63020 63043 63050
3 63053 63076 63083
3 63108 63131 63138
3 63162 63185 63192
3 22370 63216 63223
0
1 63264
0
5 49159 63287 63294 63331 63339
3 63347 63370 63377
1 63414
3 54690 63438 63445
3 35953 63478 63485
3 63523 63546 63553
3 63585 63608 63615
6 3864 12731 20023 63654 63662 63664
3 63675 63698 63705
0
0
4 63727 63750 63757 63794
3 63802 63825 63832
1 63874
3 21951 63894 63901
3 63933 63956 63963
3 63996 64019 64026
0
2 15816 64080
3 64096 64119 64126
3 64163 64186 64193
3 19872 64231 64238
3 15025 64283 64290
2 64310 64333
1 64347
0
3 53309 64370 64377
3 15286 64418 64425
2 64464 64487
4 64500 64523 64530 64567
3 21497 64588 64595
3 64601 64624 64631
3 64673 64696 64703
1 64715
1 64732
3 34420 64771 64778
3 64823 64846 64853
3 64858 64881 64888
3 17057 64931 64938
3 64973 64996 65003
3 65018 65041 65048
6 64212 65088 65095 65132 65140 65142
3 28715 65147 65154
3 65196 65219 65226
0
3 58835 65278 65285
3 26415 65315 65322
4 10429 65361 65368 65405
4 16026 65416 65423 65460
3 23006 65485 65492
3 65520 65543 65550
2 65585 65608
4 6413 65620 65627 65664
3 36584 65686 65693
4 65706 65729 65736 65773
0
3 31126 65791 65798
3 55734 65843 65850
1 65896
3 65922 65945 65952
3 65960 65983 65990
3 66010 66033 66040
0
4 12502 66068 66075 66112
3 49998 66138 66145
3 66183 66206 66213
3 66248 66271 66278
3 66318 66341 66348
0
1 66364
6 21849 66377 66384 66421 66429 66431
3 66434 66457 66464
1 66500
3 30609 66535 66542
3 66569 66592 66599
5 29625 66643 66650 66687 66695
4 66701 66724 66731 66768
3 30620 66788 66795
0
3 66824 66847 66854
3 38439 66897 66904
1 66927
0
2 66949 66972
2 39632 66994
4 66998 67021 67028 67065
3 30218 67085 67092
3 43980 67140 67147
4 13680 67194 67201 67238
3 67247 67270 67277
3 7525 67316 67323
0
4 18793 67360 67367 67404
1 62141
3 67418 67441 67448
3 67461 67484 67491
5 21896 67520 67527 67564 67572
4 67580 67603 67610 67647
3 50421 67672 67679
1 67692
4 14683 67714 67721 67758
5 56920 67783 67790 67827 67835
3 18464 67845 67852
4 67897 67920 67927 67964
3 28487 67980 67987
2 68027 68050
3 68052 68075 68082
3 32556 68112 68119
1 47389
3 68160 68183 68190
3 68217 68240 68247
4 68258 68281 68288 68325
6 68329 68352 68359 68396 68404 68406
3 68417 68440 68447
3 51795 68476 68483
3 68499 68522 68529
3 68569 68592 68599
0
3 68649 68672 68679
4 5139 68701 68708 68745
1 68746
3 68773 68796 68803
6 5948 68848 68855 68892 68900 68902
3 68913 68936 68943
4 10622 42315 68962 68999
0
0
1 69012
0
3 67752 69040 69047
0
1 69068
0
4 14039 69100 69107 69144
3 23372 69161 69168
2 69194 69217
1 11
3 30 53 60
0
3 104 127 134
4 160 183 190 227
4 246 269 276 313
4 326 349 356 393
0
0
4 417 440 447 484
0
3 505 528 535
3 581 604 611
3 646 669 676
3 714 737 744
3 761 784 791
3 820 843 850
1 889
2 914 937
3 954 977 984
3 1031 1054 1061
3 1090 1113 1120
3 1157 1180 1187
3 1225 1248 1255
3 1272 1295 1302
5 1343 1366 1373 1410 1418
5 1430 1453 1460 1497 1505
4 1517 1540 1547 1584
3 1599 1622 1629
4 1643 1666 1673 1710
3 1724 1747 1754
0
3 1794 1817 1824
3 1852 1875 1882
3 1924 1947 1954
3 1988 2011 2018
4 2056 2079 2086 2123
3 2136 2159 2166
3 2191 2214 2221
3 2250 2273 2280
3 2314 2337 2344
0
6 2394 2417 2424 2461 2469 2471
3 2480 2503 2510
3 2532 2555 2562
1 2587
0
0
2 2634 2657
3 2671 2694 2701
3 2736 2759 2766
3 2810 2833 2840
3 2863 2886 2893
3 2920 2943 2950
3 2974 2997 3004
2 3048 3071
1 3085
1 3112
4 3133 3156 3163 3200
1 3215
3 3243 3266 3273
3 3320 3343 3350
0
3 3400 3423 3430
3 3463 3486 3493
3 3529 3552 3559
3 3592 3615 3622
3 3656 3679 3686
4 3732 3755 3762 3799
3 3814 3837 3844
3 3886 3909 3916
3 3950 3973 3980
2 3994 4017
4 4031 4054 4061 4098
4 4111 4134 4141 4178
1 4191
4 4219 4242 4249 4286
5 4298 4321 4328 4365 4373
3 4385 4408 4415
3 4456 4479 4486
4 4519 4542 4549 4586
0
6 4609 4632 4639 4676 4684 4686
3 4699 4722 4729
4 4750 4773 4780 4817
3 4827 4850 4857
3 4874 4897 4904
3 4940 4963 4970
3 5007 5030 5037
3 5078 5101 5108
6 5154 5177 5184 5221 5229 5231
3 5244 5267 5274
4 5298 5321 5328 5365
3 5381 5404 5411
3 5451 5474 5481
3 5527 5550 5557
4 5581 5604 5611 5648
3 5665 5688 5695
3 5739 5762 5769
3 5817 5840 5847
3 5888 5911 5918
3 5950 5973 5980
3 6014 6037 6044
3 6076 6099 6106
3 6151 6174 6181
1 6197
3 6212 6235 6242
3 6286 6309 6316
3 6361 6384 6391
3 6435 6458 6465
3 6491 6514 6521
2 6548 6571
2 6587 6610
3 6625 6648 6655
4 6693 6716 6723 6760
3 6771 6794 6801
3 6829 6852 6859
3 6874 6897 6904
3 6950 6973 6980
3 7006 7029 7036
3 7048 7071 7078
3 7117 7140 7147
3 7167 7190 7197
0
4 7232 7255 7262 7299
3 7312 7335 7342
0
3 7376 7399 7406
2 7428 7451
3 7465 7488 7495
3 7535 7558 7565
0
3 7617 7640 7647
3 7671 7694 7701
0
3 7716 7739 7746
6 7786 7809 7816 7853 7861 7863
4 7870 7893 7900 7937
3 7948 7971 7978
3 8016 8039 8046
4 8084 8107 8114 8151
3 8160 8183 8190
2 8221 8244
3 8258 8281 8288
3 8297 8320 8327
1 8365
1 8399
4 8426 8449 8456 8493
1 8506
4 8523 8546 8553 8590
3 8600 8623 8630
3 8674 8697 8704
6 8735 8758 8765 8802 8810 8812
3 8830 8853 8860
1 8905
1 8939
3 8956 8979 8986
3 9018 9041 9048
1 9075
1 9092
0
3 9107 9130 9137
3 9164 9187 9194
3 9216 9239 9246
1 9269
4 9289 9312 9319 9356
2 9369 9392
1 9403
0
3 9426 9449 9456
3 9486 9509 9516
4 9528 9551 9558 9595
3 9604 9627 9634
0
3 9656 9679 9686
1 9702
3 9716 9739 9746
3 9767 9790 9797
0
3 9820 9843 9850
3 9885 9908 9915
3 9938 9961 9968
4 10001 10024 10031 10068
0
6 10084 10107 10114 10151 10159 10161
4 10172 10195 10202 10239
4 10252 10275 10282 10319
3 10335 10358 10365
4 10400 10423 10430 10467
6 10477 10500 10507 10544 10552 10554
0
3 10570 10593 10600
0
3 10623 10646 10653
3 10680 10703 10710
3 10751 10774 10781
3 10799 10822 10829
3 10859 10882 10889
1 10922
0
1 10959
1 10986
4 10998 11021 11033 11070
3 11081 11104 11111
0
3 11149 11172 11179
3 11203 11226 11233
3 11281 11304 11311
0
3 11352 11375 11382
1 11403
2 11418 11441
3 11457 11480 11487
3 11517 11540 11547
3 11593 11616 11623
3 11669 11692 11699
4 11736 11759 11766 11803
2 11817 11840
6 11848 11871 11878 11915 11923 11925
2 11937 11960
3 11970 11993 12000
2 12040 12063
3 12074 12097 12104
3 12141 12164 12171
1 12213
3 12227 12250 12257
0
3 12300 12323 12330
3 12375 12398 12405
3 12421 12444 12451
4 12487 12510 12517 12554
3 12565 12588 12595
1 12614
2 12632 12655
3 12669 12692 12699
3 12715 12738 12745
3 12774 12797 12804
3 12847 12870 12877
4 12919 12942 12949 12986
3 13001 13024 13031
1 13067
3 13081 13104 13111
3 13140 13163 13170
3 13203 13226 13233
1 13257
1 13281
0
3 13310 13333 13340
3 13361 13384 13391
3 13427 13450 13457
3 13489 13512 13519
3 6759 13553 13560
3 13585 13608 13615
3 13650 13673 13680
1 13719
4 13737 13760 13767 13804
3 13813 13836 13843
0
3 13881 13904 13911
3 13943 13966 13973
2 14005 14028
3 14043 14066 14073
3 14111 14134 14141
0
2 14190 14213
3 14219 14242 14249
3 14286 14309 14316
0
4 14357 14380 14387 14424
3 14435 14458 14465
3 14476 14499 14506
2 14521 14544
0
1 14558
3 14567 14590 14597
3 14636 14659 14666
3 6549 14707 14714
3 14756 14779 14786
1 14824
1 14838
1 14850
0
0
4 14883 14906 14913 14950
4 14962 14985 14992 15029
4 15046 15069 15076 15113
0
3 15132 15155 15162
0
3 14703 15198 15205
3 15236 15259 15266
0
3 15304 15327 15334
3 15365 15388 15395
3 15396 15419 15426
3 15458 15481 15488
3 15509 15532 15539
0
3 15564 15587 15594
3 15625 15648 15655
3 15679 15702 15709
3 15737 15760 15767
3 15780 15803 15810
3 15834 15857 15864
3 15897 15920 15927
3 15944 15967 15974
3 16005 16028 16035
0
3 16068 16091 16098
3 16136 16159 16166
3 16201 16224 16231
2 16276 16299
3 16314 16337 16344
3 16363 16386 16393
3 16435 16458 16465
1 16494
3 16509 16532 16539
3 16581 16604 16611
0
3 16642 16665 16672
3 16709 16732 16739
3 16768 16791 16798
3 16834 16857 16864
2 16890 16913
3 16928 16951 16958
3 16968 16991 16998
0
0
3 17034 17057 17064
3 17110 17133 17140
3 17179 17202 17209
4 17252 17275 17282 17319
4 17335 17358 17365 17402
3 17410 17433 17440
3 17481 17504 17511
3 17551 17574 17581
2 17616 17639
3 17649 17672 17679
3 17719 17742 17749
0
4 17768 17791 17798 17835
4 17846 17869 17876 17913
0
3 17937 17960 17967
3 17976 17999 18006
3 18037 18060 18067
3 14394 18111 18118
3 18150 18173 18180
3 18214 18237 18244
3 18282 18305 18312
3 18347 18370 18377
3 18409 18432 18439
2 18457 18480
0
3 18492 18515 18522
0
1 18547
0
3 8370 18569 18576
3 18609 18632 18639
0
3 18676 18699 18706
3 18729 18752 18759
1 18773
1 18788
3 18795 18818 18825
2 18854 18877
3 18885 18908 18915
3 18947 18970 18977
1 19016
3 19027 19050 19057
3 19078 19101 19108
3 10488 19161 19168
3 19191 19214 19221
0
3 19262 19285 19292
3 19313 19336 19343
3 19369 19392 19399
3 19429 19452 19459
0
0
3 19497 19520 19527
0
3 19545 19568 19575
3 19605 19628 19635
4 19681 19704 19711 19748
1 19764
1 19794
3 19811 19834 19841
3 19853 19876 19883
3 19914 19937 19944
3 19974 19997 20004
0
3 20052 20075 20082
3 20122 20145 20152
3 18119 20200 20207
3 20241 20264 20271
3 20309 20332 20339
3 20381 20404 20411
3 20440 20463 20470
3 20491 20514 20521
3 20547 20570 20577
3 20618 20641 20648
1 20692
3 20723 20746 20753
0
3 20767 20790 20797
3 20823 20846 20853
3 20883 20906 20913
1 20949
3 20959 20982 20989
3 21016 21039 21046
1 21083
