6 14 40 42 54 55 59
0
1 92
7 130 156 158 170 171 175 191
8 206 232 234 246 247 251 267 270
9 291 317 319 331 332 336 352 355 362
6 377 403 405 417 418 422
10 452 478 480 492 493 497 513 516 523 528
6 544 570 572 584 585 589
6 607 633 635 647 648 652
7 671 697 699 711 712 716 732
1 748
8 772 798 800 812 813 817 833 836
6 853 879 881 893 894 898
8 919 945 947 959 960 964 980 983
3 1000 1026 1028
5 1043 1069 1071 1083 1084
6 1100 1126 1128 1140 1141 1145
3 1164 1190 1192
0
6 1215 1241 1243 1255 1256 1260
7 1286 1312 1314 1326 1327 1331 1347
9 1360 1386 1388 1400 1401 1405 1421 1424 1431
6 1450 1476 1478 1490 1491 1495
8 1514 1540 1542 1554 1555 1559 1575 1578
6 1598 1624 1626 1638 1639 1643
10 1662 1688 1690 1702 1703 1707 1723 1726 1733 1738
6 1752 1778 1780 1792 1793 1797
5 1817 1843 1845 1857 1858
7 1873 1899 1901 1913 1914 1918 1934
6 1950 1976 1978 1990 1991 1995
6 2008 2034 2036 2048 2049 2053
6 2083 2109 2111 2123 2124 2128
3 2148 2174 2176
6 2198 2224 2226 2238 2239 2243
6 2260 2286 2288 2300 2301 2305
6 2323 2349 2351 2363 2364 2368
9 2391 2417 2419 2431 2432 2436 2452 2455 2462
7 2473 2499 2501 2513 2514 2518 2534
3 2549 2575 2577
3 2601 2627 2629
1 2648
6 2686 2712 2714 2726 2727 2731
0
6 2766 2792 2794 2806 2807 2811
5 2829 2855 2857 2869 2870
6 2885 2911 2913 2925 2926 2930
6 2950 2976 2978 2990 2991 2995
8 3016 3042 3044 3056 3057 3061 3077 3080
10 3090 3116 3118 3130 3131 3135 3151 3154 3161 3166
1 3181
8 3195 3221 3223 3235 3236 3240 3256 3259
1 3276
7 3305 3331 3333 3345 3346 3350 3366
8 3378 3404 3406 3418 3419 3423 3439 3442
6 3452 3478 3480 3492 3493 3497
6 3519 3545 3547 3559 3560 3564
6 3582 3608 3610 3622 3623 3627
6 3643 3669 3671 3683 3684 3688
9 3714 3740 3742 3754 3755 3759 3775 3778 3785
6 3800 3826 3828 3840 3841 3845
6 3870 3896 3898 3910 3911 3915
6 3942 3968 3970 3982 3983 3987
1 4004
8 4038 4064 4066 4078 4079 4083 4099 4102
8 4118 4144 4146 4158 4159 4163 4179 4182
8 4191 4217 4219 4231 4232 4236 4252 4255
9 4266 4292 4294 4306 4307 4311 4327 4330 4337
7 4352 4378 4380 4392 4393 4397 4413
6 4427 4453 4455 4467 4468 4472
7 4489 4515 4517 4529 4530 4534 4550
9 4565 4591 4593 4605 4606 4610 4626 4629 4636
9 3083 4659 4661 4673 4674 4678 4694 4697 4704
3 4715 4741 4743
8 4762 4788 4790 4802 4803 4807 4823 4826
3 4843 4869 4871
6 4884 4910 4912 4924 4925 4929
3 4957 4998 5000
8 5020 5046 5048 5060 5061 5065 5081 5084
7 5097 5123 5125 5137 5138 5142 5158
8 5172 5198 5200 5212 5213 5217 5233 5236
5 5245 5271 5273 5285 5286
9 5293 5319 5321 5333 5334 5338 5354 5357 5364
6 5374 5400 5402 5414 5415 5419
7 5443 5469 5471 5483 5484 5488 5504
6 5516 5542 5544 5556 5557 5561
8 5564 5590 5592 5604 5605 5609 5625 5628
8 5640 5666 5668 5680 5681 5685 5701 5704
7 5717 5743 5745 5757 5758 5762 5778
8 5788 5814 5816 5828 5829 5833 5849 5852
6 5864 5890 5892 5904 5905 5909
8 5918 5944 5946 5958 5959 5963 5979 5982
3 6000 6026 6028
8 6045 6071 6073 6085 6086 6090 6106 6109
6 6124 6150 6152 6164 6165 6169
6 6187 6215 6217 6230 6232 6236
7 6253 6279 6281 6293 6294 6298 6314
9 6321 6347 6349 6361 6362 6366 6382 6385 6392
7 6403 6429 6431 6443 6444 6448 6464
1 6479
8 6505 6531 6533 6545 6546 6550 6566 6569
1 6584
1 6609
8 6632 6658 6660 6672 6673 6677 6693 6696
6 6709 6735 6737 6749 6750 6754
6 6771 6797 6799 6811 6812 6816
1 6832
1 6860
8 6896 6922 6924 6936 6937 6941 6957 6960
3 6975 7001 7003
1 7022
8 7053 7079 7081 7093 7094 7098 7114 7117
3 7126 7152 7154
6 7171 7197 7199 7211 7212 7216
10 7221 7247 7249 7261 7262 7266 7282 7285 7292 7297
3 7307 7333 7335
8 5382 7365 7367 7379 7380 7384 7400 7403
1 7420
6 7431 7457 7459 7471 7472 7476
7 7499 7525 7527 7539 7540 7544 7560
7 7570 7596 7598 7610 7611 7615 7631
5 7644 7670 7672 7684 7685
1 7697
9 7112 7745 7747 7759 7760 7764 7780 7783 7790
10 7801 7827 7829 7841 7842 7846 7862 7865 7872 7877
6 7887 7913 7915 7927 7928 7932
6 7952 7978 7980 7992 7993 7997
6 8013 8039 8041 8053 8054 8058
8 8079 8105 8107 8119 8120 8124 8140 8143
6 8150 8176 8178 8190 8191 8195
1 8219
1 8248
6 7233 8287 8289 8301 8302 8306
0
9 8336 8362 8364 8376 8377 8381 8397 8400 8407
8 5728 8427 8429 8441 8442 8446 8462 8465
1 8483
1 8499
1 8516
8 8531 8557 8559 8571 8572 8576 8592 8595
6 8327 8623 8625 8637 8638 8642
6 8656 8682 8684 8696 8697 8701
10 7811 8742 8744 8756 8757 8761 8777 8780 8787 8792
9 7811 8818 8820 8832 8833 8837 8853 8856 8863
7 8877 8903 8905 8917 8918 8922 8938
6 8945 8971 8973 8985 8986 8990
4 9011 9037 9039 9051
9 7077 9075 9077 9089 9090 9094 9110 9113 9120
3 9130 9156 9158
3 9182 9208 9210
6 9223 9249 9251 9263 9264 9268
8 9279 9305 9307 9319 9320 9324 9340 9343
6 9352 9378 9380 9392 9393 9397
5 9411 9437 9439 9451 9452
6 9456 9482 9484 9496 9497 9501
8 9526 9552 9554 9566 9567 9571 9587 9590
5 9604 9630 9632 9644 9645
7 9649 9675 9677 9689 9690 9694 9710
4 9719 9745 9747 9759
3 9769 9795 9797
8 8729 9831 9833 9845 9846 9850 9866 9869
1 9883
1 9901
3 9913 9939 9941
8 9952 9978 9980 9992 9993 9997 10013 10016
9 10029 10055 10057 10069 10070 10074 10090 10093 10100
9 10107 10133 10135 10147 10148 10152 10168 10171 10178
9 10186 10212 10214 10226 10227 10231 10247 10250 10257
8 10269 10295 10297 10309 10310 10314 10330 10333
6 10345 10371 10373 10385 10386 10390
8 8576 10418 10420 10432 10433 10437 10453 10456
9 10466 10492 10494 10506 10507 10511 10527 10530 10537
6 10547 10573 10575 10587 10588 10592
3 10608 10634 10636
7 10648 10674 10676 10688 10689 10693 10709
8 9509 10737 10739 10751 10752 10756 10772 10775
3 10791 10817 10819
6 10826 10852 10854 10866 10867 10871
9 10878 10904 10906 10918 10919 10923 10939 10942 10949
1 10965
8 10979 11005 11007 11019 11020 11024 11040 11043
8 11048 11074 11076 11088 11089 11093 11109 11112
3 11121 11147 11149
8 11157 11183 11185 11197 11198 11202 11218 11221
8 9718 11247 11249 11261 11262 11266 11282 11285
6 11300 11326 11328 11340 11341 11345
6 8671 11382 11384 11396 11397 11401
1 11414
5 11448 11474 11476 11488 11489
6 11495 11521 11523 11535 11536 11540
8 11555 11581 11583 11595 11596 11600 11616 11619
6 11626 11652 11654 11666 11667 11671
8 11684 11710 11712 11724 11725 11729 11745 11748
7 11757 11783 11785 11797 11798 11802 11818
8 11825 11851 11853 11865 11866 11870 11886 11889
9 8718 11912 11914 11926 11927 11931 11947 11950 11957
6 11967 11993 11995 12007 12008 12012
3 12030 12056 12058
8 12075 12101 12103 12115 12116 12120 12136 12139
6 12154 12180 12182 12194 12195 12199
7 12163 12215 12217 12229 12230 12234 12250
8 7786 12276 12278 12290 12291 12295 12311 12314
6 7692 12339 12341 12353 12354 12358
3 12386 12412 12414
6 12423 12449 12451 12463 12464 12468
9 4378 12496 12498 12510 12511 12515 12531 12534 12541
8 4682 12549 12551 12563 12564 12568 12584 12587
1 12602
5 12633 12659 12661 12673 12674
6 12685 12711 12713 12725 12726 12730
6 12742 12768 12770 12782 12783 12787
3 12800 12826 12828
10 4799 12839 12841 12853 12854 12858 12874 12877 12884 12889
6 12897 12923 12925 12937 12938 12942
8 12956 12982 12984 12996 12997 13001 13017 13020
6 13034 13060 13062 13074 13075 13079
3 13102 13128 13130
1 13152
6 13162 13188 13190 13202 13203 13207
6 13213 13239 13241 13253 13254 13258
8 13264 13290 13292 13304 13305 13309 13325 13328
6 13335 13361 13363 13375 13376 13380
7 8414 13407 13409 13421 13422 13426 13442
8 9555 13468 13470 13482 13483 13487 13503 13506
1 13522
6 13548 13574 13576 13588 13589 13593
1 13620
6 13646 13672 13674 13686 13687 13691
8 10784 13724 13726 13738 13739 13743 13759 13762
6 6027 13790 13792 13804 13805 13809
6 5226 13840 13842 13854 13855 13859
0
6 13877 13903 13905 13917 13918 13922
6 13939 13965 13967 13979 13980 13984
3 14003 14029 14031
7 14033 14059 14061 14073 14074 14078 14094
8 14062 14120 14122 14134 14135 14139 14155 14158
5 14174 14200 14202 14214 14215
6 14222 14248 14250 14262 14263 14267
6 14278 14304 14306 14318 14319 14323
8 14334 14360 14362 14374 14375 14379 14395 14398
5 14418 14444 14446 14458 14459
1 14472
8 14480 14506 14508 14520 14521 14525 14541 14544
6 14560 14586 14588 14600 14601 14605
1 14615
6 14638 14664 14666 14678 14679 14683
7 14690 14716 14718 14730 14731 14735 14751
6 14756 14782 14784 14796 14797 14801
1 14827
1 14863
8 7246 14888 14890 14902 14903 14907 14923 14926
10 5087 14949 14951 14963 14964 14968 14984 14987 14994 14999
8 15001 15027 15029 15041 15042 15046 15062 15065
7 15073 15099 15101 15113 15114 15118 15134
8 15136 15162 15164 15176 15177 15181 15197 15200
0
6 14971 15237 15239 15251 15252 15256
6 8664 15286 15288 15300 15301 15305
6 15324 15350 15352 15364 15365 15369
1 15389
8 7623 15420 15422 15434 15435 15439 15455 15458
6 9937 15483 15485 15497 15498 15502
6 15510 15536 15538 15550 15551 15555
6 15574 15600 15602 15614 15615 15619
5 15632 15658 15660 15672 15673
3 15687 15714 15716
1 15736
6 15764 15790 15792 15804 15805 15809
6 6840 15830 15832 15844 15845 15849
6 15868 15894 15896 15908 15909 15913
3 15924 15950 15952
6 15968 15994 15996 16008 16009 16013
6 16025 16051 16053 16065 16066 16070
8 6332 16096 16098 16110 16111 16115 16131 16134
3 16139 16165 16167
10 16177 16203 16205 16217 16218 16222 16238 16241 16248 16253
2 16262 16288
1 16300
9 16329 16355 16357 16369 16370 16374 16390 16393 16400
6 16411 16437 16439 16451 16452 16456
5 16473 16499 16501 16513 16514
9 11684 16541 16543 16555 16556 16560 16576 16579 16586
8 8816 16612 16614 16626 16627 16631 16647 16650
6 16266 16681 16683 16695 16696 16700
6 16718 16744 16746 16758 16759 16763
7 16780 16806 16808 16820 16821 16825 16841
5 16853 16879 16881 16893 16894
6 16905 16931 16933 16945 16946 16950
6 16969 16995 16997 17009 17010 17014
6 17030 17056 17058 17070 17071 17075
6 17095 17121 17123 17135 17136 17140
6 17166 17192 17194 17206 17207 17211
3 17223 17249 17251
8 12569 17279 17281 17293 17294 17298 17314 17317
6 7525 17340 17342 17354 17355 17359
7 7125 17394 17396 17408 17409 17413 17429
6 17433 17459 17461 17473 17474 17478
6 17492 17518 17520 17532 17533 17537
6 17563 17589 17591 17603 17604 17608
9 17620 17646 17648 17660 17661 17665 17681 17684 17691
3 17705 17731 17733
9 8282 17758 17760 17772 17773 17777 17793 17796 17803
8 17762 17831 17833 17845 17846 17850 17866 17869
9 6420 17882 17884 17896 17897 17901 17917 17920 17927
3 17931 17957 17959
0
6 17976 18002 18004 18016 18017 18021
6 12343 18051 18053 18065 18066 18070
6 15953 18106 18108 18120 18121 18125
8 15315 18161 18163 18175 18176 18180 18196 18199
6 18214 18240 18242 18254 18255 18259
7 17262 18291 18293 18305 18306 18310 18326
6 15425 18349 18351 18363 18364 18368
6 18388 18414 18416 18428 18429 18433
1 18448
6 7427 18482 18484 18496 18497 18501
5 16679 18534 18536 18548 18549
6 18552 18578 18580 18592 18593 18597
7 12884 18622 18624 18636 18637 18641 18657
5 18664 18690 18692 18704 18705
3 18709 18735 18737
3 18753 18779 18781
6 18792 18818 18820 18832 18833 18837
6 18846 18872 18874 18886 18887 18891
6 14940 18925 18927 18939 18940 18944
7 18962 18988 18990 19002 19003 19007 19023
5 19026 19052 19054 19066 19067
8 14929 19090 19092 19104 19105 19109 19125 19128
3 19143 19169 19171
8 19110 19206 19208 19220 19221 19225 19241 19244
5 19253 19279 19281 19293 19294
1 19312
8 5178 11817 11958 19326 19327 19331 19347 19350
6 19366 19392 19394 19406 19407 19411
8 19415 19441 19443 19455 19456 19460 19476 19479
3 19490 19516 19518
6 17436 19545 19547 19559 19560 19564
6 19578 19604 19606 19618 19619 19623
6 19627 19653 19655 19667 19668 19672
8 19689 19715 19717 19729 19730 19734 19750 19753
8 19765 19791 19793 19805 19806 19810 19826 19829
6 4212 19858 19860 19872 19873 19877
3 19890 19916 19918
6 19071 19952 19954 19966 19967 19971
8 18916 20010 20012 20024 20025 20029 20045 20048
6 20052 20078 20080 20092 20093 20097
8 5382 20121 20123 20135 20136 20140 20156 20159
8 10731 20181 20183 20195 20196 20200 20216 20219
9 10007 20229 20231 20243 20244 20248 20264 20267 20274
6 20279 20305 20307 20319 20320 20324
8 20346 20372 20374 20386 20387 20391 20407 20410
3 20419 20445 20447
6 20465 20491 20493 20505 20506 20510
6 20527 20553 20555 20567 20568 20572
9 20583 20609 20611 20623 20624 20628 20644 20647 20654
6 20660 20686 20688 20700 20701 20705
1 20715
6 20744 20770 20772 20784 20785 20789
5 20796 20822 20824 20836 20837
6 20849 20875 20877 20889 20890 20894
6 16131 20925 20927 20939 20940 20944
8 9291 20977 20979 20991 20992 20996 21012 21015
8 7390 21039 21041 21053 21054 21058 21074 21077
1 21091
9 21107 21133 21135 21147 21148 21152 21168 21171 21178
4 21189 21215 21217 21229
0
7 17348 21259 21261 21273 21274 21278 21294
7 20781 21321 21323 21335 21336 21340 21356
8 14760 21380 21382 21394 21395 21399 21415 21418
5 21426 21452 21454 21466 21467
6 21473 21499 21501 21513 21514 21518
8 21530 21556 21558 21570 21571 21575 21591 21594
6 13085 21613 21615 21627 21628 21632
1 21652
6 21661 21687 21689 21701 21702 21706
8 21723 21749 21751 21763 21764 21768 21784 21787
6 21795 21821 21823 21835 21836 21840
3 21860 21886 21888
10 21896 21922 21924 21936 21937 21941 21957 21960 21967 21972
7 21976 22002 22004 22016 22017 22021 22037
6 22043 22069 22071 22083 22084 22088
6 7282 22122 22124 22136 22137 22141
8 19366 22179 22181 22193 22194 22198 22214 22217
6 22226 22252 22254 22266 22267 22271
9 22275 22301 22303 22315 22316 22320 22336 22339 22346
7 22348 22374 22376 22388 22389 22393 22409
6 10401 22434 22436 22448 22449 22453
6 22467 22493 22495 22507 22508 22512
8 22495 22544 22546 22558 22559 22563 22579 22582
7 10007 22603 22605 22617 22618 22622 22638
3 22646 22672 22674
8 12886 22704 22706 22718 22719 22723 22739 22742
3 22747 22773 22775
8 22789 22815 22817 22829 22830 22834 22850 22853
6 22861 22887 22889 22901 22902 22906
3 22927 22953 22955
6 22966 22992 22994 23006 23007 23011
8 23023 23049 23051 23063 23064 23068 23084 23087
6 23095 23121 23123 23135 23136 23140
6 23150 23176 23178 23190 23191 23195
3 23213 23239 23241
6 23254 23280 23282 23294 23295 23299
6 23317 23343 23345 23357 23358 23362
6 23372 23398 23400 23412 23413 23417
1 23437
5 23453 23479 23481 23493 23494
8 18343 23522 23524 23536 23537 23541 23557 23560
6 23568 23594 23596 23608 23609 23613
8 23629 23655 23657 23669 23670 23674 23690 23693
8 12220 23709 23711 23723 23724 23728 23744 23747
7 9278 23772 23774 23786 23787 23791 23807
8 23815 23841 23843 23855 23856 23860 23876 23879
8 17268 23898 23900 23912 23913 23917 23933 23936
9 8060 23438 23940 23952 23953 23957 23973 23976 23983
8 17268 24005 24007 24019 24020 24024 24040 24043
3 24057 24083 24085
6 24098 24124 24126 24138 24139 24143
8 12587 24161 24163 24175 24176 24180 24196 24199
6 24211 24237 24239 24251 24252 24256
3 24265 24291 24293
1 24309
8 24341 24367 24369 24381 24382 24386 24402 24405
8 24409 24435 24437 24449 24450 24454 24470 24473
8 9362 24491 24493 24505 24506 24510 24526 24529
6 24535 24561 24563 24575 24576 24580
6 12573 24606 24608 24620 24621 24625
10 5899 24642 24644 24656 24657 24661 24677 24680 24687 24692
6 20834 24718 24720 24732 24733 24737
7 24750 24776 24778 24790 24791 24795 24811
6 24812 24838 24840 24852 24853 24857
1 24872
1 24904
8 16175 24924 24926 24938 24939 24943 24959 24962
6 14787 24979 24981 24993 24994 24998
6 22413 25034 25036 25048 25049 25053
6 25065 25091 25093 25105 25106 25110
6 25120 25146 25148 25160 25161 25165
6 25179 25205 25207 25219 25220 25224
7 19642 25262 25264 25276 25277 25281 25297
6 24239 25323 25325 25337 25338 25342
6 25358 25384 25386 25398 25399 25403
5 25417 25443 25445 25457 25458
8 23757 25486 25488 25500 25501 25505 25521 25524
8 10093 25544 25546 25558 25559 25563 25579 25582
6 25596 25622 25624 25636 25637 25641
6 20908 25668 25670 25682 25683 25687
8 25702 25728 25730 25742 25743 25747 25763 25766
3 25771 25797 25799
3 25821 25847 25849
10 21259 25878 25880 25892 25893 25897 25913 25916 25923 25928
8 13185 25951 25953 25965 25966 25970 25986 25989
6 26001 26027 26029 26041 26042 26046
6 26055 26081 26083 26095 26096 26100
1 11497
6 26131 26157 26159 26171 26172 26176
8 18293 26202 26204 26216 26217 26221 26237 26240
3 26250 26276 26278
3 26288 26314 26316
1 26333
9 25941 26376 26378 26390 26391 26395 26411 26414 26421
6 8053 26442 26444 26456 26457 26461
6 26475 26501 26503 26515 26516 26520
6 26535 26561 26563 26575 26576 26580
6 26596 26622 26624 26636 26637 26641
1 26648
8 6557 26680 26682 26694 26695 26699 26715 26718
6 21338 26742 26744 26756 26757 26761
6 26766 26792 26794 26806 26807 26811
6 26823 26849 26851 26863 26864 26868
1 26884
5 26903 26929 26931 26943 26944
6 26948 26974 26976 26988 26989 26993
0
3 27015 27041 27043
1 27067
8 17292 27098 27100 27112 27113 27117 27133 27136
5 27152 27178 27180 27192 27193
6 27200 27226 27228 27240 27241 27245
8 27264 27290 27292 27304 27305 27309 27325 27328
6 23989 27358 27360 27372 27373 27377
1 27397
3 27413 27439 27441
3 27454 27480 27482
3 12325 27504 27506
3 27531 27557 27559
6 27567 27593 27595 27607 27608 27612
3 27629 27655 27657
1 27676
6 20271 27714 27716 27728 27729 27733
3 23763 27764 27766
0
0
3 27795 27821 27823
0
6 27849 27875 27877 27889 27890 27894
3 27908 27934 27936
0
6 27291 27971 27973 27985 27986 27990
6 18521 28016 28018 28030 28031 28035
0
7 28044 28070 28072 28084 28085 28089 28105
3 28118 28144 28146
1 28159
5 28179 28205 28207 28219 28220
0
8 28236 28262 28264 28276 28277 28281 28297 28300
1 28315
6 28324 28350 28352 28364 28365 28369
7 21873 28402 28404 28416 28417 28421 28437
6 28442 28468 28470 28482 28483 28487
1 28505
5 23110 28548 28550 28562 28563
0
5 28570 28596 28598 28610 28611
1 28629
3 28642 28668 28670
6 28690 28716 28718 28730 28731 28735
6 27694 28764 28766 28778 28779 28783
1 28811
6 28839 28865 28867 28879 28880 28884
1 28912
0
9 28930 28956 28958 28970 28971 28975 28991 28994 29001
8 29016 29042 29044 29056 29057 29061 29077 29080
3 29098 29124 29126
0
0
6 29145 29171 29173 29185 29186 29190
3 29212 29238 29240
3 29262 29288 29290
6 12573 29307 29309 29321 29322 29326
1 29351
0
0
2 29373 29399
6 29413 29439 29441 29453 29454 29458
6 29474 29500 29502 29514 29515 29519
6 29533 29559 29561 29573 29574 29578
8 29587 29613 29615 29627 29628 29632 29648 29651
0
6 29675 29701 29703 29715 29716 29720
6 10622 29737 29739 29751 29752 29756
0
8 17919 29805 29807 29819 29820 29824 29840 29843
1 29861
8 29886 29912 29914 29926 29927 29931 29947 29950
8 13757 29974 29976 29988 29989 29993 30009 30012
6 30019 30045 30047 30059 30060 30064
6 30082 30108 30110 30122 30123 30127
3 30140 30166 30168
6 30176 30202 30204 30216 30217 30221
9 30229 30255 30257 30269 30270 30274 30290 30293 30300
5 30306 30332 30334 30346 30347
7 30355 30381 30383 30395 30396 30400 30416
3 30430 30456 30458
6 30476 30502 30504 30516 30517 30521
4 30538 30564 30566 30578
1 30592
6 30602 30628 30630 30642 30643 30647
9 30662 30688 30690 30702 30703 30707 30723 30726 30733
10 11552 20496 23889 30745 30746 30750 30766 30769 30776 30781
1 30796
0
1 30841
0
3 30868 30894 30896
3 30899 30925 30927
0
7 29243 30969 30971 30983 30984 30988 31004
7 31012 31038 31040 31052 31053 31057 31073
6 23985 31100 31102 31114 31115 31119
7 31132 31158 31160 31172 31173 31177 31193
7 30823 31221 31223 31235 31236 31240 31256
1 31271
3 31294 31320 31322
6 31346 31372 31374 31386 31387 31391
3 31405 31431 31433
5 31444 31470 31472 31484 31485
6 23882 31507 31509 31521 31522 31526
3 31545 31571 31573
6 31585 31611 31613 31625 31626 31630
6 31641 31667 31669 31681 31682 31686
2 31706 31732
1 31746
6 31772 31798 31800 31812 31813 31817
3 31832 31858 31860
8 28487 31891 31893 31905 31906 31910 31926 31929
6 31943 31969 31971 31983 31984 31988
6 32000 32026 32028 32040 32041 32045
8 32063 32089 32091 32103 32104 32108 32124 32127
3 32146 32172 32174
6 19673 32207 32209 32221 32222 32226
7 28255 32264 32266 32278 32279 32283 32299
3 32313 32339 32341
6 32353 32379 32381 32393 32394 32398
5 32407 32433 32435 32447 32448
8 32460 32486 32488 32500 32501 32505 32521 32524
8 21629 32546 32548 32560 32561 32565 32581 32584
5 32591 32617 32619 32631 32632
3 32645 32671 32673
1 32696
3 32730 32756 32758
1 32770
6 32791 32817 32819 32831 32832 32836
0
3 32859 32885 32887
0
1 32910
1 32944
7 30182 32968 32970 32982 32983 32987 33003
6 33019 33045 33047 33059 33060 33064
5 33074 33100 33102 33114 33115
3 33130 33156 33158
6 33161 33187 33189 33201 33202 33206
6 33231 33257 33259 33271 33272 33276
1 33294
0
6 33337 33363 33365 33377 33378 33382
1 33400
6 20336 33444 33446 33458 33459 33463
6 18036 33482 33484 33496 33497 33501
4 33521 33547 33549 33561
6 33571 33597 33599 33611 33612 33616
1 33638
9 33656 33682 33684 33696 33697 33701 33717 33720 33727
6 33731 33757 33759 33771 33772 33776
7 27780 33808 33810 33822 33823 33827 33843
3 33859 33885 33887
0
6 33908 33934 33936 33948 33949 33953
6 33968 33994 33996 34008 34009 34013
1 34034
1 34072
6 34095 34121 34123 34135 34136 34140
0
6 34151 34177 34179 34191 34192 34196
0
8 20926 34226 34228 34240 34241 34245 34261 34264
3 34277 34303 34305
6 34321 34347 34349 34361 34362 34366
3 34374 34400 34402
6 34422 34448 34450 34462 34463 34467
3 34486 34512 34514
0
8 34533 34559 34561 34573 34574 34578 34594 34597
5 34601 34627 34629 34641 34642
3 34644 34670 34672
1 34691
9 23204 34725 34727 34739 34740 34744 34760 34763 34770
6 7886 34786 34788 34800 34801 34805
9 34818 34844 34846 34858 34859 34863 34879 34882 34889
6 17738 34916 34918 34930 34931 34935
1 34956
1 34988
7 35001 35027 35029 35041 35042 35046 35062
0
3 35070 35096 35098
6 35110 35136 35138 35150 35151 35155
7 35182 35208 35210 35222 35223 35227 35243
3 35256 35282 35284
0
6 35289 35315 35317 35329 35330 35334
3 35350 35376 35378
1 35382
6 35408 35434 35436 35448 35449 35453
0
0
8 15825 35486 35488 35500 35501 35505 35521 35524
3 27225 35554 35556
3 35566 35592 35594
3 35618 35644 35646
1 35664
9 35684 35710 35712 35724 35725 35729 35745 35748 35755
2 35770 35796
1 35806
6 35839 35865 35867 35879 35880 35884
9 35886 35912 35914 35926 35927 35931 35947 35950 35957
6 35968 35994 35996 36008 36009 36013
9 36027 36053 36055 36067 36068 36072 36088 36091 36098
0
1 36117
0
3 36149 36175 36177
5 36190 36216 36218 36230 36231
2 36249 36275
6 20176 36296 36298 36310 36311 36315
9 19614 36353 36355 36367 36368 36372 36388 36391 36398
8 27052 36420 36422 36434 36435 36439 36455 36458
3 36469 36495 36497
6 36513 36539 36541 36553 36554 36558
0
6 36579 36605 36607 36619 36620 36624
3 36640 36666 36668
1 36682
3 36695 36721 36723
0
6 27454 36754 36756 36768 36769 36773
0
0
6 36794 36820 36822 36834 36835 36839
8 36853 36879 36881 36893 36894 36898 36914 36917
6 13480 36937 36939 36951 36952 36956
6 36970 36996 36998 37010 37011 37015
1 37027
1 34301
0
0
0
6 37079 37105 37107 37119 37120 37124
6 37142 37168 37170 37182 37183 37187
5 37214 37240 37242 37254 37255
0
5 37273 37299 37301 37313 37314
6 37321 37347 37349 37361 37362 37366
10 37383 37409 37411 37423 37424 37428 37444 37447 37454 37459
1 37460
1 37486
0
5 37505 37531 37533 37545 37546
1 37559
3 37572 37598 37600
3 37624 37650 37652
6 37665 37691 37693 37705 37706 37710
0
6 21188 37751 37753 37765 37766 37770
4 37792 37818 37820 37832
4 37845 37871 37873 37885
9 34869 37910 37912 37924 37925 37929 37945 37948 37955
10 26424 37983 37985 37997 37998 38002 38018 38021 38028 38033
3 38044 38070 38072
0
7 38086 38112 38114 38126 38127 38131 38147
6 38154 38180 38182 38194 38195 38199
6 38226 38252 38254 38266 38267 38271
0
0
6 38287 38313 38315 38327 38328 38332
7 38354 38380 38382 38394 38395 38399 38415
6 38422 38448 38450 38462 38463 38467
6 38479 38505 38507 38519 38520 38524
0
6 38556 38582 38584 38596 38597 38601
5 38624 38650 38652 38664 38665
0
6 38675 38701 38703 38715 38716 38720
7 23371 38749 38751 38763 38764 38768 38784
6 38797 38823 38825 38837 38838 38842
7 38861 38887 38889 38901 38902 38906 38922
3 38929 38955 38957
1 38974
6 39004 39030 39032 39044 39045 39049
6 39067 39093 39095 39107 39108 39112
9 11885 39134 39136 39148 39149 39153 39169 39172 39179
1 39194
0
0
7 39207 39233 39235 39247 39248 39252 39268
6 36277 39294 39296 39308 39309 39313
3 39329 39355 39357
5 39375 39401 39403 39415 39416
8 23732 39439 39441 39453 39454 39458 39474 39477
1 39483
1 39491
6 39514 39540 39542 39554 39555 39559
6 39571 39597 39599 39611 39612 39616
6 39638 39664 39666 39678 39679 39683
6 39696 39722 39724 39736 39737 39741
6 39751 39777 39779 39791 39792 39796
6 25065 39830 39832 39844 39845 39849
8 19563 39869 39871 39883 39884 39888 39904 39907
3 39924 39950 39952
3 39964 39991 39994
1 40008
6 38665 40044 40046 40058 40059 40063
8 14637 40093 40095 40107 40108 40112 40128 40131
1 40138
6 40156 40182 40184 40196 40197 40201
6 40211 40237 40239 40251 40252 40256
6 28573 40281 40283 40295 40296 40300
6 40319 40345 40347 40359 40360 40364
1 40380
0
8 11489 40403 40405 40417 40418 40422 40438 40441
5 40449 40475 40477 40489 40490
5 40501 40527 40529 40541 40542
9 40554 40580 40582 40594 40595 40599 40615 40618 40625
6 40638 40664 40666 40678 40679 40683
0
5 40703 40729 40731 40743 40744
0
6 40754 40780 40782 40794 40795 40799
0
10 40816 40842 40844 40856 40857 40861 40877 40880 40887 40892
0
1 40914
3 40938 40964 40966
1 40986
1 41020
5 41031 41057 41059 41071 41072
4 33380 41097 41099 41111
1 41120
0
6 41094 41176 41178 41190 41191 41195
1 41200
3 41224 41250 41252
8 8755 41269 41271 41283 41284 41288 41304 41307
6 16113 41328 41330 41342 41343 41347
6 18800 41382 41384 41396 41397 41401
6 41410 41436 41438 41450 41451 41455
6 41465 41491 41493 41505 41506 41510
1 41527
8 19641 41562 41564 41576 41577 41581 41597 41600
8 29746 41624 41626 41638 41639 41643 41659 41662
6 41670 41696 41698 41710 41711 41715
6 15813 41726 41728 41740 41741 41745
1 41759
8 41776 41802 41804 41816 41817 41821 41837 41840
6 41852 41878 41880 41892 41893 41897
10 20496 41919 41921 41933 41934 41938 41954 41957 41964 41969
6 41971 41997 41999 42011 42012 42016
0
6 42043 42069 42071 42083 42084 42088
9 42108 42134 42136 42148 42149 42153 42169 42172 42179
6 36407 42206 42208 42220 42221 42225
6 42246 42272 42274 42286 42287 42291
0
9 8996 42309 42311 42323 42324 42328 42344 42347 42354
6 18944 42374 42376 42388 42389 42393
3 42410 42436 42438
3 42446 42472 42474
3 42497 42523 42525
9 42308 42559 42561 42573 42574 42578 42594 42597 42604
6 42607 42633 42635 42647 42648 42652
6 42663 42689 42691 42703 42704 42708
6 42712 42738 42740 42752 42753 42757
0
7 42773 42799 42801 42813 42814 42818 42834
6 42846 42872 42874 42886 42887 42891
1 42906
0
3 42931 42957 42959
6 42982 43008 43010 43022 43023 43027
6 43037 43063 43065 43077 43078 43082
8 15827 43113 43115 43127 43128 43132 43148 43151
1 43158
6 43184 43210 43212 43224 43225 43229
8 23730 43252 43254 43266 43267 43271 43287 43290
1 43302
6 40748 43349 43351 43363 43364 43368
1 43391
8 32822 43431 43433 43445 43446 43450 43466 43469
1 43483
5 43514 43540 43542 43554 43555
0
0
0
6 22709 43594 43596 43608 43609 43613
6 43632 43658 43660 43672 43673 43677
1 43702
3 34291 43723 43725
1 43741
6 9641 43777 43779 43791 43792 43796
6 43813 43839 43841 43853 43854 43858
1 43880
0
6 43920 43946 43948 43960 43961 43965
6 12866 43992 43994 44006 44007 44011
6 44032 44058 44060 44072 44073 44077
0
3 44104 44130 44132
3 44142 44168 44170
6 42003 44201 44203 44215 44216 44220
7 44225 44251 44253 44265 44266 44270 44286
1 44298
3 44316 44342 44344
1 35389
6 44362 44388 44390 44402 44403 44407
6 44426 44452 44454 44466 44467 44471
6 44492 44518 44520 44532 44533 44537
0
5 44550 44576 44578 44590 44591
2 44601 44627
5 44640 44666 44668 44680 44681
3 44683 44709 44711
1 44733
6 44757 44783 44785 44797 44798 44802
0
0
0
3 44834 44860 44862
3 44877 44903 44905
9 41601 44938 44940 44952 44953 44957 44973 44976 44983
1 44996
10 10028 45007 45009 45021 45022 45026 45042 45045 45052 45057
3 42021 45083 45085
2 45100 45126
6 45141 45167 45169 45181 45182 45186
6 45188 45214 45216 45228 45229 45233
6 33669 45267 45269 45281 45282 45286
1 45298
6 45319 45345 45347 45359 45360 45364
6 25945 45388 45390 45402 45403 45407
6 45428 45454 45456 45468 45469 45473
8 45481 45507 45509 45521 45522 45526 45542 45545
8 18482 45555 45557 45569 45570 45574 45590 45593
1 45608
8 32118 45653 45655 45667 45668 45672 45688 45691
1 45706
6 15827 45739 45741 45753 45754 45758
0
6 45779 45805 45807 45819 45820 45824
6 45842 45868 45870 45882 45883 45887
6 45905 45931 45933 45945 45946 45950
1 45975
6 22664 46012 46014 46026 46027 46031
6 46048 46074 46076 46088 46089 46093
6 25933 46114 46116 46128 46129 46133
9 46157 46183 46185 46197 46198 46202 46218 46221 46228
1 46244
6 46261 46287 46289 46301 46302 46306
6 46326 46352 46354 46366 46367 46371
5 46391 46417 46419 46431 46432
8 21303 46452 46454 46466 46467 46471 46487 46490
6 46503 46529 46531 46543 46544 46548
6 46564 46590 46592 46604 46605 46609
3 46616 46642 46644
6 18876 46669 46671 46683 46684 46688
8 46699 46725 46727 46739 46740 46744 46760 46763
8 15090 46770 46772 46784 46785 46789 46805 46808
1 46826
3 46830 46856 46858
3 46871 46897 46899
8 27328 46923 46925 46937 46938 46942 46958 46961
6 15642 46982 46984 46996 46997 47001
5 47011 47037 47039 47051 47052
8 47058 47084 47086 47098 47099 47103 47119 47122
6 35520 47148 47150 47162 47163 47167
0
8 47179 47205 47207 47219 47220 47224 47240 47243
6 43163 47273 47275 47287 47288 47292
0
7 47320 47346 47348 47360 47361 47365 47381
1 47386
9 47390 47416 47418 47430 47431 47435 47451 47454 47461
3 47467 47493 47495
6 47507 47533 47535 47547 47548 47552
0
1 47567
0
8 47588 47614 47616 47628 47629 47633 47649 47652
5 39969 47679 47681 47693 47694
0
1 47714
3 47740 47766 47768
8 8053 47792 47794 47806 47807 47811 47827 47830
2 47840 47866
6 47868 47894 47896 47908 47909 47913
5 47935 47961 47963 47975 47976
6 47989 48015 48017 48029 48030 48034
4 48040 48066 48068 48080
1 48089
10 7231 48107 48109 48121 48122 48126 48142 48145 48152 48157
6 48167 48193 48195 48207 48208 48212
6 48239 48265 48267 48279 48280 48284
6 48294 48320 48322 48334 48335 48339
0
8 48356 48382 48384 48396 48397 48401 48417 48420
6 48425 48451 48453 48465 48466 48470
0
6 48492 48518 48520 48532 48533 48537
8 48564 48590 48592 48604 48605 48609 48625 48628
6 48638 48664 48666 48678 48679 48683
6 48697 48723 48725 48737 48738 48742
8 27030 48767 48769 48781 48782 48786 48802 48805
1 48822
6 16584 48855 48857 48869 48870 48874
8 48893 48919 48921 48933 48934 48938 48954 48957
3 48973 48999 49001
7 7386 49023 49025 49037 49038 49042 49058
1 49073
6 45379 49104 49106 49118 49119 49123
6 49137 49163 49165 49177 49178 49182
8 10365 49209 49211 49223 49224 49228 49244 49247
6 49259 49285 49287 49299 49300 49304
6 49327 49353 49355 49367 49368 49372
6 47431 49410 49412 49424 49425 49429
6 49446 49472 49474 49486 49487 49491
0
6 17401 49523 49525 49537 49538 49542
1 49554
6 49589 49615 49617 49629 49630 49634
1 49646
1 49678
8 49683 49709 49711 49723 49724 49728 49744 49747
3 49752 49778 49780
1 49802
6 49817 49843 49845 49857 49858 49862
1 49881
9 9525 49910 49912 49924 49925 49929 49945 49948 49955
7 15392 49972 49974 49986 49987 49991 50007
7 50016 50042 50044 50056 50057 50061 50077
6 50084 50110 50112 50124 50125 50129
1 50149
1 50162
7 50186 50212 50214 50226 50227 50231 50247
1 50257
1 50281
6 43542 50321 50323 50335 50336 50340
10 32108 50361 50363 50375 50376 50380 50396 50399 50406 50411
4 28023 50433 50435 50447
1 50461
3 50464 50490 50492
3 50499 50525 50527
7 50529 50555 50557 50569 50570 50574 50590
6 50598 50624 50626 50638 50639 50643
0
5 50669 50695 50697 50709 50710
6 50722 50748 50750 50762 50763 50767
3 50785 50811 50813
0
0
0
6 50831 50857 50859 50871 50872 50876
1 50901
6 40034 50935 50937 50949 50950 50954
1 50980
6 50995 51021 51023 51035 51036 51040
6 51057 51083 51085 51097 51098 51102
8 15070 51113 51115 51127 51128 51132 51148 51151
0
3 51172 51198 51200
8 51207 51233 51235 51247 51248 51252 51268 51271
1 45012
6 39426 51316 51318 51330 51331 51335
1 51343
6 25516 51382 51384 51396 51397 51401
1 51416
6 49756 51461 51463 51475 51476 51480
10 51499 51525 51527 51539 51540 51544 51560 51563 51570 51575
1 51586
6 51613 51639 51641 51653 51654 51658
5 51671 51697 51699 51711 51712
0
6 51720 51746 51748 51760 51761 51765
0
6 22136 51795 51797 51809 51810 51814
8 30128 51848 51850 51862 51863 51867 51883 51886
5 51899 51925 51927 51939 51940
6 51948 51974 51976 51988 51989 51993
1 52010
3 21287 52035 52037
5 52047 52073 52075 52087 52088
0
3 52103 52129 52131
1 52143
0
8 6439 47672 52169 52181 52182 52186 52202 52205
6 52210 52236 52238 52250 52251 52255
6 34652 52271 52273 52285 52286 52290
7 17326 52310 52312 52324 52325 52329 52345
5 52348 52374 52376 52388 52389
1 52394
6 52406 52432 52434 52446 52447 52451
6 52466 52492 52494 52506 52507 52511
0
6 52516 52542 52544 52556 52557 52561
0
1 52582
10 13937 52613 52615 52627 52628 52632 52648 52651 52658 52663
5 41856 52688 52690 52702 52703
6 14953 52722 52724 52736 52737 52741
6 52764 52790 52792 52804 52805 52809
8 15052 52838 52840 52852 52853 52857 52873 52876
6 52883 52909 52911 52923 52924 52928
6 52951 52977 52979 52991 52992 52996
8 11700 53015 53017 53029 53030 53034 53050 53053
1 53069
7 9811 53104 53106 53118 53119 53123 53139
3 53150 53176 53178
6 53191 53217 53219 53231 53232 53236
1 53252
1 53270
3 53293 53319 53321
3 53336 53362 53364
6 36189 53387 53389 53401 53402 53406
3 53426 53452 53454
6 13907 53470 53472 53484 53485 53489
8 46962 53529 53531 53543 53544 53548 53564 53567
0
6 53592 53618 53620 53632 53633 53637
3 53648 53674 53676
1 53692
0
5 28741 53745 53747 53759 53760
0
9 43163 53787 53789 53801 53802 53806 53822 53825 53832
9 15234 53847 53849 53861 53862 53866 53882 53885 53892
1 53908
3 53920 53946 53948
6 53955 53981 53983 53995 53996 54000
8 54023 54049 54051 54063 54064 54068 54084 54087
1 54099
0
7 46238 54144 54146 54158 54159 54163 54179
1 54192
6 54205 54231 54233 54245 54246 54250
6 34034 54267 54269 54281 54282 54286
6 54305 54331 54333 54345 54346 54350
0
8 23985 54386 54388 54400 54401 54405 54421 54424
7 16179 54439 54441 54453 54454 54458 54474
6 54486 54512 54514 54526 54527 54531
6 42926 54563 54565 54577 54578 54582
3 54604 54630 54632
4 54647 54673 54675 54687
6 54691 54717 54719 54731 54732 54736
6 54740 54766 54768 54780 54781 54785
9 54807 54833 54835 54847 54848 54852 54868 54871 54878
1 54889
3 54895 54921 54923
9 53791 54958 54960 54972 54973 54977 54993 54996 55003
4 55017 55043 55045 55057
1 55069
8 11439 55074 55076 55088 55089 55093 55109 55112
6 55128 55154 55156 55168 55169 55173
1 55192
8 8100 40468 55211 55223 55224 55228 55244 55247
6 55262 55288 55290 55302 55303 55307
3 55320 55346 55348
7 19595 55362 55364 55376 55377 55381 55397
0
1 55412
6 55422 55448 55450 55462 55463 55467
6 55478 55504 55506 55518 55519 55523
3 18535 55557 55559
5 55568 55594 55596 55608 55609
6 27262 55635 55637 55649 55650 55654
3 55674 55700 55702
9 4852 55705 55707 55719 55720 55724 55740 55743 55750
0
6 55756 55782 55784 55796 55797 55801
5 55816 55842 55844 55856 55857
1 55868
0
6 55888 55914 55916 55928 55929 55933
6 55950 55976 55978 55990 55991 55995
1 56006
6 56011 56037 56039 56051 56052 56056
6 56071 56097 56099 56111 56112 56116
8 7731 56134 56136 56148 56149 56153 56169 56172
6 41106 56197 56199 56211 56212 56216
1 56239
0
3 56264 56290 56292
8 22304 56308 56310 56322 56323 56327 56343 56346
6 39600 56373 56375 56387 56388 56392
0
6 5693 56422 56424 56436 56437 56441
1 56457
6 56477 56503 56505 56517 56518 56522
6 56544 56570 56572 56584 56585 56589
6 56600 56626 56628 56640 56641 56645
2 56661 56687
6 48124 56710 56712 56724 56725 56729
8 56742 56768 56770 56782 56783 56787 56803 56806
3 56820 56846 56848
6 28212 56867 56869 56881 56882 56886
6 53111 56914 56916 56928 56929 56933
1 56939
1 56949
0
0
5 56987 57013 57015 57027 57028
6 37772 57053 57055 57067 57068 57072
1 57086
2 57112 57138
6 57153 57179 57181 57193 57194 57198
1 57211
6 48775 57240 57242 57254 57255 57259
9 9164 57279 57281 57293 57294 57298 57314 57317 57324
3 54273 57348 57350
9 30093 57376 57378 57390 57391 57395 57411 57414 57421
3 57429 57455 57457
3 57478 57504 57506
5 57514 57540 57542 57554 57555
8 57556 57582 57584 57596 57597 57601 57617 57620
8 57630 57656 57658 57670 57671 57675 57691 57694
6 45802 57724 57726 57738 57739 57743
6 57759 57785 57787 57799 57800 57804
6 57819 57845 57847 57859 57860 57864
5 57869 57895 57897 57909 57910
3 57920 57946 57948
3 57965 57991 57993
9 57522 58030 58032 58044 58045 58049 58065 58068 58075
6 58090 58116 58118 58130 58131 58135
0
9 23424 58161 58163 58175 58176 58180 58196 58199 58206
9 58212 58238 58240 58252 58253 58257 58273 58276 58283
8 57507 58310 58312 58324 58325 58329 58345 58348
3 53839 58374 58376
4 58395 58421 58423 58435
6 12610 58445 58447 58459 58460 58464
1 58486
8 13439 58520 58522 58534 58535 58539 58555 58558
5 58562 58588 58590 58602 58603
6 58614 58640 58642 58654 58655 58659
0
9 9313 58671 58673 58685 58686 58690 58706 58709 58716
4 58729 58755 58757 58769
1 58783
8 40689 58825 58827 58839 58840 58844 58860 58863
6 58865 58891 58893 58905 58906 58910
6 58915 58941 58943 58955 58956 58960
6 16035 58968 58970 58982 58983 58987
1 59013
1 59030
0
6 59051 59077 59079 59091 59092 59096
1 59110
1 59131
3 59145 59171 59173
0
8 59183 59209 59211 59223 59224 59228 59244 59247
6 52280 59278 59280 59292 59293 59297
6 59316 59342 59344 59356 59357 59361
7 59371 59397 59399 59411 59412 59416 59432
7 47918 59459 59461 59473 59474 59478 59494
9 59507 59533 59535 59547 59548 59552 59568 59571 59578
6 59588 59614 59616 59628 59629 59633
3 59650 59676 59678
7 59684 59710 59712 59724 59725 59729 59745
7 43140 59773 59775 59787 59788 59792 59808
10 45698 59833 59835 59847 59848 59852 59868 59871 59878 59883
1 59899
1 59926
8 59956 59982 59984 59996 59997 60001 60017 60020
6 43235 60042 60044 60056 60057 60061
0
5 60075 60101 60103 60115 60116
3 60127 60153 60155
1 60167
6 60189 60215 60217 60229 60230 60234
4 60257 60283 60285 60297
8 37971 60317 60319 60331 60332 60336 60352 60355
0
8 13035 60360 60362 60374 60375 60379 60395 60398
9 16053 60415 60417 60429 60430 60434 60450 60453 60460
8 60477 60503 60505 60517 60518 60522 60538 60541
0
6 38653 60564 60566 60578 60579 60583
9 16753 60602 60604 60616 60617 60621 60637 60640 60647
0
3 60654 60680 60682
1 41945
0
6 60725 60751 60753 60765 60766 60770
8 40075 60794 60796 60808 60809 60813 60829 60832
0
6 60852 60878 60880 60892 60893 60897
6 41718 60924 60926 60938 60939 60943
6 60960 60986 60988 61000 61001 61005
8 61013 61039 61041 61053 61054 61058 61074 61077
7 61086 61112 61114 61126 61127 61131 61147
3 61148 61174 61176
6 61199 61225 61227 61239 61240 61244
0
6 61266 61292 61294 61306 61307 61311
9 15684 61330 61332 61344 61345 61349 61365 61368 61375
3 61381 61407 61409
3 61418 61444 61446
8 61460 61486 61488 61500 61501 61505 61521 61524
8 24117 61547 61549 61561 61562 61566 61582 61585
8 15498 61597 61599 61611 61612 61616 61632 61635
6 61643 61669 61671 61683 61684 61688
1 61705
1 41207
3 61715 61741 61743
8 61765 61791 61793 61805 61806 61810 61826 61829
6 61837 61863 61865 61877 61878 61882
3 50633 61911 61913
6 61921 61947 61949 61961 61962 61966
0
8 61978 62004 62006 62018 62019 62023 62039 62042
8 12216 62050 62052 62064 62065 62069 62085 62088
1 62105
6 62109 62135 62137 62149 62150 62154
6 62164 62190 62192 62204 62205 62209
6 62227 62253 62255 62267 62268 62272
6 51858 62299 62301 62313 62314 62318
0
6 33108 62341 62343 62355 62356 62360
1 62385
3 62405 62431 62433
5 62457 62483 62485 62497 62498
8 13711 62510 62512 62524 62525 62529 62545 62548
3 55381 62574 62576
0
6 62593 62619 62621 62633 62634 62638
6 62658 62684 62686 62698 62699 62703
1 62711
6 26396 62742 62744 62756 62757 62761
6 62774 62800 62802 62814 62815 62819
1 37729
2 62779 62860
1 62872
1 62907
1 62928
9 24423 62970 62972 62984 62985 62989 63005 63008 63015
3 63023 63049 63051
6 63056 63082 63084 63096 63097 63101
5 63111 63137 63139 63151 63152
5 63165 63191 63193 63205 63206
6 30122 63222 63224 63236 63237 63241
0
1 63267
0
9 52127 63293 63295 63307 63308 63312 63328 63331 63338
6 63350 63376 63378 63390 63391 63395
1 63417
3 63418 63444 63446
7 63458 63484 63486 63498 63499 63503 63519
6 63526 63552 63554 63566 63567 63571
5 63588 63614 63616 63628 63629
9 4843 16120 20146 61155 63631 63635 63651 63654 63661
5 63678 63704 63706 63718 63719
0
0
8 63730 63756 63758 63770 63771 63775 63791 63794
7 63805 63831 63833 63845 63846 63850 63866
1 63877
6 39261 63900 63902 63914 63915 63919
6 63936 63962 63964 63976 63977 63981
7 63999 64025 64027 64039 64040 64044 64060
0
2 38861 64086
6 64099 64125 64127 64139 64140 64144
6 64166 64192 64194 64206 64207 64211
6 22071 64237 64239 64251 64252 64256
3 18981 64289 64291
1 64313
0
0
6 64350 64376 64378 64390 64391 64395
7 18137 64424 64426 64438 64439 64443 64459
1 64467
8 64503 64529 64531 64543 64544 64548 64564 64567
3 64568 64594 64596
6 64604 64630 64632 64644 64645 64649
3 64676 64702 64704
1 64718
1 64735
7 49831 64777 64779 64791 64792 64796 64812
2 64826 64852
6 64861 64887 64889 64901 64902 64906
6 19563 64937 64939 64951 64952 64956
3 64976 65002 65004
5 65021 65047 65049 65061 65062
10 65068 65094 65096 65108 65109 65113 65129 65132 65139 65144
7 28718 65153 65155 65167 65168 65172 65188
6 65199 65225 65227 65239 65240 65244
0
6 65258 65284 65286 65298 65299 65303
7 34043 65321 65323 65335 65336 65340 65356
8 14769 65367 65369 65381 65382 65386 65402 65405
8 20251 65422 65424 65436 65437 65441 65457 65460
6 62255 65491 65493 65505 65506 65510
6 65523 65549 65551 65563 65564 65568
2 65588 65614
8 9665 65626 65628 65640 65641 65645 65661 65664
3 65666 65692 65694
8 65709 65735 65737 65749 65750 65754 65770 65773
0
6 36774 65797 65799 65811 65812 65816
7 65823 65849 65851 65863 65864 65868 65884
1 65899
2 65925 65951
5 65963 65989 65991 66003 66004
6 66013 66039 66041 66053 66054 66058
0
8 22203 66074 66076 66088 66089 66093 66109 66112
6 66118 66144 66146 66158 66159 66163
6 66186 66212 66214 66226 66227 66231
6 66251 66277 66279 66291 66292 66296
3 66321 66347 66349
0
1 66367
9 36510 66383 66385 66397 66398 66402 66418 66421 66428
6 66437 66463 66465 66477 66478 66482
1 66503
6 58693 66541 66543 66555 66556 66560
6 66572 66598 66600 66612 66613 66617
9 42591 66649 66651 66663 66664 66668 66684 66687 66694
8 66704 66730 66732 66744 66745 66749 66765 66768
6 52332 66794 66796 66808 66809 66813
0
6 66827 66853 66855 66867 66868 66872
5 45993 66903 66905 66917 66918
1 66930
0
1 66952
1 66974
8 67001 67027 67029 67041 67042 67046 67062 67065
6 49541 67091 67093 67105 67106 67110
7 55388 67146 67148 67160 67161 67165 67181
8 19131 67200 67202 67214 67215 67219 67235 67238
7 67250 67276 67278 67290 67291 67295 67311
6 11582 67322 67324 67336 67337 67341
0
8 23079 67366 67368 67380 67381 67385 67401 67404
1 67411
3 67421 67447 67449
6 67464 67490 67492 67504 67505 67509
9 35706 67526 67528 67540 67541 67545 67561 67564 67571
8 67583 67609 67611 67623 67624 67628 67644 67647
3 67652 67678 67680
1 67695
8 16113 67720 67722 67734 67735 67739 67755 67758
9 67763 67789 67791 67803 67804 67808 67824 67827 67834
7 22517 67851 67853 67865 67866 67870 67886
8 67900 67926 67928 67940 67941 67945 67961 67964
6 43282 67986 67988 68000 68001 68005
1 68030
4 68055 68081 68083 68095
6 42673 68118 68120 68132 68133 68137
1 68149
6 68163 68189 68191 68203 68204 68208
3 68220 68246 68248
8 68261 68287 68289 68301 68302 68306 68322 68325
9 68332 68358 68360 68372 68373 68377 68393 68396 68403
3 68420 68446 68448
3 68456 68482 68484
6 68502 68528 68530 68542 68543 68547
7 68572 68598 68600 68612 68613 68617 68633
0
5 68652 68678 68680 68692 68693
8 7874 68707 68709 68721 68722 68726 68742 68745
1 68749
7 68776 68802 68804 68816 68817 68821 68837
9 8750 68854 68856 68868 68869 68873 68889 68892 68899
5 68916 68942 68944 68956 68957
8 16222 68961 68963 68975 68976 68980 68996 68999
0
0
0
0
3 69020 69046 69048
0
1 69071
0
8 18351 69106 69108 69120 69121 69125 69141 69144
6 45564 69167 69169 69181 69182 69186
1 69197
1 14
6 33 59 61 73 74 78
0
5 107 133 135 147 148
9 163 189 191 203 204 208 224 227 234
8 249 275 277 289 290 294 310 313
8 329 355 357 369 370 374 390 393
0
0
8 420 446 448 460 461 465 481 484
0
7 508 534 536 548 549 553 569
6 584 610 612 624 625 629
6 649 675 677 689 690 694
3 717 743 745
6 764 790 792 804 805 809
6 823 849 851 863 864 868
1 892
2 917 943
7 957 983 985 997 998 1002 1018
5 1034 1060 1062 1074 1075
6 1093 1119 1121 1133 1134 1138
6 1160 1186 1188 1200 1201 1205
3 1228 1254 1256
6 1275 1301 1303 1315 1316 1320
9 1346 1372 1374 1386 1387 1391 1407 1410 1417
9 1433 1459 1461 1473 1474 1478 1494 1497 1504
8 1520 1546 1548 1560 1561 1565 1581 1584
3 1602 1628 1630
8 1646 1672 1674 1686 1687 1691 1707 1710
6 1727 1753 1755 1767 1768 1772
0
5 1797 1823 1825 1837 1838
6 1855 1881 1883 1895 1896 1900
6 1927 1953 1955 1967 1968 1972
6 1991 2017 2019 2031 2032 2036
8 2059 2085 2087 2099 2100 2104 2120 2123
4 2139 2165 2167 2179
5 2194 2220 2222 2234 2235
6 2253 2279 2281 2293 2294 2298
6 2317 2343 2345 2357 2358 2362
0
9 2397 2423 2425 2437 2438 2442 2458 2461 2468
4 2483 2509 2511 2523
4 2535 2561 2563 2575
1 2590
0
0
1 2637
6 2674 2700 2702 2714 2715 2719
6 2739 2765 2767 2779 2780 2784
4 2813 2839 2841 2853
5 2866 2892 2894 2906 2907
3 2923 2949 2951
6 2977 3003 3005 3017 3018 3022
1 3051
1 3088
1 3115
8 3136 3162 3164 3176 3177 3181 3197 3200
1 3218
7 3246 3272 3274 3286 3287 3291 3307
7 3323 3349 3351 3363 3364 3368 3384
0
6 3403 3429 3431 3443 3444 3448
6 3466 3492 3494 3506 3507 3511
6 3532 3558 3560 3572 3573 3577
6 3595 3621 3623 3635 3636 3640
7 3659 3685 3687 3699 3700 3704 3720
8 3735 3761 3763 3775 3776 3780 3796 3799
6 3817 3843 3845 3857 3858 3862
6 3889 3915 3917 3929 3930 3934
3 3953 3979 3981
1 3997
8 4034 4060 4062 4074 4075 4079 4095 4098
8 4114 4140 4142 4154 4155 4159 4175 4178
1 4194
8 4222 4248 4250 4262 4263 4267 4283 4286
9 4301 4327 4329 4341 4342 4346 4362 4365 4372
6 4388 4414 4416 4428 4429 4433
6 4459 4485 4487 4499 4500 4504
9 4522 4548 4550 4562 4563 4567 4583 4586 4593
0
9 4612 4638 4640 4652 4653 4657 4673 4676 4683
3 4702 4728 4730
8 4753 4779 4781 4793 4794 4798 4814 4817
3 4830 4856 4858
6 4877 4903 4905 4917 4918 4922
6 4943 4969 4971 4983 4984 4988
6 5010 5036 5038 5050 5051 5055
7 5081 5107 5109 5121 5122 5126 5142
9 5157 5183 5185 5197 5198 5202 5218 5221 5228
5 5247 5273 5275 5287 5288
8 5301 5327 5329 5341 5342 5346 5362 5365
6 5384 5410 5412 5424 5425 5429
7 5454 5480 5482 5494 5495 5499 5515
5 5530 5556 5558 5570 5571
8 5584 5610 5612 5624 5625 5629 5645 5648
6 5668 5694 5696 5708 5709 5713
7 5742 5768 5770 5782 5783 5787 5803
6 5820 5846 5848 5860 5861 5865
6 5891 5917 5919 5931 5932 5936
6 5953 5979 5981 5993 5994 5998
6 6017 6043 6045 6057 6058 6062
6 6079 6105 6107 6119 6120 6124
3 6154 6180 6182
1 6200
6 6215 6241 6243 6255 6256 6260
7 6289 6315 6317 6329 6330 6334 6350
6 6364 6390 6392 6404 6405 6409
5 6438 6464 6466 6478 6479
6 6494 6520 6522 6534 6535 6539
1 6551
1 6590
6 6628 6654 6656 6668 6669 6673
8 6696 6722 6724 6736 6737 6741 6757 6760
6 6774 6800 6802 6814 6815 6819
3 6832 6858 6860
7 6877 6903 6905 6917 6918 6922 6938
5 6953 6979 6981 6993 6994
2 7009 7035
6 7051 7077 7079 7091 7092 7096
3 7120 7146 7148
5 7170 7196 7198 7210 7211
0
8 7235 7261 7263 7275 7276 7280 7296 7299
4 7315 7341 7343 7355
0
3 7379 7405 7407
1 7431
6 7468 7494 7496 7508 7509 7513
7 7538 7564 7566 7578 7579 7583 7599
0
3 7620 7646 7648
3 7674 7700 7702
0
6 7719 7745 7747 7759 7760 7764
9 7789 7815 7817 7829 7830 7834 7850 7853 7860
8 7873 7899 7901 7913 7914 7918 7934 7937
6 7951 7977 7979 7991 7992 7996
6 8019 8045 8047 8059 8060 8064
8 8087 8113 8115 8127 8128 8132 8148 8151
6 8163 8189 8191 8203 8204 8208
1 8224
3 8261 8287 8289
7 8300 8326 8328 8340 8341 8345 8361
1 8368
1 8402
8 8429 8455 8457 8469 8470 8474 8490 8493
1 8509
8 8526 8552 8554 8566 8567 8571 8587 8590
7 8603 8629 8631 8643 8644 8648 8664
6 8677 8703 8705 8717 8718 8722
10 8738 8764 8766 8778 8779 8783 8799 8802 8809 8814
7 8833 8859 8861 8873 8874 8878 8894
1 8908
1 8942
6 8959 8985 8987 8999 9000 9004
6 9021 9047 9049 9061 9062 9066
1 9078
0
0
5 9110 9136 9138 9150 9151
4 9167 9193 9195 9207
5 9219 9245 9247 9259 9260
1 9272
8 9292 9318 9320 9332 9333 9337 9353 9356
1 9372
1 9406
0
6 9429 9455 9457 9469 9470 9474
3 9489 9515 9517
8 9531 9557 9559 9571 9572 9576 9592 9595
5 9607 9633 9635 9647 9648
0
3 9659 9685 9687
0
4 9719 9745 9747 9759
3 9770 9796 9798
0
6 9823 9849 9851 9863 9864 9868
5 9888 9914 9916 9928 9929
6 9941 9967 9969 9981 9982 9986
8 10004 10030 10032 10044 10045 10049 10065 10068
0
10 10087 10113 10115 10127 10128 10132 10148 10151 10158 10163
8 10175 10201 10203 10215 10216 10220 10236 10239
8 10255 10281 10283 10295 10296 10300 10316 10319
6 10338 10364 10366 10378 10379 10383
8 10403 10429 10431 10443 10444 10448 10464 10467
9 10480 10506 10508 10520 10521 10525 10541 10544 10551
0
3 10573 10599 10601
0
5 10626 10652 10654 10666 10667
6 10683 10709 10711 10723 10724 10728
5 10754 10780 10782 10794 10795
6 10802 10828 10830 10842 10843 10847
6 10862 10888 10890 10902 10903 10907
1 10925
0
1 10962
0
8 11001 11032 11034 11046 11047 11051 11067 11070
6 11084 11110 11112 11124 11125 11129
0
4 11152 11178 11180 11192
7 11206 11232 11234 11246 11247 11251 11267
6 11284 11310 11312 11324 11325 11329
0
3 11355 11381 11383
1 11406
1 11421
6 11460 11486 11488 11500 11501 11505
7 11520 11546 11548 11560 11561 11565 11581
7 11596 11622 11624 11636 11637 11641 11657
6 11672 11698 11700 11712 11713 11717
8 11739 11765 11767 11779 11780 11784 11800 11803
1 11820
9 11851 11877 11879 11891 11892 11896 11912 11915 11922
1 11940
6 11973 11999 12001 12013 12014 12018
1 12043
6 12077 12103 12105 12117 12118 12122
6 12144 12170 12172 12184 12185 12189
0
6 12230 12256 12258 12270 12271 12275
0
7 12303 12329 12331 12343 12344 12348 12364
3 12378 12404 12406
6 12424 12450 12452 12464 12465 12469
8 12490 12516 12518 12530 12531 12535 12551 12554
3 12568 12594 12596
1 12617
2 12635 12661
3 12672 12698 12700
6 12718 12744 12746 12758 12759 12763
6 12777 12803 12805 12817 12818 12822
6 12850 12876 12878 12890 12891 12895
8 12922 12948 12950 12962 12963 12967 12983 12986
6 13004 13030 13032 13044 13045 13049
1 13070
6 13084 13110 13112 13124 13125 13129
6 13143 13169 13171 13183 13184 13188
3 13206 13232 13234
1 13260
1 13284
0
4 13313 13339 13341 13353
6 13364 13390 13392 13404 13405 13409
6 13430 13456 13458 13470 13471 13475
4 13492 13518 13520 13532
6 13533 13559 13561 13573 13574 13578
6 13588 13614 13616 13628 13629 13633
6 13653 13679 13681 13693 13694 13698
1 13722
8 13740 13766 13768 13780 13781 13785 13801 13804
6 13816 13842 13844 13856 13857 13861
0
6 13884 13910 13912 13924 13925 13929
6 13946 13972 13974 13986 13987 13991
1 14008
6 14046 14072 14074 14086 14087 14091
7 14114 14140 14142 14154 14155 14159 14175
0
1 14193
6 14222 14248 14250 14262 14263 14267
6 14289 14315 14317 14329 14330 14334
0
8 14360 14386 14388 14400 14401 14405 14421 14424
3 14438 14464 14466
3 14479 14505 14507
1 14524
0
0
6 14570 14596 14598 14610 14611 14615
6 14639 14665 14667 14679 14680 14684
6 14687 14713 14715 14727 14728 14732
6 14759 14785 14787 14799 14800 14804
1 14827
0
1 14853
0
0
8 14886 14912 14914 14926 14927 14931 14947 14950
8 14965 14991 14993 15005 15006 15010 15026 15029
8 15049 15075 15077 15089 15090 15094 15110 15113
0
3 15135 15161 15163
0
6 15178 15204 15206 15218 15219 15223
6 15239 15265 15267 15279 15280 15284
0
6 15307 15333 15335 15347 15348 15352
2 15368 15394
6 15399 15425 15427 15439 15440 15444
3 15461 15487 15489
3 15512 15538 15540
0
6 15567 15593 15595 15607 15608 15612
4 15628 15654 15656 15668
6 15682 15708 15710 15722 15723 15727
3 15740 15766 15768
5 15783 15809 15811 15823 15824
6 15837 15863 15865 15877 15878 15882
3 15900 15926 15928
6 15947 15973 15975 15987 15988 15992
6 16008 16034 16036 16048 16049 16053
0
6 16071 16097 16099 16111 16112 16116
6 16139 16165 16167 16179 16180 16184
7 16204 16230 16232 16244 16245 16249 16265
1 16279
3 16317 16343 16345
7 16366 16392 16394 16406 16407 16411 16427
6 16438 16464 16466 16478 16479 16483
1 16497
7 16512 16538 16540 16552 16553 16557 16573
3 16584 16610 16612
0
6 16645 16671 16673 16685 16686 16690
6 16712 16738 16740 16752 16753 16757
6 16771 16797 16799 16811 16812 16816
6 16837 16863 16865 16877 16878 16882
1 16893
3 16931 16957 16959
6 16971 16997 16999 17011 17012 17016
0
0
7 17037 17063 17065 17077 17078 17082 17098
6 17113 17139 17141 17153 17154 17158
6 17182 17208 17210 17222 17223 17227
8 17255 17281 17283 17295 17296 17300 17316 17319
8 17338 17364 17366 17378 17379 17383 17399 17402
6 17413 17439 17441 17453 17454 17458
6 17484 17510 17512 17524 17525 17529
6 17554 17580 17582 17594 17595 17599
1 17619
6 17652 17678 17680 17692 17693 17697
3 17722 17748 17750
0
8 17771 17797 17799 17811 17812 17816 17832 17835
8 17849 17875 17877 17889 17890 17894 17910 17913
0
3 17940 17966 17968
6 17979 18005 18007 18019 18020 18024
6 18040 18066 18068 18080 18081 18085
6 16600 18117 18119 18131 18132 18136
6 18153 18179 18181 18193 18194 18198
6 18217 18243 18245 18257 18258 18262
6 18285 18311 18313 18325 18326 18330
6 18350 18376 18378 18390 18391 18395
3 18412 18438 18440
1 18460
0
6 18495 18521 18523 18535 18536 18540
0
0
0
6 8373 18575 18577 18589 18590 18594
6 18612 18638 18640 18652 18653 18657
0
3 18679 18705 18707
3 18732 18758 18760
1 18776
0
6 18798 18824 18826 18838 18839 18843
1 18857
6 18888 18914 18916 18928 18929 18933
6 18950 18976 18978 18990 18991 18995
0
3 19030 19056 19058
7 19081 19107 19109 19121 19122 19126 19142
5 17546 19167 19169 19181 19182
6 19194 19220 19222 19234 19235 19239
0
5 19265 19291 19293 19305 19306
6 19316 19342 19344 19356 19357 19361
6 19372 19398 19400 19412 19413 19417
6 19432 19458 19460 19472 19473 19477
0
0
3 19500 19526 19528
0
6 19548 19574 19576 19588 19589 19593
7 19608 19634 19636 19648 19649 19653 19669
8 19684 19710 19712 19724 19725 19729 19745 19748
1 19767
1 19797
2 19814 19840
6 19856 19882 19884 19896 19897 19901
6 19917 19943 19945 19957 19958 19962
6 19977 20003 20005 20017 20018 20022
0
6 20055 20081 20083 20095 20096 20100
6 20125 20151 20153 20165 20166 20170
6 20180 20206 20208 20220 20221 20225
6 20244 20270 20272 20284 20285 20289
7 20312 20338 20340 20352 20353 20357 20373
6 20384 20410 20412 20424 20425 20429
6 20443 20469 20471 20483 20484 20488
6 20494 20520 20522 20534 20535 20539
6 20550 20576 20578 20590 20591 20595
6 20621 20647 20649 20661 20662 20666
1 20695
2 20726 20752
0
5 20770 20796 20798 20810 20811
6 20826 20852 20854 20866 20867 20871
6 20886 20912 20914 20926 20927 20931
0
6 20962 20988 20990 21002 21003 21007
6 21019 21045 21047 21059 21060 21064
1 21086
