0
0
0
0
1 1400
3 512 1169 1891
6 256 370 523 633 826 1460
3 784 1561 1801
6 130 240 464 862 1156 1845
6 292 303 409 473 1448 1650
3 722 843 997
2 196 404
1 258
6 103 552 658 933 1178 1387
5 1446 1515 1598 1663 1852
1 520
2 148 1356
3 36 853 1029
0
0
1 415
1 510
0
13 23 41 354 396 428 541 748 873 941 1224 1735 1736 1850
0
2 56 424
1 548
6 69 199 286 680 745 1289
1 1260
5 528 638 790 877 1106
2 37 1349
4 136 824 837 1685
0
2 215 261
4 443 483 1402 1805
2 666 1392
0
1 409
1 240
12 299 472 479 605 854 874 926 927 939 1376 1664 1686
0
0
0
0
0
13 166 181 252 257 467 556 646 709 732 1062 1123 1211 1216
4 0 452 944 1555
17 2 31 458 504 563 597 649 825 1035 1117 1253 1361 1433 1719 1764 1794 1846
8 59 123 135 264 1004 1368 1559 1738
35 28 93 112 218 228 310 324 400 477 487 543 686 723 793 918 921 1008 1068 1081 1125 1163 1316 1321 1451 1457 1510 1553 1652 1676 1689 1723 1830 1831 1869 1881
40 40 96 132 154 294 336 369 371 405 441 533 568 610 622 670 691 960 964 1000 1038 1047 1124 1136 1165 1330 1342 1347 1364 1431 1443 1452 1487 1526 1569 1590 1617 1622 1666 1809 1828
5 827 972 1332 1609 1660
35 68 184 412 567 601 642 725 754 776 839 850 881 949 1005 1080 1097 1105 1252 1385 1462 1525 1563 1579 1670 1715 1717 1724 1728 1751 1753 1770 1782 1832 1856 1874
41 25 47 63 175 186 210 335 337 380 401 416 422 449 461 527 530 539 583 617 635 679 798 907 925 976 1049 1070 1103 1142 1150 1198 1203 1314 1352 1574 1599 1607 1762 1814 1825 1889
0
7 173 246 413 618 742 1102 1482
3 0 177 482
11 119 183 247 393 398 432 498 537 772 893 1010
20 98 118 174 507 593 604 643 829 890 984 992 1009 1084 1090 1112 1323 1360 1436 1739 1754
119 16 35 120 153 188 236 249 279 284 285 290 307 313 348 358 359 360 366 386 390 427 430 434 450 471 480 503 519 529 531 542 547 581 589 606 640 698 704 706 710 711 714 735 737 738 739 759 781 802 803 833 834 838 842 847 882 888 908 955 963 980 1001 1011 1032 1034 1053 1088 1096 1111 1126 1130 1140 1146 1155 1188 1241 1256 1258 1276 1284 1310 1327 1359 1374 1390 1393 1396 1455 1470 1476 1494 1506 1512 1523 1527 1540 1546 1548 1570 1580 1583 1619 1632 1636 1641 1655 1695 1710 1722 1732 1742 1769 1776 1783 1789 1811 1829 1839 1880
4 94 901 1115 1358
187 5 11 15 18 21 22 24 45 50 51 64 71 90 91 121 124 125 129 131 138 141 155 169 197 198 202 213 216 219 225 239 254 259 270 304 305 311 316 317 318 323 328 330 339 352 363 365 373 376 378 387 388 394 395 407 421 439 446 448 451 454 465 466 469 485 492 495 521 534 561 566 573 586 590 592 611 627 631 637 641 650 655 665 669 674 675 681 683 750 760 771 791 792 809 818 852 878 885 887 903 916 929 932 938 942 947 956 958 978 983 1003 1014 1024 1037 1039 1046 1076 1082 1085 1087 1118 1120 1122 1137 1148 1173 1180 1181 1182 1186 1228 1235 1248 1261 1266 1277 1293 1295 1296 1297 1306 1313 1325 1329 1345 1377 1380 1383 1384 1397 1404 1411 1412 1418 1445 1450 1473 1483 1491 1497 1501 1504 1520 1557 1566 1591 1595 1604 1614 1615 1640 1643 1644 1651 1658 1662 1665 1692 1697 1698 1713 1720 1777 1786 1818 1838 1855
1 952
5 229 582 1500 1587 1836
19 206 287 314 320 797 910 923 1056 1086 1212 1221 1281 1475 1481 1542 1701 1730 1734 1785
5 0 891 1505 1547 1867
48 20 89 189 204 245 295 349 429 486 494 580 603 608 651 662 676 716 724 762 773 917 975 1019 1048 1063 1064 1069 1104 1139 1238 1245 1294 1343 1354 1440 1441 1467 1586 1602 1637 1714 1793 1804 1817 1824 1827 1833 1849
2 1466 1791
0
0
1 1134
5 0 355 381 859 1407
0
0
2 61 162
24 344 558 584 777 778 855 1006 1022 1036 1177 1240 1328 1413 1425 1471 1509 1534 1575 1694 1757 1780 1816 1876 1883
1 538
0
8 411 508 795 1193 1262 1613 1767 1796
2 0 351
2 1656 1707
0
30 17 29 150 161 203 220 233 266 268 283 445 522 587 625 696 720 730 746 786 822 869 935 1083 1381 1391 1524 1659 1703 1756 1835
159 6 9 26 39 46 55 88 105 122 127 128 140 143 212 217 222 227 235 243 267 269 281 282 289 297 306 308 333 350 356 382 385 391 392 397 425 435 462 470 481 499 500 501 502 509 515 557 576 577 588 619 626 632 634 654 657 684 692 693 707 717 740 751 757 767 805 811 819 835 840 845 864 867 868 875 898 902 905 906 937 943 968 981 988 1028 1041 1061 1075 1093 1094 1114 1128 1153 1161 1176 1179 1195 1196 1207 1213 1257 1285 1298 1302 1308 1315 1318 1333 1338 1340 1348 1365 1366 1370 1388 1395 1409 1410 1414 1423 1424 1437 1449 1461 1469 1485 1486 1488 1490 1514 1519 1521 1528 1538 1565 1588 1592 1597 1600 1623 1630 1635 1649 1673 1709 1740 1765 1768 1790 1795 1820 1821 1823 1837 1840 1864 1870 1871 1873
0
0
1 0
1 1368
0
2 744 1784
9 109 158 712 936 1143 1170 1222 1422 1799
15 139 228 599 866 914 950 1108 1138 1183 1191 1336 1549 1556 1653 1872
0
4 513 823 881 1605
0
3 238 1568 1706
1 1
2 1250 1554
0
0
0
1 159
0
0
0
0
1 1
1 57
0
0
0
0
0
0
1 417
2 1 484
0
0
0
0
3 134 810 1362
1 1
0
0
0
0
1 343
0
0
1 1
0
1 727
1 1171
0
0
0
1 1
0
0
0
0
0
0
0
0
2 821 1054
22 30 81 221 226 272 414 459 505 549 578 579 598 682 808 828 915 1059 1119 1230 1300 1493 1815
5 424 997 1117 1314 1601
91 3 13 40 52 65 74 95 147 157 167 194 402 456 478 562 575 585 647 688 699 713 728 729 747 765 770 789 815 846 871 883 896 913 934 959 961 965 1002 1007 1017 1040 1052 1062 1129 1141 1152 1160 1162 1189 1197 1208 1249 1259 1273 1282 1286 1292 1299 1309 1372 1373 1389 1405 1429 1435 1464 1465 1477 1517 1560 1581 1582 1596 1611 1621 1629 1638 1646 1647 1654 1721 1725 1759 1761 1771 1778 1800 1813 1843 1877 1888
13 2 73 144 145 886 1236 1320 1350 1361 1369 1426 1479 1672
0
29 75 104 115 137 361 437 440 463 517 551 600 630 644 694 702 705 722 804 816 856 953 1223 1243 1267 1304 1334 1533 1642 1667
0
33 8 53 60 84 112 163 170 257 296 329 342 345 347 431 433 758 857 892 977 995 1078 1133 1144 1199 1206 1268 1367 1382 1516 1551 1747 1848 1869
0
26 14 42 70 83 116 231 497 518 537 550 629 636 652 653 817 894 922 967 969 1033 1416 1472 1522 1802 1826 1858
7 559 685 897 1131 1184 1244 1578
53 58 79 80 185 201 223 263 375 379 418 419 438 554 555 594 667 672 769 775 780 796 807 820 836 861 940 970 974 1095 1132 1149 1157 1158 1201 1319 1400 1417 1484 1495 1518 1530 1531 1543 1622 1688 1696 1702 1743 1752 1779 1788 1810 1841
1 2
0
9 293 312 453 464 503 1175 1541 1639 1844
3 400 460 1271
0
0
5 2 208 1513 1711 1879
3 614 895 1399
5 173 370 1103 1112 1433
22 48 66 106 174 179 193 242 277 320 416 545 973 1163 1168 1233 1280 1322 1419 1558 1609 1628 1675
3 247 962 1624
1 1203
16 151 262 426 591 620 648 663 743 1442 1537 1616 1678 1772 1781 1866 1885
0
1 2
0
4 532 999 1204 1307
2 924 1480
14 250 444 527 570 755 831 860 889 991 1166 1371 1408 1431 1572
5 507 766 850 1005 1567
5 164 1023 1324 1690 1859
2 2 1145
0
10 59 171 280 612 877 918 925 1274 1559 1682
6 99 114 302 1164 1344 1787
1 10
46 27 85 86 92 119 133 176 199 207 249 252 258 284 288 332 340 341 420 422 457 560 583 595 609 638 731 734 736 779 801 1031 1109 1226 1242 1269 1272 1275 1278 1312 1339 1379 1386 1415 1496 1860 1865
13 948 979 1009 1185 1220 1291 1375 1378 1610 1755 1766 1822 1861
4 97 246 946 1458
6 177 210 401 983 1393 1847
0
6 931 1246 1535 1631 1660 1884
7 616 876 930 960 1042 1279 1290
14 346 673 703 812 919 1190 1237 1247 1270 1283 1443 1545 1727 1806
37 33 98 102 108 224 248 255 265 275 368 491 514 602 741 832 1035 1057 1072 1092 1101 1127 1211 1225 1317 1337 1427 1428 1432 1434 1502 1510 1585 1648 1775 1803 1857 1862
9 788 992 1111 1227 1499 1539 1574 1677 1681
3 3 1669 1758
1 353
2 1679 1718
5 539 617 735 1492 1641
5 94 488 984 1130 1812
1 990
16 142 149 526 528 670 803 944 982 1105 1364 1389 1398 1456 1542 1589 1831
20 54 146 150 434 489 842 989 1067 1074 1231 1342 1403 1420 1526 1608 1620 1655 1746 1760 1889
4 278 849 1731 1888
24 3 62 232 294 372 427 640 668 700 753 764 800 848 865 904 954 987 1012 1192 1200 1327 1430 1454 1593
7 327 900 1097 1397 1602 1748 1868
0
15 32 214 371 569 664 841 884 908 994 1215 1536 1577 1704 1834 1875
0
0
3 3 348 993
1 134
12 29 123 645 765 996 1177 1385 1573 1626 1734 1773 1797
1 168
1 1121
17 181 374 452 476 496 624 708 721 844 971 1030 1060 1065 1096 1205 1438 1498
5 153 358 487 707 1184
8 205 529 704 1027 1055 1098 1160 1842
2 3 1789
1 1606
7 403 504 909 1032 1362 1609 1811
14 31 186 234 298 511 563 579 637 843 936 1202 1520 1564 1621
44 34 89 132 158 223 445 474 523 536 562 578 610 671 687 689 720 1088 1089 1100 1154 1208 1217 1232 1241 1252 1263 1273 1326 1377 1414 1421 1440 1460 1468 1475 1489 1494 1532 1607 1722 1749 1763 1808 1813
24 39 47 95 147 324 362 530 547 584 585 718 789 1002 1081 1135 1146 1156 1653 1691 1819 1824 1833 1854 1877
24 35 82 607 622 691 725 754 770 802 1064 1162 1165 1212 1251 1253 1286 1352 1374 1413 1433 1555 1637 1654 1658
24 3 44 162 269 273 325 377 490 553 580 681 715 827 886 1213 1238 1261 1311 1314 1376 1546 1633 1745 1800
3 957 1509 1629
2 1091 1328
14 13 166 406 412 473 716 1019 1128 1210 1216 1558 1754 1757 1785
25 160 286 321 355 552 628 688 763 796 1079 1197 1234 1284 1321 1343 1396 1618 1686 1705 1720 1756 1809 1810 1882 1884
3 1053 1271 1429
0
2 778 907
10 184 423 869 1117 1129 1221 1276 1368 1780 1798
3 4 1018 1439
1 623
2 535 851
0
0
0
5 364 367 1139 1363 1661
2 307 921
1 1021
1 111
2 4 920
4 126 447 678 1696
2 756 1853
0
3 798 1684 1698
0
0
1 1683
11 222 331 408 455 466 525 726 911 1043 1619 1729
4 4 172 829 1010
0
0
1 1301
1 524
1 1255
1 4
4 45 165 737 1638
1 1173
5 733 782 985 1529 1693
1 1634
0
1 690
1 410
2 4 776
0
0
0
3 357 879 1792
0
7 77 201 384 656 794 1712 1726
1 4
0
0
0
1 313
0
2 1500 1776
1 274
1 1384
44 43 91 93 125 161 198 209 229 239 241 301 326 361 386 442 446 543 573 590 621 643 739 787 814 880 1026 1045 1254 1359 1401 1407 1518 1576 1612 1665 1671 1689 1714 1716 1730 1733 1770 1851 1881
31 144 169 180 309 316 359 365 390 454 458 498 506 534 566 568 650 698 723 838 891 942 1125 1142 1155 1188 1293 1297 1347 1452 1457 1886
7 68 152 218 236 540 1239 1450
19 21 195 271 439 470 546 642 809 839 917 1011 1039 1050 1082 1218 1365 1615 1632 1651
28 75 130 339 382 394 471 500 531 537 592 674 729 887 932 947 980 1000 1191 1329 1490 1501 1561 1623 1643 1697 1782 1836 1880
7 448 561 1014 1182 1370 1557 1839
23 64 317 463 469 577 586 675 705 760 792 1034 1068 1138 1311 1325 1371 1404 1418 1504 1666 1709 1753 1867
51 5 22 115 121 124 131 138 141 261 267 279 318 328 352 356 378 441 451 466 533 627 654 665 677 903 1003 1024 1035 1137 1147 1235 1333 1383 1412 1436 1487 1491 1548 1553 1565 1580 1588 1590 1657 1670 1710 1717 1723 1768 1805 1830
7 6 153 791 1037 1114 1181 1315
1 1369
22 71 140 228 311 387 402 669 797 818 834 847 875 975 981 1008 1228 1258 1302 1476 1570 1832 1837
26 90 197 213 215 227 254 304 392 611 636 746 905 964 968 1080 1140 1174 1296 1306 1318 1345 1424 1619 1635 1644 1821
54 18 44 68 125 139 202 217 259 281 285 297 305 310 363 372 373 388 465 495 652 683 717 726 757 793 840 876 888 956 1016 1075 1084 1118 1148 1166 1186 1195 1196 1207 1277 1285 1291 1334 1366 1473 1485 1556 1591 1595 1604 1652 1732 1818 1820
18 9 83 127 216 307 390 397 502 845 988 1188 1437 1636 1690 1760 1776 1838 1856
28 116 128 176 461 518 619 655 657 680 709 751 756 864 916 938 958 1031 1085 1094 1180 1317 1426 1445 1488 1593 1713 1786 1870
0
8 5 27 209 600 641 811 1423 1632
0
33 43 50 212 225 260 294 330 385 470 485 576 592 631 809 829 980 1011 1111 1120 1261 1313 1320 1375 1380 1450 1533 1594 1692 1722 1765 1770 1836 1855
1 250
5 498 969 1504 1656 1858
5 218 339 814 978 1179
18 5 11 42 51 59 88 241 386 394 466 590 642 737 817 1028 1297 1586 1615
12 239 282 561 586 723 800 839 932 1082 1371 1378 1651
3 1018 1418 1439
1 1176
12 46 105 331 332 446 531 665 851 887 1336 1766 1880
0
13 157 852 896 1024 1300 1324 1404 1456 1499 1547 1660 1714 1771
8 64 227 289 902 948 1449 1469 1503
19 5 131 317 439 448 462 534 632 669 675 791 792 818 867 1248 1311 1325 1583 1729
0
7 93 698 1014 1034 1548 1710 1881
11 144 359 481 937 1033 1266 1307 1331 1409 1486 1683
5 138 573 654 917 942
6 267 501 557 734 1525 1676
19 15 231 291 308 420 450 472 634 674 870 1038 1317 1391 1504 1521 1527 1592 1667 1750
24 5 22 55 129 140 141 146 155 197 235 329 356 378 471 809 903 935 1161 1188 1235 1416 1514 1612 1632
6 333 756 1093 1191 1451 1627
12 222 550 636 726 739 746 771 1308 1472 1623 1642 1643
12 26 40 68 714 750 888 980 1076 1137 1412 1553 1557
15 219 394 592 603 640 649 760 776 1046 1269 1350 1408 1528 1651 1869
7 64 75 619 1267 1285 1333 1709
16 399 492 498 509 537 643 652 718 733 757 834 927 1238 1313 1519 1614
8 153 218 392 466 1371 1384 1580 1836
69 85 90 131 139 189 285 311 317 328 363 372 397 435 446 448 454 469 533 551 633 654 665 681 755 784 835 840 947 956 964 966 967 1036 1041 1045 1087 1166 1186 1228 1245 1257 1277 1305 1315 1321 1383 1395 1410 1437 1501 1510 1517 1522 1566 1591 1600 1644 1671 1692 1700 1737 1790 1818 1821 1823 1826 1830 1851 1868
0
0
0
1 6
0
0
8 21 236 339 829 887 981 1037 1782
0
5 495 659 1185 1249 1325
1 6
22 124 127 144 352 365 439 463 588 621 675 723 932 968 975 991 1275 1373 1418 1450 1476 1556 1615
0
2 502 517
0
2 190 1330
28 43 83 197 209 216 217 254 267 304 313 326 387 390 586 636 674 811 839 910 1034 1181 1182 1291 1426 1457 1588 1604 1770
2 408 1114
1 6
18 22 115 213 239 388 641 698 705 726 1124 1140 1404 1424 1497 1619 1643 1856 1861
0
0
12 49 293 444 499 553 756 1074 1183 1261 1329 1334 1608
4 156 1043 1220 1763
1 1378
1 6
1 1009
3 455 1179 1595
0
5 125 465 1172 1281 1523
0
0
0
7 143 759 1388 1467 1646 1722 1859
2 7 72
0
1 914
4 658 712 1303 1736
3 706 1051 1346
0
0
7 627 749 792 816 819 1000 1610
6 611 615 1548 1652 1744 1777
0
37 7 56 71 112 113 169 244 306 312 386 420 503 554 577 595 600 669 739 752 842 882 894 903 915 1015 1022 1058 1236 1239 1265 1327 1338 1341 1537 1760 1783 1845
21 11 16 54 310 427 470 640 686 751 809 814 1014 1019 1107 1155 1175 1207 1243 1312 1776 1880
1 1762
1 1479
0
0
1 1687
1 1739
0
14 7 152 259 332 359 376 397 441 717 791 902 1137 1366 1768
0
2 878 1254
5 120 507 561 604 1136
0
0
1 7
2 105 1306
0
0
2 256 1840
0
0
0
2 7 626
1 1741
0
7 121 230 383 614 684 830 1438
0
2 694 838
0
6 7 10 1056 1544 1852 1890
1 1507
0
1 948
0
17 78 237 266 283 701 774 783 892 934 976 979 1230 1320 1430 1444 1596 1628
0
0
0
7 8 713 1112 1279 1425 1574 1799
0
13 132 163 208 398 456 574 762 906 1040 1316 1406 1441 1630
1 1226
3 335 1282 1694
1 35
1 1299
6 322 707 1287 1358 1477 1655
17 94 229 575 803 822 860 888 962 1024 1066 1259 1390 1397 1443 1602 1609 1889
14 8 39 307 318 434 566 1158 1419 1436 1512 1649 1724 1811 1828
3 347 931 1796
0
2 1530 1539
23 277 395 440 601 662 765 846 866 1049 1070 1102 1159 1184 1212 1214 1381 1520 1769 1794 1800 1801 1814 1871
16 195 442 480 488 589 598 1108 1142 1163 1177 1386 1402 1414 1665 1865 1875
2 8 1105
10 73 253 269 609 995 1131 1398 1455 1675 1731
5 728 1764 1812 1843 1846
2 97 1761
0
15 20 41 150 167 272 429 467 478 597 679 748 808 921 1405 1611
5 186 250 673 1067 1549
2 145 342
11 8 340 960 1152 1364 1394 1452 1654 1720 1759 1833
7 482 529 1086 1193 1262 1270 1831
17 29 87 194 223 371 583 699 710 795 858 1032 1119 1168 1367 1440 1463 1560
0
1 1725
3 1167 1171 1250
2 134 1362
1 8
5 766 1035 1332 1420 1707
0
0
6 422 1211 1396 1413 1757 1824
0
0
4 324 1160 1659 1723
3 519 963 1150
9 44 138 328 1011 1318 1490 1690 1698 1710
7 9 27 216 227 746 818 1632
0
12 116 301 652 817 958 1026 1085 1223 1311 1412 1590 1873
6 131 771 1010 1041 1423 1692
2 101 955
34 93 124 128 140 207 212 231 241 358 372 373 531 642 845 911 969 980 1094 1298 1313 1315 1317 1365 1469 1486 1510 1511 1557 1583 1595 1636 1652 1837 1861
2 9 1504
2 798 1039
19 99 225 285 363 365 634 797 876 953 1235 1340 1476 1521 1565 1580 1644 1697 1821 1886
7 215 356 546 887 1538 1709 1818
48 18 50 139 146 213 311 331 333 495 592 619 631 632 655 681 697 760 801 834 857 886 905 942 956 1028 1080 1179 1186 1188 1228 1248 1277 1285 1334 1336 1348 1380 1487 1501 1514 1522 1556 1571 1588 1713 1786 1856 1867
1 1114
12 217 289 515 964 1266 1384 1426 1439 1451 1472 1619 1623
2 44 623
6 9 96 540 926 1218 1375
4 481 1166 1854 1860
8 304 572 924 935 1345 1620 1621 1866
0
2 1296 1548
25 43 45 98 169 222 268 294 297 394 420 448 485 532 551 600 607 674 705 767 880 977 1134 1170 1326 1829
1 83
1 9
2 378 739
4 155 859 1043 1415
1 700
9 71 176 483 509 654 711 1019 1320 1519
0
1 252
8 202 787 817 840 1045 1437 1691 1858
4 267 650 665 947
25 115 148 179 191 199 247 382 621 736 821 833 938 943 999 1238 1241 1280 1327 1366 1389 1490 1612 1747 1797 1822
1 520
6 206 325 570 1109 1361 1488
5 133 345 396 825 1695
1 1457
3 445 691 1760
2 187 366
6 10 232 350 503 545 1565
1 1395
0
1 1714
5 33 62 66 1379 1593
58 26 54 85 90 127 141 163 235 236 250 259 269 279 308 309 374 387 441 476 536 550 578 643 715 864 891 904 939 981 988 1012 1037 1048 1075 1155 1161 1185 1190 1192 1239 1278 1292 1329 1407 1417 1517 1576 1600 1628 1648 1683 1723 1733 1736 1746 1755 1765 1820
5 10 706 895 996 1604
4 719 781 848 1653
3 402 1633 1646
3 225 902 1591
7 19 211 549 785 1072 1224 1448
10 119 427 438 472 711 758 775 810 1135 1142
1 1057
6 226 908 975 1470 1493 1603
7 10 696 779 844 854 1153 1408
0
0
6 889 1073 1454 1585 1639 1872
19 31 135 137 164 183 188 286 348 457 500 530 596 606 630 772 803 1005 1062 1354
8 248 637 688 731 1141 1213 1513 1664
0
2 10 179
3 28 1029 1123
2 255 479
6 424 605 842 1323 1359 1506
16 174 300 313 435 458 509 793 819 968 1046 1175 1233 1243 1488 1753 1864
2 1164 1745
0
3 27 430 1429
0
18 51 68 446 469 534 566 611 723 757 967 1018 1033 1180 1181 1291 1418 1445 1676
4 376 1245 1450 1570
19 11 50 197 339 388 466 471 636 683 734 1031 1182 1297 1325 1473 1525 1528 1649 1656
13 219 323 465 707 1038 1094 1196 1207 1321 1622 1728 1742 1832
7 64 603 754 929 1331 1569 1802
14 15 128 129 332 454 640 811 865 868 958 1034 1257 1768 1837
0
2 1028 1295
13 22 317 373 502 652 751 1082 1307 1308 1317 1334 1423 1643
12 228 330 568 626 627 645 737 1008 1336 1392 1436 1861
32 11 35 69 89 158 185 229 407 708 732 738 1130 1149 1174 1184 1204 1249 1258 1269 1290 1302 1339 1370 1373 1374 1494 1542 1553 1607 1608 1719 1771
9 290 318 462 750 1092 1198 1383 1690 1782
7 125 631 917 1085 1111 1670 1717
14 143 403 491 570 798 835 894 1145 1148 1318 1345 1595 1732 1855
6 121 490 507 838 1079 1397
9 533 634 756 797 875 1221 1452 1557 1839
5 281 724 992 1115 1520
21 11 619 668 691 815 827 886 924 927 935 991 1017 1284 1305 1324 1386 1504 1521 1651 1667 1692
1 1223
15 75 212 324 331 576 771 800 903 1140 1380 1409 1416 1592 1635 1720
16 26 231 254 282 498 641 726 792 888 932 1209 1424 1451 1533 1580 1836
20 169 359 397 408 439 501 675 816 898 1004 1074 1254 1277 1364 1366 1378 1445 1522 1636 1644
6 127 717 876 948 1632 1786
11 557 1076 1112 1196 1197 1236 1414 1499 1525 1561 1640
6 161 297 953 1127 1712 1766
10 289 301 333 492 918 1256 1371 1449 1461 1547
0
1 12
0
0
0
5 704 861 1279 1629 1881
0
0
0
0
0
1 12
0
7 60 109 173 796 1259 1508 1647
0
0
2 1219 1229
0
0
0
2 12 52
2 276 1541
0
1 951
0
0
3 12 703 1399
0
0
1 355
0
1 1116
0
2 526 661
3 12 299 1044
0
4 385 513 946 1703
1 117
0
0
0
1 12
0
2 799 1126
0
0
0
0
0
0
23 261 270 320 382 416 449 450 556 562 575 639 729 735 789 869 936 973 1077 1410 1446 1605 1715 1869
0
4 243 944 983 1689
6 411 770 900 1227 1589 1655
11 40 65 106 389 427 1078 1289 1568 1575 1625 1807
9 13 47 53 890 907 1110 1128 1160 1813
4 220 405 1460 1685
1 583
4 493 940 1157 1385
0
4 208 344 618 1372
4 13 431 1534 1780
0
1 1097
2 912 982
6 223 294 1030 1133 1189 1889
9 451 780 788 950 1095 1146 1328 1419 1477
4 100 468 863 1874
3 336 763 913
12 13 58 380 391 765 990 1129 1177 1226 1231 1271 1757
2 511 1247
1 1888
2 713 777
4 84 578 1630 1810
0
0
1 13
0
1 136
0
2 961 1208
3 296 836 908
1 745
11 92 581 616 847 970 1183 1270 1351 1435 1478 1711
0
0
0
0
0
0
0
1 14
4 24 42 393 1672
0
0
2 392 881
0
8 116 755 1014 1329 1412 1514 1570 1593
0
0
1 14
0
0
0
0
0
1 14
0
0
0
0
1 18
0
0
1 14
0
0
0
0
0
0
1 14
0
0
0
0
0
2 476 518
1 1118
0
38 165 209 235 285 291 388 485 551 577 834 845 911 915 937 969 1019 1026 1176 1195 1235 1266 1315 1375 1469 1527 1548 1600 1612 1671 1697 1713 1716 1765 1800 1823 1851 1860 1868
17 146 176 330 435 586 669 791 1137 1245 1388 1415 1518 1583 1604 1606 1657 1826
19 15 241 293 326 329 420 455 495 595 706 814 1025 1248 1285 1486 1496 1683 1818 1821
2 1652 1839
11 110 186 684 747 916 985 1064 1075 1138 1165 1626
0
4 553 1045 1239 1275
18 44 55 130 152 271 305 387 462 481 857 887 967 988 1093 1155 1313 1426 1450
9 71 472 540 807 926 1059 1430 1502 1805
2 698 1312
19 15 90 124 284 386 547 905 989 1003 1163 1186 1261 1267 1342 1485 1614 1665 1820 1865
9 250 757 801 1038 1094 1162 1347 1619 1832
12 273 657 685 938 979 1023 1026 1281 1320 1336 1393 1499
2 308 600
8 340 358 1031 1200 1218 1220 1691 1733
2 994 1483
0
2 15 352
7 195 776 1081 1307 1319 1714 1776
1 1556
2 217 1851
0
34 43 138 140 141 144 153 202 212 267 317 448 499 500 590 592 642 674 694 723 811 980 1008 1011 1037 1148 1161 1166 1228 1296 1510 1528 1588 1634 1880
0
17 314 334 433 494 567 627 707 891 956 1042 1084 1299 1471 1523 1579 1754 1843
13 85 128 232 310 450 465 818 1185 1257 1317 1830 1837 1873
3 587 1408 1440
19 251 280 505 522 585 594 620 768 986 1088 1222 1327 1407 1480 1566 1621 1643 1783 1876
27 56 67 82 96 108 133 263 402 418 425 617 651 672 682 688 767 806 1071 1156 1400 1438 1491 1537 1607 1616 1680 1825
2 978 1476
16 21 371 434 440 628 803 934 1053 1096 1343 1475 1602 1654 1809 1811 1884
4 16 113 1772 1803
0
7 95 249 421 828 1005 1069 1747
0
9 219 630 819 960 1304 1340 1628 1638 1841
13 307 984 1070 1083 1273 1314 1352 1356 1413 1481 1574 1682 1838
9 16 162 444 523 560 802 1212 1241 1494
3 596 1479 1849
8 41 525 530 580 637 846 1309 1542
0
4 81 954 1645 1771
0
5 198 643 805 1032 1039
0
5 16 552 1122 1666 1871
1 1409
5 102 295 625 826 856
0
3 823 1198 1253
0
4 648 974 1442 1748
1 16
5 80 375 1103 1157 1216
9 45 120 896 1149 1268 1443 1577 1611 1667
2 1641 1727
13 93 150 210 281 456 489 584 591 936 1096 1441 1541 1799
0
0
0
0
0
0
0
1 1673
1 17
1 1013
1 1524
0
1 660
0
0
1 1047
2 258 1535
3 17 398 647
14 47 94 193 261 269 573 730 867 1287 1398 1694 1734 1817 1879
0
1 1022
0
0
1 17
1 1863
0
0
0
2 727 1007
4 118 554 784 1269
1 897
2 17 1310
0
0
0
0
0
0
2 17 1567
0
11 76 496 544 847 872 1233 1359 1373 1736 1752 1866
0
0
1 899
0
0
5 201 824 941 945 1132
2 793 1729
4 550 852 1033 1790
2 18 1497
1 1024
8 463 751 958 1028 1176 1298 1391 1627
0
4 328 1068 1404 1867
1 1671
4 631 885 1080 1293
2 18 42
0
9 397 632 634 715 726 1254 1266 1451 1823
3 51 739 1676
0
0
0
8 236 363 817 857 1140 1180 1380 1592
0
3 288 1058 1774
3 341 542 1337
3 549 1303 1815
0
8 29 187 478 602 700 759 1232 1456
1 1357
2 1012 1225
1 1850
4 19 843 1015 1735
5 563 933 1178 1286 1346
2 721 1737
5 82 191 1072 1464 1569
9 33 364 399 483 624 830 870 1573 1787
0
3 74 753 764
0
1 832
3 19 438 1564
1 368
1 668
1 114
1 244
0
1 19
0
0
7 148 570 779 848 943 1565 1860
1 238
1 1303
0
3 514 1107 1648
2 19 1598
0
2 292 479
0
1 49
5 190 192 977 1396 1427
16 82 160 248 315 354 457 512 564 663 813 873 1290 1432 1531 1788 1808
2 19 1785
8 38 283 459 658 686 743 1072 1263
0
3 544 854 865
4 572 794 1435 1460
0
0
1 76
0
5 179 987 1117 1195 1609
2 725 1459
0
10 122 203 266 528 699 1199 1581 1586 1781 1793
1 20
2 66 467
8 60 163 188 527 736 1377 1403 1590
6 770 1090 1389 1509 1718 1831
14 563 579 703 704 765 796 972 1087 1211 1272 1429 1686 1743 1754
5 453 501 1088 1092 1546
2 20 175
2 666 1828
7 407 422 1144 1530 1704 1794 1833
2 478 1740
1 646
0
2 720 1372
17 104 109 185 194 201 414 440 464 569 1158 1259 1282 1434 1468 1498 1536 1885
2 20 1283
0
0
0
0
1 681
4 508 722 786 1814
1 20
4 413 710 1020 1599
1 997
3 272 1049 1848
4 539 714 1559 1658
0
0
2 1001 1882
0
0
4 568 1545 1591 1738
1 1796
0
10 83 388 543 576 608 829 1082 1473 1660 1698
1 21
2 131 1854
2 1288 1615
0
0
0
1 492
1 21
4 348 883 1105 1655
1 360
1 1368
1 1717
0
23 320 345 439 446 477 655 690 921 981 1085 1115 1162 1183 1321 1365 1425 1547 1629 1635 1710 1722 1790 1810
0
1 401
8 470 534 746 918 1114 1124 1418 1525
12 359 394 441 443 557 561 687 705 840 1350 1768 1856
12 22 216 304 485 553 654 938 1034 1437 1709 1766 1858
1 1713
4 362 432 833 1662
1 1670
1 734
9 132 215 339 365 390 1014 1188 1333 1501
1 968
10 115 129 227 356 372 502 642 839 1235 1369
0
20 48 135 151 221 296 419 486 585 628 729 773 841 861 1059 1100 1387 1611 1664 1678 1857
15 262 275 288 428 510 689 753 808 904 962 1152 1230 1649 1712 1871
1 300
8 200 375 396 555 785 1119 1206 1214
0
5 23 302 321 667 1803
5 682 1022 1030 1480 1745
2 1242 1809
1 1633
0
0
2 167 1173
0
17 426 458 476 602 864 901 955 999 1175 1243 1291 1484 1576 1697 1787 1845 1870
1 23
4 686 860 1653 1877
0
0
0
2 114 1853
4 23 582 1069 1290
0
0
1 1222
0
1 555
0
2 820 1344
5 23 233 702 1015 1431
4 108 536 620 1680
2 190 1464
0
2 168 211
0
7 27 257 588 672 694 708 1537
10 23 60 91 288 743 775 895 1304 1432 1438
1 1788
3 486 541 671
7 148 221 313 438 1244 1753 1850
2 940 1178
7 41 67 200 312 354 555 1844
0
23 35 263 355 370 402 511 537 638 712 724 728 737 738 758 769 823 1234 1376 1390 1441 1515 1541 1702
0
5 562 896 1462 1485 1795
8 24 39 366 601 750 1130 1252 1723
2 98 1752
7 379 893 960 1512 1711 1775 1789
1 166
12 26 75 99 143 916 932 1127 1238 1265 1325 1479 1519
1 1143
6 24 252 593 882 1449 1864
9 249 445 679 1284 1302 1343 1420 1526 1637
2 259 533
2 597 1258
15 130 193 309 373 626 683 894 903 1041 1181 1395 1397 1593 1612 1617
0
0
1 1688
1 24
3 30 319 822
15 133 154 286 606 688 711 832 898 941 1132 1192 1225 1564 1803 1815
1 491
2 204 1452
4 906 965 1078 1764
25 73 121 186 226 266 377 412 488 505 591 630 842 927 935 955 983 1133 1249 1381 1410 1440 1546 1646 1732 1840
1 24
0
7 246 635 662 735 1196 1422 1782
3 1190 1538 1700
3 86 137 1587
0
4 515 1419 1521 1614
0
0
2 172 349
12 25 63 177 210 337 395 772 944 1002 1097 1586 1715
2 112 952
0
0
1 1103
6 69 188 400 742 1062 1453
2 925 1361
2 1010 1203
13 228 257 416 421 773 881 917 1125 1314 1497 1516 1814 1846
1 25
0
1 1048
0
0
0
2 25 651
7 127 247 693 1112 1120 1348 1540
0
0
0
2 449 1354
6 112 638 790 1289 1491 1751
1 316
1 25
0
1 1102
4 400 556 709 952
2 232 821
3 231 632 1324
0
1 25
0
0
0
2 63 1203
1 28
0
0
0
8 282 330 636 911 1223 1580 1644 1821
0
12 467 483 791 801 816 1046 1155 1216 1340 1469 1652 1683
8 387 540 621 755 835 926 1016 1571
1 1620
12 44 376 450 656 814 964 1366 1416 1604 1642 1656 1765
3 26 490 1407
0
2 326 1608
6 54 96 341 374 962 996
12 285 301 1186 1275 1277 1308 1375 1424 1439 1488 1742 1861
9 255 383 420 892 1067 1312 1454 1517 1610
21 80 119 160 162 280 368 514 545 696 781 939 1009 1047 1109 1152 1169 1490 1633 1760 1772 1801
10 278 329 969 1037 1060 1213 1514 1750 1755 1865
1 1113
8 139 469 495 600 1045 1074 1233 1600
13 199 306 323 802 924 1064 1221 1261 1279 1399 1414 1747 1875
0
0
1 27
6 124 176 658 800 1383 1869
0
2 1174 1378
2 622 1197
1 603
0
0
2 1038 1657
0
3 617 1063 1622
6 350 670 992 1392 1445 1757
0
0
1 28
3 837 1004 1852
0
0
1 1663
0
0
2 461 716
10 28 369 449 710 725 877 1070 1352 1559 1874
0
10 198 504 1106 1163 1362 1486 1509 1624 1724 1888
5 732 1483 1500 1666 1855
0
0
2 503 661
1 28
0
0
5 210 464 523 812 976
0
1 778
0
0
0
4 89 527 950 1715
23 206 242 270 279 294 347 358 395 530 640 789 795 995 1066 1208 1212 1273 1364 1539 1558 1719 1759 1813
6 33 171 697 1278 1561 1866
2 268 589
1 29
0
1 1374
0
9 59 134 174 460 1128 1271 1398 1491 1569
27 55 173 229 277 423 429 539 552 803 827 852 1003 1035 1061 1156 1182 1417 1487 1495 1630 1636 1665 1714 1770 1776 1827 1838
8 102 406 1167 1211 1385 1585 1703 1756
3 29 248 1246
2 346 1347
0
1 1796
17 189 218 292 404 507 633 731 741 878 910 973 1189 1241 1520 1661 1872 1876
7 391 529 1036 1231 1292 1797 1873
9 335 762 869 875 1084 1117 1142 1236 1784
2 371 907
0
10 31 155 598 714 780 1146 1299 1402 1506 1845
7 491 915 974 1101 1122 1268 1607
0
6 34 418 1353 1457 1470 1769
1 167
1 70
0
17 30 157 207 265 427 528 549 779 1160 1300 1518 1596 1621 1638 1696 1754 1786
1 1217
10 56 187 245 424 456 808 913 1059 1455 1735
7 99 396 480 578 699 1139 1387
1 1210
4 437 1489 1777 1780
13 30 95 135 223 344 407 672 807 1062 1103 1149 1393 1431
4 639 676 1098 1411
1 98
0
4 436 451 936 1887
1 452
0
0
2 30 971
12 179 554 579 628 1006 1164 1243 1405 1464 1602 1825 1828
0
1 1326
4 114 897 1040 1493
0
0
1 30
0
1 78
0
0
0
0
0
7 865 953 1012 1132 1145 1841 1862
0
1 1859
0
0
3 214 606 1270
9 47 147 963 984 1330 1389 1433 1779 1824
0
1 31
0
5 324 484 876 1328 1675
3 61 855 1097
0
1 1730
2 890 931
2 31 1463
1 1342
0
2 159 575
1 342
0
0
1 692
0
0
0
1 1842
0
0
0
1 32
0
1 1001
0
2 759 1564
5 62 308 1072 1218 1430
2 701 1079
2 889 1269
4 496 870 937 1659
0
6 195 490 784 1280 1373 1648
13 33 225 297 403 624 700 736 848 979 1043 1327 1598 1840
0
3 85 260 1225
3 684 935 1386
0
4 106 325 810 1695
4 399 668 954 1305
3 33 1109 1310
0
5 161 854 904 996 1303
0
2 366 1135
2 1376 1868
1 340
6 488 515 706 1408 1733 1745
4 496 830 870 1502
1 1202
3 997 1740 1764
0
1 170
9 142 149 345 602 721 749 858 1134 1664
0
0
1 34
0
0
0
2 1077 1372
2 48 933
1 34
3 81 959 1581
0
1 1801
1 1467
1 1229
1 87
0
2 34 799
0
0
1 184
0
1 559
1 1119
1 34
2 934 1396
0
0
0
0
0
0
1 1699
9 312 472 861 923 1286 1343 1428 1542 1577
0
3 619 620 1732
8 35 522 565 584 836 1262 1421 1707
12 88 197 471 566 707 859 1005 1338 1370 1527 1570 1717
12 117 202 385 546 594 650 886 908 1157 1158 1403 1543
0
28 54 96 146 269 281 455 509 595 708 755 860 943 988 1028 1093 1213 1249 1306 1340 1412 1620 1628 1637 1667 1686 1691 1692 1832
1 1608
1 1438
26 93 108 120 234 263 370 402 499 536 648 753 804 828 841 925 986 1012 1071 1153 1175 1222 1263 1344 1611 1705 1871
0
1 103
0
2 36 942
0
0
0
1 459
0
1 196
0
4 38 275 637 1468
1 36
0
1 629
0
0
0
1 36
0
1 843
0
0
0
5 80 375 572 1508 1531
1 1349
4 36 190 512 1891
2 862 1260
0
0
0
2 686 1571
0
1 36
0
1 1122
0
0
0
0
0
0
4 874 1400 1448 1804
0
2 240 473
4 638 680 1029 1649
0
1 258
5 37 286 299 520 1289
1 1650
1 464
0
1 240
0
1 877
0
1 1056
1 37
0
0
0
0
0
2 37 409
0
1 303
0
0
0
0
0
1 37
0
0
0
0
0
0
1 37
0
0
1 862
1 240
0
0
0
0
1 48
1 585
6 479 667 1069 1606 1787 1850
0
0
1 689
5 302 353 580 1230 1678
1 555
1 38
0
4 694 743 832 1346
1 251
5 67 354 582 1680 1777
3 1015 1387 1394
5 38 457 940 1480 1533
1 813
0
0
0
0
0
9 221 426 459 514 651 712 738 858 1087
1 38
9 109 275 368 768 826 1263 1381 1432 1781
0
0
0
5 572 945 1290 1498 1788
0
5 38 292 300 689 722
0
1 280
23 102 151 262 283 428 438 510 548 628 660 663 719 733 823 962 1329 1442 1541 1589 1678 1680 1772 1808
0
0
5 181 321 418 773 1616
0
0
18 164 257 320 333 444 850 924 944 991 1204 1250 1253 1256 1278 1641 1651 1819 1839
8 66 166 222 305 322 603 1446 1560
8 433 614 691 1026 1475 1517 1529 1822
9 39 97 157 781 927 1192 1456 1763 1854
14 284 381 498 537 775 797 798 809 833 1137 1618 1658 1879 1880
0
1 507
1 1547
9 348 747 770 930 1000 1165 1316 1523 1812
4 434 528 617 1352
1 39
0
0
0
1 1800
15 94 327 713 906 1019 1067 1126 1129 1173 1226 1655 1673 1724 1820 1837
0
3 465 1391 1436
0
6 429 581 1008 1568 1711 1889
1 40
4 567 583 1360 1526
0
10 183 204 412 610 992 1494 1586 1590 1594 1817
0
25 46 143 306 336 422 478 730 754 802 941 989 1108 1258 1362 1390 1413 1477 1496 1499 1521 1647 1725 1734 1799 1809
5 411 844 1078 1127 1798
4 40 688 1076 1557
0
0
2 1758 1767
17 175 486 543 554 796 838 1092 1133 1152 1337 1339 1365 1367 1430 1537 1735 1771
0
0
7 118 162 235 361 568 622 1086
10 199 430 593 731 767 779 824 1284 1454 1461
4 272 1178 1215 1217
30 41 185 206 268 288 296 302 375 382 416 419 440 467 505 511 555 884 970 974 1048 1189 1198 1222 1273 1309 1377 1420 1441 1696 1815
7 421 732 769 871 1002 1199 1531
5 177 355 873 1154 1195
2 892 1468
7 263 451 513 644 866 1149 1443
0
8 57 777 778 1131 1184 1435 1578 1701
1 41
0
0
0
3 398 453 993
10 58 846 1032 1252 1282 1425 1551 1654 1810 1884
3 682 1276 1704
2 594 1116
7 137 167 982 1115 1139 1549 1689
2 43 254
5 116 128 811 967 1472
1 771
0
2 550 1553
2 1207 1267
1 42
0
0
0
0
0
0
5 42 125 757 902 1522
0
0
3 751 1179 1698
0
0
4 209 293 500 880
0
4 518 787 1307 1712
1 669
6 378 586 665 1085 1291 1818
6 71 331 1298 1380 1836 1851
3 241 363 1239
0
14 212 386 652 834 929 947 948 1161 1257 1331 1334 1451 1773 1856
5 219 502 905 958 1476
0
4 152 501 1185 1336
11 213 250 588 611 657 698 793 1050 1220 1248 1426
0
0
1 540
2 289 1639
12 132 365 604 681 836 867 885 891 1049 1314 1409 1415
1 45
0
0
1 493
2 278 1442
10 115 153 607 630 758 894 1281 1427 1805 1826
0
1 45
0
0
5 531 1033 1118 1345 1765
0
0
0
1 246
0
0
0
0
0
2 46 1338
2 840 1259
0
0
0
0
2 975 1859
0
1 46
0
0
0
0
0
0
2 46 1656
0
0
2 318 1591
6 957 1150 1171 1268 1530 1622
1 249
0
0
0
1 1075
3 679 949 1833
3 576 1236 1783
6 47 194 323 445 585 1414
20 205 374 447 591 662 671 672 704 735 841 977 1064 1304 1403 1458 1633 1653 1740 1869 1877
1 597
8 53 765 842 1095 1177 1183 1302 1731
2 738 1197
3 73 876 1379
3 706 1309 1761
8 123 208 703 792 1053 1096 1566 1660
5 849 1292 1399 1419 1756
2 48 160
2 196 275
0
1 813
0
0
3 60 1263 1803
4 48 315 459 1201
0
0
1 858
0
2 168 1508
7 556 618 710 960 997 1123 1559
0
1 813
2 261 1811
0
0
0
12 49 187 191 211 248 334 545 587 697 1079 1385 1573
0
0
0
1 807
1 341
3 49 1057 1341
1 1550
0
0
0
0
0
0
1 49
5 91 310 352 845 1138
1 544
0
0
0
0
1 49
0
0
0
0
0
1 244
0
0
0
0
1 50
0
0
1 517
0
0
0
6 50 372 481 756 1180 1297
0
0
0
0
0
0
0
0
1 51
2 1031 1166
0
0
0
0
0
5 51 129 392 1018 1311
1 1174
0
0
0
2 144 1274
0
0
0
1 920
0
0
0
4 664 1081 1823 1875
0
0
1 52
4 384 535 817 1690
0
0
0
0
1 52
0
3 649 718 1251
0
1 524
0
0
0
1 52
0
0
1 111
0
1 233
3 314 888 1831
4 52 480 1613 1843
0
0
1 1280
0
0
6 456 763 826 951 1688 1885
0
2 215 532
0
2 431 1130
0
4 298 325 1030 1460
1 53
0
0
0
0
0
1 444
0
1 53
0
0
0
1 1539
1 1410
1 1841
1 53
0
0
0
0
0
0
0
1 989
1 926
0
20 80 113 122 201 273 377 441 490 491 570 953 987 1058 1072 1238 1565 1599 1648 1720 1750
5 54 435 1045 1218 1866
1 1245
1 848
0
0
2 82 1592
0
1 1375
7 551 620 625 966 978 1340 1870
0
0
7 55 141 715 1093 1318 1595 1755
0
2 270 728
1 673
0
2 148 835
3 373 911 1671
1 55
0
0
0
0
1 1434
0
0
0
1 609
3 56 605 1754
0
2 1216 1846
2 69 680
9 338 471 519 1090 1402 1581 1695 1762 1785
0
5 504 520 821 1233 1356
3 56 483 893
1 380
1 354
0
0
6 413 487 825 1009 1361 1482
2 1845 1871
0
1 874
0
2 390 1471
0
1 1575
2 482 1055
0
0
0
2 57 1242
0
0
0
2 1124 1835
0
2 57 963
1 277
0
0
0
3 1429 1478 1780
0
0
1 57
2 290 1144
0
0
1 897
0
5 100 601 810 847 1406
1 57
2 1162 1554
0
0
0
0
1 670
0
0
3 163 1301 1746
0
1 1616
0
0
1 58
1 371
0
0
5 766 921 1010 1146 1206
0
4 890 1364 1725 1759
2 598 690
2 58 358
0
1 831
2 239 1293
5 307 936 1004 1011 1813
0
0
5 58 367 968 1388 1395
2 1299 1746
1 434
5 414 780 1088 1546 1752
0
1 1250
1 1640
0
0
0
0
1 1323
2 59 264
1 552
1 158
1 777
2 181 797
0
0
1 59
4 401 828 882 1829
2 119 955
2 633 711
0
2 635 748
1 599
0
0
4 226 661 702 898
1 1382
1 104
2 265 1052
3 151 308 1541
1 1781
2 60 1051
7 109 188 663 667 1132 1264 1387
2 184 522
0
1 639
2 375 523
0
0
0
1 238
0
3 68 829 1739
1 1021
1 61
0
2 1609 1812
1 243
0
0
2 61 1384
1 1481
0
0
2 983 1751
1 1383
0
2 336 893
4 61 1087 1368 1874
0
0
1 357
0
0
0
2 61 744
0
0
1 437
0
2 530 1753
1 538
0
0
2 1107 1221
5 406 872 954 1016 1571
6 62 333 1047 1503 1694 1860
2 1057 1502
0
3 207 819 914
2 92 1677
3 895 939 1819
1 904
0
1 62
3 717 1225 1737
1 230
0
7 237 312 403 1060 1135 1479 1626
0
0
1 62
1 133
0
0
8 283 457 505 560 1164 1224 1510 1621
2 696 833
0
0
0
1 1794
1 63
0
0
0
1 335
1 1354
2 709 952
3 204 1400 1814
1 63
2 995 1545
1 608
0
1 651
4 416 467 881 1125
3 337 635 1849
1 63
0
0
1 1658
0
0
2 724 1054
1 97
0
2 105 816
2 476 1822
0
0
0
0
0
0
1 349
3 804 1852 1862
1 72
2 300 1448
0
0
0
0
0
2 677 1373
0
1 1145
3 96 729 1017
1 256
1 350
0
1 1787
19 64 161 174 281 990 1003 1111 1176 1191 1287 1296 1371 1449 1561 1636 1683 1697 1766 1782
2 1333 1881
4 470 1424 1610 1729
1 1024
0
0
0
3 885 1035 1322
0
4 417 782 913 1792
2 65 788
1 1807
0
2 460 822
0
1 1193
2 65 920
0
2 1262 1793
1 1778
1 1376
0
0
3 159 411 1542
5 65 150 391 1563 1673
2 1251 1773
0
0
0
3 795 1205 1237
5 89 344 762 965 1168
2 65 863
2 759 889
0
0
2 961 1247
0
3 575 1110 1485
0
0
10 220 295 321 624 637 763 1359 1440 1585 1659
1 1568
7 66 186 478 860 916 1227 1809
4 796 869 1279 1596
4 1089 1347 1459 1512
2 1363 1498
2 547 1696
2 720 1432
0
8 66 450 473 610 984 1013 1675 1738
2 1211 1855
1 1507
1 1769
1 1420
2 169 324
1 826
1 1820
1 1555
1 563
0
1 67
0
0
1 200
0
0
1 615
1 1344
1 67
2 419 1493
1 1661
1 1702
3 915 1300 1464
0
0
1 67
0
1 824
0
2 1001 1100
4 362 458 646 999
0
1 379
0
2 818 1080
1 462
3 626 1313 1612
0
1 328
2 83 497
2 1717 1722
4 217 309 492 1556
1 745
0
1 69
0
1 1332
1 251
0
0
0
2 69 577
0
1 87
1 1156
2 369 1104
0
0
1 423
0
2 1422 1672
0
1 641
1 805
0
0
1 70
1 164
2 650 675
0
1 659
1 589
1 70
0
0
0
0
0
4 113 865 1058 1576
0
2 70 1039
0
0
1 793
1 432
0
0
1 70
0
0
0
0
1 1136
0
0
1 599
6 145 340 485 1140 1310 1628
1 801
0
5 138 1008 1112 1477 1500
0
1 1348
1 88
0
0
2 1094 1710
0
6 72 967 1228 1321 1600 1851
2 1569 1623
0
8 140 627 948 1254 1306 1540 1676 1830
0
0
2 72 213
2 105 1744
0
0
3 782 1360 1579
2 291 611
0
1 1716
1 72
1 609
1 1861
0
0
0
1 1000
1 72
0
0
0
0
0
0
0
0
5 900 1067 1456 1637 1647
0
1 1530
1 407
0
0
2 73 1536
1 716
0
2 206 784
2 94 1241
0
1 1639
1 73
0
3 1070 1098 1255
1 622
0
2 1042 1589
0
0
0
3 514 602 1857
1 1194
1 74
2 855 1775
0
1 1567
0
1 1249
1 74
1 1007
0
2 364 1200
0
0
0
0
1 74
0
0
0
0
1 238
1 1693
1 74
0
0
0
0
0
1 428
0
0
1 1549
7 75 139 222 385 500 937 1732
0
0
6 202 410 733 1120 1486 1802
0
0
0
3 112 648 1607
0
0
0
2 76 1357
0
0
1 1444
0
0
1 76
0
0
0
0
0
0
0
1 76
0
0
0
0
1 1278
0
1 76
0
0
0
0
0
2 255 327
0
0
0
0
0
2 798 1615
0
0
0
1 77
0
4 361 700 844 1760
1 879
0
0
0
0
0
1 77
0
0
1 1617
0
0
1 77
0
0
1 1016
0
0
0
0
2 77 1267
0
0
0
2 384 1740
0
0
1 77
0
0
0
0
0
0
0
0
0
0
10 210 342 437 489 940 1170 1190 1667 1684 1707
0
1 1171
1 78
0
0
4 511 1177 1560 1731
0
0
1 78
0
1 1083
12 84 430 584 704 906 931 1128 1173 1257 1417 1499 1614
0
0
1 1198
2 1270 1582
2 78 1834
0
0
0
0
0
0
6 78 136 405 1421 1433 1848
0
0
0
0
1 1027
0
0
1 1524
0
0
1 1319
0
1 79
0
1 1389
0
0
1 558
2 1141 1689
0
0
1 79
0
0
1 613
0
0
1 79
0
0
1 752
0
0
1 414
1 1739
1 79
0
0
0
0
0
0
1 79
0
0
0
0
0
0
4 98 1215 1506 1516
0
2 775 873
6 275 1480 1664 1666 1678 1680
10 191 316 366 686 689 914 1071 1407 1788 1789
2 708 1438
1 80
14 104 122 266 355 472 815 1157 1232 1269 1350 1381 1484 1537 1577
9 647 651 671 719 743 925 1119 1468 1712
0
0
1 702
0
2 1633 1723
0
1 81
0
0
0
0
1 1599
0
2 360 562
1 81
0
0
0
0
0
0
4 81 396 424 808
1 749
0
4 768 789 841 1872
1 1564
1 147
1 1679
1 692
0
1 1178
4 288 721 933 1801
2 572 1745
2 82 941
0
0
2 201 1346
0
0
0
0
0
1 1867
0
1 499
0
1 1543
0
0
0
1 159
0
0
0
2 84 529
0
0
3 713 1231 1271
0
6 347 770 1055 1105 1662 1719
2 484 1193
0
1 84
0
0
0
0
2 645 1535
1 961
1 84
0
1 1204
0
0
1 1748
0
1 1492
3 685 1246 1338
1 260
1 85
0
3 92 1631 1736
2 736 872
0
2 1169 1873
1 1523
0
2 621 1733
0
2 165 1179
0
2 1275 1886
1 86
1 497
3 525 922 1763
0
5 135 137 859 994 1799
0
4 86 582 891 1768
0
0
2 1050 1434
0
2 156 1074
0
1 165
2 86 352
0
1 525
0
1 1777
0
0
1 86
3 734 1404 1411
3 661 823 1661
0
0
0
0
1 297
3 510 1203 1475
1 745
2 786 1681
0
2 87 1808
1 1127
3 896 1006 1283
0
0
2 426 431
0
0
2 87 149
0
0
0
0
1 1063
0
3 87 95 1144
0
1 1102
0
0
1 1491
0
0
0
0
2 225 623
0
1 1461
0
0
1 88
0
0
0
0
0
0
1 88
0
0
0
0
1 305
0
0
0
11 90 228 282 643 750 964 1082 1181 1391 1606 1724
1 656
12 121 132 304 311 760 938 1068 1452 1457 1490 1519 1670
6 772 1330 1339 1399 1505 1876
0
1 1865
0
9 223 578 1131 1142 1184 1244 1286 1343 1574
1 972
3 566 890 1226
2 89 581
6 567 670 1328 1392 1481 1558
0
2 866 1208
1 725
1 1771
1 1465
0
5 453 970 1168 1489 1559
4 501 1266 1469 1570
9 442 991 1081 1108 1253 1397 1408 1605 1653
1 634
2 800 1305
0
2 254 1223
0
0
0
0
0
2 732 1393
0
1 91
0
3 246 262 986
2 400 1103
0
0
1 608
1 91
0
2 1101 1222
0
0
0
1 974
0
0
2 1358 1842
1 934
3 399 544 913
0
4 764 794 904 1022
0
0
2 92 182
4 508 682 1017 1109
0
2 731 1086
0
0
1 1150
2 92 1435
2 433 1526
0
0
0
1 278
0
1 327
1 160
4 330 587 1410 1772
0
0
0
0
4 927 1398 1602 1884
2 1810 1828
1 161
0
0
5 106 118 754 850 1792
2 950 1268
1 918
8 95 668 993 996 1090 1431 1513 1573
2 421 944
2 990 1256
1 1769
0
0
0
0
1 1342
1 496
2 1494 1571
3 232 329 1023
0
1 1225
0
0
6 167 168 233 1214 1405 1575
1 1718
1 676
3 728 1272 1281
1 97
2 234 1042
0
0
5 451 1040 1095 1638 1831
1 1372
0
1 97
0
6 99 166 556 786 976 1133
0
1 482
0
0
0
0
0
1 1285
2 332 408
0
0
0
0
0
0
0
3 114 354 1230
1 116
0
0
1 99
0
0
5 691 979 1015 1213 1379
0
0
3 838 1290 1295
2 701 830
0
6 100 1029 1260 1742 1775 1798
5 901 1167 1323 1721 1827
1 863
3 855 1210 1406
0
0
1 100
1 1625
1 863
2 398 1797
0
0
0
0
3 100 314 1706
0
0
0
0
0
0
2 100 855
0
0
4 649 1332 1804 1827
0
1 101
0
0
0
0
2 1189 1498
0
0
0
1 730
0
4 101 102 353 1240
0
0
0
0
0
1 101
2 1244 1534
0
0
0
0
1 827
0
1 101
0
0
1 323
0
0
0
1 101
0
0
0
0
0
0
1 774
0
0
1 1337
0
0
5 252 445 452 1367 1703
0
1 102
0
0
2 171 1844
4 179 211 854 1598
1 1470
1 629
3 194 303 429
0
1 741
1 103
0
0
0
0
0
1 103
0
0
0
0
0
0
0
1 103
0
0
0
0
0
0
1 103
0
0
0
3 157 238 1567
0
0
1 1224
0
0
1 954
1 104
2 898 1475
0
1 1175
6 296 313 546 594 946 1442
8 151 251 591 773 1531 1704 1781 1885
0
2 104 226
1 663
0
0
0
4 265 658 1092 1841
0
1 1403
5 280 486 554 1071 1130
0
2 626 831
1 1627
6 105 155 469 1437 1501 1657
0
0
1 1540
0
0
0
0
0
0
0
0
1 284
0
5 411 1374 1539 1811 1833
0
3 106 799 909
1 1682
0
1 193
3 162 1390 1879
0
2 861 1425
2 106 1335
0
0
0
1 1793
2 1590 1795
1 1347
1 1807
0
0
1 712
2 487 491
2 108 1815
0
0
4 143 146 857 1840
6 195 758 1046 1153 1427 1620
1 1331
1 1467
5 108 490 711 1243 1324
1 1788
0
1 295
1 880
1 1304
0
6 187 389 570 848 1737 1863
0
1 738
1 109
0
4 1164 1234 1309 1536
0
3 456 836 1730
1 279
1 775
0
1 1849
0
0
2 110 1727
0
0
0
0
0
0
0
0
1 110
0
0
0
0
0
1 110
0
0
0
0
0
0
0
1 110
0
0
0
0
0
2 158 895
5 110 951 1044 1116 1219
0
1 526
0
0
2 489 513
0
6 283 459 769 946 1087 1122
2 644 1552
1 111
0
0
1 532
0
0
1 111
0
0
0
0
1 718
0
1 535
1 111
0
3 220 1076 1473
0
3 410 1262 1773
0
5 183 244 782 920 1326
1 111
0
0
1 1802
0
0
0
1 985
0
0
1 1864
0
2 449 709
1 952
2 666 1463
0
2 1107 1454
1 509
0
0
1 468
1 1460
1 113
0
0
0
0
0
0
2 113 479
0
0
4 148 325 341 779
0
0
2 1079 1787
0
1 832
2 379 820
3 428 837 843
0
0
2 418 1857
0
1 114
1 1201
1 190
1 1059
0
0
0
0
1 1585
3 533 787 1312
1 1455
0
0
0
1 588
1 966
2 988 1416
0
1 129
2 536 1822
3 145 875 1138
0
3 215 356 814
0
0
0
0
1 117
0
0
0
0
0
1 117
0
1 1289
0
0
0
0
0
1 117
0
1 823
0
0
0
0
1 117
0
0
0
0
0
0
0
1 971
0
0
1 406
1 248
1 118
2 1226 1630
0
2 368 1303
1 1320
0
0
1 118
0
0
0
1 559
0
0
0
0
0
1 198
0
1 119
1 349
0
1 602
0
3 181 545 1700
0
0
1 242
10 480 540 883 1158 1265 1302 1413 1525 1549 1794
1 120
0
2 550 852
0
0
0
0
1 120
0
1 886
1 568
0
2 1252 1483
2 596 1149
0
3 553 557 1672
3 463 1395 1514
0
0
0
5 924 1036 1642 1646 1761
1 755
0
2 235 1886
3 122 345 1012
0
0
1 1507
1 987
1 154
0
1 122
0
0
0
0
1 207
0
0
2 488 1160
0
1 123
0
0
0
0
1 1812
1 1859
0
1 123
0
4 573 810 1165 1316
5 662 1004 1084 1146 1172
0
2 460 1386
0
1 123
0
0
1 1784
0
1 1126
0
0
0
0
2 176 943
2 969 1547
1 1485
1 1051
1 1423
1 846
0
1 1098
1 126
1 1532
0
0
0
0
0
0
0
1 126
0
0
0
0
0
1 126
0
0
0
0
0
0
0
1 126
0
0
2 380 1005
0
0
0
1 126
0
2 494 1568
0
0
0
0
0
0
4 164 249 382 1183
0
2 981 1635
0
0
0
0
0
0
0
0
0
1 130
0
0
4 527 1212 1757 1796
1 236
0
0
2 130 1515
0
0
2 1300 1790
0
0
1 370
4 189 350 837 1233
2 722 1436
0
11 326 802 973 1060 1182 1259 1520 1593 1665 1817 1832
7 173 177 401 1077 1203 1660 1764
0
0
0
3 1196 1649 1870
0
0
0
2 575 1686
0
1 440
0
0
1 1629
5 357 1159 1251 1617 1792
1 1139
0
0
1 753
1 776
3 605 714 1429
2 133 1685
4 221 541 1057 1803
0
0
0
3 258 824 1845
0
0
1 926
1 134
0
1 1352
0
2 412 907
0
0
3 134 444 614
0
0
7 391 673 930 931 1227 1231 1626
2 699 1255
2 788 1091
0
0
0
2 1048 1814
1 1276
1 1675
2 135 919
0
0
0
0
2 579 897
0
0
0
0
1 136
0
4 703 1070 1247 1734
9 247 346 504 742 748 1123 1509 1846 1848
1 1751
0
0
0
2 136 299
0
0
1 443
1 1097
1 1496
0
1 136
1 1419
1 1524
0
1 1715
0
0
2 822 1237
3 984 1738 1888
0
1 819
0
1 137
0
0
1 1466
1 1747
0
4 683 1088 1319 1743
1 1538
0
2 243 878
1 1439
0
0
0
1 851
2 1195 1287
2 216 1043
0
1 1038
0
4 256 291 767 942
0
0
1 1174
2 232 1648
0
0
0
2 1293 1409
3 374 1866 1882
1 1056
0
0
1 142
0
0
0
2 1456 1748
0
1 142
0
0
1 1890
0
0
0
0
2 142 957
0
0
1 849
0
0
3 384 879 1272
1 142
0
1 764
0
0
0
1 1351
1 1577
0
2 784 1561
0
1 1517
0
1 175
0
2 595 684
0
1 481
1 978
1 1755
2 425 1522
1 892
0
1 145
0
0
1 1518
0
1 1301
2 1118 1369
1 145
0
0
1 163
0
1 293
0
0
2 239 531
5 231 534 621 905 1445
3 229 1284 1854
1 1031
3 1067 1279 1877
0
0
0
3 492 1308 1839
0
0
0
0
1 147
0
3 685 777 1487
0
3 617 1368 1495
0
0
1 147
2 1199 1349
0
0
0
0
0
0
0
2 362 1850
0
4 257 519 1145 1588
1 403
1 1853
1 205
2 639 1190
1 1663
2 149 1446
1 1077
0
0
0
1 512
0
0
2 149 997
0
1 423
1 447
3 768 972 1678
0
1 405
1 149
0
0
1 983
0
0
1 618
1 1645
3 168 977 1603
0
1 1083
1 1610
2 528 1114
2 150 560
2 856 1185
0
1 1053
0
2 348 1838
1 312
0
1 1273
8 178 302 315 804 820 1100 1263 1434
1 719
0
0
2 151 316
6 321 1198 1399 1596 1616 1889
1 628
1 702
0
0
0
3 263 1217 1356
1 672
0
1 152
0
1 1762
0
0
5 455 1248 1311 1709 1868
3 1000 1716 1770
4 152 947 1315 1858
0
0
0
0
0
0
1 227
0
1 590
2 320 677
5 604 737 975 1622 1640
1 693
0
0
0
1 660
1 510
0
2 272 799
0
0
0
0
0
0
0
0
0
0
2 415 1544
0
0
0
0
0
1 1382
0
0
0
1 154
0
0
0
0
1 549
0
0
1 154
0
0
0
0
0
1 376
1 154
0
0
1 424
0
0
0
0
0
0
0
0
0
1 155
0
0
3 209 1207 1566
2 166 623
0
0
0
0
1 922
1 156
2 1050 1763
0
1 165
0
0
1 156
0
0
0
0
0
0
0
1 156
0
0
0
0
0
1 922
3 156 165 525
0
0
0
0
0
0
0
0
0
0
0
1 157
6 1119 1246 1385 1535 1694 1842
1 1477
0
1 569
0
4 697 1143 1278 1728
0
0
1 1480
0
0
1 1432
1 720
0
1 1752
0
0
0
1 1089
1 1512
0
0
0
1 689
0
0
0
1 1789
0
1 687
0
0
3 158 542 1883
0
0
1 1758
1 1136
1 732
1 647
0
0
0
1 1558
0
0
0
1 616
1 696
0
1 159
0
1 1271
0
1 347
5 1270 1654 1658 1794 1884
0
2 159 1055
0
0
0
0
3 344 1171 1193
0
0
3 923 1693 1701
0
1 1613
2 593 961
1 816
0
0
0
1 301
3 529 959 1677
1 1529
1 572
0
2 514 794
0
2 160 1357
1 170
0
0
0
0
0
0
1 298
0
1 622
1 1007
0
0
0
0
3 783 1377 1430
1 306
8 219 916 956 1197 1214 1443 1611 1647
0
5 630 1216 1370 1720 1759
1 290
0
1 736
0
1 781
1 1608
1 994
0
0
1 164
0
1 1111
1 1163
0
1 1281
0
0
0
0
0
0
3 310 632 1800
0
0
0
4 185 992 1362 1695
6 270 409 877 925 1062 1421
3 515 1135 1740
0
0
0
0
5 292 1468 1479 1508 1885
0
0
1 648
1 1458
0
0
2 204 646
1 1815
0
0
1 168
0
0
0
0
0
1 203
2 1232 1681
0
0
1 259
0
2 847 1731
0
0
0
0
0
1 170
0
0
1 1606
0
0
0
0
1 170
0
0
0
0
0
2 508 668
1 170
0
0
0
0
0
0
0
1 1578
1 335
0
0
2 171 452
0
1 395
0
0
0
0
0
2 171 535
0
1 1844
0
0
0
0
1 171
0
0
0
0
0
0
0
0
2 172 1835
0
1 499
0
0
5 864 1218 1345 1415 1847
1 172
0
0
0
0
0
0
0
3 172 264 1579
0
3 184 871 1813
0
0
2 1039 1148
0
1 172
0
0
0
0
0
0
0
0
5 601 778 850 949 1471
0
0
0
3 173 1662 1704
0
2 597 1104
0
1 670
0
0
0
1 483
1 174
0
0
1 915
1 245
1 261
0
0
0
0
0
0
0
1 1599
1 175
0
0
0
0
0
0
1 175
1 1484
3 503 635 1666
0
0
0
0
0
0
1 1073
1 966
1 1192
0
0
0
0
2 177 206
0
0
0
0
0
3 682 1581 1702
0
0
0
0
2 580 1433
1 1507
2 180 1295
2 1080 1670
0
0
0
0
0
0
0
1 180
0
0
0
0
0
1 180
0
0
0
1 612
0
0
0
1 180
0
0
0
0
0
0
1 180
0
0
0
0
0
1 1707
0
1 917
0
0
3 181 638 790
0
0
0
1 1555
1 1403
0
0
0
0
0
0
0
0
0
2 182 334
2 544 933
0
0
0
0
0
0
0
1 182
0
1 624
0
0
0
1 182
0
0
0
1 1086
0
2 717 1078
3 504 1624 1854
0
1 610
2 183 901
0
0
0
1 484
0
0
1 183
0
0
1 666
1 1310
0
0
0
0
0
0
0
0
0
1 184
0
1 712
0
0
0
0
1 862
0
3 679 1463 1560
1 520
0
0
1 475
0
2 185 1875
0
0
0
0
3 1001 1236 1739
0
0
0
1 1784
2 208 645
0
0
0
0
2 728 1095
1 1202
1 1006
0
0
0
0
1 616
1 846
0
0
1 721
0
0
1 187
0
0
0
1 1711
2 954 1664
1 1772
0
0
2 763 1775
0
0
0
2 1785 1816
0
1 1756
1 1396
0
6 609 883 900 1105 1527 1626
0
0
0
3 343 511 1154
0
1 188
1 543
0
0
0
2 608 974
1 1849
0
0
0
3 300 435 576
0
0
1 189
0
0
0
0
1 563
0
1 189
0
1 1753
0
1 422
0
0
0
2 1358 1843
0
4 377 1330 1381 1862
0
1 190
0
0
0
0
2 226 1448
0
2 234 815
2 937 1781
1 1016
1 191
1 872
0
2 807 1286
0
0
2 349 1022
1 191
0
0
4 930 1242 1573 1841
1 541
4 230 1164 1454 1513
3 251 1304 1536
3 821 1065 1594
0
1 1867
0
0
1 192
0
1 1489
1 889
0
0
0
1 1677
0
1 192
2 1339 1727
0
0
1 1719
0
1 192
0
0
0
1 1250
0
0
0
1 192
0
0
0
1 1214
1 233
0
1 192
0
1 1341
0
0
0
0
2 614 1873
0
0
2 193 1805
0
0
0
1 336
0
1 1829
1 193
0
0
0
2 364 1797
0
0
0
0
2 805 902
1 194
0
0
0
0
0
0
2 795 1144
2 594 1661
1 1108
0
2 1093 1713
2 1245 1830
1 195
1 1855
0
0
0
0
6 869 934 987 1017 1153 1763
0
0
0
0
1 196
1 404
0
0
4 319 727 873 1387
1 941
1 1169
0
1 196
0
0
0
0
2 512 769
0
1 196
0
0
0
0
0
0
0
2 564 741
2 1176 1390
1 1318
0
0
0
0
0
0
0
0
1 198
0
1 750
0
0
0
0
2 1063 1874
1 694
1 199
3 407 1574 1888
0
0
0
0
2 539 552
1 240
0
1 1069
1 200
0
0
0
0
0
0
0
1 200
0
0
0
0
0
0
1 200
0
0
0
0
0
1 438
1 743
0
2 318 998
0
1 945
0
0
2 505 1274
3 771 1528 1676
0
0
0
1 1758
0
0
1 203
0
1 786
0
1 1051
0
0
0
1 203
0
0
0
4 1157 1531 1543 1799
0
0
1 203
0
0
0
0
0
0
0
0
0
0
0
2 346 581
1 1505
1 204
1 1376
0
0
0
0
0
0
0
0
0
0
0
1 205
0
0
0
0
0
0
0
1 205
0
0
0
0
0
0
1 205
0
0
0
0
0
0
0
0
2 598 881
0
0
0
1 1842
0
0
0
1 207
2 894 1292
0
1 1428
2 567 1637
1 273
0
0
2 625 1698
0
0
0
0
1 1563
0
1 208
0
0
0
0
1 1283
1 1725
0
0
0
0
0
0
5 428 663 986 1071 1215
0
0
5 367 425 620 655 1365
0
0
0
0
0
0
0
0
0
2 1298 1472
0
0
0
0
3 1324 1766 1819
0
0
0
0
0
1 1049
0
2 965 1545
1 211
1 913
0
0
0
0
1 700
1 211
2 783 1774
0
0
0
0
0
0
0
0
0
0
0
0
0
1 214
0
2 910 1498
0
0
0
1 214
0
0
0
0
0
0
0
1 214
0
0
0
0
0
0
1 214
0
0
0
0
0
0
0
0
0
0
2 327 1058
0
0
0
0
0
0
0
0
0
0
1 1583
2 705 1786
1 631
0
0
4 218 392 607 1191
1 547
0
0
0
0
2 839 1089
0
0
1 867
1 331
0
0
0
0
0
0
0
0
1 1793
1 849
0
1 220
0
1 1825
0
0
0
0
1 220
0
0
0
0
0
1 1817
0
0
0
3 418 1178 1201
0
1 221
0
1 1354
0
1 1891
0
1 1405
0
1 379
3 1398 1464 1735
1 868
3 690 1110 1162
0
0
0
0
0
0
0
0
0
1 224
0
0
0
0
0
0
0
0
1 224
0
0
0
0
0
1 224
0
0
0
0
0
1 995
0
1 224
0
0
0
0
0
0
1 224
0
0
0
0
0
0
0
0
0
0
0
2 419 908
0
1 955
0
0
0
1 693
1 695
0
0
1 1493
1 396
0
1 843
0
0
0
0
0
0
0
1 1363
1 1297
0
5 462 735 877 1569 1795
1 518
0
1 1125
1 309
2 385 1388
1 1500
0
0
1 1881
1 1075
0
0
0
0
0
0
1 1526
1 1778
0
0
0
1 1134
0
0
1 1322
1 1551
0
0
0
0
1 230
1 342
0
0
0
0
1 1379
0
1 230
0
0
0
1 1519
0
0
2 230 1840
0
0
0
0
0
0
1 1767
0
1 305
0
0
1 1161
0
0
0
0
1 1691
1 1571
0
0
0
0
0
0
0
1 233
0
1 493
1 565
0
1 785
0
0
2 579 1478
1 976
0
3 277 447 1282
1 234
1 522
1 766
0
0
0
1 1685
1 234
0
0
0
0
0
1 812
0
0
0
0
0
0
1 329
1 271
0
2 1411 1853
0
0
0
3 298 488 1645
1 237
2 340 1079
0
0
0
0
6 237 962 996 1152 1502 1518
0
1 260
0
0
3 377 479 977
0
0
1 237
0
0
0
0
0
0
1 237
0
0
0
0
0
0
0
0
1 1013
0
0
0
0
1 238
0
0
0
0
0
1 1598
0
1 1406
0
0
0
0
0
1 1462
1 680
0
1 1260
1 1029
0
0
1 241
2 1239 1378
0
0
0
1 561
0
0
0
2 258 1234
1 242
0
0
0
0
2 574 1705
0
0
2 242 1200
0
0
0
0
0
0
1 242
0
0
0
0
0
0
0
0
1 641
0
0
0
0
2 243 606
0
0
3 337 657 1023
1 999
2 432 577
2 833 1090
1 243
0
0
0
1 1605
0
0
0
0
1 244
0
0
0
1 1357
0
0
1 244
0
0
0
1 730
0
1 858
0
2 697 1303
0
1 245
0
0
0
0
0
0
0
1 245
0
0
0
0
0
0
2 245 1349
0
0
0
0
0
0
0
0
1 246
0
0
0
0
0
2 939 1744
1 393
0
1 1124
0
1 247
0
0
0
0
0
0
0
1 1059
1 523
2 496 731
0
1 1879
0
0
0
0
0
0
0
0
0
0
2 251 661
0
2 768 804
0
0
0
0
0
0
1 252
0
0
1 464
1 1687
0
0
0
0
0
1 1742
0
1 253
0
0
2 1220 1826
0
0
0
1 463
0
0
0
0
0
1 1625
0
0
0
0
0
0
1 1706
0
0
0
0
2 255 516
1 1199
0
0
0
0
1 844
2 255 1331
0
0
0
1 692
2 1036 1431
0
0
0
0
0
0
3 1312 1515 1801
1 1265
2 256 1306
1 1061
0
0
0
0
1 403
1 256
1 633
0
0
0
0
1 1762
0
0
0
1 1402
2 551 715
3 559 865 1346
0
0
0
0
0
0
0
0
0
0
0
1 486
0
0
0
0
0
0
0
0
0
0
0
1 1444
0
1 1737
0
1 260
0
0
0
0
0
0
2 260 1444
0
0
0
0
0
0
0
0
1 801
0
3 1084 1724 1736
4 1115 1206 1333 1384
0
0
0
1 1827
2 262 1688
0
1 667
0
0
0
1 873
1 262
0
0
0
0
0
1 659
0
0
0
1 1704
0
0
3 589 747 1268
0
1 264
0
0
0
0
0
0
1 1523
1 264
0
0
0
0
0
1 985
2 264 380
0
0
0
0
2 1004 1804
0
0
0
0
1 265
0
0
0
0
0
0
1 265
1 1669
0
0
0
0
2 487 1824
0
2 1427 1822
0
1 266
0
0
0
0
0
0
0
0
0
0
1 1449
0
1 1129
3 474 808 852
3 268 370 1258
0
0
0
0
0
0
1 268
0
0
0
0
1 1656
0
0
0
0
1 724
0
0
1 270
2 556 709
0
0
0
0
0
0
0
1 1050
2 880 1434
0
0
1 1566
1 271
0
0
0
0
1 1729
0
0
1 271
0
0
0
0
0
0
1 271
0
0
0
0
0
0
0
0
1 272
0
1 826
0
1 799
0
0
2 884 1543
0
1 1461
0
1 662
0
0
1 273
0
0
0
1 1305
2 383 1416
0
1 273
0
0
0
0
0
1 1750
0
0
0
1 274
0
0
0
0
0
0
0
0
1 274
0
0
0
0
0
1 274
0
0
0
0
2 287 649
0
0
1 274
0
0
0
1 1532
0
0
1 274
0
0
1 899
0
0
0
0
0
0
0
0
0
0
0
1 276
0
0
0
1 546
0
0
0
0
1 276
0
1 1229
0
0
0
1 276
0
0
0
0
1 1355
0
0
1 276
0
0
0
0
0
0
1 276
0
0
0
0
0
0
0
0
0
1 1167
1 1796
1 1700
1 1168
0
3 277 729 1616
0
0
0
0
0
0
1 1428
0
1 278
0
0
0
0
0
0
1 278
0
0
0
0
1 1870
0
0
0
3 279 280 1639
0
1 367
3 542 1101 1224
0
0
0
0
0
1 447
0
1 1442
2 1299 1872
1 587
0
0
0
1 1173
2 837 1850
1 282
1 1180
0
0
0
0
0
0
0
0
0
0
0
1 284
0
1 1673
0
0
0
0
1 1256
0
1 286
1 710
1 1601
1 1048
1 461
0
0
0
2 603 1696
0
0
0
0
1 287
0
0
0
0
0
1 287
0
2 1575 1668
0
0
0
0
0
1 287
0
0
0
0
0
0
1 287
0
0
0
0
0
0
0
0
0
0
0
1 289
0
0
0
0
0
0
0
0
0
0
0
0
0
0
1 290
0
1 1748
0
0
2 1189 1231
0
1 290
0
0
0
1 442
0
0
0
0
0
1 291
0
0
0
2 477 1254
0
0
1 291
0
0
0
0
0
1 831
0
0
0
1 292
0
0
0
0
0
0
1 1015
0
1 293
0
0
0
0
1 991
0
1 425
0
0
0
1 295
0
2 774 945
0
0
0
0
4 295 970 990 1777
1 300
1 1726
0
0
1 810
0
0
0
0
0
1 296
0
0
0
0
0
0
0
0
0
1 1170
0
0
0
2 860 976
0
0
1 298
0
0
1 871
0
1 1341
0
1 298
0
0
0
1 815
0
0
0
0
0
2 299 1143
1 1886
0
0
0
0
0
1 299
0
0
1 951
0
0
0
0
1 1474
2 758 832
1 1244
0
0
1 1852
0
0
0
0
1 301
0
0
0
0
1 882
0
0
0
0
0
0
3 302 315 1606
0
0
1 671
0
0
0
0
1 321
0
1 303
0
0
0
0
0
0
0
1 303
0
0
0
0
0
0
1 303
0
1 1682
0
0
0
0
0
0
0
0
0
0
0
0
0
0
1 517
0
0
1 1503
0
1 306
0
0
0
0
0
0
0
0
0
2 595 1074
0
0
1 870
0
0
0
0
2 1747 1783
0
1 309
0
0
0
1 684
0
0
0
0
0
0
0
1 787
0
0
0
2 708 807
1 311
0
1 1627
0
0
0
0
0
0
1 405
0
0
0
0
3 599 828 921
0
3 1138 1549 1614
1 1838
0
0
1 314
0
0
0
0
0
1 893
1 314
0
0
0
0
0
0
1 923
0
0
0
0
0
0
0
0
1 315
0
0
0
0
0
0
1 315
0
0
0
0
0
0
0
0
0
0
0
1 316
0
0
0
0
0
0
0
0
0
2 940 1420
0
0
0
0
0
0
0
0
0
0
0
0
0
1 319
0
0
1 1743
0
0
1 319
0
0
0
0
0
0
0
1 319
1 1594
0
0
0
0
0
1 319
0
0
1 1693
0
0
0
0
0
0
2 1002 1586
1 1617
0
0
0
0
0
0
0
1 1680
0
0
0
0
0
0
0
1 322
0
0
0
0
0
3 322 1123 1459
0
1 639
0
0
0
0
0
1 322
1 1367
1 859
0
3 323 963 1292
3 545 789 1620
2 538 754
0
0
0
0
1 949
0
1 835
0
0
0
1 325
1 1047
0
0
0
0
0
0
0
2 953 1745
0
1 830
1 1386
1 326
0
0
0
0
0
0
0
0
0
0
1 1280
0
2 327 334
0
1 399
0
1 1863
2 366 406
0
0
0
0
0
0
0
1 408
1 1624
0
0
0
0
0
0
1 1553
0
0
1 378
0
0
0
0
0
0
0
0
1 332
0
0
0
0
0
0
0
0
0
0
0
0
0
0
0
0
1 334
0
1 874
0
0
0
0
1 334
0
0
0
0
0
0
0
0
0
0
0
1 335
0
0
0
0
0
0
0
0
0
1 1806
0
0
1 1890
1 336
0
0
0
0
0
0
1 1391
1 610
0
0
0
0
2 337 1054
0
0
0
0
0
0
1 337
0
0
0
0
0
1 400
1 583
1 1040
0
1 362
0
0
1 338
0
0
0
0
0
0
0
0
1 338
0
0
0
0
0
1 338
0
0
0
0
0
0
0
1 338
0
0
0
0
0
0
1 338
0
0
0
0
0
0
0
0
0
2 1060 1107
0
0
0
1 1223
0
1 660
1 341
0
1 548
0
0
3 536 857 979
1 1533
0
0
0
2 1467 1534
0
0
2 342 1309
0
0
0
0
0
2 931 957
0
0
0
0
2 788 1098
1 343
0
0
0
0
0
1 343
2 389 1701
0
2 1121 1210
0
0
0
3 513 1536 1885
1 343
1 1563
0
0
0
0
1 493
1 343
0
0
0
0
0
0
0
0
3 344 1131 1589
0
0
0
1 1703
0
0
0
0
1 1513
0
1 345
1 1865
0
1 1092
0
0
0
0
0
1 866
0
0
0
2 346 1099
0
0
0
0
0
0
1 346
0
0
0
3 494 1524 1530
0
0
0
0
1 347
2 433 1731
0
0
1 573
0
0
1 431
0
1 895
1 1858
1 800
0
1 1599
0
0
1 349
0
0
0
0
0
0
0
0
1 350
0
1 1145
1 437
1 1507
0
0
0
0
1 1733
0
0
0
0
1 353
1 813
0
0
0
0
0
0
1 353
0
0
0
0
0
0
1 353
0
0
0
1 841
0
0
0
0
0
0
0
0
0
1 648
1 685
2 1027 1677
1 411
0
3 1204 1342 1859
2 1135 1647
0
0
0
0
0
0
1 1388
0
0
0
0
0
0
1 776
1 1497
1 702
0
1 357
0
0
0
0
0
0
0
1 357
0
0
0
0
0
1 1247
1 357
0
0
0
0
0
0
0
0
0
1 1026
0
0
1 360
0
1 1812
0
0
0
0
0
1 360
0
0
0
0
0
1 1116
1 360
0
0
0
0
0
0
0
0
0
3 361 1287 1659
0
1 1010
0
0
0
0
1 361
0
0
0
0
0
0
0
1 1642
1 1227
2 764 1558
0
0
0
1 362
0
1 1779
0
0
0
0
0
0
0
0
0
0
0
3 909 1077 1328
1 1150
0
0
1 1351
1 1110
0
0
0
0
1 1864
0
0
0
0
0
0
1 364
0
0
1 1567
1 794
0
0
1 364
0
0
0
0
1 872
0
1 1618
0
3 1535 1577 1626
2 1109 1805
1 1172
0
0
0
1 1458
0
0
2 624 854
0
1 900
0
0
0
0
0
0
0
0
2 367 1746
0
0
0
0
0
0
1 367
0
0
0
0
0
0
0
0
1 368
0
0
0
0
0
0
0
0
1 369
0
0
0
0
0
0
0
2 369 1068
0
0
0
0
0
0
1 369
0
0
0
1 582
0
0
0
0
0
1 497
0
0
0
0
0
0
0
0
1 374
0
0
0
0
0
0
0
2 1032 1425
1 1069
0
1 1650
0
1 376
0
0
1 1400
1 458
0
0
0
0
1 377
0
0
0
0
0
0
0
0
0
0
0
0
1 524
1 656
0
0
1 820
1 379
0
0
0
0
0
0
0
1 871
0
3 380 457 1495
0
0
0
1 1360
0
0
1 761
0
0
0
0
0
1 383
0
0
0
0
0
2 746 1246
0
1 383
0
0
0
0
0
0
1 383
1 830
0
0
0
0
0
0
0
1 1127
1 879
1 410
0
1 384
0
0
0
0
0
0
1 384
0
1 532
0
2 1237 1712
0
0
1 1274
0
0
0
0
0
0
0
0
0
0
0
0
0
0
0
0
1 389
0
0
0
0
1 629
0
0
1 389
0
0
0
0
0
0
1 389
0
0
0
0
0
0
0
0
0
1 1132
0
1 391
0
0
0
0
2 673 987
0
0
0
0
0
0
0
0
0
0
0
0
0
1 393
1 1422
0
0
0
0
0
1 1301
1 393
1 644
0
0
0
0
1 1369
1 393
0
0
0
0
0
0
0
0
0
2 1064 1759
0
2 703 1372
1 822
3 679 972 1546
2 449 1102
2 413 1393
0
0
1 409
0
1 395
0
0
0
0
0
0
0
0
0
0
0
0
0
0
0
0
0
4 398 906 1630 1780
0
0
2 993 1478
1 1117
0
2 417 907
0
0
0
0
1 399
0
1 1153
0
0
0
3 1016 1511 1842
0
0
0
0
0
0
0
0
0
1 401
0
0
0
0
0
1 430
0
0
0
0
1 870
0
0
0
0
1 404
0
0
0
0
0
0
0
1 404
0
0
0
0
0
0
1 404
0
0
0
0
1 825
0
0
0
2 778 1789
0
0
0
0
2 405 970
0
0
0
0
0
0
0
1 861
0
0
0
0
0
1 406
0
0
0
0
0
0
0
0
0
0
0
0
0
0
0
0
0
0
1 408
0
0
0
0
1 683
0
0
0
0
0
0
0
0
2 473 1663
1 409
0
1 853
0
0
0
0
0
0
0
0
0
0
0
1 410
0
0
0
0
0
0
1 410
0
0
1 1773
1 1792
0
0
0
1 879
2 959 1631
0
0
0
0
0
0
0
1 412
0
0
0
0
0
0
0
0
0
0
0
0
0
0
1 413
3 790 1255 1516
0
0
0
0
0
1 413
0
0
0
1 635
0
0
0
0
0
1 414
0
1 1141
0
1 1441
0
0
1 414
0
0
0
0
0
0
0
1 1779
1 745
0
1 415
0
0
0
0
0
1 415
0
0
0
0
0
0
0
1 415
0
0
0
0
0
0
1 415
0
0
0
0
0
0
0
0
0
0
0
0
0
0
1 1835
1 1489
0
0
0
0
0
1 417
0
0
0
0
0
0
0
1 417
0
0
0
0
0
0
1 417
0
0
0
0
0
0
0
0
0
0
0
0
1 667
0
1 1857
0
0
0
0
0
0
0
1 419
0
1 676
0
1 526
0
0
0
1 777
0
1 421
0
0
0
0
0
0
0
0
2 508 713
0
0
0
0
0
0
0
0
0
0
0
0
0
0
0
1 425
0
0
0
0
0
0
0
0
2 426 1392
0
0
0
1 1156
0
0
1 426
0
0
0
0
0
0
0
0
0
0
0
0
0
1 1071
0
2 429 1122
0
0
0
0
0
0
0
0
0
0
0
0
0
0
1 430
0
0
3 1003 1043 1684
0
0
1 1300
0
0
0
0
1 1042
0
2 647 1053
2 431 1481
0
0
0
1 1066
0
0
1 742
0
2 772 1646
0
0
0
1 432
0
0
0
0
0
0
1 432
0
2 1056 1579
0
0
0
0
1 1052
0
3 515 1539 1769
0
0
0
0
1 433
0
0
0
0
0
0
0
1 1208
0
0
0
0
0
0
0
0
1 989
0
0
0
0
1 436
0
0
0
0
0
0
0
0
1 436
0
0
0
0
0
1 436
0
0
0
0
0
0
0
2 436 591
0
0
0
0
0
0
1 436
1 1288
0
0
0
0
0
0
0
0
0
0
0
0
0
1 437
0
0
0
0
0
0
0
0
0
0
3 759 971 1126
0
0
0
0
0
1 1158
0
1 1253
0
0
0
0
0
0
0
2 1275 1338
1 442
0
0
0
0
0
1 1417
1 442
0
1 994
0
0
0
0
0
0
0
1 443
0
0
0
0
0
0
0
1 443
0
0
0
0
0
0
1 443
0
0
0
0
0
0
0
0
0
1 1202
0
0
0
1 1017
4 547 722 1262 1509
1 646
0
1 1086
0
0
0
2 447 1508
0
0
0
0
0
0
0
0
1 1018
0
0
0
0
0
0
0
1 875
0
0
0
0
0
0
0
0
0
0
0
0
1 452
0
0
0
0
0
0
0
0
1 453
0
0
0
0
0
0
1 453
1 850
0
0
0
1 1337
0
0
0
0
0
0
0
1 1538
4 455 518 1295 1790
0
0
0
0
0
0
0
0
1 1718
0
1 1730
0
0
0
0
2 569 584
0
0
0
0
0
0
0
1 898
0
0
0
0
0
1 460
0
0
0
0
0
0
1 460
0
0
0
0
0
0
0
0
0
0
0
0
0
0
0
0
0
0
0
1 1370
0
0
0
0
0
0
0
0
0
0
0
0
0
1 1625
0
0
1 468
0
0
0
0
0
1 468
0
0
0
0
0
0
0
1 468
0
0
0
0
0
0
1 468
0
0
1 863
0
0
0
0
0
0
0
0
0
0
0
0
0
0
1 1506
0
0
0
1 473
0
1 666
0
0
0
0
1 862
0
0
0
1 896
1 474
0
0
0
1 827
0
2 474 1133
0
0
0
0
0
0
0
1 474
0
0
0
0
0
0
1 474
0
0
0
0
0
0
0
0
0
0
1 1674
0
0
0
0
0
0
1 475
0
0
0
0
0
0
0
0
1 475
0
0
0
0
0
1 475
0
0
0
0
0
0
0
1 475
0
0
0
0
0
0
1 475
0
0
0
0
0
0
0
0
1 476
0
0
0
0
0
0
0
0
0
0
0
0
1 477
0
0
0
0
0
0
0
1 477
2 1466 1848
0
0
0
0
0
1 477
0
0
0
0
0
0
1 696
0
0
0
0
0
0
1 480
0
0
0
3 781 1115 1564
1 1316
0
0
0
0
0
0
0
0
0
2 482 1545
0
0
0
4 920 923 1193 1767
0
1 1613
1 482
0
0
0
0
0
0
0
0
0
0
0
0
0
0
0
0
0
1 484
0
0
0
0
0
0
1 484
0
0
0
0
0
0
0
0
0
0
1 1691
0
1 1148
0
0
0
0
0
0
1 510
1 487
0
0
0
0
0
0
0
0
1 1310
0
0
0
0
0
0
0
0
0
0
1 489
1 1659
0
0
0
2 1200 1758
0
1 489
0
0
0
0
0
0
0
0
1 966
1 1073
1 687
0
1 1883
0
0
0
0
0
0
0
0
0
0
0
2 1353 1581
0
0
1 493
0
0
1 769
0
1 884
0
1 493
0
0
0
0
0
0
0
0
0
0
0
0
1 494
0
0
0
0
0
0
1 494
0
0
0
0
0
0
0
0
0
0
1 1750
0
0
0
0
0
0
0
0
1 497
0
0
0
0
2 1350 1672
0
1 497
0
0
0
0
0
0
0
0
0
0
0
0
0
0
0
0
0
0
0
1 1423
0
0
0
0
0
1 1009
0
0
1 1154
0
0
0
0
0
0
0
0
0
0
0
1 508
0
0
0
0
0
1 1603
0
0
0
0
1 1749
0
0
0
0
0
0
0
0
0
0
0
0
0
0
0
0
0
1 512
0
0
0
0
0
0
0
0
0
0
0
0
1 513
0
0
0
0
0
0
0
0
0
0
0
0
0
0
0
0
0
0
0
0
0
0
0
1 516
0
0
0
0
0
0
0
0
1 516
0
0
0
0
0
1 516
0
0
0
0
0
0
0
1 516
0
0
1 1065
0
0
0
1 516
0
0
0
0
0
0
0
0
1 1120
0
0
0
1 517
0
0
0
0
0
0
1 517
0
0
0
0
0
0
1 824
1 1505
0
0
0
0
0
0
0
0
0
0
2 519 890
0
0
0
0
0
0
1 519
0
0
0
0
1 1641
0
0
0
1 520
0
0
0
0
1 1348
1 567
0
0
0
1 521
0
0
0
1 522
0
0
0
0
0
0
0
0
0
0
2 885 1076
2 1512 1568
0
0
0
0
0
1 524
0
0
0
0
0
0
2 1021 1439
1 524
0
0
0
0
0
0
1 524
0
0
0
0
0
0
0
0
0
1 525
0
0
1 1662
0
0
0
0
0
1 946
0
0
0
0
0
0
1 526
0
0
0
0
0
0
1 526
1 1219
0
0
3 951 982 1116
0
0
0
1 836
0
1 527
1 1081
0
0
0
0
0
0
0
0
0
0
1 1847
0
0
0
0
0
0
0
0
2 718 1690
1 532
1 1307
0
0
0
0
0
0
0
0
0
0
0
1 535
1 1165
0
0
0
0
0
1 535
0
0
0
0
0
0
0
0
0
0
0
0
0
0
0
0
0
0
0
0
0
1 538
0
0
0
0
0
0
0
1 538
0
0
0
0
0
0
1 538
0
0
0
0
0
0
0
0
0
1 1276
0
0
0
1 539
0
0
0
0
0
0
0
0
0
0
1 1051
0
1 541
0
0
0
0
0
0
1 541
0
0
0
0
1 719
0
0
0
0
0
0
1 542
0
0
0
0
0
0
1 542
0
1 1694
1 1377
0
0
0
0
0
0
0
1 543
1 714
0
0
1 1473
0
0
0
0
0
0
1 544
0
0
0
1 609
0
0
0
0
0
0
0
0
0
0
0
1 546
0
0
0
0
0
0
0
0
0
0
0
1 1891
1 548
0
0
0
0
0
0
0
1 548
0
0
0
0
1 564
0
1 548
0
0
0
0
0
0
0
0
1 549
0
0
0
0
0
0
0
0
2 614 1488
0
0
0
1 1635
0
0
0
0
0
0
0
0
0
0
1 978
2 553 734
0
0
0
0
0
0
0
0
0
0
0
0
0
0
0
0
0
2 727 1540
0
0
0
1 1741
0
0
0
0
0
0
0
0
1 557
0
0
0
0
0
0
0
0
0
0
0
0
0
0
0
1 558
0
0
0
0
0
1 558
0
0
0
0
0
1 1215
0
1 558
0
0
0
0
0
0
1 558
0
0
0
1 1887
0
2 613 1516
0
0
0
1 1578
2 1573 1711
0
0
0
1 559
0
0
0
0
0
0
1 559
0
0
0
0
0
0
0
0
2 560 1675
0
0
0
0
0
0
1 560
0
0
0
0
0
1 1882
0
0
0
0
0
0
0
1 562
0
0
0
1 693
0
0
0
0
0
0
0
0
1 1721
0
0
0
0
0
1 564
0
0
0
0
0
0
0
1 564
0
1 1891
0
0
0
0
1 564
0
0
0
0
0
0
0
0
0
0
0
0
1 565
0
0
0
0
0
1 565
0
3 952 1174 1715
0
0
0
1 1484
0
1 565
0
1 659
0
0
0
0
1 565
0
0
0
0
0
0
0
0
0
0
0
0
0
0
2 725 1421
1 973
0
0
0
0
2 1592 1784
0
1 1638
0
0
0
0
0
0
0
0
0
0
0
0
0
0
0
0
0
0
0
0
1 574
0
0
0
0
0
1 574
0
0
0
0
0
0
1 1544
1 574
0
0
0
0
0
0
1 574
0
0
0
0
0
0
0
0
0
0
0
0
0
0
0
1 1875
0
0
0
0
0
0
3 950 1272 1629
0
0
1 1824
0
0
0
1 580
0
0
0
0
0
0
1 597
0
2 581 601
0
1 1610
0
1 1287
0
0
0
0
0
0
0
2 616 1358
0
1 582
0
0
0
0
0
0
0
0
0
1 1465
0
1 1700
0
0
1 1171
1 1046
1 1282
0
1 1877
0
0
1 1725
0
0
0
1 612
0
0
1 1819
0
1 1705
2 587 1242
1 625
0
1 1737
0
2 892 1073
0
0
0
0
0
2 588 880
0
0
1 1001
0
0
0
0
0
0
0
1 589
1 1221
0
1 965
0
0
0
0
0
0
0
1 590
0
0
0
0
0
0
0
1 1191
0
0
0
1 720
0
0
0
0
1 593
0
0
0
0
1 1078
0
1 593
0
0
0
0
0
0
0
0
0
0
0
0
0
0
0
0
0
3 596 910 1054
0
0
0
0
0
1 971
0
1 596
0
0
0
0
0
0
1 596
0
0
0
0
0
0
0
0
0
0
0
0
0
0
1 1091
1 598
0
0
0
1 1129
0
0
0
0
0
0
0
0
0
1 599
1 1136
0
0
0
0
1 1470
2 599 650
0
0
0
0
0
0
0
0
0
0
0
0
0
0
0
0
0
0
0
0
0
0
0
0
0
0
1 733
1 604
0
0
0
0
0
0
1 604
0
0
0
0
0
0
0
0
0
1 605
0
0
0
0
0
0
1 605
0
0
2 762 1828
1 1224
0
0
0
0
0
2 701 783
0
0
0
1 1159
0
0
0
0
0
1 1681
0
0
1 1774
0
0
0
0
1 606
0
0
0
0
1 657
0
0
0
0
0
0
0
0
0
1 607
0
0
0
0
0
0
1 607
0
0
0
0
0
0
0
0
0
0
1 608
1 1326
0
0
0
0
0
0
0
0
0
0
0
0
0
0
0
1 1579
0
0
0
0
0
0
0
0
0
1 612
0
0
0
0
0
0
0
1 612
0
0
0
0
0
0
2 612 1734
0
0
0
0
0
0
0
0
0
0
0
0
0
0
0
1 1779
1 613
0
0
0
0
1 1319
1 613
0
0
0
0
0
0
0
1 613
0
0
0
0
0
0
1 613
0
0
0
0
0
0
0
0
0
0
0
0
0
0
0
0
2 615 1762
0
0
0
0
1 677
1 615
0
0
0
0
0
0
0
1 615
0
1 749
0
0
0
0
1 615
0
0
0
0
0
0
0
0
0
0
0
0
0
1 1808
1 616
0
1 773
0
0
0
0
0
0
0
0
1 1124
0
0
1 618
0
0
0
0
0
1 1554
1 618
0
1 1846
0
0
0
0
0
0
0
0
0
0
0
0
0
0
0
0
0
0
2 623 1472
0
0
0
0
0
0
1 623
0
0
0
0
0
0
0
0
0
0
0
0
0
0
0
0
1 625
0
0
0
1 864
0
0
0
0
0
0
0
0
0
0
0
0
0
0
0
0
0
0
3 629 858 1382
0
0
0
0
0
0
1 629
0
0
0
0
0
0
0
0
0
0
0
0
0
0
0
0
0
0
0
1 1446
1 633
0
1 1685
0
0
0
0
0
0
1 1823
0
0
0
0
0
0
1 1104
0
0
0
0
0
0
0
0
0
0
0
1 639
0
0
1 1217
0
0
0
0
0
0
0
0
0
0
0
0
0
0
1 721
1 1229
1 644
0
0
0
0
0
0
1 644
0
0
0
0
0
0
1 1289
0
1 645
0
0
0
0
0
0
1 645
0
0
0
0
0
0
0
0
0
0
0
0
1 646
0
0
0
0
0
1 1459
0
0
0
2 661 1661
0
0
0
1 647
0
0
0
0
0
0
1 804
0
0
0
0
1 1529
0
1 946
0
1 649
0
1 899
0
0
0
0
1 1205
0
1 821
0
0
0
0
0
0
0
0
0
1 655
0
0
0
0
0
0
0
0
0
1 656
0
0
0
0
1 901
0
1 656
0
0
0
0
0
0
0
0
0
0
0
0
0
0
0
0
0
1 658
0
1 933
0
0
0
0
0
0
1 1634
0
0
0
0
1 659
0
1 1834
0
0
0
0
1 659
0
0
0
1 1356
0
0
0
0
0
0
1 799
0
0
1 660
0
0
1 961
0
1 1131
0
1 660
0
0
0
0
0
0
1 1551
2 1013 1582
0
0
0
0
0
0
0
0
0
0
0
2 1686 1738
0
0
0
0
0
1 664
0
1 1761
0
0
0
1 664
0
0
1 1110
0
0
0
0
1 664
0
0
0
0
0
0
0
0
0
1 666
0
0
0
0
0
0
0
0
0
0
0
0
0
0
0
0
0
0
0
0
1 671
0
0
0
0
0
0
0
0
0
0
0
0
0
0
0
1 673
0
1 690
1 1169
0
0
0
0
0
0
0
0
0
1 676
0
0
0
0
0
0
1 676
0
0
0
0
0
0
0
0
1 1716
0
0
0
0
0
0
1 677
0
0
1 943
0
0
0
1 677
0
0
0
0
1 1596
0
0
0
0
1 678
0
0
0
0
0
0
0
1 1532
1 678
0
0
0
0
0
1 678
0
0
0
0
0
0
0
1 678
0
0
0
0
0
0
1 678
0
0
0
0
0
0
0
0
0
0
1 918
1 1049
0
1 1862
0
0
1 680
0
0
0
0
0
0
0
0
0
0
0
0
0
0
0
0
0
0
0
0
0
0
0
0
0
0
0
1 685
1 993
0
0
0
0
0
1 1807
0
0
0
0
1 1726
0
0
0
0
1 687
0
1 1331
0
0
0
1 1695
1 687
0
0
0
0
0
0
0
0
0
0
0
0
0
0
0
1 690
0
0
0
0
0
0
0
0
1 897
0
0
1 692
0
0
0
0
0
0
1 692
0
0
0
0
0
0
0
0
0
0
0
0
0
0
1 693
0
1 1125
0
0
0
0
0
0
1 1707
0
0
0
0
0
0
0
0
0
0
0
0
0
0
0
1 1057
2 1332 1817
0
1 697
0
0
0
0
0
0
0
0
0
1 699
0
0
0
0
0
0
0
0
0
0
0
0
0
0
1 1113
0
0
0
0
0
0
1 701
0
0
0
0
0
0
1 701
0
0
0
0
0
0
0
0
0
0
0
0
1 1585
1 986
0
1 1727
2 1083 1843
0
0
0
1 1639
0
0
0
0
0
0
0
0
0
0
0
0
0
0
0
0
0
0
0
0
0
0
0
0
0
0
1 1322
0
0
0
0
0
0
0
0
0
0
0
0
0
0
0
0
1 919
0
0
0
1 883
0
0
0
0
0
0
1 856
1 715
0
0
0
0
0
0
0
0
0
0
0
0
1 718
1 851
0
0
1 1798
0
0
0
0
0
0
0
1 719
0
0
0
0
0
0
0
1 1044
0
0
0
0
0
0
0
1 1618
0
0
0
0
1 1107
0
0
0
0
0
1 1560
0
0
0
0
0
0
0
0
0
0
0
0
0
0
0
0
0
1 1108
0
0
1 724
0
0
1 1527
0
0
0
0
0
0
0
0
0
0
0
0
0
0
1 1575
0
0
1 727
0
0
0
0
0
0
1 727
0
0
0
0
0
0
0
0
0
0
0
0
0
0
0
0
0
0
1 730
0
0
0
0
0
0
0
0
0
0
0
0
1 1230
0
0
0
0
0
1 733
0
0
0
0
0
0
0
0
0
0
0
0
0
0
0
0
0
0
0
0
0
0
0
0
0
1 1864
0
1 1853
0
0
1 866
0
0
0
1 741
0
0
0
0
0
0
1 741
0
0
0
0
0
0
0
0
2 995 1463
0
0
1 742
0
0
0
0
0
0
1 742
0
0
0
0
0
0
0
0
0
0
0
1 1144
0
0
1 744
0
1 1860
0
0
0
1 744
0
0
0
0
0
1 1587
0
1 744
0
0
0
0
0
0
1 744
0
0
0
0
0
0
0
0
0
0
1 1650
0
1 786
0
1 745
0
0
0
0
0
0
0
0
0
0
1 1361
1 1190
0
0
0
0
0
0
0
1 747
0
1 1797
0
0
0
0
1 747
0
0
0
0
0
0
0
0
0
1 1752
1 748
0
0
0
2 1027 1351
0
0
1 748
0
1 1849
0
0
0
0
0
0
1 1744
0
0
0
0
0
1 749
0
0
0
0
0
0
1 749
0
0
0
0
0
0
0
0
0
0
0
0
0
1 752
0
0
0
0
0
1 752
0
0
0
0
0
0
0
1 752
0
0
0
0
0
0
1 752
0
0
0
0
0
0
0
0
0
0
0
0
0
0
1 753
0
0
0
0
0
1 1357
0
0
0
0
0
0
0
0
0
0
0
0
0
0
0
0
0
2 1256 1379
0
0
0
0
0
0
0
0
0
0
0
1 761
0
0
0
0
0
0
0
0
1 761
0
0
0
0
0
1 761
0
0
0
0
0
0
0
1 761
0
0
0
0
0
0
1 761
0
0
0
0
0
0
0
0
0
0
0
0
0
1 762
0
0
0
0
0
1 1359
0
0
1 763
0
1 1098
0
0
0
0
0
0
0
2 764 1645
0
0
0
0
0
0
0
0
0
1 1847
1 766
0
0
0
0
1 1206
0
1 766
0
0
0
0
0
0
0
0
1 1802
0
0
1 767
0
0
1 1844
0
0
0
0
0
0
0
0
1 768
0
0
0
0
0
0
0
0
0
0
0
0
0
0
0
0
1 772
0
0
0
0
0
0
0
0
0
0
0
0
0
0
0
0
0
0
0
1 774
0
0
0
0
0
0
0
1 774
0
0
0
1 1060
0
0
1 774
1 1785
0
0
0
0
0
0
0
0
0
0
0
0
0
0
0
1 1778
1 788
0
1 1323
0
0
0
0
0
0
1 780
0
0
0
0
0
0
1 780
0
0
0
0
0
0
0
0
0
0
0
0
0
2 782 1550
0
0
0
0
1 1251
0
1 782
0
0
0
0
0
0
0
0
0
0
1 1489
1 783
0
0
0
0
0
0
1 783
0
0
0
0
0
0
0
0
1 1061
0
0
0
0
1 785
0
0
0
0
0
0
0
0
0
0
0
0
1 787
0
0
0
0
0
0
0
0
0
1 1250
0
0
0
0
0
0
0
0
0
0
0
0
1 790
0
0
0
0
0
0
1 790
0
0
0
0
0
0
0
0
0
0
0
1 794
0
0
0
0
0
0
0
1 1863
0
0
1 795
0
0
0
0
1 1728
0
0
0
1 1214
0
0
0
0
0
0
0
0
0
0
0
0
0
0
0
0
0
1 1583
0
0
0
0
0
0
2 1118 1735
0
0
0
1 805
0
0
0
0
0
0
1 805
0
0
0
0
0
0
0
0
0
0
0
0
0
1 1405
0
0
0
0
1 1040
0
0
0
0
0
0
0
0
0
1 1252
0
0
0
0
0
1 812
0
0
0
0
0
0
0
1 812
0
0
0
0
0
0
1 812
0
0
0
0
0
0
0
0
0
1 813
0
0
0
0
0
0
0
0
0
0
0
0
0
0
1 1058
0
0
0
0
1 815
0
0
0
0
0
0
0
1 844
0
0
0
0
0
0
0
0
0
0
0
0
0
0
0
1 820
0
0
1 1673
0
0
0
0
1 1455
0
0
0
0
0
0
0
0
0
0
0
0
0
0
0
0
0
0
0
0
0
0
0
0
0
1 1448
1 1576
0
0
1 825
0
0
0
0
0
0
2 825 1726
0
0
0
0
0
0
0
0
0
0
0
0
0
0
0
1 1089
0
0
0
0
0
0
0
0
0
0
0
1 828
1 1002
0
0
0
0
0
0
0
0
0
0
0
0
0
0
0
0
1 831
0
0
0
0
0
0
1 831
0
1 1210
0
0
0
0
0
0
0
0
0
0
1 1677
0
0
0
0
0
0
0
0
0
0
0
0
0
1 1237
0
0
0
0
1 837
0
0
0
0
0
0
0
0
0
0
0
0
0
0
0
0
0
0
0
0
0
0
0
0
0
0
0
0
0
1 849
0
0
0
0
1 845
0
0
0
0
0
0
0
0
0
0
0
0
0
0
0
1 1260
1 1244
0
0
0
0
0
0
1 849
0
0
0
0
0
0
0
0
0
0
0
0
0
0
1 1246
0
1 1305
1 1021
0
0
0
0
1 1018
1 851
0
1 1500
0
0
0
0
1 851
1 1021
0
0
0
0
0
0
0
0
0
0
0
1 1462
1 853
0
0
0
0
0
1 853
0
0
0
0
0
0
0
1 853
0
0
0
0
0
0
1 853
0
0
0
0
0
0
0
0
0
0
0
0
1 855
0
0
0
0
1 1167
0
0
1 1007
0
0
0
0
0
0
1 856
1 1267
0
0
0
0
0
1 856
0
0
0
0
0
0
0
0
0
0
0
0
0
0
0
0
0
0
0
0
0
0
1 859
0
0
0
0
0
0
0
0
1 889
0
0
0
0
0
0
0
0
0
0
0
0
0
1 862
1 1663
0
0
0
0
0
0
0
0
0
0
1 863
1 1693
0
0
0
0
1 1406
0
0
0
1 1427
0
0
0
0
0
0
1 930
0
0
0
0
0
1 1613
2 1052 1545
0
1 950
0
0
0
1 867
0
0
0
0
0
0
0
0
1 868
0
0
0
0
0
0
0
0
0
0
0
0
1 1435
0
0
0
0
0
0
0
0
0
0
0
1 871
0
0
0
0
0
0
0
0
0
1 872
0
0
0
0
0
0
0
0
0
0
0
0
0
0
1 874
0
1 1090
0
0
0
0
1 874
0
0
0
0
0
0
0
0
0
0
0
0
0
0
0
0
2 1063 1392
0
0
0
0
1 878
0
1 1689
0
0
0
0
1 878
0
0
0
0
0
0
0
0
0
1 1513
0
0
0
1 1201
0
0
0
0
0
0
1 879
0
0
0
0
0
0
0
0
0
0
0
0
0
0
0
0
0
0
0
1 882
0
0
0
0
0
0
0
0
0
0
0
1 883
0
0
0
0
0
0
0
0
0
0
0
1 884
0
0
0
0
0
0
1 884
0
0
0
0
0
0
0
0
0
0
0
1 885
0
0
0
0
0
0
0
0
1 1702
0
0
0
0
0
0
0
0
0
1 1465
0
0
0
0
0
0
0
0
0
0
1 893
1 1199
0
0
0
0
0
0
0
0
0
0
0
1 1374
0
0
0
0
0
0
0
0
0
1 972
0
0
0
0
0
1 1143
0
0
0
0
0
0
0
0
0
0
1 899
0
0
0
0
0
0
0
1 899
0
0
0
0
0
0
1 899
0
0
0
0
0
0
0
0
0
1 900
0
0
0
0
0
0
0
0
0
0
0
0
0
1 901
0
0
0
0
0
0
0
0
0
0
0
0
0
0
0
0
0
0
0
0
0
0
0
0
0
0
1 1077
0
0
0
0
0
1 1204
1 1876
0
1 909
0
1 1631
1 1774
0
1 1578
0
0
1 909
0
0
0
0
0
0
1 909
0
0
0
0
0
0
0
0
0
0
0
0
0
0
1 910
0
0
0
0
0
1 922
0
0
0
0
1 912
0
0
0
0
0
0
2 1534 1804
0
1 912
0
0
0
0
0
1 912
0
0
0
0
0
0
0
1 912
0
0
0
0
0
0
1 912
0
0
0
0
0
0
1 985
0
0
0
0
1 914
0
0
0
0
0
0
1 914
0
0
0
0
0
0
0
0
0
0
0
0
0
0
0
0
0
0
1 1483
0
0
0
0
0
0
0
0
0
0
0
0
2 919 1563
0
1 1829
0
0
0
0
0
1 919
0
0
0
0
0
0
0
0
1 920
1 1729
0
0
1 1773
0
1 1349
0
0
0
1 1301
0
0
0
0
0
0
0
0
0
1 922
0
0
0
0
0
0
0
0
0
1 923
0
0
0
0
0
0
0
0
0
0
0
1 999
0
0
0
0
0
1 930
0
0
0
0
0
0
0
0
0
1 1227
0
0
0
0
0
0
0
0
0
0
0
1 939
0
0
0
0
0
0
0
0
0
0
0
0
0
0
0
0
0
0
0
0
0
0
0
0
0
1 945
0
0
0
0
0
0
1 945
0
0
0
0
0
0
1 1341
0
0
0
0
1 1640
0
0
0
0
0
0
0
0
0
0
0
0
0
0
1 949
0
0
0
0
0
0
1 949
0
0
0
0
0
0
0
0
0
0
1 1784
0
0
0
0
0
0
0
1 1234
1 951
0
0
0
0
0
0
1 1095
0
0
0
0
0
0
0
0
0
1 1808
0
1 1515
0
0
0
0
0
0
0
1 1756
0
0
1 957
0
0
0
0
0
0
2 957 1091
0
0
0
0
0
0
0
0
0
0
0
0
1 959
0
1 1159
0
0
0
0
1 959
0
0
0
0
0
0
0
0
0
0
0
0
0
0
0
0
1 965
0
0
1 963
0
0
0
0
2 1487 1742
0
0
0
0
0
0
0
0
0
0
0
0
0
0
1 966
0
0
0
0
0
1 1073
0
0
0
0
0
0
0
0
0
0
0
0
0
0
0
1 971
0
0
0
2 1116 1684
0
0
0
0
0
0
0
0
0
0
0
0
0
0
1 973
0
0
0
0
0
0
0
0
0
0
0
0
0
0
0
0
0
0
0
0
1 1603
0
1 1232
0
0
0
0
0
0
0
0
0
0
0
0
0
0
0
1 982
0
0
0
0
0
0
1 982
0
0
0
1 1219
0
0
0
0
0
0
0
0
0
0
0
0
1 985
1 1205
0
0
0
0
0
0
0
0
0
0
0
0
0
0
1 986
0
0
0
0
0
0
0
0
0
0
0
0
1 1339
0
0
0
0
1 989
0
0
0
0
0
0
0
0
1 990
1 1589
0
0
0
0
0
0
0
0
0
0
0
0
0
0
0
1 993
0
0
0
0
0
0
0
0
0
1 994
0
0
0
0
0
0
0
0
0
1 1458
1 1492
0
0
0
0
0
0
0
0
0
0
0
0
0
1 998
0
0
0
0
0
0
0
0
3 998 1139 1532
0
0
0
0
0
1 998
0
0
0
0
1 1642
0
0
1 998
0
0
0
1 1147
0
0
1 998
0
0
0
1 1021
0
0
0
0
0
0
0
0
0
0
0
0
0
0
0
0
0
0
0
0
0
0
0
0
0
0
0
0
0
0
0
0
0
0
0
0
0
0
0
1 1006
0
0
0
0
0
0
2 1006 1578
0
0
0
0
0
0
0
0
0
0
0
0
0
2 423 1007
0
0
0
0
0
0
0
0
0
0
0
0
0
0
0
0
0
0
0
0
1 1013
0
0
0
1 1582
0
0
1 1013
0
0
0
0
0
0
0
0
0
0
0
0
0
0
0
0
0
0
0
0
0
0
0
0
0
1 1330
0
0
0
0
0
0
0
0
0
0
0
0
0
0
0
0
0
0
0
0
1 1023
0
0
0
0
0
0
1 1023
0
0
0
0
0
0
0
0
0
0
0
0
0
0
1 1025
0
0
0
0
0
0
0
0
1 1025
0
0
0
0
1 1141
1 1025
0
0
0
0
0
0
0
1 1025
0
0
0
0
0
0
1 1025
0
0
0
0
0
0
0
0
0
0
0
0
0
0
0
0
0
0
0
1 1027
0
0
1 1767
1 1055
0
0
2 1027 1827
0
0
0
0
0
0
0
0
0
1 1598
0
1 1029
0
0
0
0
0
0
0
0
0
1 1030
0
0
0
0
0
0
1 1030
0
0
0
0
0
0
0
0
0
0
0
0
0
0
0
0
0
0
0
2 1033 1496
0
1 1041
0
0
0
0
0
1 1068
0
0
0
1 1036
0
0
0
0
0
0
0
0
0
0
0
0
0
0
0
0
0
1 1669
0
0
0
0
0
0
1 1041
0
0
0
0
0
0
0
0
1 1834
1 1042
0
0
0
0
0
0
0
0
1 1150
0
0
0
0
0
0
0
0
1 1044
0
0
0
0
0
0
0
1 1044
0
0
0
0
0
0
1 1044
0
0
0
0
0
0
0
0
0
0
0
0
0
0
0
1 1047
0
0
1 1502
0
0
0
0
0
0
0
0
0
0
0
0
0
0
0
0
0
0
0
0
1 1050
0
0
0
0
0
0
0
0
0
0
1 1051
0
0
0
0
0
0
0
0
0
0
0
0
0
1 1052
0
0
0
0
0
0
1 1052
0
0
1 1351
0
0
0
0
0
0
1 1134
0
1 1572
0
0
0
0
1 1054
0
0
0
0
0
0
1 1054
0
0
0
0
0
0
0
0
0
0
0
0
1 1363
1 1055
0
0
0
0
0
0
0
0
0
0
0
1 1056
0
0
0
0
0
0
0
0
0
0
0
0
0
0
0
1 1346
0
0
0
0
0
0
0
0
0
0
0
0
0
0
0
0
0
0
0
0
1 1061
0
0
0
0
0
0
1 1061
0
0
0
0
0
0
0
0
0
0
0
1 1354
0
1 1063
0
0
0
0
0
0
0
0
0
0
0
0
0
1 1096
1 1775
0
0
0
0
1 1065
0
0
0
0
0
0
0
1 1065
0
0
0
0
0
0
1 1065
0
0
0
0
0
0
0
0
0
1 1066
0
0
0
0
0
0
0
1 1066
0
0
0
0
0
0
1 1066
0
0
0
0
0
0
0
0
0
0
1 1493
0
0
0
0
0
0
0
0
0
0
0
0
0
0
0
0
0
0
0
0
0
0
0
0
0
0
0
0
0
0
1 1242
0
1 1073
0
0
0
0
0
0
0
1 1819
0
1 1296
0
1 1293
0
0
0
0
0
0
0
0
0
0
0
0
0
0
0
0
0
0
0
0
0
0
0
0
0
0
0
0
0
0
0
0
0
0
0
0
1 1083
0
0
0
0
0
0
0
0
1 1879
1 1738
0
0
0
1 1764
0
0
0
0
0
0
0
0
0
1 1089
0
0
0
0
0
0
0
0
0
0
1 1495
0
0
0
0
0
0
0
0
1 1091
0
0
0
0
0
0
1 1091
0
0
0
0
1 1168
0
0
0
0
0
0
0
0
0
0
0
0
0
0
0
0
0
0
0
0
0
0
0
0
0
0
0
0
0
0
1 1555
0
0
0
0
0
0
0
0
0
0
0
0
1 1099
0
0
0
0
0
0
1 1100
0
0
0
0
0
0
1 1100
0
0
0
0
0
1 1508
0
0
0
0
0
1 1101
0
0
0
0
0
0
1 1101
0
0
0
0
0
0
0
0
0
0
0
1 1102
0
0
0
0
0
0
0
0
0
0
1 1104
1 1255
0
0
1 1700
0
0
1 1104
0
0
0
0
0
0
0
0
0
0
1 1106
0
0
1 1601
0
0
2 1106 1624
0
0
0
0
1 1601
0
0
1 1106
0
0
0
0
0
0
1 1106
0
0
0
0
0
0
0
0
0
0
0
0
0
0
0
0
0
0
0
0
1 1110
0
0
0
0
0
0
0
0
0
0
0
1 1113
0
0
0
0
0
1 1113
0
0
0
0
0
0
0
1 1113
0
0
0
0
0
0
1 1113
0
0
0
1 1535
0
0
0
0
1 1484
0
0
0
0
0
0
0
0
0
0
0
0
0
0
0
0
0
0
0
0
0
0
0
0
0
0
0
0
1 1120
0
0
0
0
0
0
0
0
0
0
0
0
1 1121
0
0
0
0
0
1 1121
0
0
0
0
0
0
0
1 1121
0
0
0
0
0
0
1 1121
0
1 1478
0
0
0
0
0
0
0
0
0
1 1123
0
0
0
0
1 1882
0
0
0
0
0
0
0
0
0
0
0
0
0
0
0
0
0
0
1 1126
0
0
0
0
0
0
0
0
0
0
0
1 1128
0
0
0
0
0
0
0
0
0
0
0
0
0
0
0
0
0
1 1202
0
0
0
0
0
1 1283
0
0
0
0
0
0
0
0
0
0
0
0
1 1134
0
0
0
0
0
0
0
0
0
0
0
0
0
1 1136
0
0
0
0
0
0
0
0
0
0
0
0
0
0
0
0
0
0
0
0
0
0
0
0
0
0
0
0
0
0
0
0
0
0
1 1141
0
0
0
0
0
0
0
0
0
0
1 1428
0
1 1605
0
0
1 1143
0
0
0
0
0
0
0
0
0
0
0
0
0
0
0
0
0
0
0
0
0
0
0
0
0
1 1147
0
0
1 1415
0
0
0
0
0
0
0
0
0
0
0
0
0
1 1791
1 1151
0
0
0
0
0
0
0
0
0
0
1 1154
0
0
0
0
0
0
1 1154
0
0
0
1 1554
0
0
0
0
0
0
0
0
0
0
0
0
0
0
0
1 1681
0
0
0
0
2 1159 1551
0
0
0
0
0
0
1 1159
0
0
0
0
0
0
0
0
0
0
0
0
0
0
0
0
0
0
0
0
0
2 1755 1868
0
0
0
1 1167
0
0
0
0
0
0
0
0
0
0
0
0
0
0
0
1 1411
0
0
0
0
0
0
0
1 1169
0
1 1891
0
0
0
0
0
0
0
0
1 1170
0
0
0
0
0
0
1 1170
0
0
0
0
0
0
0
0
0
0
0
0
0
1 1172
0
0
0
0
0
0
0
0
0
0
0
0
0
0
0
0
0
0
0
0
0
0
0
0
0
0
0
0
0
0
0
0
0
0
0
0
0
0
0
0
0
0
0
0
0
0
0
0
0
0
0
0
0
0
0
0
1 1192
0
0
0
0
0
0
0
0
0
0
0
0
0
1 1194
0
0
0
0
0
0
0
0
1 1194
0
0
0
0
0
1 1194
0
0
0
0
0
0
0
1 1194
0
1 1890
0
0
0
0
1 1194
0
0
0
0
0
1 1682
0
0
0
0
0
0
0
0
0
0
0
0
0
0
0
0
0
0
0
0
0
0
0
0
0
0
1 1200
0
0
0
0
0
0
0
0
0
0
0
1 1201
0
0
0
0
0
0
0
0
1 1743
0
0
0
0
1 1202
0
0
0
0
0
0
0
0
0
0
0
0
0
0
0
0
0
0
0
0
1 1481
0
0
0
1 1205
0
0
0
0
0
1 1587
1 1205
0
0
0
0
0
0
0
0
0
0
1 1206
0
0
0
0
0
0
0
0
0
0
0
0
0
0
1 1210
0
0
0
0
0
0
0
0
0
0
0
0
0
0
0
0
0
0
1 1382
0
0
0
0
0
1 1215
0
0
0
0
0
0
0
0
0
0
0
0
0
0
1 1217
0
0
0
0
0
0
0
0
0
0
0
0
0
0
0
0
1 1219
0
0
0
0
0
0
1 1219
0
0
0
0
0
0
0
0
1 1220
0
0
0
0
0
0
0
0
0
0
0
0
0
0
0
0
0
0
0
0
0
0
0
0
0
0
0
0
0
0
0
0
0
0
0
0
0
0
0
0
1 1229
0
0
0
0
0
0
1 1229
0
0
0
0
0
0
0
0
0
0
0
0
0
0
0
0
0
0
0
0
1 1232
0
0
0
0
0
0
0
0
0
0
0
0
0
1 1234
0
0
0
0
0
0
0
0
0
0
0
0
0
1 1237
0
0
0
0
0
0
0
0
0
0
0
0
0
1 1240
0
0
0
0
0
1 1240
0
0
0
0
0
0
0
1 1240
0
0
0
0
0
0
1 1240
0
0
0
0
0
0
0
0
0
0
0
0
0
0
0
0
0
0
0
0
0
0
0
0
0
0
0
0
0
0
0
0
1 1631
1 1247
0
0
0
0
0
0
0
0
0
0
0
0
0
1 1750
1 1251
0
0
0
0
0
0
0
0
0
0
0
0
0
0
0
0
0
0
0
0
0
0
0
0
0
1 1255
0
0
0
0
0
0
0
0
0
0
0
0
0
0
0
0
0
0
0
0
0
0
0
0
0
0
0
1 1260
0
0
0
0
0
0
0
0
0
0
0
0
0
0
0
0
0
0
1 1264
0
0
0
0
0
0
1 1265
0
0
0
0
0
0
1 1265
0
0
0
0
0
0
0
0
0
0
0
0
0
0
0
0
0
0
0
0
0
0
0
0
0
0
1 1272
0
0
0
0
0
1 1669
0
0
0
0
1 1274
0
0
0
0
0
0
1 1274
0
0
0
0
0
0
0
0
0
1 1463
0
0
0
0
0
0
0
1 1276
0
0
0
0
0
0
0
0
0
0
0
0
0
1 1280
0
0
0
0
0
0
0
0
0
0
0
0
0
0
0
0
0
0
0
0
1 1283
0
0
0
0
0
0
0
0
0
0
0
0
0
0
0
1 1288
0
0
0
0
0
1 1288
0
0
0
0
0
0
0
1 1288
0
0
0
0
0
0
1 1288
0
0
0
0
0
0
0
0
0
0
0
0
0
0
0
0
0
0
0
0
0
0
0
0
0
0
1 1295
0
0
0
0
0
0
0
0
0
0
0
0
0
0
0
0
0
0
0
0
0
0
0
1 1298
0
0
0
0
0
0
0
0
0
0
0
0
0
0
0
0
0
0
0
1 1301
0
0
0
0
0
0
0
0
0
0
0
0
0
0
0
0
0
0
0
0
0
0
0
0
0
0
0
0
0
0
1 1308
0
0
0
0
0
0
0
0
0
0
0
0
0
0
0
0
0
0
0
0
0
0
0
0
0
1 1316
0
0
0
0
0
0
0
0
0
0
1 1319
0
0
0
0
0
0
0
0
0
0
0
0
0
0
0
0
0
1 1322
0
0
0
0
0
0
1 1322
0
0
0
0
0
0
0
0
0
0
0
1 1567
1 1323
0
0
2 1337 1705
0
0
0
0
0
0
0
1 1326
0
0
0
0
0
0
0
0
0
0
0
0
0
0
0
0
0
0
0
0
0
0
0
0
0
1 1332
1 1883
0
0
1 1335
0
0
0
0
0
0
0
1 1482
0
0
0
0
0
0
1 1335
0
0
0
0
0
1 1335
0
0
0
0
0
0
0
1 1335
0
0
0
0
0
0
1 1335
0
0
0
0
0
0
0
0
0
0
0
0
0
0
0
0
0
0
0
0
0
0
0
0
0
0
0
0
0
0
0
0
0
0
0
1 1341
0
0
0
0
0
0
0
0
0
0
0
0
0
0
0
1 1444
1 1344
0
0
0
0
0
0
1 1344
0
0
0
0
0
0
0
0
0
0
0
0
0
1 1857
0
0
0
0
0
1 1348
0
0
0
0
0
0
0
0
0
0
0
0
0
1 1349
0
0
0
0
0
0
0
0
0
1 1350
0
0
0
0
0
0
0
0
0
0
0
0
1 1351
0
0
0
0
0
0
0
0
0
0
0
0
0
1 1353
0
0
0
0
0
1 1353
0
0
0
0
0
0
0
1 1353
0
0
0
0
0
0
1 1353
0
0
0
0
0
0
0
0
0
0
0
0
0
0
0
0
0
0
0
0
0
0
0
1 1355
0
0
0
0
0
0
0
0
1 1355
0
0
0
0
0
1 1355
0
0
0
0
0
0
0
1 1355
0
0
0
0
0
0
1 1355
0
0
0
0
0
0
0
0
0
0
1 1356
0
0
1 1718
0
0
0
0
0
0
0
0
0
1 1357
0
0
0
0
0
0
0
0
0
1 1816
1 1358
0
0
0
0
0
0
0
0
0
0
0
0
0
0
0
0
0
0
1 1360
0
0
0
0
0
0
1 1360
0
0
0
0
0
0
0
0
0
0
0
0
0
0
0
0
1 1617
0
0
0
1 1363
0
0
0
0
0
0
1 1363
0
0
0
0
0
0
0
0
0
0
0
0
0
0
0
1 1367
0
0
0
0
0
0
0
0
1 1369
0
0
0
0
0
0
0
0
0
0
0
0
0
0
0
0
0
0
0
0
0
0
0
0
0
0
0
0
0
0
0
0
0
0
0
0
0
0
0
0
0
0
0
0
0
0
0
0
1 1382
0
0
0
0
0
0
0
0
0
0
0
0
0
0
0
0
0
0
0
0
0
0
0
0
0
0
0
0
0
0
0
0
0
0
0
0
0
0
0
0
0
0
0
0
0
0
0
0
1 1394
0
0
0
0
0
1 1394
0
0
0
0
0
0
0
0
0
0
0
0
1 1401
1 1402
0
0
0
0
0
0
0
0
0
0
0
0
0
0
0
0
0
1 1406
0
0
0
0
0
0
0
0
0
0
0
0
0
0
0
0
0
0
0
0
0
0
0
1 1411
0
0
0
0
0
0
0
0
0
1 1795
0
0
0
0
0
0
0
0
0
0
0
0
0
0
0
0
1 1417
0
0
0
0
0
0
0
0
0
0
0
0
0
0
0
0
2 1421 1719
0
0
0
0
0
0
0
0
0
0
0
1 1422
0
0
0
0
0
0
1 1422
0
0
0
0
0
0
0
0
0
0
0
0
0
0
0
0
0
0
0
0
0
0
0
0
0
0
0
0
1 1428
0
0
0
0
0
0
0
0
0
0
0
0
0
0
0
0
0
0
0
0
0
0
0
0
0
0
0
0
0
0
0
0
0
0
0
0
0
0
0
0
0
0
0
0
0
0
1 1730
0
0
0
0
0
0
0
0
0
0
0
0
1 1444
0
0
0
0
0
0
0
0
0
0
0
0
0
0
0
1 1446
0
0
0
0
0
0
0
0
0
0
0
0
0
0
0
0
0
0
0
0
0
0
0
0
1 1461
0
0
0
0
0
1 1455
0
0
0
0
0
0
0
0
0
0
0
0
0
1 1458
0
0
0
0
0
0
0
0
0
1 1459
0
0
0
0
0
0
1 1459
0
0
0
0
0
0
0
0
0
0
0
0
0
0
0
0
0
0
0
1 1462
0
0
0
0
0
0
1 1462
0
0
0
0
0
0
0
0
0
0
0
0
0
0
0
0
0
0
1 1465
0
0
0
0
0
0
1 1465
0
0
0
0
0
0
0
0
1 1466
0
0
0
0
0
0
0
1 1466
0
0
0
0
0
0
1 1466
0
0
0
0
0
0
0
0
1 1467
0
0
0
0
0
0
0
0
0
0
0
0
0
0
1 1470
0
0
0
0
0
0
0
0
0
0
1 1471
0
0
0
0
0
0
1 1471
0
0
0
0
0
0
0
0
0
0
0
0
0
0
0
0
0
0
0
0
0
0
0
0
0
0
0
0
1 1478
0
0
0
0
0
0
0
0
0
0
0
0
0
0
0
0
0
0
0
0
0
0
1 1482
0
0
0
0
0
0
0
1 1482
0
0
0
0
0
0
1 1482
0
0
0
1 1524
0
0
0
0
0
1 1483
0
0
0
0
0
0
0
0
0
0
0
0
0
0
0
0
0
0
0
0
0
0
0
0
0
0
0
0
0
0
0
0
0
0
0
0
0
0
1 1492
0
0
0
0
0
0
0
1 1492
0
0
0
0
0
0
1 1492
0
0
0
0
0
0
0
0
0
0
0
0
0
0
0
0
0
1 1495
0
0
0
0
0
0
0
0
0
0
0
0
1 1496
0
0
0
0
0
0
0
0
0
1 1497
0
0
0
0
0
0
0
0
1 1872
0
0
0
1 1793
0
0
0
0
0
0
0
0
0
0
0
0
0
0
0
0
1 1503
0
0
0
0
0
0
0
1 1503
0
0
0
0
1 1505
0
0
0
0
0
0
1 1505
0
0
0
0
0
0
0
0
1 1506
0
0
0
0
0
0
0
0
1 1507
0
0
0
0
0
0
0
0
0
0
0
0
0
0
0
0
0
0
0
1 1758
0
0
0
0
0
0
0
0
0
0
0
0
0
0
0
0
0
0
1 1515
0
0
0
0
0
0
0
0
1 1516
0
0
0
0
0
0
0
0
1 1716
0
0
0
0
0
0
0
0
0
0
0
0
0
0
0
0
0
0
0
0
0
0
0
0
0
0
0
0
0
0
0
0
1 1528
0
0
1 1529
0
1 1662
0
0
0
0
1 1529
0
0
0
0
0
0
0
0
0
0
0
0
0
0
0
0
0
0
1 1532
0
0
0
0
0
0
0
0
0
0
1 1533
0
0
0
0
0
0
0
0
0
0
0
1 1534
0
1 1806
0
0
0
0
0
0
0
0
0
0
0
0
0
0
0
0
1 1538
0
0
0
0
0
0
0
0
0
0
0
0
0
0
0
1 1540
0
0
0
0
0
0
0
0
0
0
0
1 1543
0
0
0
0
0
0
0
0
0
1 1544
0
0
0
0
0
0
0
1 1544
0
0
0
0
0
0
1 1544
0
0
0
0
0
0
0
0
0
0
0
0
0
0
0
0
1 1550
0
0
0
0
0
1 1550
0
0
0
0
0
0
0
1 1550
0
0
0
0
0
0
1 1550
0
0
0
0
0
0
0
0
0
0
0
0
0
1 1551
0
0
0
0
0
0
0
0
1 1552
0
0
0
0
0
0
0
0
1 1552
0
0
0
0
0
1 1552
0
0
0
0
0
0
0
1 1552
0
0
0
0
0
0
1 1552
0
0
0
0
0
0
0
0
0
0
0
0
0
0
0
1 1554
0
0
0
0
0
0
1 1554
0
0
0
0
0
0
0
0
0
0
0
0
0
0
1 1555
0
0
0
0
0
0
0
0
0
1 1618
0
0
0
0
0
0
0
0
0
0
0
0
0
0
0
0
1 1563
0
0
0
0
0
0
0
0
0
0
0
0
0
0
0
0
0
0
0
0
0
0
0
0
0
0
0
0
0
0
0
0
0
0
0
0
0
0
0
0
0
0
0
0
1 1576
0
0
0
0
0
0
0
1 1853
0
0
0
0
0
0
0
0
0
0
0
0
0
0
0
0
0
0
0
1 1582
0
0
0
0
0
0
1 1582
0
0
0
0
0
0
0
0
0
0
0
0
0
0
0
0
0
0
0
0
0
0
0
0
0
0
0
1 1587
0
0
0
0
0
0
1 1587
0
0
0
0
0
0
0
0
0
0
0
0
0
0
0
0
0
0
0
0
0
0
0
0
0
0
0
0
1 1594
0
0
0
0
0
0
1 1594
0
0
0
0
0
0
0
0
0
0
0
0
0
0
0
0
0
0
0
0
0
0
0
0
0
0
0
0
0
0
0
0
1 1601
0
0
0
0
0
0
1 1601
0
0
0
0
0
0
0
0
0
0
0
0
0
1 1603
0
0
0
0
0
0
1 1603
0
0
0
0
0
0
0
0
0
0
0
0
0
0
1 1605
0
0
0
0
0
0
0
0
0
0
0
0
0
0
0
0
0
0
0
0
0
0
0
0
0
0
0
0
1 1613
0
0
0
0
0
0
0
0
0
0
0
0
0
0
0
1 1883
0
0
0
0
0
0
0
0
1 1618
0
0
0
0
0
0
0
0
0
0
0
0
0
0
0
0
1 1623
0
0
0
0
0
0
0
1 1624
0
0
0
0
0
0
0
0
0
0
1 1625
0
0
0
0
0
0
1 1625
0
0
0
0
0
0
0
0
0
0
0
1 1627
0
0
0
1 1739
0
0
1 1627
0
0
1 1657
0
0
0
0
0
0
0
0
0
0
0
0
0
0
0
0
0
0
0
0
0
0
1 1631
0
0
0
0
0
0
0
0
0
0
0
0
0
0
0
0
0
0
0
0
0
0
0
0
0
0
0
0
0
0
0
0
0
1 1640
0
0
0
0
0
0
0
0
0
0
1 1641
0
0
0
0
0
0
0
0
0
0
0
0
0
1 1645
0
0
0
0
0
0
1 1645
0
0
0
0
0
0
0
0
0
0
0
0
0
0
0
0
0
0
1 1650
0
0
0
0
0
0
1 1650
0
0
0
0
0
0
0
0
0
0
0
0
0
0
0
0
1 1671
0
1 1657
0
0
0
0
0
0
0
0
0
0
0
0
0
0
0
0
0
0
0
0
0
0
0
0
0
0
0
0
0
0
0
0
0
1 1663
0
0
0
0
0
0
0
0
0
0
0
0
0
0
0
0
0
0
0
1 1668
0
0
0
0
0
0
0
0
1 1668
0
0
0
0
0
1 1668
0
0
0
0
0
0
0
1 1668
0
0
0
0
0
0
1 1668
0
0
0
1 1835
0
0
0
0
0
0
0
0
0
0
1 1669
0
0
0
0
0
0
1 1669
0
0
0
0
0
0
0
0
0
0
0
0
0
1 1672
0
0
0
0
0
0
0
0
0
0
0
0
0
0
0
1 1674
0
0
0
0
0
0
0
0
1 1674
0
0
0
0
0
1 1674
0
0
0
0
0
0
0
1 1674
0
0
0
0
0
0
1 1674
0
0
0
0
0
0
0
0
0
0
0
0
0
0
0
0
0
0
0
0
0
0
0
0
0
0
0
1 1679
0
0
0
0
0
1 1679
0
0
0
0
0
0
0
1 1679
0
0
0
0
0
0
0
0
0
0
0
0
1 1681
0
0
0
0
0
0
0
0
0
0
0
0
1 1682
0
0
0
0
0
0
0
0
0
0
0
0
1 1684
0
0
0
0
0
0
1 1684
0
0
0
0
0
0
0
0
1 1685
0
0
0
0
0
0
0
0
0
0
0
0
0
0
1 1687
0
0
0
0
0
1 1687
0
0
0
0
0
0
0
1 1687
0
0
0
0
0
0
1 1687
0
0
0
0
0
0
0
0
0
0
0
1 1688
0
0
0
0
0
0
0
0
0
0
0
0
0
0
0
0
0
0
0
0
1 1693
0
0
0
0
0
0
0
0
0
0
0
0
0
0
0
0
0
0
0
0
0
0
0
1 1874
0
1 1699
0
0
0
0
0
0
0
0
1 1699
0
0
0
0
0
1 1699
0
0
0
0
0
0
0
1 1699
0
0
0
0
0
0
1 1699
0
0
0
0
0
0
0
0
0
0
0
0
0
0
1 1701
0
0
0
0
0
0
1 1701
0
0
0
0
0
0
0
0
0
0
0
0
1 1702
0
0
0
0
0
0
0
0
0
0
0
0
1 1703
0
0
0
0
0
0
0
0
0
0
0
0
0
1 1705
0
0
0
0
0
0
0
0
0
1 1706
0
0
0
0
0
0
0
1 1706
0
0
0
0
0
0
1 1706
0
0
0
0
0
0
0
0
0
0
0
1 1708
0
0
0
0
0
0
0
0
0
0
0
0
0
0
0
0
0
0
0
0
0
0
0
1 1718
0
0
0
0
0
0
0
0
0
0
0
0
0
0
0
1 1721
0
0
0
0
0
0
0
1 1721
0
0
0
0
0
0
1 1721
0
0
0
0
0
0
0
0
0
0
0
0
0
0
0
0
0
0
0
0
1 1726
0
0
0
0
0
0
1 1726
0
0
0
0
0
0
0
0
1 1727
0
0
0
0
0
0
0
0
0
0
0
1 1728
0
0
0
0
0
0
1 1728
0
0
0
0
0
0
0
0
0
0
0
0
0
0
0
0
0
0
0
0
0
0
0
0
0
0
0
0
0
0
0
0
0
0
0
0
0
0
0
0
0
0
0
0
0
0
0
0
0
0
0
0
0
0
0
0
0
1 1741
0
0
0
0
0
1 1741
0
0
0
0
0
0
0
1 1741
0
0
0
0
0
0
1 1741
0
0
0
0
0
0
0
0
0
0
0
0
0
0
0
0
0
1 1743
0
0
0
0
0
0
0
0
1 1744
0
0
0
0
0
0
1 1744
0
0
0
0
0
0
0
0
0
0
0
1 1746
0
0
0
0
0
0
0
0
0
0
0
0
1 1748
0
0
0
0
0
0
0
0
0
0
0
0
1 1749
0
0
0
0
0
1 1749
0
0
0
0
0
0
0
1 1749
0
0
0
0
0
0
0
0
0
0
0
0
1 1751
0
0
0
0
0
0
1 1751
0
0
0
0
0
0
0
0
0
0
0
0
0
0
0
0
0
0
0
0
0
0
0
0
0
0
0
0
0
0
0
0
0
0
0
0
0
0
0
0
0
0
0
0
1 1761
0
0
0
0
0
1 1886
0
0
0
0
0
0
0
0
0
0
0
0
0
0
0
0
0
0
0
0
0
1 1767
0
0
0
0
0
0
0
0
0
0
0
0
0
0
0
0
0
0
0
0
0
0
0
0
0
0
1 1774
0
0
0
0
0
0
1 1774
0
0
0
0
0
0
0
0
0
0
0
0
0
0
0
0
1 1778
0
0
0
0
0
0
1 1778
0
0
0
0
0
0
0
0
1 1779
0
0
1 1829
0
0
0
0
0
0
0
0
0
0
0
0
1 1783
0
0
0
0
0
0
0
0
0
0
0
0
0
0
0
0
0
0
0
0
0
0
0
0
0
0
0
0
0
1 1791
0
0
0
0
0
1 1791
0
0
0
0
0
0
0
1 1791
0
0
0
0
0
0
1 1791
0
0
0
0
0
0
0
0
0
0
1 1792
0
0
0
0
0
0
0
0
0
0
0
0
0
0
0
0
0
0
0
1 1795
0
0
0
0
0
0
0
0
0
0
0
0
0
0
0
0
0
1 1798
0
0
0
0
0
0
1 1798
0
0
0
0
0
0
0
0
0
0
0
0
0
0
0
0
0
0
1 1802
0
0
0
0
0
0
0
0
0
0
0
0
1 1804
0
0
0
0
0
0
0
0
0
0
0
0
0
0
0
0
1 1806
0
0
0
0
0
0
0
1 1806
0
0
0
0
0
0
1 1806
0
0
0
0
0
0
0
0
0
0
1 1807
0
0
0
0
0
0
1 1807
0
0
0
0
0
0
0
0
0
0
0
0
0
0
0
0
0
0
0
0
0
0
0
0
0
0
0
0
0
1 1816
0
0
0
0
0
0
0
1 1816
0
0
0
0
0
0
1 1816
0
0
0
0
0
0
0
0
0
0
0
0
0
0
0
0
0
0
0
0
0
0
0
0
0
0
0
0
0
0
0
0
0
0
0
0
0
0
0
1 1825
0
0
0
0
0
0
1 1825
0
0
0
0
0
0
0
0
0
1 1826
0
0
0
0
0
0
0
0
0
0
0
0
0
0
0
0
0
0
0
0
0
0
0
0
0
0
0
0
0
0
0
1 1834
0
0
0
0
0
0
1 1834
0
0
0
0
0
0
0
0
0
0
0
0
0
1 1835
0
0
0
0
0
0
0
0
0
0
0
0
0
0
0
0
0
0
0
0
1 1844
0
0
0
0
0
0
0
0
0
0
0
0
0
0
0
0
0
0
0
1 1847
0
0
0
0
0
0
1 1847
0
0
0
0
0
0
0
0
0
1 1848
0
0
0
0
0
0
0
0
0
0
0
0
0
0
0
0
0
1 1852
0
0
0
0
0
0
0
0
0
0
0
0
0
0
0
0
0
0
0
0
0
0
0
0
0
0
0
0
0
0
0
0
0
0
0
0
0
0
1 1862
0
0
0
0
0
0
0
0
0
0
0
0
1 1863
0
0
0
0
0
0
1 1863
0
0
0
0
0
0
0
0
0
0
0
0
0
0
0
0
0
0
0
0
0
0
0
0
0
0
0
0
0
0
0
0
0
0
0
0
0
0
0
0
0
0
0
0
0
0
0
0
0
0
0
0
0
1 1876
0
0
0
0
0
0
0
0
0
0
0
0
0
0
0
0
0
0
0
0
0
1 1882
0
0
0
0
0
0
0
0
0
0
0
0
0
0
1 1883
0
0
0
0
0
0
0
0
0
0
0
0
0
0
0
0
0
0
0
0
0
1 1887
0
0
0
0
0
1 1887
0
0
0
0
0
0
0
1 1887
0
0
0
0
0
0
1 1887
0
0
0
0
0
0
0
0
0
0
0
0
1 1890
0
0
0
0
0
0
1 1890
0
0
0
0
0
0
0
0
0
0
0
0
0
0
0
0
1 423
0
0
0
0
0
0
0
0
0
