6 46 56 65 71 79 86
6 96 106 115 121 129 136
6 47 149 158 164 172 179
6 148 194 203 209 217 224
6 233 243 252 258 266 273
6 61 289 298 304 312 319
6 83 290 331 337 345 352
6 361 371 380 386 394 401
6 153 410 419 425 433 440
6 83 295 450 456 464 471
6 183 401 487 493 501 508
6 61 304 372 519 527 534
6 544 554 563 569 577 584
6 148 227 598 604 612 619
6 155 634 643 649 657 664
6 61 318 522 675 683 690
6 59 372 704 710 718 725
6 82 738 747 753 761 768
6 61 294 460 654 779 786
6 497 803 812 818 826 833
6 66 430 846 852 860 867
6 61 285 334 703 881 888
6 61 289 319 346 525 899
6 23 913 922 928 936 943
6 61 635 953 959 967 974
6 53 984 993 999 1007 1014
6 83 322 492 537 957 1029
6 184 298 450 515 942 1042
6 49 509 1019 1056 1064 1071
6 82 211 435 799 1084 1091
6 146 968 1107 1113 1121 1128
6 47 220 505 1100 1144 1151
2 206 1166
6 192 491 807 1082 1177 1184
6 221 1103 1200 1206 1214 1221
6 59 223 415 527 950 1233
6 17 1244 1253 1259 1267 1274
6 30 1289 1298 1304 1312 1319
6 834 1252 1336 1342 1350 1357
6 83 222 419 953 1369 1376
6 50 148 322 597 1386 1393
6 23 430 712 948 1403 1410
6 155 304 635 786 1425 1432
6 282 300 343 469 695 1419
6 224 294 449 463 680 1028
6 61 259 469 727 1456 1463
6 83 308 1391 1476 1484 1491
6 53 222 598 748 1142 1503
6 167 908 1205 1328 1512 1519
6 349 830 1532 1538 1546 1553
6 61 300 460 519 1564 1571
6 61 304 517 789 1580 1587
6 148 563 1603 1609 1617 1624
6 153 598 1506 1637 1645 1652
6 201 372 492 1032 1237 1664
6 83 319 680 1089 1675 1682
6 25 371 701 1109 1692 1699
6 107 1409 1716 1722 1730 1737
6 157 612 1415 1751 1759 1766
6 48 181 304 1088 1778 1785
6 153 556 848 943 1518 1800
6 74 1147 1813 1819 1827 1834
6 203 491 1171 1845 1853 1860
6 53 984 1018 1870 1878 1885
6 61 288 311 324 521 1919
6 148 597 1929 1935 1943 1950
6 167 491 847 1367 1961 1968
6 701 948 1340 1979 1987 1994
6 52 284 294 322 517 1811
6 27 527 989 1695 2013 2020
6 155 1105 2035 2041 2049 2056
6 61 292 371 475 681 1443
6 361 1904 2076 2082 2090 2097
6 149 426 973 1508 2112 2119
6 148 809 2130 2136 2144 2151
6 151 286 324 536 957 2161
6 770 840 2172 2178 2186 2193
6 272 2209 2218 2224 2232 2239
6 406 1130 2253 2259 2267 2274
6 157 2287 2296 2302 2310 2317
6 157 726 1035 1265 1663 2330
6 146 714 1207 2339 2347 2354
6 223 701 806 832 1669 2366
6 155 295 343 470 880 2008
6 153 616 2262 2387 2395 2402
6 184 327 492 698 1179 2412
6 184 978 2425 2431 2439 2446
6 435 1212 2022 2458 2466 2473
6 83 304 1234 2071 2488 2495
6 66 221 527 1080 1949 2514
6 61 293 327 492 683 2504
6 61 282 943 1547 2536 2543
6 184 626 1849 2414 2559 2566
6 49 282 314 455 729 1240
6 60 198 418 748 1381 2116
6 148 222 706 1113 2473 2588
6 50 464 701 1032 1237 1914
6 186 428 1369 1892 2608 2615
6 58 192 469 954 1115 2324
6 182 458 957 1110 2617 2638
6 610 1736 2647 2653 2661 2668
6 454 2673 2684 2690 2698 2705
6 192 720 1090 1360 2684 2720
6 13 1242 2730 2736 2744 2751
6 151 859 1796 2331 2762 2769
6 83 308 387 1894 2083 2781
6 167 597 1182 2585 2797 2804
0
6 192 701 937 1240 2816 2823
6 90 556 859 1351 1801 2833
6 677 2844 2853 2859 2867 2874
6 242 1620 2883 2889 2897 2904
6 49 153 371 985 1005 2168
6 371 704 1663 2047 2926 2933
6 182 815 927 1125 2634 2948
6 151 289 346 480 906 1461
6 155 296 452 640 1420 2635
6 580 1235 2975 2981 2989 2996
6 58 759 1400 2585 3009 3016
6 57 184 498 1035 1787 3028
6 59 383 727 1240 3038 3045
6 61 289 397 531 973 2506
6 83 845 1663 2331 3062 3069
6 48 211 1510 3079 3087 3094
6 61 289 338 455 683 1043
6 61 282 294 356 529 1432
6 244 3112 3121 3127 3135 3142
6 83 295 338 492 539 1000
6 83 296 455 522 698 1420
6 61 319 522 906 1587 2966
6 8 286 680 963 3163 3170
6 61 289 312 327 453 882
6 50 221 412 904 1455 2506
6 184 483 701 969 1861 3202
6 120 210 439 1088 3211 3218
6 48 505 908 1113 2429 3230
6 31 621 2274 3240 3248 3255
6 151 505 978 1418 2429 3267
6 61 289 316 449 695 2068
6 91 294 327 460 1038 2161
6 83 292 319 455 695 2079
6 61 289 319 492 695 1675
6 200 1197 3300 3306 3314 3321
6 83 360 530 957 1391 2819
6 149 283 315 338 695 1592
6 149 432 2065 2968 3344 3351
6 201 319 460 674 1237 2819
6 148 222 1142 2359 3372 3379
6 16 480 821 946 1680 2936
6 200 1197 2466 3396 3404 3411
6 82 201 430 729 1943 3424
6 170 908 1360 1798 2767 3437
6 284 380 680 1449 3447 3454
6 59 215 290 326 695 1461
6 50 969 3067 3494 3502 3509
6 61 319 473 1100 2781 3522
6 350 2436 3532 3538 3546 3553
6 148 310 1107 1369 2755 3565
6 90 221 527 1780 2873 3598
6 101 1154 1942 2383 3615 3622
6 228 832 1035 1512 2574 3645
6 82 282 541 1186 1919 2582
6 74 224 710 1035 1400 2801
6 153 412 492 848 1746 3354
6 178 505 1366 2036 3151 3675
6 259 673 2422 2438 3535 3553
6 45 227 956 1367 2617 3526
6 148 430 919 1104 1418 2604
6 212 940 1524 2604 3419 3709
6 61 283 371 469 538 1973
6 153 1196 3646 3727 3735 3742
6 181 1082 2723 3754 3762 3769
6 252 983 3778 3784 3792 3799
6 55 166 556 1089 3181 3812
6 58 167 512 1088 1919 3821
6 53 852 1397 3334 3835 3842
6 184 296 475 674 1043 3104
6 56 187 984 1405 3181 3858
1 3433
6 167 480 508 842 1122 2724
6 283 3871 3880 3886 3894 3901
6 45 214 1363 1782 3033 3912
4 2559 3927 3936 3942
6 57 505 1389 2903 3952 3959
6 52 232 1217 1802 3794 3973
6 157 527 859 1403 3691 3988
6 53 220 431 677 973 1961
6 486 799 1109 1532 2830 4017
6 59 505 848 989 1801 4041
6 66 327 1095 3177 4054 4061
6 342 831 938 1267 2950 4073
6 480 806 1532 2328 4083 4090
6 831 4102 4111 4117 4125 4132
6 167 748 963 2800 4142 4149
6 148 435 859 1503 2727 4159
6 285 424 691 1176 2820 4172
6 11 1250 1513 4183 4191 4198
6 61 293 319 343 519 1234
6 61 282 716 1066 3026 4217
6 27 184 480 1039 1401 4226
6 911 948 1982 4236 4244 4251
6 157 272 776 859 1663 2369
6 61 294 478 695 1235 2164
6 82 845 3715 4273 4281 4288
6 66 971 1389 1877 3705 4302
6 216 1504 3393 4315 4323 4330
6 64 482 1081 1403 2115 3858
6 184 455 1107 1848 3074 4347
6 164 412 603 1510 3998 4362
6 282 298 343 673 1438 3525
6 53 187 729 984 1074 2250
6 497 940 1532 2724 4402 4409
6 83 300 455 536 695 1446
6 61 293 346 460 1450 2082
6 206 1141 4424 4430 4438 4445
6 33 293 459 904 1632 2970
6 61 295 343 450 899 3283
6 83 294 343 462 693 2010
6 49 284 303 326 1095 4472
6 61 323 520 708 1447 3663
6 82 599 1959 2899 4494 4501
6 146 908 946 1349 3203 4513
6 83 251 321 469 1367 2161
6 157 221 435 608 1113 2511
6 192 4534 4543 4549 4557 4564
6 61 300 458 496 1177 2483
6 146 500 973 1794 2769 4078
6 83 293 311 450 906 3461
6 49 91 292 526 992 2504
6 63 282 418 527 1089 3361
6 397 1855 4095 4631 4639 4646
6 155 318 455 537 1012 3360
6 203 487 698 1011 2599 3291
6 82 936 1622 2604 4130 4672
6 220 1240 2609 4080 4684 4691
6 83 319 492 673 1400 3061
6 59 284 334 492 793 3167
6 406 1857 4712 4718 4726 4733
6 95 822 1809 2149 2755 4747
6 61 282 305 346 1762 3359
6 8 38 1285 1293 1323 4233
6 282 304 455 675 1444 4768
6 167 1081 3036 4778 4786 4793
6 83 595 1816 3276 4807 4814
6 371 816 1559 2903 4823 4830
6 66 1109 3825 4840 4848 4855
6 55 186 976 1470 2538 4864
6 57 168 480 1000 3243 4875
6 192 506 832 1091 1532 3008
6 59 184 706 960 1496 3151
6 176 301 431 492 684 1450
6 700 1339 2016 2767 4096 4898
6 45 184 477 959 2718 4907
2 426 4919
6 61 293 343 537 1419 2528
6 192 510 1034 2199 4944 4951
6 6 390 1915 3287 4965 4972
6 45 153 942 992 1366 3390
6 12 184 746 1288 3207 4777
6 61 294 380 492 961 3719
6 300 1179 2411 4720 5012 5019
6 33 289 593 748 1528 3826
6 170 909 1360 2538 5036 5043
6 157 701 950 1240 1407 3444
6 48 1778 3792 5058 5066 5073
6 192 1107 1797 2774 5083 5090
6 82 406 845 973 2331 5100
6 83 289 317 343 479 695
6 82 469 1083 1403 5115 5122
6 83 224 426 492 748 1237
6 61 593 1081 1677 3692 5135
6 285 680 4705 5149 5157 5164
6 146 430 870 1402 3473 5173
6 224 685 1663 4352 5187 5194
6 280 5204 5213 5219 5227 5234
6 192 909 1252 1351 1513 2327
6 564 5249 5258 5264 5272 5279
6 167 423 1089 1723 4683 5294
6 202 1036 1460 2571 5303 5310
6 59 289 492 1081 2838 5319
6 181 700 1035 1359 2777 5319
6 83 294 533 729 1237 1919
6 83 305 537 1023 2504 5338
6 82 406 834 1360 1864 2881
6 59 184 683 1370 2793 5351
6 59 294 327 458 673 1033
6 27 228 505 969 1289 5360
6 64 5224 5373 5379 5387 5394
6 184 795 909 943 1403 2364
6 83 311 462 542 1454 5406
6 59 528 1731 3666 5421 5428
6 318 673 2087 3287 5438 5445
6 9 828 1095 1357 3698 5455
6 160 349 675 1438 3356 5464
6 50 203 300 469 608 1081
6 66 720 1959 2826 5475 5482
6 153 624 908 1403 2766 5493
6 83 294 469 541 1177 2453
6 220 1636 3653 4711 5510 5517
6 39 577 1289 3248 5527 5534
6 512 910 1357 1905 4051 5483
6 282 452 542 1033 3638 5552
6 182 913 1334 1403 3433 5564
6 9 1306 2727 5574 5582 5589
6 61 293 343 466 899 2506
6 61 294 680 1367 2500 4655
6 83 371 1039 1391 3662 5611
6 59 240 295 419 709 1763
6 83 318 492 686 1171 1798
6 283 492 963 2010 4604 5631
6 49 294 372 698 1547 3687
6 61 292 327 460 2506 5648
6 160 371 948 1230 1857 3430
6 59 277 343 512 946 2766
6 64 697 1623 2661 5668 5675
6 832 1519 3433 5564 5691 5698
6 61 283 1006 2328 3437 5710
6 61 288 312 327 525 695
6 61 289 419 528 1494 4260
6 968 4187 5734 5740 5748 5755
6 64 167 593 894 1366 3464
6 228 913 1363 1959 3438 5572
5 417 1367 5782 5788 5796
6 61 520 1039 1503 2701 5800
6 49 222 447 536 1146 1973
6 224 482 1182 1636 2936 5813
6 282 343 675 1031 3180 5826
6 204 1381 2199 2573 4456 5839
6 61 289 327 449 783 2007
6 153 319 675 1036 2599 4704
6 61 300 526 674 1023 2575
6 251 308 460 536 1443 4482
6 184 308 380 522 2626 5872
6 83 320 460 542 1366 1845
6 697 1532 3927 5839 5889 5896
6 53 414 1097 1874 3751 5908
6 50 611 1391 1826 4146 5922
6 53 984 1884 4810 5935 5942
6 1696 5955 5964 5970 5978 5985
6 61 286 303 334 519 904
6 184 433 687 1190 2065 4713
6 184 796 1032 1537 2936 6002
6 153 432 1155 2250 4632 6015
6 126 4039 6027 6033 6041 6048
6 75 603 1113 1949 3627 6057
6 153 483 894 1197 3062 6068
6 191 1092 3243 4300 6081 6088
6 153 420 1081 2392 3619 6097
6 59 209 505 889 1374 3429
6 66 983 1902 3029 4089 6113
6 83 487 1053 1916 3177 6122
1 79
6 61 289 338 690 1547 2439
6 195 1334 2684 6136 6144 6151
6 23 832 948 1340 1701 2634
6 71 228 572 950 1405 2331
6 83 289 319 459 906 2970
6 270 1830 3195 6189 6197 6204
6 59 215 455 687 1081 1759
6 59 283 315 380 538 898
6 59 890 2346 6217 6225 6232
6 151 282 1400 2211 6242 6249
6 222 901 1999 3388 5952 6263
6 61 294 327 458 793 1444
6 239 807 2139 4153 6294 6301
6 61 283 338 458 904 1455
6 59 486 953 1188 2328 5844
6 239 1766 4378 5321 6330 6337
6 192 813 1035 1351 3012 6346
6 50 1064 2024 6355 6363 6370
6 6 166 950 1240 3176 5115
6 50 206 435 703 1098 1752
6 203 294 327 455 906 1571
6 61 294 455 525 963 1681
6 214 492 1032 1504 3296 6389
6 157 726 911 1265 1403 1805
6 61 380 518 1028 3508 6402
6 224 973 1663 4071 4723 6411
6 61 289 319 472 1442 5863
6 157 955 2001 2942 4521 6429
6 53 612 1700 3138 5073 6439
2 71 1370
6 83 286 480 593 1403 3151
6 397 1034 5192 6452 6460 6467
6 272 1604 2236 3320 6480 6487
6 83 300 579 1235 2161 4605
6 59 282 304 371 683 1446
6 61 292 343 492 680 1026
6 61 294 346 519 673 880
6 597 2830 6034 6511 6519 6526
6 59 283 295 343 904 1709
6 83 612 1096 1943 3221 6538
6 83 293 326 638 1587 4472
6 57 635 4871 6557 6565 6572
6 61 286 304 323 469 898
6 61 423 984 1081 3756 6593
6 23 483 911 1110 2354 4587
6 83 295 327 380 538 788
6 57 412 747 1414 2656 6611
6 325 807 1183 2554 5841 6622
6 49 161 989 1010 2539 5948
6 53 187 896 1786 3181 6638
6 148 292 495 701 950 1240
6 219 530 1177 1857 3391 4971
6 11 1095 4184 6654 6662 6669
6 50 599 2274 3410 5657 6683
6 227 1090 1844 3007 5844 6697
6 61 527 854 1113 2109 4227
6 251 344 538 2626 5852 6716
6 9 37 1304 3692 6591 6731
6 265 2164 2901 6478 6745 6752
6 78 596 1392 1942 2795 6168
6 52 227 973 1389 3215 6769
6 55 868 1704 6588 6784 6791
6 146 859 1769 2308 6801 6808
6 20 3484 6819 6825 6833 6840
6 53 167 593 992 1403 1883
6 114 1928 6617 6862 6870 6877
6 157 701 1103 1363 2946 4511
6 157 908 1403 1988 4576 6900
6 184 318 371 469 675 1034
6 61 706 992 1404 2589 6910
6 53 184 444 854 1391 4065
6 232 1089 2027 3406 11903 17622
6 25 147 511 1109 2354 3512
6 83 701 3341 4378 5471 6935
6 170 921 1349 2463 6944 6951
6 59 203 372 498 597 1107
6 23 909 1360 2157 2943 4375
6 66 430 1089 1385 2727 6967
6 59 515 1401 2262 6644 6982
6 153 604 1634 2463 6104 6996
6 57 901 2053 4812 7009 7016
6 153 697 1368 2567 6098 7030
6 59 201 419 703 1375 1768
6 83 327 512 674 1664 4051
6 1117 7052 7061 7067 7075 7082
6 151 1112 1837 2250 6125 7097
6 157 498 812 946 1360 4257
6 61 285 312 338 538 894
6 151 423 703 859 1403 3191
6 50 289 380 492 898 1663
6 282 424 2524 5432 7125 7132
6 34 898 3251 7142 7150 7157
6 176 349 710 1366 1643 3218
6 82 221 485 960 1503 2718
6 61 282 308 327 517 894
6 244 1504 3407 4683 5328 7179
6 61 287 312 327 469 695
6 53 593 1004 1064 2916 6587
6 59 318 593 698 1028 1968
6 61 289 609 1117 1407 2612
6 46 214 1118 2718 3754 7209
6 160 851 1414 2522 7218 7225
4 61 283 327 522
6 251 354 675 1237 3452 7239
6 148 412 729 1109 1630 2837
6 184 505 832 1342 1864 6439
6 47 283 512 921 1999 6406
6 146 834 1248 1349 1519 2881
6 161 1088 1932 3092 7269 7276
4 53 296 1063 5364
6 83 312 528 680 2004 4600
6 151 288 338 781 3054 4926
6 8 160 859 1074 1291 4910
6 61 294 356 520 698 1383
6 61 251 289 304 326 519
6 45 430 847 1025 1403 1883
6 610 2924 7313 7319 7327 7334
6 61 288 327 517 1038 2781
6 83 285 300 372 897 1921
6 59 286 319 519 1234 1696
6 39 318 498 681 1230 2331
6 9 227 1285 1968 6730 7356
6 221 5114 7368 7374 7382 7389
6 3986 7407 7416 7422 7430 7437
6 214 492 670 921 1895 7446
6 49 894 5442 7459 7467 7474
6 148 430 799 855 1391 1961
6 39 510 828 1330 2933 4723
6 59 424 1110 1624 3037 7488
6 83 315 465 680 1571 3338
6 56 434 1712 2619 7503 7510
6 34 475 807 1025 1699 3820
6 115 1146 2393 3956 7528 7535
6 61 300 469 673 899 2065
6 66 908 945 1397 2777 4996
6 49 215 1704 2815 5096 7556
6 198 424 973 1191 3077 4711
6 201 729 2250 2879 7576 7583
6 224 531 1029 1176 1663 2823
6 192 530 970 1101 1663 2815
6 61 325 542 887 2010 3367
6 601 1459 4674 6047 7611 7618
6 66 697 3144 6092 7631 7638
6 61 294 336 460 675 1038
6 214 770 1174 1192 2597 4885
6 155 2008 2426 6380 7658 7665
6 57 283 302 325 537 1370
6 83 349 695 1240 2377 3780
6 83 286 505 695 1438 2161
6 83 317 538 851 1449 2523
6 83 295 340 525 906 1447
6 59 160 371 487 1070 3844
6 47 219 1066 1698 3243 3949
6 146 700 973 1403 1864 4265
1 283
6 58 177 383 531 1095 1372
6 78 866 2560 3741 6919 7706
6 83 325 475 512 1237 2921
6 21 909 1360 2454 3471 7555
6 220 613 950 1403 2256 4039
6 5 832 1267 3401 4196 7735
6 93 579 1407 2879 6040 7748
6 192 825 1035 1349 2128 3643
6 83 462 980 1191 3693 7025
6 4944 7772 7781 7787 7795 7802
6 151 340 1567 5606 7815 7822
6 155 296 670 1440 4601 7239
6 59 448 1696 3390 7841 7848
6 15 481 1289 1698 3983 7857
2 61 7867
6 82 700 1233 1802 4685 7871
6 6 221 710 1074 1805 4884
6 256 1613 6424 7889 7897 7904
6 251 712 2427 2441 3553 7914
6 200 576 2876 6904 7930 7937
6 53 176 848 1080 3166 7947
6 29 200 845 1107 1375 3423
6 59 216 434 1096 2387 3639
6 53 222 505 712 1081 1839
6 59 286 308 455 1466 3359
6 174 469 1632 2886 6489 7969
6 50 289 327 532 961 2957
6 61 283 312 517 897 3360
6 235 1604 2896 3762 7982 7989
6 221 492 937 1240 2967 6007
6 57 155 286 325 950 1370
6 76 1840 5802 8011 8019 8026
6 53 197 871 1089 4232 8040
6 284 464 681 1026 1453 3037
6 23 945 3203 4094 8053 8060
6 59 796 3598 5322 8072 8079
6 49 282 880 1397 4042 8090
6 770 836 1548 2554 3928 8101
6 167 487 1035 1532 3033 5801
6 285 459 1235 2766 5253 8117
6 59 222 683 1965 4473 7172
6 26 1360 6004 8130 8138 8145
6 146 497 797 1107 3499 8154
6 155 321 492 778 1423 3040
6 151 327 469 673 1672 4983
6 13 228 718 1089 1779 4232
6 224 349 679 899 3053 8179
6 157 371 759 1122 1397 2777
6 157 911 933 948 1335 1403
6 45 593 1010 1525 2617 5136
6 83 317 540 898 3053 8210
6 75 2292 8226 8232 8240 8247
6 156 1219 3020 4984 8262 8269
6 184 710 1864 3424 8278 8285
6 61 287 305 383 898 4773
6 148 221 593 952 2346 8299
6 47 220 804 850 1977 4059
6 832 4206 8143 8318 8326 8333
6 1233 4675 8346 8352 8360 8367
6 61 283 419 517 1234 2513
6 52 697 1387 2515 4351 7863
6 50 283 526 877 1400 3048
4 206 859 3569 7255
6 176 482 530 821 1663 2830
0
6 466 837 1265 1355 2365 3641
6 61 282 316 748 3089 6101
6 412 4783 8411 8417 8425 8432
6 148 418 593 1154 1956 3189
6 83 300 536 880 1502 4051
6 83 288 371 673 2020 4812
6 146 221 492 616 1110 2511
6 146 220 850 1122 3235 4680
6 66 224 712 1334 3869 8462
6 59 626 1385 2514 4300 8471
6 63 928 1340 2431 6374 8485
6 53 184 435 600 1387 5949
6 75 222 729 1233 2262 7255
6 148 222 700 908 1329 1503
6 61 288 305 343 674 1442
6 82 699 1532 2575 5332 8517
6 83 338 942 1450 2962 8528
6 59 424 1083 2040 5056 8539
6 61 282 304 695 3463 8550
6 170 729 973 1504 2767 7075
6 61 286 300 323 460 695
6 58 959 1401 3633 8567 8574
6 157 700 1235 1417 2766 4167
6 184 371 675 1237 3336 5621
6 505 711 3051 8592 8600 8607
6 47 430 962 1505 3814 8469
6 146 424 1100 1758 4339 8623
6 91 1791 2064 5662 8637 8644
6 151 298 371 469 686 1038
6 52 423 953 1736 3808 8471
6 192 799 921 1197 2128 3031
6 66 323 521 1047 1367 5368
6 58 383 1455 3465 8672 8679
6 39 511 1692 3201 8689 8696
6 59 505 969 1141 4807 8724
6 223 469 1461 4472 8739 8746
6 66 880 1880 2542 4046 8757
6 184 426 1691 2091 4035 8105
6 50 221 1389 1968 3951 5930
6 61 293 369 517 1450 2087
6 181 3890 8511 8784 8792 8799
6 2299 8253 8816 8822 8830 8837
6 165 397 1368 3218 4139 8163
6 369 1985 8854 8860 8868 8875
6 190 626 3612 4010 8483 8890
6 53 197 701 1052 1375 3376
6 55 603 1525 3417 8904 8911
6 83 296 324 460 534 1232
6 170 700 937 1232 1672 4378
6 282 338 480 1026 2420 3360
6 50 223 1046 1400 2122 3655
6 234 463 2483 3526 8932 8939
6 214 807 1177 1959 3938 6319
6 82 720 1672 4355 8518 8956
6 83 394 526 963 2005 2779
6 61 289 368 526 697 2079
6 228 703 908 1122 1360 3439
6 155 1255 2726 6516 8979 8986
6 151 505 708 973 1461 3665
6 61 300 460 529 785 4469
6 83 312 460 788 1012 3687
6 6 327 1095 1788 4973 9007
6 83 318 458 532 788 2525
6 53 976 1790 1884 3844 6795
6 155 293 321 343 519 1023
6 61 220 506 712 1252 1959
6 29 184 950 1005 1286 3912
6 593 1114 1804 3394 5790 9035
6 59 203 323 372 522 1081
6 61 298 346 537 2031 4802
6 52 285 304 455 695 906
6 58 282 325 492 716 2504
6 151 1407 2882 6566 9055 9062
6 211 526 2400 3998 9071 9078
6 45 856 1999 3705 7173 9091
6 148 747 2332 3604 6995 9105
6 170 724 1240 2168 3701 6165
6 47 323 1611 2671 5224 9121
6 61 283 479 1235 2037 8644
6 66 701 999 1349 1882 2332
6 155 294 325 452 525 1446
1 155
6 83 289 316 327 475 899
6 61 296 460 894 4378 9140
6 272 1028 2505 6425 9150 9157
6 83 296 685 1450 4810 8729
6 13 364 834 1043 2774 9175
6 336 2039 5049 8362 9189 9196
6 742 1360 3470 6001 9210 9217
6 576 1070 1794 2448 4898 9101
6 66 423 976 1504 3090 5184
6 170 832 1360 1801 2770 4375
5 206 1600 9243 9249 9257
6 61 289 308 327 479 1442
6 35 853 2918 3962 7358 9267
6 157 913 1330 1801 5038 6890
6 203 534 814 1183 2588 3741
6 61 292 312 371 674 1441
6 50 200 1053 1743 2515 3816
6 221 945 1504 2332 5567 9288
6 157 701 942 1113 1504 3445
6 191 431 1678 3221 6543 9304
6 61 286 318 343 469 695
6 61 288 312 338 538 2037
6 66 1114 2606 6902 9317 9324
6 289 1911 3464 8859 9340 9347
6 244 9357 9366 9372 9380 9387
6 53 430 960 1501 3982 6586
6 27 296 1286 1695 4762 9404
6 61 224 327 460 865 1455
6 146 701 914 1416 2560 3864
6 61 294 519 963 3273 6721
6 83 397 677 1180 3336 5635
6 156 685 2410 3374 6166 9432
6 49 372 834 923 1272 2328
6 221 898 3595 7594 9449 9456
6 148 228 506 701 969 1393
6 221 909 1333 1357 2328 3589
6 264 894 1758 4524 9306 9472
6 50 223 485 534 1368 2641
6 83 1158 2361 4955 9484 9491
6 83 1000 3466 4582 8303 9506
6 151 399 695 942 1338 4225
1 4583
6 82 501 1035 1865 3613 7481
6 460 1082 1532 3571 4838 9534
6 59 283 314 346 682 1450
6 148 435 845 1110 3222 9544
6 203 474 799 1177 2211 4408
6 406 1172 2645 8706 9566 9573
6 151 936 1794 2335 3440 6187
6 191 569 850 1510 3242 6584
6 59 216 548 850 1504 2262
6 151 288 346 469 898 4468
6 59 365 493 675 1191 1509
6 83 215 417 520 697 1234
6 214 527 942 1237 2329 5647
6 45 296 1010 1876 2916 5136
6 59 435 868 1064 1525 5361
6 59 475 498 969 1788 2823
6 90 364 950 1349 2814 3975
6 148 410 615 1381 2390 6919
6 59 322 871 1100 3201 8091
6 224 492 788 1675 4983 9650
4 66 227 1063 2113
6 83 294 380 539 1854 3948
6 222 325 1611 2894 7968 9663
6 494 1360 2332 3434 8065 9675
6 82 221 858 1966 3578 8562
6 214 805 1197 2364 4014 9053
6 10 151 866 1357 3178 7172
6 49 283 305 338 517 695
6 66 533 950 1891 5132 9723
6 52 223 843 1064 2518 8382
6 251 294 321 346 537 788
6 131 758 4187 8197 9744 9751
6 148 427 950 1677 2607 4003
6 148 286 593 908 1914 5294
6 82 748 1391 2682 4834 9770
6 184 506 1095 1401 2562 4885
6 45 527 1067 1404 2534 3603
6 261 325 1360 2164 8671 9789
6 184 317 519 903 2447 8179
6 59 197 593 976 1504 4600
6 184 480 848 1177 2415 3668
6 59 259 304 526 950 3465
6 59 527 950 1349 1507 2832
6 59 282 321 371 472 789
1 83
6 192 1095 2729 4206 9824 9831
6 55 989 3243 7003 9843 9850
6 170 834 943 1338 2332 4258
6 89 1834 9865 9871 9879 9886
6 27 625 2011 2455 6817 9901
6 82 293 321 450 897 6458
6 148 677 1374 5056 9921 9928
6 23 430 1790 3243 9939 9946
6 368 1197 2355 8870 9961 9968
6 61 322 528 953 2504 4219
6 83 296 372 525 781 1435
6 371 2305 9982 9988 9996 10003
6 203 809 909 1240 3199 10018
6 52 223 521 1391 2585 5802
6 176 327 640 1026 1237 3059
6 245 296 320 349 532 1571
6 83 294 325 517 684 1432
6 153 498 950 1461 2820 5543
6 59 360 799 1170 1951 7108
5 61 288 323 460 2506
6 6446 10054 10063 10069 10077 10084
6 66 412 1097 1949 8699 10098
6 228 611 1630 1959 4026 10107
6 203 809 2556 3323 6259 10117
6 148 211 423 612 850 1506
6 177 441 1755 4686 10128 10135
6 83 469 701 1401 3287 10147
6 700 1351 2357 3408 4900 10159
6 157 950 1404 2881 4196 7614
6 148 223 596 849 1374 2392
6 61 321 453 536 1421 4266
6 57 505 984 2507 7005 10176
6 66 908 992 1363 2767 8892
6 406 2712 5477 10196 10204 10211
6 157 498 943 1370 2326 2839
6 52 266 323 691 3200 6185
6 75 615 1409 1781 3374 6908
6 75 231 1076 1409 3808 6678
6 184 501 821 1107 1401 2936
6 157 609 1100 1769 10238 10245
6 59 494 1035 1369 3670 7492
6 261 1928 2086 2903 10259 10266
6 406 3661 4410 8706 10278 10285
6 7 327 759 1176 2115 3330
4 497 911 4677 10299
6 82 866 2456 2617 4275 9899
6 282 478 1440 2957 5643 10312
6 193 609 1929 3223 6026 10229
6 148 222 593 1081 2357 5801
6 29 1005 3912 6785 10335 10342
6 61 290 312 380 674 1025
6 61 288 312 368 537 1510
6 49 294 512 777 1450 2052
6 272 837 2556 3643 6298 10354
6 78 435 1081 1948 4166 10365
6 157 228 556 850 1397 1962
6 64 292 458 532 1370 1782
6 53 247 457 530 1370 2205
6 586 1214 2797 3473 5177 9207
6 203 305 536 1043 2526 6108
6 184 460 684 1025 2066 5028
6 59 223 710 1039 1391 3180
6 59 200 418 505 703 1089
6 151 1240 1903 3433 4900 9112
6 83 716 2032 4158 10403 10410
1 701
6 157 681 1113 1536 4086 5647
6 146 430 909 1109 2354 5114
6 61 285 300 319 372 1370
6 120 498 1182 1736 3089 5487
6 83 298 343 522 695 1420
6 191 1074 4697 10445 10453 10460
6 832 1343 1515 1527 6137 10470
6 282 303 372 675 1028 2970
6 148 534 2331 4080 5521 10490
6 151 368 538 1025 1894 3634
6 155 304 452 478 793 1604
6 61 292 312 450 698 2003
6 83 368 512 708 1848 3265
6 157 935 2942 3433 6428 10514
6 145 480 1011 1698 4097 9130
6 82 418 968 1932 3262 6585
6 93 722 950 1360 2448 2991
6 31 776 1401 1996 3207 7829
6 47 483 1704 6674 10552 10559
6 6 720 1351 1630 1974 5175
6 51 224 534 1089 2696 7372
6 146 706 1240 1786 5662 10587
6 58 252 300 334 880 1811
6 397 807 1192 2645 5824 6468
6 176 1761 2779 5451 10605 10612
6 192 811 969 1338 2941 5543
6 59 480 901 1370 1865 4813
6 59 292 325 460 673 1446
6 83 327 530 1026 1680 5809
6 157 624 1233 1455 2837 7945
6 31 1057 2943 3177 5337 10644
6 59 283 399 531 1397 2644
6 52 285 305 343 906 4478
6 83 294 327 478 898 1477
6 206 908 1240 1504 2357 6155
6 59 201 371 511 973 1506
6 10 220 803 1261 2943 4589
6 214 501 1392 2211 4950 10498
6 83 295 455 673 1547 10679
6 148 423 712 1415 3109 4011
6 59 292 626 770 1736 3721
6 203 494 821 1177 1666 2830
6 202 1511 3317 4492 10674 10703
6 52 177 1366 2585 3808 7226
6 235 308 3281 9664 10727 10734
6 61 310 778 1089 3040 5114
6 17 6733 10748 10754 10762 10769
6 39 501 836 1186 2724 6319
6 75 1147 2131 2650 2668 10782
6 151 720 3425 9649 10797 10804
6 153 460 680 793 2819 6007
6 435 1197 1349 1522 4836 8979
6 71 473 1234 2429 5798 10827
6 176 418 923 1237 1961 5507
6 157 548 908 1230 2803 6691
6 8 1268 1322 3980 7363 10850
6 610 1950 2649 2655 7337 10862
6 83 296 492 921 3783 8960
6 203 522 836 1136 2047 4984
6 91 423 1407 2517 6077 9820
6 83 312 748 1455 4481 10892
4 83 522 4523 10901
6 82 232 593 1097 1962 4178
6 318 807 1174 1192 5624 6649
6 148 1404 3794 5513 6437 10926
6 770 1844 2415 4084 6306 10936
6 23 832 1405 2326 4187 5042
6 39 1283 1707 5891 10951 10958
6 83 292 532 1097 2968 7196
6 190 294 458 539 1146 1508
6 29 181 1064 1295 3692 4600
6 61 382 1095 3276 10980 10987
6 270 2212 3320 6477 6760 11008
6 282 469 1438 2827 5145 8528
6 52 93 638 992 1883 4339
6 59 371 959 1786 5557 11028
6 148 889 3037 4035 9642 11040
6 206 1403 5180 7616 11052 11059
6 61 785 1455 1926 7882 11071
6 149 224 460 534 1235 3047
6 61 286 308 334 459 680
6 59 294 322 418 537 1623
6 176 504 1173 1951 4105 10836
6 58 598 1150 1757 2513 7841
6 65 283 492 697 1455 2431
6 153 406 1034 1406 3342 8522
6 57 955 1699 1826 5674 11101
6 155 371 530 963 1461 4348
6 165 493 943 1850 2873 6106
6 148 310 727 952 2460 7367
6 156 760 1125 1734 3235 9481
6 83 538 969 1794 2763 7263
6 773 5237 9123 11141 11149 11156
6 204 596 2106 4035 6321 11166
6 60 921 2648 3952 9155 11180
6 83 311 380 496 1432 4158
6 61 289 319 371 536 963
6 203 492 909 1186 1851 2556
6 83 293 460 683 1447 3360
6 83 412 972 1381 2262 6611
6 53 231 598 1098 3215 6617
6 59 206 500 624 1235 4576
6 219 2797 6277 11216 11224 11231
6 64 343 1095 4426 8592 11246
5 251 455 673 1023 1681
6 607 11257 11266 11272 11280 11287
6 148 611 1109 1928 2554 4403
6 91 363 1848 2328 11299 11306
6 146 371 673 1101 1991 3824
6 61 296 677 957 1961 3663
6 66 285 316 529 992 3909
6 49 181 542 897 2587 9398
5 191 3230 9638 11338 11346
6 243 1596 1935 2903 7507 11355
6 49 240 430 894 1755 5662
6 155 2427 3531 3552 11252 11375
6 64 1230 3630 5682 7507 11385
6 175 466 534 1039 1366 3058
6 53 181 990 1240 2332 3692
6 39 464 681 1026 1661 3210
6 39 325 534 973 1369 2580
0
3 61 521 1446
6 190 1374 3221 4093 10879 11403
6 189 420 1150 2262 3221 6021
6 61 286 305 338 537 957
6 13 804 1205 2364 3928 9177
6 148 406 703 1222 2553 4178
6 82 319 466 534 973 1180
6 90 220 593 729 1117 1763
6 83 315 673 1174 2161 4081
6 61 296 480 685 899 2506
6 39 492 1035 1850 4870 11425
6 157 601 947 1342 2250 5720
6 23 776 969 1391 2366 4188
6 61 283 316 460 1244 3287
6 83 480 821 1237 3104 9343
6 46 200 595 984 1366 2589
6 776 1355 4262 5477 11451 11458
6 186 579 2766 2881 7923 9119
6 61 286 327 479 1446 3454
6 185 311 404 539 1446 2079
6 52 1501 3808 5807 11485 11492
6 91 609 1080 2586 8455 10888
6 566 1630 2874 5537 7941 11512
6 62 985 1010 1876 2917 8354
6 151 458 541 1136 1663 5822
6 203 714 1183 1844 2761 4022
6 59 454 921 973 1787 4578
6 61 294 327 460 697 3663
6 225 1495 3314 6021 11542 11549
6 61 296 452 522 781 1447
6 148 1207 3639 6761 11562 11569
6 50 190 433 708 955 1525
6 148 623 1954 2401 3633 9213
6 168 418 909 1032 1360 4718
6 59 448 1142 1722 5800 11589
6 50 293 327 462 1028 2504
6 148 972 1949 4401 8542 11586
6 327 1672 2963 3852 7592 11609
6 155 327 517 680 1420 2076
6 83 293 338 512 905 1766
6 155 302 455 673 1036 3105
6 157 626 1403 2522 5482 6683
6 214 1121 3004 7108 8598 11631
6 51 850 2512 3408 6586 11124
6 167 593 1095 3180 8383 11650
6 157 724 1101 1403 2549 4046
6 66 292 338 500 1482 3465
6 53 406 1074 2617 4681 5507
6 153 469 831 1504 3419 4723
6 61 303 702 1672 3339 8178
6 185 406 685 1177 2641 6007
6 59 286 300 322 455 695
6 83 292 334 492 894 3153
6 200 607 1418 7941 11689 11696
6 61 187 595 973 1823 3414
6 58 198 709 1142 1968 3263
6 261 677 2911 5072 11294 11713
6 700 1240 2538 4375 9587 11729
6 203 842 1663 3066 4178 6543
6 83 295 492 680 1237 2964
6 201 683 1391 1660 7047 11747
6 199 612 1919 2590 5482 11756
6 176 338 534 1366 2524 5469
6 58 193 533 1053 1389 3691
6 209 1414 2588 6614 9433 11773
6 206 688 2429 3672 7134 11783
6 153 426 1081 1879 4555 9840
6 211 493 1032 1186 2588 4718
6 10 147 869 1194 1525 3404
6 4260 11808 11817 11823 11831 11838
6 174 480 921 1999 4811 11397
6 50 286 368 1374 2096 3453
6 59 874 1168 1998 3993 8531
6 148 222 984 1404 5765 10588
6 61 289 683 1089 1919 6985
6 48 538 1057 1763 3090 5078
6 52 177 505 706 1234 3138
6 75 1122 2460 4005 11882 11889
6 148 758 2137 3656 10790 11903
6 49 292 526 695 1385 2068
6 58 185 353 1035 1704 7691
6 57 252 453 991 1755 6244
6 59 285 300 449 695 1763
6 203 492 801 1136 1240 3062
6 739 1968 4742 9225 11924 11931
6 61 287 314 372 640 904
6 371 803 936 1341 2641 5462
6 294 1026 1844 2227 4082 6628
6 148 534 1914 2560 4178 7171
6 233 306 517 1587 7188 10726
6 66 227 372 475 673 1381
1 868
6 241 1812 7896 10721 10735 11842
6 75 371 750 914 2556 4089
6 178 685 2599 4810 11978 11985
6 61 289 310 418 780 1922
6 675 12000 12009 12015 12023 12030
6 282 452 673 685 1368 6214
6 216 2279 6167 9943 12050 12057
6 83 304 460 524 781 1237
6 17 509 1286 2647 4765 12069
6 214 608 914 1636 12079 12086
6 184 296 519 687 1581 3362
6 59 219 435 716 1415 6397
6 155 315 517 778 1466 12106
6 59 288 314 343 522 899
6 47 192 289 441 1089 1926
6 75 327 1096 3058 4956 12118
6 61 290 334 492 695 1036
6 50 318 520 684 1050 3285
6 61 285 457 716 2049 3797
6 148 412 1125 2612 5950 10429
6 83 327 453 963 12108 12143
6 190 697 2124 2609 6993 12153
6 251 350 473 1177 3283 6985
6 577 2874 9683 12171 12179 12186
6 282 327 478 679 1038 1664
6 61 323 512 1025 2820 8501
6 50 745 1035 1845 5814 12202
6 66 492 995 1403 3227 5363
6 53 423 870 1455 4399 9399
6 285 1450 2434 3533 5144 12226
6 365 1800 3107 4277 8051 12237
6 148 1797 7023 10886 12251 12258
6 59 229 703 1510 3427 6995
6 145 1891 5935 8592 12275 12282
6 216 1712 2392 3622 12054 12296
6 64 401 1297 3297 7018 12308
6 192 499 1538 1846 3203 9531
6 371 795 1663 2047 4456 10485
6 146 681 908 1109 2951 4883
6 214 1036 1857 3180 5995 10208
6 83 1089 4966 10294 12345 12352
6 45 148 505 989 1113 3692
6 66 1052 2471 4224 10975 12366
6 66 223 677 1039 1504 6582
6 214 4097 7798 12386 12394 12401
6 418 1081 7000 12411 12419 12426
6 201 431 1034 1381 2106 3363
6 49 288 783 2506 6363 12114
6 66 706 928 1330 4235 6398
6 53 423 709 1064 2121 3242
6 701 1240 2328 2777 4375 6965
6 192 497 806 834 1171 1663
6 504 3851 7593 8522 11615 12470
6 201 349 538 1038 2436 5621
6 83 294 492 677 1500 4610
6 61 322 540 1393 2899 7882
6 593 1204 3181 3397 6277 11207
6 153 597 972 1392 3948 8572
6 228 531 1172 1532 2939 4713
6 52 293 460 785 2003 3872
6 49 222 691 1600 2524 7948
6 61 285 305 525 880 2504
6 82 709 2261 3421 9590 12519
6 58 294 697 1097 3090 5030
6 61 296 452 529 894 1442
6 64 434 1400 2562 3946 7175
6 61 327 850 1349 1827 2881
6 59 221 700 851 1769 3273
6 221 1963 3584 4478 10575 12543
6 58 849 1696 2588 4813 10953
6 226 3223 8622 11549 12563 12570
6 192 528 851 1397 2774 6071
6 83 320 680 1237 1675 4170
6 83 296 455 520 684 2074
6 157 609 1506 2612 4003 11519
6 59 214 703 729 1510 12380
6 52 204 606 984 1147 3252
6 216 1114 2121 3111 6026 10109
2 6081 12619
6 221 908 1998 3433 12626 12633
6 192 1101 2545 5322 12645 12652
6 55 423 1009 2475 6587 12664
6 53 166 726 988 1113 2539
6 66 2024 3814 9023 12675 12682
6 52 200 425 889 2392 4035
6 29 1066 12693 12699 12707 12714
6 372 825 1843 2920 5995 9696
6 91 424 1391 2524 4168 9720
6 184 482 1035 1184 2560 6311
6 598 1956 4524 6282 9252 12735
6 59 193 300 529 1919 3677
6 58 166 410 540 1000 2068
6 1037 9559 12747 12753 12761 12768
6 83 290 344 461 897 3423
6 60 533 894 1418 5031 7492
6 574 1417 2874 6231 7941 11635
6 47 147 232 842 1097 6615
6 61 294 671 1466 3350 10399
6 146 435 911 1220 2332 3566
6 61 300 1000 2164 7811 12806
6 213 6036 12819 12825 12833 12840
6 61 718 1101 1276 2881 6967
6 45 509 1525 3243 5788 12852
6 50 346 897 1720 4873 8901
6 49 283 992 1883 4603 9508
6 59 586 1381 3099 7108 12876
6 192 541 957 1392 2459 6476
6 83 227 598 1088 2262 12888
6 148 232 612 1381 5113 8627
6 59 198 527 953 1634 2777
6 156 426 1409 2511 6057 9215
6 157 776 969 1136 1801 6536
6 153 608 973 1397 2617 7374
6 70 469 1197 4622 12268 12925
6 222 498 1188 1857 3693 6171
6 50 383 2061 3602 8638 12939
6 61 289 322 380 674 1370
6 91 288 677 1547 2968 5664
6 66 239 1110 1418 3196 11817
6 59 293 346 536 793 2065
6 148 506 2293 6803 12014 12974
6 53 283 424 498 1097 2511
6 90 958 3571 5527 11130 12990
6 153 854 1731 2473 4166 9862
6 179 530 1136 1913 3390 6124
6 59 222 609 1100 1755 3090
3 289 11835 13016
6 61 294 530 695 3797 7548
6 157 527 727 1113 1407 3051
6 53 448 1495 2565 6278 12162
1 13034
6 148 433 909 1035 1397 4718
6 83 501 1240 2820 4178 6624
6 221 1405 4039 7694 13045 13052
6 59 283 372 492 680 1025
6 8 222 701 1089 2023 6948
6 157 601 726 1235 2331 4285
6 157 419 859 1235 3037 7114
6 423 3195 8710 11564 13077 13084
6 148 216 447 598 1107 3077
6 83 319 492 695 1446 4658
6 148 223 684 894 1738 4524
6 49 167 424 683 1066 3678
6 182 513 1122 1864 2835 4095
6 50 223 677 1374 3089 7983
6 176 294 327 465 695 1581
6 438 1090 2648 5289 10787 13110
6 167 435 1949 2522 5292 12575
6 5 1035 2417 4189 9307 13134
6 90 469 2250 5503 13145 13152
6 132 438 1495 2252 3627 8500
4 356 3090 6312 13166
6 61 260 919 1381 2262 5336
6 293 527 1045 1588 3290 8354
6 160 372 512 921 1240 2765
6 83 307 673 781 1919 4207
6 75 211 424 612 1506 2256
6 13 804 947 1402 2363 4511
6 83 303 354 460 1435 2422
6 61 296 517 793 1571 5339
6 61 290 343 517 963 2504
6 61 287 343 519 1089 3180
6 91 349 626 894 1506 3151
6 156 215 423 527 1409 2511
6 185 336 492 698 1449 3425
6 61 294 327 460 683 1033
0
6 59 283 295 319 460 904
6 148 608 1095 1403 2678 5426
6 191 492 977 2250 3394 9913
6 91 286 320 1919 4472 8558
6 203 492 969 1369 3853 13223
6 78 434 1934 2393 3627 7507
6 2129 13237 13246 13252 13260 13267
6 83 294 673 842 1405 3282
6 83 294 520 540 976 3185
6 148 228 540 1046 1507 3663
6 53 528 722 1403 2265 3438
6 153 845 1404 3380 4945 11102
6 203 687 2139 4786 7581 13300
6 157 1519 2949 4511 11001 13312
6 220 1193 4004 7167 12906 13326
6 53 169 991 1018 2454 3181
6 174 527 1366 2404 6170 11213
6 214 1948 9128 11714 13351 13358
6 153 911 1755 5031 10133 13369
6 83 294 372 520 1424 3525
6 148 221 623 1081 2517 7038
1 537
6 227 1111 2650 6036 10614 13384
6 45 192 444 850 1090 1969
6 64 223 423 710 1081 3166
6 83 224 506 1036 1237 2641
6 423 911 2604 3663 4129 10374
6 206 1402 2324 4375 8238 13409
6 45 227 726 1025 1694 3665
6 221 1108 1402 3444 9038 13424
6 285 464 687 1171 1664 3783
6 559 2874 7938 11700 13441 13448
6 185 350 687 1450 4922 13457
6 64 232 532 1039 1843 8540
6 90 700 931 1240 1403 2545
6 151 452 535 1023 2528 5999
6 23 497 1864 2758 5322 8700
6 192 801 969 1179 1854 2601
6 184 413 612 1381 2513 3010
6 193 596 1961 3221 6258 11413
6 61 292 327 460 695 2076
6 559 1211 5260 9054 13498 13505
6 146 406 909 1334 2634 9783
6 201 612 1096 2390 3221 5426
6 221 799 2331 3716 11673 13526
6 167 512 770 1038 1698 3177
6 228 950 2835 4777 11511 13540
6 61 289 319 458 673 906
6 149 371 540 1097 1502 3993
6 191 1948 3262 6491 10639 13554
6 66 224 325 480 957 1663
6 284 371 492 679 1444 4769
6 75 2684 13568 13574 13582 13589
6 59 221 480 710 1095 2116
6 184 915 1716 4093 8517 12468
6 151 372 512 921 1122 2823
6 156 946 2511 2691 5544 10696
6 66 327 518 674 1665 4171
6 189 1091 2410 3566 6458 10718
6 191 613 1954 3242 6203 13623
6 61 312 460 675 1450 3452
6 148 336 527 973 1237 2135
6 97 438 1366 1771 4121 10322
6 223 1611 1944 3195 10264 13638
6 52 221 953 1415 3050 10439
6 47 223 722 1366 2524 7116
6 282 382 538 788 2079 5442
6 257 2121 3222 6785 12676 13664
6 59 542 1366 2590 5358 10042
6 83 327 522 698 1446 2262
6 59 292 527 962 1391 5115
6 148 418 556 859 1477 3180
6 28 1268 2647 4764 10695 13692
6 61 224 300 349 683 1039
6 78 434 1233 1937 2901 7172
6 221 834 1240 1351 1518 3433
2 1801 13711
6 371 957 3037 4964 13718 13725
6 61 315 462 673 788 2523
6 151 324 683 1424 2232 10798
6 153 727 1101 1495 2586 5056
6 184 323 527 759 1173 2331
6 191 434 626 1141 2266 3620
6 161 229 612 1088 2390 3617
6 184 850 2607 3320 8455 13752
6 148 221 709 1081 1403 3432
6 181 1592 4265 6494 13763 13770
6 184 338 679 1033 2424 7124
6 59 232 1416 3228 8036 13788
6 61 294 327 460 538 1033
6 184 492 1082 1366 2191 3571
6 190 410 548 1039 1962 3363
6 167 480 1176 1627 5837 13802
6 64 356 685 1461 2607 3680
6 148 414 859 1415 4683 8502
6 191 860 2460 4367 12912 13823
6 59 228 534 960 1401 3361
6 83 294 324 460 675 2625
6 148 223 804 1230 2511 4086
6 417 748 1919 3282 6242 8475
6 883 7083 13839 13845 13853 13860
6 27 597 1005 1289 2983 9069
6 190 527 832 928 1355 2644
6 185 294 343 517 921 1442
6 148 492 1096 1511 4348 5800
6 61 283 785 1762 3295 12482
1 66
6 61 524 2644 3871 7239 13887
6 61 293 468 695 1919 12480
6 61 283 304 519 1571 4598
6 83 455 781 1443 4388 13911
6 148 416 697 1100 1767 5331
6 146 310 1107 1991 3173 6988
6 255 1746 3349 6564 11365 13931
6 83 292 527 960 1506 3037
6 364 797 823 1186 3012 4838
6 151 708 943 1504 2828 4096
6 327 534 1183 2526 5191 10720
6 61 293 387 1237 2079 4965
6 174 315 525 691 1440 7970
6 83 321 525 1033 3367 13962
6 148 712 1403 1509 2835 6015
6 59 761 1184 2065 3963 7565
6 224 288 312 452 1587 3452
6 184 372 682 1034 2957 4963
6 61 300 325 455 680 2005
6 53 147 224 709 992 1455
6 83 290 327 455 673 3454
6 49 412 1374 3089 7493 13988
6 192 296 318 455 525 698
6 83 293 449 530 1675 4208
6 157 691 2285 3273 8821 13999
6 149 300 406 475 685 3013
6 49 228 327 520 894 2076
6 167 1926 4625 9621 14017 14024
6 58 511 1777 2648 10231 14037
6 178 310 534 1012 2823 4393
6 61 288 312 336 519 957
6 221 469 1124 2903 8758 14048
6 59 203 371 480 700 1177
6 75 226 609 1146 2515 6277
6 61 286 349 492 640 1360
6 50 342 1142 2507 4071 11957
6 315 521 1446 2821 4951 9451
6 51 441 2015 2671 9532 14074
6 83 289 324 904 1920 5031
6 151 294 349 460 525 1446
6 2804 14078 14093 14099 14107 14114
6 91 308 460 526 685 1449
6 192 796 1397 2715 7230 14040
6 83 371 1234 1476 2410 7124
6 184 527 1397 2507 4112 11742
6 83 458 708 1025 1237 1672
6 371 1538 4134 5515 11465 14150
6 50 201 683 1152 2596 6170
6 66 228 703 960 1230 2511
6 182 935 1240 1986 14167 14174
6 61 293 466 530 1466 3783
6 365 804 1338 2369 4984 12324
6 50 283 684 1092 1963 2810
6 83 460 1000 2070 7862 14194
6 30 1266 3380 4855 11361 14208
6 149 323 898 2331 7663 14218
6 626 3327 6281 9943 12261 14231
6 53 223 709 1064 1375 3213
6 1103 7608 14245 14251 14259 14266
6 66 505 1004 1875 4515 12364
6 5269 14290 14299 14305 14313 14320
6 16 709 1698 3444 9200 14331
6 800 2172 3645 4827 10024 14344
6 60 417 2552 4069 8483 14355
6 59 282 511 770 1959 10104
6 58 1387 2086 6443 14374 14381
6 47 149 482 990 1704 9912
6 120 219 439 1066 1391 3691
6 239 1964 4597 12295 14402 14409
6 50 200 433 538 1081 1757
6 83 285 455 894 1397 4378
6 83 294 380 480 538 1028
6 153 435 1397 2718 5797 14425
6 48 87 232 891 1827 3376
6 149 291 906 3350 6571 14434
6 83 287 527 1234 3665 7296
6 176 288 305 326 542 1919
6 148 603 858 1204 2613 6584
6 148 338 527 770 1176 1911
6 59 223 527 1086 2795 11114
6 185 300 464 673 1033 1671
6 39 224 950 1189 1939 4303
6 61 221 848 1403 3661 8082
6 185 305 351 538 1045 4769
6 184 491 1508 2641 4637 10042
6 61 300 460 536 793 1443
6 82 423 973 1351 2331 4071
6 153 1795 3490 8979 13403 14483
6 61 289 327 528 1043 1824
6 61 281 326 462 1819 5031
6 52 211 601 1090 1532 3566
6 184 424 534 1180 3092 5825
6 13 908 1110 1341 1801 4187
6 83 360 674 1766 4605 6178
6 148 200 480 849 1142 2289
6 59 418 950 1391 2801 4207
6 82 318 781 1383 2504 5929
6 35 526 1053 2515 6944 10975
6 59 187 685 1113 2534 6588
4 433 1341 14532 14538
6 83 327 488 963 1766 3054
6 59 228 444 831 1222 4033
6 61 204 418 531 963 2524
6 200 426 748 1088 2580 4522
6 165 569 1039 1511 2507 3438
6 4 157 701 1283 1877 6405
2 282 14551
6 34 424 1100 1696 4982 14552
6 201 848 1235 1504 2776 3917
6 61 288 310 346 783 2447
6 148 430 1122 2604 4519 10424
6 412 1736 2650 4755 10868 14570
6 71 282 492 700 1029 2328
6 176 323 501 699 1191 2524
6 83 315 536 719 1455 3295
6 83 327 593 973 1650 2575
6 61 1114 2447 4707 13126 14594
6 61 289 322 452 640 1237
6 75 223 444 709 1391 3037
6 83 221 424 540 1039 1503
6 184 473 674 1455 3783 13019
6 155 319 536 1028 2964 5192
6 157 492 1089 2262 7131 14621
6 61 288 306 338 517 897
6 167 419 609 980 1511 3256
6 201 441 960 1403 1972 5720
6 221 1233 2274 3692 8382 14638
6 90 976 2029 6558 14650 14657
6 83 298 453 525 3108 7685
6 83 293 346 537 1033 1921
6 75 410 894 1415 2803 6397
6 149 296 343 462 680 1450
6 192 831 1461 2820 5098 10872
6 192 1230 4350 5301 12985 14686
6 148 229 515 850 1727 3201
6 203 406 681 1171 1397 3661
6 50 176 936 1113 2588 4956
6 192 832 943 1351 1966 3577
6 47 166 223 1142 2274 3869
6 192 859 1687 2434 3433 5145
6 148 626 837 1409 2566 10914
6 58 289 419 526 1383 3178
6 83 295 327 478 899 2781
6 214 397 701 943 1239 2329
6 233 306 462 1033 3277 7896
6 66 221 435 699 973 1959
6 66 412 729 950 1403 6805
6 170 724 1360 1460 2766 5330
6 50 191 418 727 1407 3663
6 406 2175 5008 5019 14166 14746
6 61 296 517 538 1053 3360
6 14 593 1367 3396 9006 14762
0
6 9 497 1283 1905 4078 10548
6 83 311 542 959 1919 5111
6 61 284 300 338 518 680
6 49 320 462 537 788 1446
6 50 283 433 532 971 2506
1 989
6 203 504 1034 1401 2920 4095
6 59 426 1109 2958 10522 14793
6 200 310 799 1369 2106 3304
6 49 283 343 484 1103 2506
6 186 1504 3702 6316 11793 14807
6 843 1963 5788 9097 14817 14824
6 6 221 599 837 1636 2925
6 83 542 1401 2485 5182 14787
6 52 952 4761 10747 14844 14851
6 435 1151 2918 3982 9840 13780
6 148 806 938 1122 1991 4522
6 148 2520 8495 11090 14870 14877
6 67 3270 7468 14886 14894 14901
6 66 360 1210 2822 6012 14910
6 221 859 1252 1406 2332 3698
6 83 311 455 673 1025 2523
6 59 500 1103 2725 8643 14925
6 75 697 1709 3808 14936 14943
6 155 321 462 1420 4388 8932
6 61 294 519 880 2899 8094
1 5542
6 64 221 703 1368 2454 2763
6 59 292 338 458 702 1447
6 148 417 609 1391 2068 3567
6 626 1727 4680 6614 12842 14972
6 149 374 711 957 1857 3698
6 175 700 914 1342 2327 3574
6 64 709 1820 2515 6996 13347
6 55 1704 14086 14995 15003 15010
6 61 688 1067 3050 11325 15020
6 157 921 2331 3843 8358 12777
6 83 294 683 952 1956 3106
6 83 315 455 675 1066 2164
6 50 289 460 1089 3374 11594
6 83 296 482 512 1033 8163
6 221 1112 2522 4104 6856 10277
6 83 286 449 480 1035 2506
6 61 289 701 1005 1088 2478
6 197 2409 11794 15059 15067 15074
6 146 500 1125 1988 4586 12437
6 59 221 527 710 1389 2598
6 157 1089 3376 6439 12554 15092
6 184 675 1391 3253 12106 15105
6 61 346 779 992 6186 15115
6 214 859 1355 1964 2678 4426
6 193 310 540 685 1391 2262
6 63 279 1067 2068 4606 10729
6 61 286 327 460 904 2781
6 192 681 1192 1846 4718 12205
5 311 1845 5609 15145 15153
6 61 288 302 318 456 534
6 65 2507 4301 7830 15158 15165
6 59 511 1100 2324 7352 15174
6 402 1970 3065 3870 6126 15183
6 556 1265 1524 3698 7179 12639
6 75 225 849 1066 3243 7172
6 49 192 327 455 695 1864
2 455 6628
6 59 419 955 1963 3585 7883
6 164 506 2588 4095 6066 10997
6 83 319 460 640 1036 3054
6 14 950 3170 4963 11531 15222
6 153 992 2324 6785 8253 15231
6 148 327 492 1034 1368 3332
6 157 282 674 1107 3347 4718
6 83 325 475 957 2506 4643
6 61 220 423 533 1095 3180
6 83 318 458 534 980 1391
6 155 327 460 538 1432 3341
6 59 356 697 1374 2418 5065
6 82 740 2282 3257 6092 15014
6 52 317 519 540 897 3037
6 50 201 960 1387 2567 4617
6 59 318 673 1234 4035 9726
6 83 323 519 695 4266 15273
6 261 1368 3640 9117 15276 15283
6 157 422 854 1495 2108 6092
6 157 832 1265 1404 2767 4285
6 221 3113 5231 9365 11817 15302
6 151 300 537 1342 6008 15313
6 75 604 2691 6012 11264 15325
6 189 746 2400 3566 6310 12772
6 206 859 2112 2835 4096 6040
6 170 371 701 942 1397 2331
6 83 459 977 3274 7238 15344
6 193 422 1081 1649 2795 7025
6 59 1000 2079 2784 8197 15360
6 160 564 729 950 1360 1798
6 64 200 527 712 1230 1942
6 157 1235 2379 4285 5180 15372
6 401 3484 8424 15382 15390 15397
6 191 877 1879 4401 7503 10886
6 59 224 851 973 1769 6586
6 65 310 542 894 1373 3105
6 59 289 314 369 468 673
6 91 431 1418 2160 3037 5664
6 1539 10259 15414 15420 15428 15435
6 153 1415 4626 9224 13077 15449
6 2882 15458 15467 15473 15481 15488
6 49 289 322 527 1423 5860
6 97 1738 8910 13056 15504 15511
6 46 223 1976 3916 12606 15526
6 91 294 338 460 692 2010
6 61 287 322 455 532 1393
6 167 227 1081 2515 3608 6259
6 48 181 871 1064 1525 2522
6 148 435 1367 2256 3982 9702
6 7 286 540 1082 1919 3330
0
6 52 1943 4360 6042 11338 15553
6 220 812 969 1170 2358 7492
6 83 289 458 487 821 1663
6 61 327 700 1510 3525 5148
6 177 768 2133 2755 6297 14036
6 95 597 1385 1960 3144 7883
6 50 521 806 1088 2077 4600
6 59 292 518 640 1234 2523
6 460 1026 1272 1844 2598 4664
2 176 12270
6 211 807 1532 2588 4093 8258
6 53 193 410 709 2511 4227
6 75 597 1711 2604 5381 9741
6 282 492 921 2047 10549 15598
6 206 727 1230 2331 3328 6310
6 156 1409 3750 8257 11221 11889
6 52 697 2086 3792 7018 8774
6 59 289 326 458 537 1023
6 148 845 1207 1696 3864 7608
6 148 2266 9225 11928 15626 15633
6 59 312 455 674 4467 10392
0
6 192 504 1090 1959 2956 9586
6 66 304 845 984 1389 5765
6 63 978 9877 13357 15661 15668
6 83 289 343 460 695 3390
6 200 596 1360 2124 6057 11757
6 50 289 452 848 1389 2809
6 61 294 327 496 877 1494
6 83 318 536 793 1669 8388
6 203 296 491 640 963 3180
6 300 1389 4097 5749 15697 15704
6 61 294 354 455 530 1675
6 148 406 1107 1962 3438 9352
1 83
6 14 826 1177 2724 4753 12067
6 53 868 1663 2344 3834 6110
6 83 327 492 673 1038 2076
6 147 5362 12696 12704 15737 15744
6 66 204 418 703 1122 2580
6 500 3419 7712 11671 15758 15765
6 61 294 343 493 674 1028
6 93 593 2524 4818 12987 15780
6 218 674 1330 2504 3730 5564
6 53 221 527 701 1101 2168
6 201 349 527 1031 1238 3671
6 51 167 219 418 842 1815
6 185 368 1034 1921 3422 8473
6 148 430 727 908 1240 3663
6 282 319 480 673 963 2005
6 78 1624 3632 7509 10885 15809
6 61 325 683 980 2262 5664
6 61 285 304 338 883 2205
6 170 701 1363 1748 3438 5294
6 50 963 2221 3195 5766 14398
6 228 1370 6308 9691 15536 15834
6 59 251 293 346 462 684
6 201 466 1027 1237 2820 5801
6 148 220 466 700 1107 1864
6 50 157 520 1052 1495 3465
6 83 286 321 462 2077 15851
6 168 1066 3949 5853 12699 15859
6 597 2654 4932 7310 15870 15877
6 211 677 1857 3221 4035 6310
6 320 781 2780 5650 15889 15896
6 167 406 492 708 1237 2065
6 148 225 548 894 3194 8455
6 83 412 616 1089 3010 6611
6 189 2414 6761 11218 13622 15922
6 59 285 298 319 450 539
6 224 495 916 1035 1504 2337
3 262 695 9184
6 83 293 536 894 3153 8167
6 59 295 455 538 1089 1919
6 66 223 960 1237 2106 4351
6 148 259 708 1107 2612 8390
6 160 504 1454 2118 5319 9594
6 61 540 1772 3465 11470 15956
6 59 197 728 1366 7853 15967
6 151 321 1028 3058 6257 11828
6 61 286 321 346 525 700
6 61 293 327 458 538 1023
6 714 3418 4711 10117 15981 15988
6 148 360 495 973 3058 7005
6 148 556 1391 2106 3663 6171
6 192 492 825 1176 1663 3291
6 83 419 519 909 1286 3185
6 9 1290 6400 9897 16007 16014
6 61 285 305 323 534 1366
6 49 294 369 455 676 1025
6 91 222 494 923 1504 2524
6 148 223 433 703 1415 3620
6 59 201 417 596 889 1381
6 80 302 519 1028 1491 5127
6 289 674 1050 2781 15899 16033
6 61 223 871 1370 1888 3620
6 82 447 1174 1959 6242 7577
6 51 189 310 880 1510 3181
6 239 1095 1989 2448 4167 9101
6 61 901 2392 3812 7917 15278
6 14 1060 3395 6730 10851 16067
6 39 506 908 1197 2327 4022
6 61 282 424 683 1089 3180
6 50 288 718 1067 2327 3844
6 151 318 534 727 1237 2250
6 5381 16087 16096 16102 16110 16117
6 194 5091 12136 13758 16132 16139
6 52 289 529 902 2506 3872
6 282 327 673 784 1681 16031
6 149 635 2029 3053 7663 16153
6 83 737 1381 1943 5353 10517
6 7400 16169 16178 16184 16192 16199
6 167 426 1146 1968 3229 8278
6 49 317 517 789 2079 4266
6 193 1849 3639 4109 6167 10625
6 170 908 1334 1360 2327 3408
5 196 2360 16227 16233 16241
6 701 937 1340 1360 2327 5774
6 193 2456 3716 8716 13072 16254
6 181 709 2798 5591 13273 16267
6 250 315 492 675 1025 1919
6 247 2250 6985 11635 16280 16287
6 31 599 3202 4690 9009 16296
6 39 228 850 1237 3189 9237
6 377 4911 16311 16317 16325 16332
5 157 966 1630 5036 16344
6 49 282 595 1418 2293 10982
6 178 295 449 528 1604 7968
6 222 478 687 1237 4663 7546
6 61 300 327 453 534 1237
6 261 2150 3630 5758 10863 16365
6 75 414 748 1845 3566 8081
6 59 483 1182 1696 3691 9455
6 157 244 1107 1403 1965 5368
6 61 286 458 673 921 1919
6 61 247 449 880 1435 4355
6 1229 16391 16400 16406 16414 16421
6 327 977 3033 5291 8497 12679
6 64 1409 3630 6034 16436 16443
6 157 950 1990 3864 11080 16456
6 82 579 1090 2718 6061 16469
6 206 854 1416 2767 3812 5053
6 228 1240 4783 8516 14040 16483
6 95 2661 4939 16493 16501 16508
6 80 441 1233 2250 3907 9515
1 16520
6 83 288 324 459 899 3452
6 59 289 314 449 894 2074
6 164 626 955 1385 4021 8258
6 272 541 909 1440 2332 6491
6 61 296 460 673 900 4170
6 66 282 310 490 691 1089
6 52 593 984 1080 3259 8354
6 282 673 2089 3453 9333 15240
6 52 289 529 892 1234 2009
6 196 849 2605 7248 14334 16544
6 47 527 1081 2392 4115 14638
6 61 228 433 536 1663 3665
6 148 2648 8312 16560 16568 16575
6 59 221 300 360 894 2009
6 49 289 447 492 953 2337
6 52 419 1066 1381 2504 5030
6 148 437 1391 1757 4368 8507
6 272 5484 9444 10559 16596 16603
6 191 728 2844 4112 9589 16612
6 52 520 3571 10370 16624 16631
6 251 312 777 1921 5154 11356
6 64 282 1149 2837 7250 14733
6 202 426 1506 2256 3721 6098
6 59 294 530 973 1232 2161
6 282 492 687 1191 2420 6131
6 64 211 748 1391 3242 8799
6 23 803 1109 1397 4522 10399
6 23 364 492 770 2414 5030
6 327 805 1854 2830 5010 8520
6 48 877 1968 3263 9237 12529
6 58 378 1811 2309 3993 15893
6 83 855 1194 1504 2236 3693
6 395 8201 16689 16695 16703 16710
6 59 520 1033 2647 4917 11594
6 157 850 3273 5737 13321 16728
6 369 2083 4870 9955 16737 16744
6 224 513 914 1191 2365 5822
6 201 492 1746 1767 6330 16756
6 153 480 706 1039 3271 5629
6 204 724 2407 3304 5423 16769
5 221 7717 16782 16788 16796
6 318 1036 1663 5200 7649 13637
6 52 1005 1823 3244 16809 16816
6 157 770 954 1769 3580 9938
6 52 288 512 946 1839 4063
6 58 227 697 850 1107 1692
6 185 492 1036 1675 3340 13106
6 82 228 1090 1511 4032 11539
6 75 227 444 612 1053 3166
6 194 1396 3601 4270 7581 15203
6 148 433 1081 1757 3665 6582
6 201 295 371 485 1035 2211
6 148 428 1509 3058 9245 16861
6 53 373 1696 3449 4978 8854
6 221 350 1369 2427 3533 4178
6 47 427 972 1194 3181 12533
6 83 300 492 673 1028 1466
6 185 308 541 899 1919 4393
6 78 1396 4653 7507 12053 16889
6 83 289 380 522 898 2431
6 59 423 1103 1971 2591 7025
6 52 282 300 343 1089 3453
6 148 310 527 714 1397 2519
6 170 704 1035 1360 2575 4023
6 211 1446 1944 2901 6755 11359
6 795 4410 8719 11219 16916 16923
6 192 955 2131 2647 4026 12381
6 59 279 295 372 691 1089
6 61 369 1112 1340 2443 5482
6 148 1938 4618 10228 16940 16947
6 157 1142 6265 6816 8815 16956
6 75 232 604 1112 1727 6611
6 170 845 1351 1799 2767 4081
6 52 286 334 528 976 1919
6 59 371 700 1502 5629 16972
6 89 1097 3097 3997 8388 11503
6 64 227 833 1696 4030 10212
6 61 296 460 539 1107 4468
6 182 807 921 1330 1918 2939
6 157 832 944 1355 2328 2824
6 59 217 955 2328 3593 6678
6 83 327 778 894 3173 7239
6 67 13033 17002 17008 17016 17023
6 270 1928 2585 3195 6756 17034
6 66 845 1937 2808 4491 15128
6 47 423 854 1869 3037 3620
6 83 952 2809 4600 14604 17054
6 78 420 878 1094 3166 5290
6 211 480 1096 2656 4153 9923
6 232 1392 2647 9667 17072 17079
6 90 410 729 1391 2429 4285
6 148 224 423 673 1380 3687
6 7 423 1035 1209 2364 4963
6 155 521 2164 2907 10144 17098
6 192 704 913 969 1518 3203
6 66 1283 2671 5078 11264 17111
6 34 289 681 1461 4142 6311
6 191 5918 15327 17128 17136 17143
6 597 1930 2811 9439 17154 17161
6 221 832 1360 2458 8889 11529
6 50 228 703 915 1391 1961
6 157 228 616 894 1415 2581
6 59 219 419 703 1528 2795
6 198 427 1374 1815 3084 6219
6 148 221 598 1081 1763 3794
6 53 423 866 992 1877 3227
6 146 797 969 1403 2816 3706
6 75 4030 14354 17191 17199 17206
6 66 748 1389 3180 4507 9532
6 61 294 327 459 675 1442
6 222 1366 1850 4393 8514 12478
6 83 294 492 683 1381 1975
6 83 293 327 458 675 1023
6 185 480 1368 1895 2967 5098
6 83 327 673 788 1600 9016
6 66 222 444 1142 5096 8458
6 53 701 1122 4496 17246 17253
6 155 327 674 1461 4922 17263
6 66 1089 2648 2671 5035 12057
6 50 419 853 1122 2581 8699
6 59 469 1786 4148 11340 16959
6 49 289 327 698 2079 4171
6 49 200 434 849 1623 2612
6 52 292 520 684 1237 3180
6 66 222 433 854 1501 2795
6 206 2267 9191 12152 17295 17302
6 82 1720 3778 6855 16121 17316
6 63 286 300 326 537 1443
6 83 292 455 522 698 1381
6 61 295 709 1089 3429 5665
6 59 287 532 676 1366 3367
6 83 390 973 1177 2819 4646
6 157 708 1136 1651 2774 4093
6 216 1162 2552 3566 4343 6628
6 148 427 697 1624 4069 9590
6 160 948 2723 3764 10150 17337
6 8 371 921 1100 1705 3207
6 47 427 992 1694 3243 8913
6 187 3783 7959 10127 17357 17364
6 153 870 2274 3243 7468 17374
6 66 711 1884 2841 4047 9948
6 23 802 946 1330 3388 5337
6 282 327 673 693 1443 2076
6 14 401 1057 1903 5547 17392
6 245 927 3392 4707 9817 15606
6 222 465 882 1369 3361 3949
6 61 300 530 1067 1969 4173
6 52 295 346 460 898 1446
6 192 908 2128 2946 6892 14188
6 155 302 478 899 3454 6107
6 178 360 1138 1482 3085 6170
6 184 465 673 821 1845 9867
6 185 346 455 526 1033 2092
6 192 1136 1903 4071 9401 17431
6 754 2830 5843 10362 17444 17451
6 83 512 959 2914 6287 9815
6 184 424 683 1036 2509 6069
6 170 466 770 1082 1664 3296
6 65 288 460 783 2375 4099
6 204 327 673 1189 3452 13106
6 49 153 323 593 1043 1504
6 83 296 921 1672 3185 5315
6 83 423 718 909 1240 1705
6 91 504 1095 2357 5331 15124
6 83 452 698 1096 2417 4139
6 52 610 1064 1827 4224 16389
6 206 424 1039 1600 3988 8448
6 75 700 1095 2507 11214 17505
6 148 222 923 1504 3363 8504
0
6 164 748 1370 2801 4887 12528
6 59 286 308 372 695 1370
6 49 282 314 548 1920 4609
6 228 874 3296 8291 12857 17527
6 75 3598 7596 14075 15825 17542
6 189 228 703 1415 2580 3620
6 170 859 1630 2767 3698 6040
6 283 458 2424 3061 5528 16867
6 1117 8251 17564 17570 17578 17585
6 148 202 614 1066 3263 4227
6 53 201 418 608 1385 3438
6 401 3309 5921 13262 17598 17605
6 5 1267 4517 8129 8328 13136
