4 63 70 71 74
4 113 120 121 124
4 156 163 164 167
4 201 208 209 212
4 250 257 258 261
4 296 303 304 307
4 329 336 337 340
4 378 385 386 389
4 417 424 425 428
4 343 455 456 459
4 485 492 493 496
4 343 518 519 522
4 561 568 569 572
4 596 603 604 607
4 641 648 649 652
4 492 674 675 678
4 702 709 710 713
4 745 752 753 756
4 455 537 654 675
4 810 817 818 821
4 844 851 852 855
4 310 684 703 876
4 308 344 346 453
4 920 927 928 931
4 908 958 959 962
4 991 998 999 1002
4 466 531 537 681
4 349 492 515 673
4 963 1055 1056 1059
4 422 614 799 866
4 1105 1112 1113 1116
4 424 950 1100 1139
0
4 796 1038 1082 1172
4 1198 1205 1206 1209
4 338 505 527 673
4 1251 1258 1259 1262
4 1296 1303 1304 1307
4 1334 1341 1342 1345
4 371 683 953 1043
4 272 480 597 898
4 701 909 948 1110
4 460 783 786 1420
4 327 460 469 536
4 327 460 463 517
4 334 695 727 942
4 1097 1475 1476 1479
4 505 727 748 960
4 950 1265 1328 1349
4 1530 1537 1538 1541
4 346 492 519 539
4 372 784 789 902
4 1601 1608 1609 1612
4 1110 1636 1637 1640
4 475 1025 1032 1171
4 674 899 1089 1449
4 593 1105 1109 1201
4 1714 1721 1722 1725
4 1235 1750 1751 1754
4 228 1063 1088 1375
4 845 919 943 1110
4 1811 1818 1819 1822
4 898 1844 1845 1848
4 1005 1869 1870 1873
4 302 323 324 360
4 1631 1934 1935 1938
4 748 1146 1367 1417
4 1330 1978 1979 1982
4 292 314 322 334
4 986 1493 1695 1782
4 2033 2040 2041 2044
4 338 469 475 532
4 2074 2081 2082 2085
4 953 1506 1508 2107
4 2128 2135 2136 2139
4 319 492 536 777
4 2170 2177 2178 2181
4 2216 2223 2224 2227
4 2251 2258 2259 2262
4 2294 2301 2302 2305
4 950 1240 1265 1349
4 953 1778 2339 2342
4 804 830 832 1187
4 326 460 470 529
4 1929 2386 2387 2390
4 480 695 698 1026
4 2423 2430 2431 2434
4 2011 2457 2458 2461
4 675 1994 2071 2483
4 434 850 1080 1098
4 315 480 492 536
4 505 1455 1547 2531
4 1081 2258 2414 2554
4 300 372 455 519
4 412 703 748 1066
4 532 854 1113 1375
4 675 973 1032 1113
4 973 1880 1892 2429
4 383 950 954 1064
4 699 1036 1110 1240
4 2159 2652 2653 2656
4 2682 2689 2690 2693
4 948 1351 1360 1780
4 2634 2735 2736 2739
4 1403 2328 2331 2348
4 371 673 1894 2074
4 1090 2444 2585 2792
0
4 928 1207 1240 1341
4 729 1240 1351 1403
4 2851 2858 2859 2862
4 2237 2888 2889 2892
4 262 896 985 990
4 1341 1912 2047 2921
4 914 1104 1125 1979
4 336 469 480 542
4 371 635 640 793
4 2973 2980 2981 2984
4 1381 2562 2585 2804
4 480 945 1035 1090
4 722 1233 1240 1407
4 327 492 531 668
4 1237 2328 2331 2364
4 1407 3078 3079 3082
4 319 417 455 517
4 292 343 356 455
4 3119 3126 3127 3130
4 319 460 492 525
4 334 517 522 538
4 460 781 906 1023
4 512 961 963 1066
4 304 323 327 343
4 300 748 904 1126
4 698 946 969 1171
4 418 1081 1088 1624
4 865 1101 1113 1360
4 1495 3239 3240 3243
4 966 1405 1418 2036
4 308 343 449 469
4 310 450 460 668
4 312 380 455 492
4 312 372 492 531
4 3298 3305 3306 3309
4 492 691 957 1032
4 300 334 338 449
4 1672 2966 2968 3339
4 452 534 674 788
4 1085 2355 2359 2942
4 706 944 946 1105
4 1869 3395 3396 3399
4 349 598 729 1368
4 1351 1694 1798 2327
4 673 1441 1449 2087
4 286 310 326 461
4 2354 3493 3494 3497
4 463 1025 1100 1772
4 2453 3537 3538 3541
4 911 1366 1369 1866
4 468 1240 1780 1970
4 1938 2264 2383 2562
4 914 1360 1512 1959
4 492 1170 1186 1503
4 520 1005 1035 1197
4 435 720 848 950
4 1034 1857 2036 2427
4 2036 2436 2438 2442
4 606 1233 1367 1869
4 845 1101 1104 1360
4 1417 2355 2604 2944
4 351 460 469 492
4 3008 3726 3727 3730
4 1788 3753 3754 3757
4 3026 3783 3784 3787
4 505 1076 1089 1375
4 417 952 1088 1100
4 1005 2917 3334 3830
4 458 519 674 687
4 843 1053 1405 1815
0
4 493 799 842 969
4 3878 3885 3886 3889
4 1289 1778 1782 2723
4 3934 3941 3942 3945
4 1095 2798 2903 3947
4 1121 1778 1802 3026
4 850 1391 1403 1501
4 419 593 677 727
4 837 1531 1532 1849
4 711 983 989 1388
4 919 2054 3177 3825
4 933 1251 1267 1916
4 1179 2194 2328 2601
4 4109 4116 4117 4120
4 806 2368 2800 3325
4 848 1098 1503 1778
4 676 1091 1176 1477
4 1360 4182 4183 4186
4 314 336 343 450
4 510 1063 1066 1664
4 232 960 1039 1063
4 1365 4235 4236 4239
4 701 841 859 1090
4 455 640 695 880
4 3390 4272 4273 4276
4 1234 1704 1877 3089
4 2604 4314 4315 4318
4 1052 1401 1403 1407
4 957 1845 1848 2191
4 492 1107 1510 2262
4 336 668 673 899
4 606 977 984 995
4 1513 2154 2724 2950
4 343 528 536 540
4 338 455 460 538
4 3421 4429 4430 4433
4 338 849 904 1265
4 327 388 450 460
4 325 460 462 529
4 300 314 326 459
4 492 700 708 1034
4 1631 2696 2899 4489
4 944 1333 1349 1977
4 295 462 469 673
4 430 603 608 842
4 4541 4548 4549 4552
4 449 492 496 695
4 923 1403 1794 2335
4 304 343 450 460
4 289 479 526 542
4 300 508 527 677
4 3673 4630 4631 4634
4 449 535 537 680
4 674 959 1011 1175
4 1403 2360 2604 3397
4 1536 3669 4080 4374
4 455 542 673 681
4 304 433 492 683
4 4710 4717 4718 4721
4 1780 2143 2149 2159
4 296 343 346 460
4 1283 1290 1293 1303
4 346 674 675 784
4 2727 4777 4778 4781
4 1691 2431 3276 4802
4 1543 2598 2903 3926
4 3692 4839 4840 4843
4 868 1072 1470 2016
4 378 992 1000 1067
4 807 1035 1091 1136
4 532 953 960 1368
4 372 460 492 542
4 1799 2764 2767 2953
4 397 950 959 1455
0
4 327 522 537 695
4 821 1859 2199 2936
4 1900 3230 3287 4960
4 527 990 992 1010
4 419 1268 1288 1623
4 371 475 492 673
4 2371 4712 4720 5007
4 520 703 748 1234
4 1334 2328 2538 2814
4 901 1122 1240 1360
4 3112 5057 5058 5061
4 1406 2574 2774 3047
4 701 970 973 1349
4 311 338 343 449
4 911 1397 1403 1807
4 406 480 492 532
4 1070 1495 1677 2511
4 3553 5148 5149 5152
4 854 1360 1402 1417
4 1342 4301 4352 5182
4 5211 5218 5219 5222
4 950 1349 1351 1360
4 5256 5263 5264 5267
4 849 1495 1723 3037
4 1381 2169 2571 3180
4 424 1039 1081 1600
4 923 1341 1359 1801
4 517 700 729 889
4 518 921 1023 1105
4 703 1265 1360 1406
4 481 1074 1370 1704
4 323 455 458 478
4 480 871 969 1046
4 5371 5378 5379 5382
4 828 942 943 1101
4 455 537 542 1028
4 1235 3354 3666 5416
4 2082 3173 3287 4964
4 927 1352 1357 2767
4 492 1240 1438 2337
4 294 418 469 519
4 1861 2815 2826 3653
4 865 1360 1403 1795
4 354 540 541 889
4 3021 4687 4711 5184
4 1235 3037 3248 3561
4 1349 1903 1905 2328
4 521 1028 1033 1446
4 1117 1363 1403 2327
4 2013 5573 5574 5577
4 323 463 466 519
4 525 1234 1367 1919
4 894 1237 1391 2383
4 290 346 419 528
4 458 680 686 700
4 684 1547 2010 2961
4 311 691 698 880
4 318 453 460 673
4 859 1207 1230 1503
4 317 480 512 668
4 1035 2431 2661 2815
4 2326 5038 5564 5686
4 748 1799 2328 2903
4 302 326 327 380
4 327 519 528 695
4 5732 5739 5740 5743
4 426 850 894 1066
4 1351 1864 1959 2331
4 5780 5787 5788 5791
4 748 1401 1503 2122
4 418 533 536 850
4 1095 1605 1636 1858
4 492 899 1031 1383
4 2185 2567 2573 3498
4 317 346 449 460
4 538 1029 1036 1174
4 492 673 674 695
4 372 522 536 680
4 371 519 522 649
4 455 538 542 683
4 2411 5838 5839 5884
4 960 1736 1874 1975
4 1387 1781 1826 2585
4 1874 4042 4810 5134
4 5962 5969 5970 5973
4 299 327 334 343
4 673 1124 1190 1240
4 911 1511 1537 1663
4 712 1892 2250 3183
4 6025 6032 6033 6036
4 1090 1700 1949 2656
4 805 1184 1197 1973
4 2518 4159 4300 5765
4 952 2124 2392 2580
4 480 847 889 1088
4 1779 2767 3029 3757
4 957 1865 1916 2641
0
4 323 680 690 904
4 1787 5381 6136 6139
4 934 1333 1340 1403
4 556 942 950 1033
4 314 450 459 517
4 2678 6188 6189 6192
4 356 674 687 781
4 310 371 380 460
4 1864 6216 6217 6220
4 898 2205 2211 4773
4 1696 2924 3388 4449
4 325 455 458 517
4 1843 4150 4153 6289
4 327 453 458 673
4 729 1176 1188 1369
4 3670 5107 5321 6325
4 945 1272 1351 1538
4 1786 5127 6355 6358
4 540 1095 1240 1704
4 232 597 703 973
4 320 450 455 475
4 327 522 525 675
4 923 1397 1504 1798
4 908 1240 1265 1349
4 492 1026 1028 1367
4 1342 3336 4071 4710
4 311 460 472 521
4 1979 2634 2942 3368
4 1396 2255 3138 3633
0
4 462 541 593 904
4 4180 6451 6452 6455
4 2226 3195 3320 6245
4 536 1038 1235 1752
4 298 338 371 519
4 327 460 492 536
4 323 517 519 528
4 5593 6510 6511 6514
4 293 327 343 455
4 894 1932 1943 2387
4 321 538 638 904
4 3844 6556 6557 6560
4 296 321 323 354
4 859 1004 1081 1882
4 834 1095 1110 1340
4 319 372 380 460
4 738 1409 1414 1727
4 1149 1926 2554 3678
4 985 1008 1010 1067
4 709 1153 1786 1881
4 433 699 701 908
4 1082 1664 1857 2815
4 3207 6653 6654 6657
4 1872 3327 3410 3911
4 1188 2830 3007 3653
4 845 1080 1113 1375
4 492 2087 2626 3520
4 1290 3501 3692 4766
4 2895 6477 6478 6740
4 748 1934 1942 2270
4 842 1385 1389 1864
4 1050 6382 6588 6779
4 1630 2302 2308 2766
4 6817 6824 6825 6828
4 435 891 992 1063
4 4932 6861 6862 6865
4 952 1360 1363 1522
4 1363 1983 1988 3381
4 343 464 469 520
4 989 1072 1404 1677
4 430 700 854 960
4 2011 3394 3406 4765
4 506 1053 1109 1197
4 2964 4377 4378 4388
4 1108 2331 2463 3825
4 327 492 498 511
4 1351 2128 2157 2634
4 977 1137 1385 1727
4 984 2052 2262 2880
4 901 2409 2463 2609
4 1791 4810 4812 6265
4 1092 2519 2567 2795
4 227 527 703 960
4 460 673 674 906
4 7059 7066 7067 7070
4 1753 2161 2250 2918
4 720 908 946 1100
4 300 336 338 460
4 604 854 859 1121
4 327 480 492 537
4 1496 4925 5432 7120
4 1392 7141 7142 7145
4 527 1230 1366 1461
4 426 848 960 1097
4 296 325 327 372
4 2617 4291 4683 4712
4 300 326 327 452
4 995 1018 1064 1881
4 526 697 698 889
4 492 1097 1117 1237
4 1095 2661 2718 2798
4 1265 2478 2522 3410
4 296 517 522 2167
4 492 1235 1237 1450
4 710 1081 1109 1403
4 703 1231 1342 1403
4 480 894 921 1032
4 945 1342 1349 1360
4 1892 2612 3092 5857
4 942 5361 5364 7287
4 492 675 680 897
4 327 777 781 894
4 516 1060 1074 1105
4 327 492 520 536
4 286 300 304 311
4 834 992 1025 1095
4 7311 7318 7319 7322
4 315 455 517 675
4 294 346 372 537
4 312 473 519 683
4 481 680 681 784
4 1066 1722 1968 3376
4 7366 7373 7374 7377
4 7414 7421 7422 7425
4 556 821 921 1171
4 4878 7458 7459 7462
4 608 854 855 955
4 801 1170 1330 1845
4 1039 1600 1624 2507
4 460 675 680 894
4 1381 2607 2619 4003
4 712 977 1025 1185
4 2262 3620 3956 6770
4 455 537 673 781
4 935 1349 1397 1794
4 1397 2715 2815 3330
4 681 1189 1191 1857
4 1874 2835 2879 4399
4 969 1175 1176 1184
4 834 1037 1101 1187
4 537 698 887 1025
4 4040 5777 6047 6895
4 2514 5290 6092 7296
4 319 458 460 518
4 1039 1189 1192 1661
4 2380 5662 6380 7653
4 294 324 325 399
4 538 1238 1240 1547
4 453 677 695 793
4 492 793 851 1025
4 327 469 525 673
4 282 485 487 712
4 1004 1685 1698 1886
4 854 1402 1403 1630
0
4 227 505 531 927
4 1727 3699 3741 4127
4 402 492 512 674
4 1122 2136 2454 2634
4 908 1360 1403 1501
4 1249 2950 3401 3722
4 1240 2841 2879 3434
4 943 1265 1349 1360
4 799 1184 1191 1663
4 7779 7786 7787 7790
4 904 4584 5606 6120
4 458 1386 1440 2440
4 1392 3376 3390 5424
4 1283 1697 1698 1999
0
4 1094 1795 1802 2722
4 599 1052 1074 1095
4 4870 7888 7889 7892
4 2421 2440 2441 3423
4 2873 6769 6904 7925
4 709 1064 1080 1503
4 812 973 1107 1286
4 423 850 1096 1380
4 360 709 712 842
4 298 372 455 532
4 1446 2331 2886 4930
4 314 519 532 778
4 300 460 517 640
4 2886 3320 3762 6484
4 702 1036 1240 1865
4 282 322 325 480
4 5081 8010 8011 8014
4 527 1088 1089 1734
4 679 807 1026 1174
4 2745 3852 4094 5108
4 2592 5122 5322 6265
4 327 1265 1397 3195
4 1542 2195 2554 2951
4 799 1188 1532 2598
4 729 2435 2766 3548
4 511 1960 1965 2594
4 4185 8129 8130 8133
4 776 973 1107 1959
4 460 695 778 793
4 458 539 673 695
4 646 1035 1089 1114
4 492 788 899 1429
4 701 1107 1122 1171
4 927 947 948 1265
4 992 1504 1525 1877
4 460 894 898 1600
4 8224 8231 8232 8235
4 2827 4272 4984 8257
4 1623 3222 3424 4779
4 300 372 383 528
4 527 712 952 1080
4 608 845 850 1089
4 8136 8317 8318 8321
4 8344 8351 8352 8355
4 320 479 517 697
4 1158 2504 2515 2688
4 455 695 877 1089
4 2262 6995 7255 8390
4 511 806 821 1107
0
4 1035 1351 1355 1517
4 311 537 748 1442
4 8409 8416 8417 8420
4 435 1100 1154 1381
4 492 708 880 946
4 343 512 673 897
4 434 610 616 845
4 609 1109 1122 1402
4 673 1286 1334 1691
4 1230 2401 2514 2522
4 1333 2040 2431 4232
4 426 598 600 1085
4 699 1081 1233 1407
4 527 720 908 950
4 300 338 343 460
4 837 2331 2575 3339
4 706 1438 1450 1480
4 854 1547 2040 2832
4 293 459 695 1049
4 942 1417 1504 1805
4 295 319 323 343
4 1389 3601 3633 3960
4 911 1406 1417 1795
4 530 1177 1237 1371
4 2876 8089 8592 8595
4 684 1381 1505 2112
4 955 1366 1758 3821
4 2044 5620 5662 8632
4 336 462 469 532
4 626 1722 1736 2522
4 909 973 1197 1349
4 494 960 1047 1090
4 971 3464 3465 4042
4 1194 2478 3201 6262
4 950 1134 1141 1696
4 957 3422 4472 8734
4 1407 2538 2542 3181
4 963 1894 2091 2727
4 1146 1886 1968 2515
4 354 480 517 778
4 6984 8783 8784 8787
4 8814 8821 8822 8825
4 957 2820 3218 3673
4 4977 8859 8860 8863
4 3195 3982 4010 5482
4 527 1005 1052 1066
4 1213 3401 3417 5535
4 319 458 460 492
4 915 1177 1232 1360
4 469 963 1026 1661
4 960 1391 1400 1926
4 2065 3355 3526 4388
4 1171 1857 1959 2601
4 1547 3673 4355 4983
4 520 784 963 1442
4 343 524 526 542
4 847 1110 1122 1252
4 1524 6132 6516 8974
4 701 957 973 1240
4 449 525 529 668
4 455 695 788 897
4 759 1366 1788 2795
4 452 525 532 675
4 1070 1883 1884 2539
4 317 338 343 460
4 338 701 712 847
4 845 992 1005 1066
4 1694 3242 3394 3399
4 286 371 372 422
4 327 536 537 695
4 296 383 455 529
4 296 460 492 542
4 2444 6561 6566 8345
4 1623 3808 3998 4600
4 1869 3414 3705 4045
4 1799 3075 3604 6034
4 957 1998 2168 2508
4 1090 2657 2671 3787
4 372 1105 1235 1909
4 988 1342 1349 1363
4 323 371 452 460
0
4 311 326 327 449
4 452 793 894 1237
4 2211 6359 6425 6478
4 673 1192 1450 2431
4 804 1035 1043 1403
4 3701 8119 8362 9184
4 3407 5177 6001 9205
4 1406 2332 2448 2770
4 848 1495 1504 1808
4 1329 1799 1801 2332
4 6104 9248 9249 9252
4 304 326 327 450
4 1877 3949 3962 4622
4 1248 1406 1801 3439
4 806 1178 1183 1191
4 305 343 371 460
4 748 1736 1743 1968
4 1385 2331 2332 3433
4 911 1097 1113 1240
4 703 3037 3221 4438
4 304 338 343 449
4 304 336 338 349
4 2454 4957 6902 6981
4 3287 5642 8859 9335
4 9364 9371 9372 9375
4 853 1367 1501 1970
4 1105 1525 1695 2023
4 304 455 460 556
4 847 1369 1416 1845
4 492 953 963 1592
4 538 1038 1180 1857
4 1380 3212 3374 4090
4 718 921 923 950
4 2885 6485 7594 9444
4 469 608 701 729
4 1265 1351 1357 1406
4 1749 4176 4524 5319
4 475 530 534 1034
4 1956 4600 4955 5913
4 2483 4353 4582 6155
4 538 927 942 959
0
4 821 1736 1865 2585
4 1188 2830 3571 4018
4 295 343 346 460
4 761 1109 1110 1207
4 608 1170 1177 1664
4 2487 8480 8706 9561
4 1403 2332 2335 2767
4 842 1504 1510 2609
4 423 710 850 976
4 324 462 469 525
4 491 542 675 729
4 323 505 520 538
4 859 1235 1237 1536
4 990 1869 1876 2012
4 701 1063 1064 1095
4 494 957 969 1095
4 889 1233 1349 1797
4 612 1146 1381 1726
4 716 1082 1100 1704
4 716 1453 1675 3427
4 992 1782 2113 6712
4 323 532 539 898
4 1547 2890 2894 2911
4 2326 3433 3434 4040
4 703 1363 1966 2617
4 1186 2196 2364 2718
4 712 1288 1357 1698
4 296 336 338 455
4 921 1784 1891 2513
4 526 1018 1064 1999
4 317 343 346 460
4 2682 6871 8197 9739
4 697 1381 1677 1932
4 430 894 908 1089
4 1187 2558 2682 3026
4 807 1367 1401 1844
4 851 1403 1404 1794
4 957 1974 2164 4930
4 475 695 903 1450
4 505 960 976 1081
4 804 1171 1177 1576
4 294 520 526 532
4 848 1240 1349 1403
4 304 346 371 452
0
4 2431 2946 4206 6671
4 2514 5133 7003 9590
4 923 1333 1338 1536
4 9863 9870 9871 9874
4 1525 2028 2455 3483
4 319 449 450 453
4 1366 2657 5056 6617
4 1182 3178 3243 4812
4 2086 5801 8870 9956
4 519 708 953 1089
4 343 522 525 536
4 9980 9987 9988 9991
4 841 1095 1240 1663
4 439 1089 1391 1726
4 522 698 1026 1038
4 318 346 349 459
4 319 460 517 522
4 728 1368 1461 1895
4 701 1142 1170 1381
4 319 371 460 524
4 10061 10068 10069 10072
4 960 1778 1949 5301
4 1611 1948 1959 2873
4 1641 3304 3323 3975
4 418 593 612 710
4 1746 3671 4686 6012
4 695 1329 1401 1454
4 2345 2775 3408 3716
4 1363 2833 2881 3444
4 428 739 849 1053
4 449 527 536 708
4 950 1784 2507 4071
4 935 1360 1363 1988
4 4134 10195 10196 10199
4 909 1357 1370 1795
4 300 683 691 1466
4 1100 1778 1781 2130
4 614 1385 1409 1722
4 801 1035 1107 1171
4 1083 1651 1769 2766
4 821 1182 1369 1416
4 1954 2901 2903 5031
4 4128 8082 8706 8717
4 536 1171 1176 1664
3 1402 10298 10299
4 2028 2604 2617 3405
4 1033 2227 2957 3367
4 1415 2521 3223 3393
4 435 968 1081 1369
4 3692 6120 6785 9066
4 310 338 380 492
4 305 346 368 455
4 459 701 777 921
4 2414 3208 3643 3927
4 977 1935 1948 2562
4 447 848 850 955
4 327 525 532 697
4 371 527 530 695
4 2751 3444 3473 3630
4 492 965 1043 1189
4 542 963 1025 1476
4 527 971 1039 1107
4 310 492 505 534
4 1799 2818 3433 4081
4 1296 3960 4158 7149
0
4 923 1504 1536 2575
4 832 1107 1109 1351
4 294 311 319 327
4 1117 1600 1736 1973
4 327 480 522 538
4 3399 10444 10445 10448
4 1513 1522 1527 3490
4 338 525 675 784
4 1389 4008 4080 4123
4 469 1023 1025 1240
4 343 475 478 536
4 308 449 450 519
4 498 698 708 957
4 2574 3384 3433 3729
4 959 1461 1698 2060
4 848 1622 1932 1943
4 942 1357 1360 1801
4 1194 1977 1996 2366
4 1095 5556 6674 7594
4 1342 1406 1630 1898
4 492 973 1089 1188
4 1117 1738 1786 1991
4 293 326 334 517
4 1177 2633 2645 4180
4 2089 5443 5451 8202
4 921 1197 1338 2191
4 716 1366 1370 1446
4 321 458 460 480
4 492 770 1026 1038
4 854 1406 1455 1797
4 1903 3176 3177 3392
4 371 530 531 1035
4 302 326 343 537
4 322 470 478 522
4 942 1403 1504 1794
4 228 491 511 703
4 701 969 1261 1290
4 1232 2164 2211 3667
4 451 538 673 784
4 527 1100 1415 1504
4 529 748 770 1172
4 806 1176 1177 1237
4 3195 4491 4492 6495
4 1080 1968 2585 3144
4 1535 9661 9664 10722
4 691 1083 1089 1235
4 10746 10753 10754 10757
4 806 1170 1186 1663
4 1950 2649 2650 2653
4 1435 8085 9649 10792
4 675 708 793 1458
4 1277 1518 1522 1546
4 1012 2060 2429 3756
4 709 1142 1237 1536
4 837 1207 1230 1961
4 1305 3168 3980 4761
4 2647 2654 2655 2668
4 460 904 921 1368
4 814 1107 1136 1181
4 1080 2116 2517 3869
4 690 1391 1455 2513
4 3360 10728 10901 10904
4 531 950 1097 1391
4 1171 1189 1192 1669
4 3620 5301 5513 5800
4 2411 4082 4084 4951
4 1250 1801 2326 2818
4 1305 5841 5891 10426
4 519 1039 1097 1746
4 419 527 539 673
4 1058 1289 1295 2915
4 960 2763 3276 4822
4 2904 6476 6477 6480
4 1184 2820 2827 3281
4 505 984 992 1375
4 894 1618 1786 2903
4 2820 3569 4035 5529
4 4680 7614 7616 10128
4 1053 1883 1926 5650
4 455 531 534 708
4 296 327 334 346
4 314 343 418 460
4 1082 1808 1951 3664
4 1092 1495 1757 2124
4 338 695 697 963
4 702 1366 1406 1672
4 1414 1781 1826 3739
4 493 962 963 1366
4 859 1794 1850 2508
4 624 942 952 1124
4 928 1701 1734 2355
4 859 1403 1794 2354
4 9120 11140 11141 11144
4 1849 3631 4035 4727
4 2068 3806 3952 4955
4 365 480 496 541
4 310 354 371 492
4 837 1171 1186 1349
4 338 539 683 1023
4 623 1150 1381 1721
4 593 1089 1098 1943
4 371 603 624 727
4 5016 10569 11216 11219
4 1064 3814 4426 6025
4 537 793 1023 1443
4 11264 11271 11272 11275
4 1053 1605 1928 1943
4 695 2091 2328 4813
4 527 955 1101 1123
4 673 942 957 1438
4 308 343 529 791
4 346 894 897 992
4 6545 11337 11338 11341
4 1931 2696 2903 4930
4 310 729 894 1415
4 2453 3551 3552 4441
4 3380 5177 5682 6619
4 498 1037 1039 1082
4 988 1070 1240 1876
4 518 1025 1026 1176
4 498 966 973 1090
0
1 1440
4 2673 4037 4093 5847
4 626 1929 2262 2596
4 295 336 338 380
4 944 2363 2364 2943
4 612 1219 1222 1237
4 460 531 534 681
4 548 722 729 901
4 538 1039 1174 1342
4 369 683 685 702
4 745 1705 1850 3203
4 859 1240 1342 1403
4 950 1272 1391 1525
4 311 450 460 537
4 538 1107 1237 1691
4 570 976 984 1018
4 3653 4990 5477 8717
4 1418 2874 2881 3702
4 304 469 479 695
4 394 480 539 700
4 3374 5535 5807 6440
4 842 1407 2586 4447
4 2844 5324 5537 6813
4 997 1874 1876 1883
4 511 1035 1136 1368
4 1171 1663 1844 2348
4 908 969 973 1177
4 322 459 460 534
4 2604 5973 6021 7219
4 343 518 522 673
4 3021 6689 6761 10323
4 423 612 708 712
4 1942 2387 2401 3467
4 845 937 1032 1101
4 848 1504 1722 3430
4 323 460 462 532
4 1736 4146 4401 6039
4 2337 3851 3852 4640
4 473 675 680 698
4 324 460 512 640
4 360 663 673 679
4 1228 1948 2522 3221
4 2874 6904 7108 7929
4 1943 3406 3408 3702
4 1064 2262 3180 3665
4 950 1363 1403 1794
4 323 493 500 894
4 866 2065 2617 3407
4 703 1397 1504 1805
4 536 1427 1672 2447
4 527 1036 1177 1663
4 295 319 322 327
4 319 455 492 674
4 1403 7934 7941 9200
4 527 950 973 1405
4 612 1089 1142 1391
4 2822 4877 5072 7886
4 1903 4081 4375 5038
4 1380 2068 3066 3418
4 433 677 680 781
4 1107 1507 1660 2801
4 1910 2262 2590 3447
4 527 956 1366 1496
4 426 960 1053 1088
4 2553 6611 6614 7226
4 1406 3338 3672 4670
4 854 1802 1879 3334
4 807 1176 1186 1237
4 712 1060 1194 1285
4 11815 11822 11823 11826
4 556 1956 1999 3390
4 305 1043 1374 1919
4 1104 1997 1998 2344
4 729 1376 1404 2062
4 512 963 1089 1366
4 952 1374 1763 2131
4 296 703 706 989
4 2457 3380 4005 6586
4 1954 2671 3656 5238
4 520 691 695 897
4 327 709 1035 1286
4 334 950 991 1089
4 296 372 449 460
4 797 1082 1136 1173
4 3486 6765 9225 11133
4 305 353 372 459
4 934 1254 1341 1663
4 1179 2199 2227 2599
4 1409 2559 2560 2755
4 476 1535 1587 3281
4 360 465 475 498
0
4 6420 10667 10721 10725
4 511 806 914 1864
4 2324 4637 4810 7652
4 305 343 418 479
4 12007 12014 12015 12018
4 525 681 685 770
4 5426 8268 9943 12045
4 356 522 524 538
4 1244 2150 2647 3207
4 848 1397 1636 3205
4 480 676 687 980
4 423 697 716 1074
4 458 695 778 788
4 310 338 343 455
4 227 433 441 695
4 561 2763 3058 3429
4 319 464 492 536
4 460 683 684 770
4 343 695 716 959
4 1095 1781 2612 3380
4 450 785 963 3530
4 1942 2521 2609 3633
4 458 898 1177 2020
4 7943 12170 12171 12174
4 465 675 679 784
4 492 921 1025 1366
4 947 1701 1845 1991
4 985 1363 1403 1706
4 859 1403 1455 1717
4 2424 3158 3533 3559
4 2641 4093 4277 5847
4 4960 9923 10886 12246
4 673 1405 1510 1804
4 5238 7015 8592 11862
4 1949 3601 3622 4935
4 1000 2755 3297 4093
4 806 1845 1846 2191
4 1177 1999 2047 2853
4 837 956 1109 1184
4 1759 2963 3180 4392
4 2081 8208 10294 12340
4 187 950 989 1046
4 2294 3956 4224 7702
4 608 984 1039 1107
4 7775 12385 12386 12389
4 6769 12410 12411 12414
4 889 1237 1381 1506
4 695 2380 2506 3425
4 921 1105 1330 2029
4 621 992 1064 1818
4 1794 2770 2777 3434
4 801 832 834 942
4 4640 8518 8522 9167
4 473 1034 1038 1502
4 458 540 677 1033
4 521 1081 1393 2117
4 2471 3253 3397 3817
4 760 1391 1392 1928
4 1035 1265 1532 1844
4 323 695 785 894
4 683 1373 1600 1956
4 296 479 525 542
4 1892 3187 3421 3982
4 684 1089 1097 1400
4 343 525 529 538
4 1387 2522 2562 3620
4 700 1141 1349 1388
4 604 850 851 1100
4 3581 4072 4478 6886
4 1122 2463 2588 3189
4 7507 11546 11549 12053
4 845 1230 1397 1865
4 673 1028 1237 1449
4 380 517 520 538
4 1405 2609 2612 2983
4 527 728 729 1080
4 595 973 984 992
4 1933 2901 3111 3605
0
4 1403 3265 3433 9296
4 2328 3816 5322 8179
4 1004 2014 2475 2917
4 593 987 988 992
4 3414 8918 9023 9274
4 227 703 889 973
4 10427 12698 12699 12702
4 1518 2365 2920 3202
4 953 2429 2524 3061
4 681 1171 1184 1369
4 3222 6097 6282 7862
4 294 527 529 1053
4 295 527 540 748
4 12745 12752 12753 12756
4 336 459 461 473
4 728 1403 1418 1835
4 2849 6040 6231 6814
4 192 729 842 950
4 536 1423 1466 2032
4 836 1122 1220 1403
4 959 1664 2164 3602
4 12817 12824 12825 12828
4 950 1263 1276 1404
4 1080 2918 3243 4555
4 783 1455 1720 3173
4 684 1784 1883 2052
4 1113 2454 3099 5136
4 914 1170 1392 1440
4 422 898 1088 1391
4 431 1053 1381 1630
4 430 859 953 1039
4 862 1728 2511 3242
4 950 1122 1136 1363
4 956 1230 1397 1788
4 854 2567 4622 10364
4 1173 1845 1857 2795
4 2036 3251 3602 4217
4 314 346 380 469
4 522 1438 1547 1919
4 901 1403 1418 1998
4 336 534 536 673
4 2284 4519 6803 8230
4 415 434 498 683
4 2261 4358 5527 6761
4 1504 2014 2473 3399
4 973 1903 1913 2337
4 527 1089 1100 1415
1 13014
4 455 673 695 1237
4 711 1101 1113 1235
4 1150 2562 2565 4069
0
4 848 1032 1035 1177
4 1096 2641 2820 3566
4 3099 7486 7694 10639
4 327 480 492 538
4 516 1081 1089 1291
4 722 1101 1235 1360
4 727 1113 1235 1503
4 8705 11026 11564 13072
4 423 534 598 889
4 460 674 695 1000
4 626 754 894 1366
4 282 529 683 780
4 973 1845 1864 1991
4 444 1107 1374 1704
4 319 455 465 673
4 2489 4755 5289 7312
4 1403 2518 2522 3257
4 1512 3202 4189 6162
4 1926 4285 5503 11355
4 1100 2124 2252 2573
4 6089 11768 13166 13169
4 908 1234 1381 1755
4 971 1581 1588 2586
4 493 845 921 1025
4 519 695 781 1234
4 422 609 612 1039
4 911 1329 1402 1852
4 338 455 460 680
4 455 781 793 921
4 327 460 517 522
4 319 518 519 674
4 441 849 894 1233
4 415 444 527 626
4 460 693 698 793
4 325 458 460 518
0
4 290 312 319 343
4 872 1231 1403 1959
4 899 2112 2250 2452
4 311 904 1919 1922
4 821 1237 1369 2491
4 1624 2266 2393 2563
4 13244 13251 13252 13255
4 548 728 842 950
4 464 538 540 674
4 515 848 1046 1381
4 712 1360 1403 1547
4 1212 3112 3380 3651
4 1532 3751 4786 5797
4 2752 4251 4511 6132
4 3327 6922 7167 9673
4 988 1010 1018 1877
4 1151 1929 2404 2795
4 6921 11528 11714 13346
4 1622 4963 5031 6099
4 327 479 520 668
4 612 1039 1081 1230
0
4 1761 6034 6036 6944
4 371 746 850 960
4 418 703 710 953
4 492 959 1036 1184
4 2458 3407 3663 4100
4 2250 3433 4375 5175
4 704 927 1025 1351
4 1235 3407 3444 6967
4 538 1034 1171 1180
4 7643 11692 11700 13436
4 517 1438 1450 3058
4 498 969 1039 1136
4 913 1123 1240 1341
4 492 708 1023 1033
4 1634 2559 2758 3723
4 909 1177 1179 1504
4 527 1097 1381 1961
4 1624 3212 3221 3993
4 317 455 460 537
4 3801 8602 9054 13493
4 845 1255 1334 1663
4 936 1939 2390 2512
4 1959 3661 3716 5140
4 687 1031 1038 1174
4 2712 3038 4777 6978
4 312 455 458 492
4 491 973 1097 1388
4 2455 5298 6491 7985
4 294 414 480 531
4 475 675 679 684
4 3736 13573 13574 13577
4 426 534 710 1039
4 1235 3852 4093 5620
4 506 911 921 973
4 1849 2617 2691 3271
4 498 601 674 1082
4 1641 3037 3566 3661
4 1622 2999 3242 3613
4 450 674 675 695
4 495 957 973 1171
4 887 1767 1771 3176
4 1933 2910 3195 5482
4 727 1230 1415 1624
4 528 1230 1366 1641
4 532 784 788 1675
4 2766 5789 6785 8226
4 1142 2587 2590 3374
4 460 680 698 1023
4 520 748 962 1088
4 527 854 859 1081
4 1784 4224 4764 6728
4 294 347 349 460
4 748 1928 1937 2068
4 938 1349 1351 1363
0
4 2452 4093 4964 10892
4 458 537 673 681
4 530 1232 1424 1440
4 908 1417 1495 1875
4 492 710 759 976
4 616 858 1141 1510
4 596 1081 1088 1381
4 2560 3317 3320 3617
4 527 1080 1081 1232
4 3695 6490 6494 9459
4 675 903 1033 1450
4 1403 2161 3228 3441
4 324 455 460 478
4 969 1230 1366 1403
4 433 973 1039 1107
4 770 1532 1627 2195
4 512 1401 1461 1845
4 708 1391 1415 1757
4 1874 4351 4367 6586
4 495 759 960 1122
4 319 455 460 470
4 598 1176 1230 1405
4 1476 3037 3282 3451
4 13494 13844 13845 13848
4 989 1244 1289 1877
4 745 923 928 1240
4 327 492 517 673
4 1039 1503 1511 2383
4 721 1751 1762 2036
0
4 2524 3429 3871 4176
4 380 673 695 1000
4 296 517 519 781
4 538 1420 1443 1851
4 446 1097 1100 1391
4 973 1663 1991 3037
4 3343 4759 6564 7296
4 431 942 960 1381
4 818 1182 1186 1967
4 915 1403 1504 1794
4 1037 2065 2526 3058
4 369 1234 1237 1571
4 469 683 691 788
4 460 1023 1033 2052
4 1240 1417 1509 1961
4 1176 1532 2065 2567
4 305 394 452 538
4 675 1029 1034 1082
4 322 380 455 517
4 214 606 709 868
4 312 401 455 482
4 903 2161 3089 3949
4 312 452 455 469
4 336 492 530 894
4 1141 3221 3273 6801
4 380 469 475 534
4 296 475 520 593
4 4621 8477 9621 14000
4 1697 2585 2648 3794
4 491 799 1012 1461
4 305 327 336 380
4 504 2413 2903 3526
4 300 469 480 527
4 593 1089 1146 1929
4 322 462 492 529
4 921 1999 2507 2815
4 1153 2117 2821 3301
4 1736 2656 2671 3598
4 322 695 904 1043
4 338 458 460 480
4 14091 14098 14099 14102
4 417 522 526 675
4 1177 2372 2715 4409
4 963 1472 1476 1768
4 1170 1973 2507 3363
4 532 950 1025 1038
4 3653 5505 5515 8715
4 612 1145 1152 1654
4 487 866 960 1074
4 1163 1983 1986 6364
4 371 512 530 695
4 914 2364 2369 3493
4 519 1090 1092 1389
4 691 2066 2070 4927
4 2743 4573 4855 5602
4 635 2049 2331 5114
4 5923 8479 9943 10571
4 527 1063 1064 1085
4 14243 14250 14251 14254
4 869 1730 1875 3243
4 14297 14304 14305 14308
4 1413 3429 3444 6402
4 3008 4014 4827 4834
4 1955 4030 4069 5917
4 504 701 770 1109
4 1815 5921 6443 11927
4 371 950 990 1052
4 434 849 1066 1098
4 3320 6756 12295 14397
4 418 532 538 708
4 371 536 894 1036
4 343 469 480 522
4 1371 2507 2718 3263
4 187 871 891 992
4 673 3282 3350 4397
4 480 1232 1234 2968
4 299 325 326 349
4 850 1158 1204 1942
4 482 698 770 957
4 438 1081 1086 1391
4 455 663 673 685
4 799 1146 1189 1368
4 597 1237 1403 2549
4 340 496 538 686
4 1368 2632 2641 3210
4 343 525 536 640
4 726 1240 1351 1403
4 3416 5299 8979 9633
4 323 519 528 674
4 294 358 462 677
4 486 1066 1090 1175
4 526 1038 1180 1581
4 1035 1338 1341 1363
4 532 1536 1766 2968
4 418 842 849 946
4 710 1381 1391 1798
4 695 961 1383 1423
4 1010 2511 2515 3166
4 598 1081 1113 1634
3 14530 14537 14538
4 482 894 963 1170
4 433 710 831 894
4 292 504 531 683
4 527 1039 1088 1391
4 950 1506 1511 1976
4 444 1194 1283 1291
0
4 921 1691 1696 3566
4 1216 1460 1504 1805
4 304 343 346 522
4 954 1991 2604 3227
4 2648 3477 4755 8309
4 480 698 700 908
4 469 685 699 709
4 475 702 719 898
4 527 943 973 1039
4 2380 4176 4707 7663
4 315 346 452 469
4 433 703 709 1081
4 419 533 540 684
4 663 1438 1455 1593
4 480 1025 1028 1036
4 889 1956 2262 3182
4 303 327 338 449
4 527 971 980 1235
4 748 1397 1403 1959
4 2024 3473 3692 4045
4 1773 5685 6558 11543
4 390 519 525 906
4 326 529 537 693
4 541 1381 1415 1600
4 319 461 462 528
4 1369 2641 2820 3180
4 4117 4788 5301 6647
4 480 842 850 1142
4 530 1034 1171 1177
4 739 1107 1113 1404
4 938 1349 1351 1363
4 217 1109 1142 1386
4 1459 2432 2434 2452
4 825 1168 1409 1542
4 344 520 526 695
4 323 459 478 519
4 608 923 943 973
4 326 1028 1033 1535
4 423 609 699 703
4 711 865 950 1113
4 1233 1459 1460 2112
4 412 709 727 1053
4 4716 5016 5019 5995
4 460 530 538 695
4 1074 3395 3396 3411
0
4 1136 1705 1905 3177
4 525 906 959 1370
4 294 327 338 349
4 459 525 537 674
4 418 522 532 683
0
4 957 1392 1401 1858
4 1081 2688 2958 3438
4 703 1240 1369 1663
4 327 460 484 674
4 3242 5312 6316 10109
4 3810 8557 9097 11524
4 506 823 837 1095
4 1230 1895 2485 3631
4 2650 10233 10747 10845
4 2466 3702 3982 5788
4 922 1110 1122 1213
4 6169 10439 11090 12682
4 5860 13790 14886 14889
4 977 2025 2822 3363
4 1240 1403 1406 1504
4 346 542 673 691
4 969 1845 2725 4042
4 1624 3220 3808 6977
4 455 1036 1420 2065
4 343 695 880 1043
0
4 527 1155 1368 1510
4 322 455 458 526
4 527 1381 1391 1501
4 4037 6042 6614 11107
4 705 950 957 1349
4 909 1338 1342 1360
4 1235 2443 2515 3820
4 14075 14994 14995 14998
4 992 2542 3050 3992
4 1630 3099 3843 5253
4 542 894 952 1547
4 450 492 675 898
4 438 1025 1089 1447
4 460 498 512 695
4 1942 4011 4104 4711
4 349 463 480 505
4 683 992 1005 1063
4 6688 15058 15059 15062
4 948 1651 1988 2777
4 520 697 710 971
4 2668 5190 6439 7542
4 1107 3180 3253 5021
4 695 894 992 1600
4 1212 1880 1964 2360
4 532 681 685 1038
4 859 1611 2068 2211
4 315 455 460 695
4 1036 1800 1846 2646
4 4397 15144 15145 15148
4 300 317 318 326
4 4214 7819 7830 11323
4 948 2323 2324 3949
4 3031 3852 3870 4344
4 1518 3433 3698 5053
4 697 1063 1066 1155
4 292 447 455 527
0
4 859 1781 1963 2596
4 1854 3425 4095 4523
4 455 536 640 680
4 2727 4515 4963 6926
4 2315 4526 6785 6803
4 464 1029 1034 1180
4 593 1100 1107 1237
4 459 781 957 1237
4 418 463 533 845
4 418 532 534 683
4 455 534 538 683
4 684 1126 1374 1772
4 1949 3048 3257 3624
4 460 529 540 683
4 703 1385 1387 1399
4 532 1072 1234 1374
4 478 680 695 1033
4 3281 6760 9117 11026
4 612 1403 1495 1506
4 1101 1403 1404 1991
4 3986 9363 9365 9598
4 493 1095 1342 2164
4 1826 4624 6012 7054
4 1929 3304 3566 4107
4 1407 2814 2835 3433
4 511 921 942 973
4 942 3265 3274 3526
4 968 1511 1649 1973
4 1396 2635 2784 3960
4 722 909 950 1117
4 428 709 712 973
4 2011 3816 4285 4526
4 6822 15381 15382 15385
4 1504 3601 4401 5660
4 845 969 973 1122
4 532 887 894 1089
4 305 368 369 373
4 894 2110 2160 2443
4 15055 15419 15420 15423
4 3808 8718 9224 10496
4 15465 15472 15473 15476
4 310 479 527 635
4 6967 13051 13056 13763
4 1039 3464 3916 6121
4 318 458 460 540
4 308 453 455 469
4 710 1973 2515 2795
4 849 1063 1064 1088
4 1140 1949 2256 2580
4 536 1035 1082 1171
0
4 2515 6026 6042 6619
4 944 1110 1170 1518
4 455 482 487 531
4 683 1496 1510 2161
4 1697 2679 2755 4947
4 1122 1954 1960 2585
4 770 1039 1088 1389
4 458 593 640 880
4 1179 1669 1844 2188
0
4 1438 2552 2588 2827
4 223 703 709 896
4 1089 2558 2604 3702
4 684 1999 2047 3385
4 950 1959 2331 2882
4 3020 6614 8257 10384
4 1772 3782 3792 4621
4 323 455 458 469
4 1114 1630 1696 2297
4 9213 10380 11928 14864
4 399 526 674 905
0
4 809 1861 1959 2696
4 799 914 984 1095
4 1839 11714 13357 15129
4 327 458 460 526
4 1211 2068 2124 3620
4 435 748 848 1023
4 322 492 496 674
4 518 788 793 1032
4 455 534 640 698
4 3736 5556 5749 7594
4 338 453 455 482
4 956 1959 1962 2463
0
4 1091 1726 2724 3379
4 1370 2343 2344 2920
4 460 629 673 781
4 12694 12702 12704 12718
4 295 609 703 950
4 4860 11108 11671 15609
4 327 492 493 522
4 1373 4167 4818 7674
4 1265 1942 2504 2810
4 447 700 701 848
4 466 1029 1031 1096
4 204 231 418 613
4 1029 1671 1921 2587
4 608 859 908 973
4 460 640 673 680
4 3221 6584 7509 8620
4 598 976 980 1391
4 299 326 338 517
4 1349 1630 1748 2766
4 2207 3089 3195 4232
4 3391 8668 9691 10485
4 290 304 346 412
4 540 1180 1237 1391
4 423 697 700 712
4 371 992 1052 1095
4 308 460 462 539
4 3792 5411 5853 6733
4 4030 6618 7310 14526
4 1369 2820 3221 3423
4 2061 4390 5650 8634
4 487 702 708 1039
4 412 849 894 1405
4 541 1088 1089 1723
4 6177 11216 11218 11225
4 294 316 319 324
4 908 1032 1035 1330
1 3424
4 344 793 894 1604
4 346 537 538 675
4 710 1146 1237 1360
4 609 1080 1107 1412
4 1107 1809 2118 3598
4 1600 3287 3465 7869
4 527 1113 1366 2012
4 475 2506 3058 3461
4 310 338 346 460
4 319 455 458 492
4 4140 9704 10117 12759
4 492 958 973 1366
4 1231 1630 2106 2835
4 799 1171 1176 1197
4 500 894 909 1089
4 4765 9349 9897 12389
4 296 322 323 449
4 334 452 455 492
4 433 894 923 1039
4 423 701 703 908
4 228 433 596 616
4 424 972 1028 1434
4 1042 1731 2781 7241
4 697 1142 1370 1704
4 1029 1877 1959 2645
4 292 879 880 894
4 1417 2365 2448 2853
4 2036 3429 3812 6258
4 2932 5461 6730 8911
4 834 1188 1197 1504
4 418 673 683 849
4 700 1010 1067 1357
4 460 711 727 859
4 16094 16101 16102 16105
4 10122 13757 13758 16127
4 524 897 902 1038
4 537 781 784 899
4 1423 3040 3053 4401
4 1207 1939 1943 3243
4 16176 16183 16184 16187
4 748 1962 1968 2567
4 453 783 789 904
4 3566 4107 4109 4117
4 948 1357 1360 1522
4 16225 16232 16233 16236
4 1248 1355 1360 1512
4 3479 4426 8716 9570
4 2682 4780 5591 8417
4 458 673 675 695
4 5681 11541 11635 13082
4 1959 3670 4690 6400
4 608 1110 1237 2429
4 12756 16316 16317 16320
4 1416 3433 5036 5563
4 572 1397 1418 1811
4 326 521 528 894
4 681 1189 1237 2819
4 323 449 453 478
4 3149 5505 5758 6612
4 691 1380 1845 1975
4 894 1501 1696 2122
4 845 1342 1403 1780
4 360 537 673 698
4 310 532 880 942
4 16398 16405 16406 16409
4 2522 3808 5291 6092
4 3187 6026 6034 8660
4 1717 3703 3864 4580
4 850 2679 2718 2999
4 1406 2328 2767 2851
4 4160 8423 8516 9554
4 4742 16492 16493 16496
4 1039 1763 2250 2594
0
4 311 455 459 517
4 308 404 449 492
4 806 1217 1385 1532
4 847 1403 1440 1663
4 372 668 673 695
4 296 484 490 520
4 976 1074 1080 2918
4 2084 3450 3453 5213
4 524 780 892 961
4 2250 7129 7248 9237
4 950 1204 2392 2564
4 416 534 536 950
4 5678 15794 16560 16563
4 295 343 360 677
4 371 480 492 524
4 697 1374 1381 1623
4 1039 1660 1757 3037
4 7594 10557 10559 10566
4 2621 3997 4112 7114
4 1835 6548 10370 15914
4 492 1564 1921 4472
4 712 2610 2837 3993
4 1081 2118 2256 2580
4 492 950 973 1031
4 675 1177 1191 1446
4 612 1380 1391 2262
4 1102 1240 1397 2404
4 480 748 770 1187
4 1532 2368 2830 4145
4 1396 3222 3263 4298
4 1455 2286 2309 2612
4 1008 1454 1504 1877
4 16687 16694 16695 16698
4 848 2005 2647 3010
4 3252 4934 5737 10109
4 3502 8856 9955 9966
4 801 1175 1191 1788
4 1232 1766 1767 3354
4 699 1038 1039 1504
4 2106 3221 3304 4115
4 16780 16787 16788 16791
4 1493 4692 5200 6392
4 1795 2515 3244 6597
4 944 1660 1769 2355
4 383 927 946 1370
4 526 801 850 1066
4 1026 1664 1675 2633
4 1039 1506 1511 2116
4 430 609 612 674
4 3221 4133 4270 4711
4 973 1752 1757 2766
4 324 479 485 541
4 889 2410 3058 4669
4 1089 3182 3449 3756
4 883 2424 2427 2617
4 854 1101 1194 2392
4 460 640 673 680
4 476 777 899 1050
4 3616 7505 7507 9621
4 343 519 522 674
4 1081 1961 1971 2124
4 295 324 343 595
4 482 710 714 973
4 913 1351 1360 1769
4 1931 2896 2901 3280
4 8707 10460 11219 15456
4 1815 2585 2647 2680
4 293 327 372 469
4 977 1240 1340 1492
4 3477 9746 10228 11769
4 2315 6815 6816 8224
4 600 1100 1112 1381
4 1240 1794 1799 2328
4 314 519 528 683
4 677 1381 1502 1763
4 2594 3869 3997 6092
4 746 1691 1696 3008
4 419 528 539 778
4 915 1171 1330 1663
4 933 1351 1355 1406
4 852 2211 2328 2575
4 680 793 894 1419
4 17000 17007 17008 17011
4 2211 2910 3195 4491
4 1631 2797 2808 3195
4 848 1623 1869 2383
4 2392 4112 4600 9074
4 748 971 1094 1503
4 952 2588 2656 2830
4 2207 7967 9667 12813
4 712 1381 1391 1407
4 418 531 673 700
4 748 1171 1209 1787
4 2003 2899 2907 6479
4 834 945 969 1110
4 2585 4625 5078 6440
4 491 1170 1461 1779
4 12828 17127 17128 17131
4 2651 7527 9439 10234
4 1195 1524 2458 3704
4 698 909 915 1035
4 434 887 894 1088
4 415 608 703 1177
4 882 1763 1815 2161
4 480 1043 1081 1405
4 843 989 992 1074
4 933 1401 1403 2157
4 7627 17190 17191 17194
4 1385 2068 3180 3949
4 319 455 459 522
4 1767 4296 4393 7100
4 435 593 683 703
4 320 455 458 522
4 957 1863 1895 2774
4 517 698 788 1038
4 430 1081 1142 2580
4 1010 3603 4496 17241
4 522 1038 1461 3851
4 1968 2661 2671 4232
4 768 1097 1122 1803
4 1738 3112 4148 6613
4 317 519 698 1066
4 427 748 849 1089
4 460 683 684 880
4 422 848 854 1081
4 7752 10467 12152 12574
4 3425 6320 6855 8190
4 295 325 326 460
4 346 520 522 673
4 683 960 1089 1375
4 492 675 676 698
4 681 1176 1177 1189
4 948 1630 1651 1895
4 1859 3361 3566 3639
4 616 1415 1624 2393
4 2116 3757 3764 4791
4 720 1095 1100 1136
4 911 1525 1694 1815
4 6907 9482 10127 16680
4 1879 3222 3243 3255
4 1882 2534 2841 3267
4 927 1105 1330 1999
4 492 687 693 784
4 991 1877 1903 3395
4 2506 4247 4707 5642
4 728 1367 1369 1510
4 479 1000 1067 1397
4 334 458 460 519
4 1347 2943 2946 4521
4 455 897 899 1450
4 936 1455 1482 1699
4 534 770 821 1043
4 387 525 526 676
4 1702 3207 4071 4802
4 5544 9569 10362 14350
4 695 2052 2914 3452
4 534 1035 1036 1171
4 536 1037 1082 1240
4 323 779 783 1421
4 492 1050 1189 1857
4 285 532 593 851
4 695 1237 1672 1798
4 700 859 909 950
4 1053 1964 2357 3149
4 680 1050 1096 1450
4 1058 1818 1827 2024
4 972 1415 1600 2592
4 1055 1891 2507 4526
4 435 1503 1504 1511
0
4 1146 2580 2801 3438
4 299 371 372 480
4 308 511 548 950
4 2366 8140 8291 9548
4 6161 12813 14075 15132
4 603 1381 1415 1506
4 1406 2766 2767 2835
4 1453 2957 3061 3783
4 17562 17569 17570 17573
4 511 858 1066 1375
4 232 527 608 850
4 5072 12412 13262 16364
4 4098 8127 8129 8133
