0
0
0
0
0
0
0
0
0
0
0
0
0
0
0
0
0
0
0
0
0
0
0
0
0
0
0
0
0
0
0
0
0
0
0
0
0
0
0
0
0
0
0
0
0
0
0
0
0
0
0
0
0
0
0
0
0
0
0
0
0
0
0
1 0
0
0
0
0
0
0
1 0
1 0
0
0
1 0
0
0
0
0
0
0
0
0
0
0
0
0
0
0
0
0
0
0
0
0
0
0
0
0
0
0
0
0
0
0
0
0
0
0
0
0
0
0
1 1
0
0
0
0
0
0
1 1
1 1
0
0
1 1
0
0
0
0
0
0
0
0
0
0
0
0
0
0
0
0
0
0
0
0
0
0
0
0
0
0
0
0
0
0
0
1 2
0
0
0
0
0
0
1 2
1 2
0
0
1 2
0
0
0
0
0
0
0
0
0
0
0
0
0
0
0
0
0
0
0
2 1062 1368
0
0
0
0
1 1117
0
0
0
0
0
0
0
0
1 3
0
0
1 1609
0
0
0
1 3
1 3
0
0
1 3
0
1 1314
0
0
1 1433
0
0
0
0
0
1 1574
0
0
0
4 434 507 1035 1105
3 59 842 1655
0
0
1 1609
3 199 371 1889
0
0
0
0
0
0
0
0
0
0
0
0
0
0
0
0
0
1 4
0
0
0
0
0
0
1 4
1 4
0
0
1 4
1 112
0
0
0
0
0
0
0
0
0
1 40
0
0
0
0
0
0
0
0
0
3 503 537 1163
0
0
1 1869
3 153 466 640
0
0
1 228
3 307 1188 1619
0
5 68 125 1397 1510 1660
4 390 590 829 1776
11 294 470 498 737 809 1111 1238 1261 1384 1450 1632
10 222 592 698 932 980 1112 1602 1722 1770 1836
16 5 239 394 446 454 642 643 723 887 1005 1011 1082 1297 1321 1651 1714
0
2 386 531
4 339 1371 1615 1880
14 93 132 144 218 229 439 448 466 534 561 586 776 1327 1504
0
3 64 317 839
2 5 1418
13 5 131 227 236 466 665 674 675 681 739 947 1404 1619
8 669 792 1000 1014 1024 1311 1325 1548
0
1 5
8 22 138 818 917 1557 1623 1710 1881
0
12 21 139 153 359 791 803 903 921 1034 1553 1643 1698
10 267 310 378 466 573 654 809 942 1191 1709
7 140 141 471 1188 1235 1315 1317
0
8 68 197 218 356 533 888 1137 1782
4 90 469 1412 1501
1 1632
7 313 328 636 726 1228 1504 1830
4 311 756 1504 1556
22 75 124 127 397 495 592 619 746 757 760 809 980 981 1037 1166 1182 1188 1285 1426 1632 1644 1818
3 372 566 1821
3 392 394 834
11 68 537 840 956 980 1313 1329 1333 1476 1591 1651
20 64 131 285 304 352 388 394 592 652 707 717 964 975 1080 1383 1437 1580 1651 1692 1867
8 64 498 705 968 1277 1632 1760 1770
8 217 363 446 498 537 1186 1371 1836
16 83 153 218 317 448 654 665 829 839 1371 1424 1439 1504 1615 1690 1836
41 43 44 121 131 216 254 317 318 339 365 373 387 390 427 441 446 448 463 465 502 543 641 654 665 797 809 811 887 980 1009 1155 1181 1207 1291 1325 1418 1450 1457 1588 1604 1776
0
1 6
0
0
0
0
10 45 68 128 144 339 829 887 1010 1652 1856
0
13 6 115 197 209 439 600 675 723 932 1114 1140 1318 1325
1 6
27 35 71 144 213 215 267 386 439 586 636 637 674 675 723 791 814 891 905 932 1034 1179 1334 1418 1450 1595 1615 1643
0
2 6 1378
0
0
40 9 11 125 131 138 197 212 227 239 267 339 390 420 577 586 592 627 636 669 674 698 726 751 817 839 888 917 958 1024 1034 1039 1085 1188 1366 1380 1404 1473 1722 1768 1770
3 22 1436 1635
0
22 22 50 239 241 307 328 470 698 726 739 756 792 887 918 1137 1404 1412 1469 1619 1636 1643 1837
1 1261
0
8 27 150 675 756 1261 1371 1450 1490
0
1 169
0
1 1014
4 297 394 611 903
0
3 125 358 1028
0
1 1384
0
6 64 530 969 1019 1697 1722
0
0
0
0
1 902
0
0
2 792 1548
3 938 1306 1548
0
23 39 105 116 259 332 359 386 640 652 669 739 760 798 838 903 908 1211 1345 1361 1365 1622 1723 1880
17 51 93 141 250 331 397 446 470 531 561 640 650 1011 1014 1713 1776 1880
1 1548
0
0
0
0
2 7 247
0
12 140 317 359 397 791 932 1094 1137 1296 1313 1320 1325
0
0
4 98 561 642 1753
0
1 7
1 7
1 1861
1 216
1 7
1 1423
0
0
0
2 948 1311
0
0
1 252
0
2 498 1583
0
1 1315
1 509
0
1 1710
0
1 269
0
0
0
0
0
4 94 1443 1619 1629
0
1 1238
3 1142 1184 1811
1 1720
4 8 124 174 1336
15 134 294 324 765 888 1024 1212 1364 1389 1452 1520 1521 1609 1665 1800
6 186 258 307 876 1414 1786
0
0
5 29 640 1128 1177 1833
8 529 704 960 1032 1160 1440 1621 1654
4 8 31 279 1656
1 8
5 320 445 583 992 1241
1 1831
3 8 770 1542
0
6 223 422 729 1130 1757 1824
2 1129 1302
0
9 236 402 988 1035 1279 1396 1413 1653 1655
5 89 578 1142 1362 1810
7 163 416 575 789 1590 1820 1877
0
0
2 1374 1487
1 754
0
2 1035 1183
0
0
3 1165 1184 1400
0
1 1299
3 796 1510 1607
0
17 138 144 225 231 267 328 631 654 674 746 771 818 1011 1418 1651 1692 1710
13 139 197 216 227 356 372 665 746 818 942 1041 1248 1486
1 845
10 146 448 634 652 655 739 1311 1317 1412 1652
9 22 311 365 500 746 1557 1595 1676 1692
0
56 9 18 93 124 125 140 202 213 235 285 289 333 363 372 390 469 485 531 568 632 642 681 723 792 886 981 1034 1148 1166 1179 1180 1228 1235 1277 1285 1313 1315 1317 1375 1472 1476 1501 1510 1514 1522 1557 1565 1580 1593 1595 1644 1652 1709 1818 1821 1858
1 9
0
26 176 285 308 363 365 495 518 551 619 834 1033 1043 1075 1186 1235 1266 1334 1476 1556 1570 1580 1588 1644 1683 1821 1856
14 9 218 356 590 756 793 956 1014 1114 1437 1451 1519 1709 1818
76 42 43 44 83 127 129 139 169 213 216 217 227 239 250 311 328 359 378 387 397 435 439 481 495 534 550 557 586 619 636 643 652 669 681 698 726 757 760 834 864 888 935 942 956 964 968 1011 1038 1161 1179 1181 1185 1186 1228 1257 1261 1277 1285 1308 1334 1445 1457 1488 1501 1525 1556 1588 1600 1612 1623 1643 1667 1765 1832 1836 1856
3 153 1114 1426
10 217 222 382 600 705 964 1329 1384 1426 1623
5 44 155 304 1490 1520
4 420 1037 1196 1517
3 1019 1045 1166
3 26 304 1608
0
1 158
26 43 71 115 138 169 222 294 420 502 600 621 688 705 816 947 1137 1307 1317 1320 1327 1366 1408 1412 1557 1580 1776
3 83 840 1285
0
1 378
4 471 967 1074 1114
0
13 54 71 259 372 691 734 817 1019 1239 1320 1321 1409 1642
2 1018 1766
0
7 285 817 840 1277 1437 1528 1692
9 228 566 947 1024 1082 1207 1553 1760 1855
32 40 85 90 115 119 269 286 313 348 441 458 537 611 811 834 902 948 1031 1155 1238 1327 1334 1366 1370 1407 1416 1429 1490 1723 1736 1813 1880
2 284 472
6 1315 1373 1395 1565 1595 1771
0
2 1457 1714
3 10 503 1760
1 1385
4 503 1343 1565 1628
0
0
1 1714
5 706 842 1236 1324 1805
69 10 15 27 50 75 90 121 127 140 141 143 161 169 208 219 225 236 250 259 269 293 326 330 376 387 408 427 441 451 455 462 465 501 509 553 576 619 643 683 791 800 803 827 835 903 981 1037 1046 1155 1213 1223 1235 1269 1291 1318 1329 1486 1591 1604 1644 1646 1652 1710 1723 1729 1732 1839 1851 1868
7 10 179 894 975 1175 1533 1604
2 603 711
2 1249 1284
5 10 225 902 1378 1591
0
9 427 819 924 927 1019 1142 1221 1245 1488
0
2 975 1649
0
0
0
3 1326 1359 1397
10 35 47 91 173 507 707 735 803 881 1490
3 424 1243 1460
0
1 229
0
1 198
9 427 547 570 842 953 1022 1537 1881 1888
9 130 313 509 577 968 1003 1281 1345 1488
0
0
2 27 1197
2 464 1156
23 44 124 128 281 356 363 388 454 469 534 566 611 757 829 1094 1181 1220 1291 1297 1313 1615 1709 1823
8 11 282 495 926 958 1182 1186 1592
26 11 50 93 176 294 304 318 332 386 388 471 533 750 818 875 1176 1182 1297 1347 1383 1423 1437 1768 1782 1830 1856
16 162 261 420 465 626 707 737 1008 1094 1207 1258 1321 1436 1494 1714 1837
4 301 378 1076 1690
26 11 128 254 331 332 373 454 751 755 757 811 840 958 1028 1138 1181 1336 1366 1404 1452 1604 1768 1818 1821 1826 1837
0
6 627 760 1028 1670 1717 1723
18 127 305 373 502 631 634 705 751 797 814 1026 1082 1085 1380 1423 1449 1451 1861
13 228 450 627 725 737 1336 1386 1436 1476 1583 1588 1754 1861
37 35 229 257 434 444 539 562 585 617 771 798 802 846 876 915 979 983 991 1096 1111 1112 1146 1184 1226 1259 1273 1327 1352 1398 1410 1419 1475 1477 1510 1553 1641 1889
11 212 307 318 388 561 1253 1383 1426 1690 1782 1786
12 83 217 631 642 847 917 1085 1111 1163 1329 1424 1525
9 595 691 798 838 1267 1318 1345 1430 1445
12 26 121 141 507 838 869 886 935 1238 1397 1565 1800
23 71 95 249 269 531 533 600 634 717 737 797 964 1254 1340 1364 1388 1452 1499 1521 1527 1547 1698 1869
3 324 1414 1520
16 146 691 803 886 935 956 1140 1160 1241 1320 1521 1522 1593 1720 1860 1865
1 231
24 43 75 90 212 324 331 385 387 465 641 751 771 784 817 978 1037 1118 1140 1365 1380 1514 1561 1720 1866
21 18 26 231 254 289 441 470 485 492 573 641 839 911 942 1228 1266 1424 1451 1636 1671 1697
26 128 213 329 333 392 499 684 694 707 811 845 937 943 1028 1085 1094 1155 1196 1218 1298 1311 1364 1378 1445 1522 1636
8 50 551 717 876 905 948 1623 1786
10 212 297 370 1075 1112 1196 1414 1525 1556 1620
6 297 382 902 1425 1630 1760
13 115 228 235 250 289 333 627 643 706 801 1082 1469 1485
0
0
0
0
0
3 936 1195 1881
0
0
0
0
0
0
0
4 355 476 681 999
0
0
0
0
2 12 1036
0
0
0
0
0
0
1 12
1 12
1 944
0
2 12 1689
0
0
0
0
0
0
0
0
0
0
0
0
0
0
0
0
0
0
0
0
12 56 186 382 765 907 1103 1321 1328 1518 1570 1820 1869
0
2 1097 1770
3 13 1271 1655
3 40 371 1377
6 150 583 1160 1286 1393 1614
1 523
2 583 1780
1 1245
0
4 13 223 908 1884
3 13 440 1088
0
3 166 210 1314
1 13
11 223 478 563 688 700 1064 1438 1611 1686 1811 1889
6 579 1177 1440 1602 1638 1757
1 578
0
11 713 765 934 960 984 1177 1208 1342 1530 1734 1757
1 1609
2 29 778
0
4 578 1270 1655 1843
0
0
0
0
1 1070
0
1 906
2 896 908
0
4 601 931 1162 1184
0
0
1 1600
0
0
0
0
0
3 116 1350 1553
0
0
1 392
0
10 116 202 534 968 1380 1514 1570 1593 1612 1765
1 14
0
0
0
0
1 552
0
1 14
2 14 332
0
0
1 14
0
1 18
0
0
0
0
0
0
0
0
3 969 1375 1415
0
0
0
0
7 121 139 209 313 631 1207 1713
0
0
0
0
44 27 35 105 152 209 222 235 259 311 330 340 365 435 485 502 551 577 580 657 845 876 916 958 969 1053 1093 1140 1148 1166 1266 1291 1296 1369 1375 1469 1600 1612 1665 1683 1697 1713 1765 1800 1837
23 15 55 146 176 232 241 330 358 435 509 981 1161 1182 1196 1245 1248 1383 1451 1457 1583 1591 1757 1768
25 15 18 88 96 241 373 462 469 481 634 706 814 857 967 1045 1239 1248 1275 1312 1336 1486 1636 1683 1733 1839
4 195 1031 1839 1861
8 186 229 500 988 1075 1384 1722 1783
1 15
4 540 969 1045 1239
17 231 308 331 352 462 472 481 967 988 1179 1257 1514 1528 1612 1765 1790 1873
11 26 235 472 488 935 1026 1109 1266 1499 1691 1840
0
24 39 236 333 471 776 905 938 1038 1081 1142 1163 1307 1397 1452 1491 1521 1522 1525 1566 1665 1782 1820 1832 1838
11 21 309 597 1038 1084 1125 1239 1414 1523 1576 1832
5 938 1026 1375 1408 1499
2 308 1378
5 176 358 1031 1233 1851
0
0
2 352 867
9 143 310 776 852 1008 1307 1348 1469 1694
0
3 1185 1424 1851
0
45 45 85 202 225 254 318 330 500 550 551 568 590 632 641 734 767 798 891 914 947 1008 1033 1035 1039 1068 1080 1148 1161 1176 1248 1296 1333 1345 1391 1436 1445 1473 1488 1497 1501 1528 1683 1713 1864 1870
0
11 450 566 728 797 891 1032 1494 1509 1621 1658 1724
18 85 133 310 450 492 755 819 967 1185 1257 1373 1407 1593 1697 1809 1823 1830 1839
6 99 402 584 1408 1440 1747
12 219 281 308 422 948 1087 1407 1607 1621 1666 1800 1871
15 41 201 266 402 554 630 637 688 710 759 793 843 1359 1607 1654
6 16 536 892 938 1409 1628
23 21 94 261 283 371 434 457 673 720 842 977 1005 1105 1212 1413 1440 1456 1526 1574 1602 1654 1811 1820
1 1216
1 1479
3 148 588 1005
0
12 219 576 750 771 819 857 886 960 1223 1282 1364 1628
12 16 401 527 530 860 1009 1314 1408 1413 1443 1542 1574
13 16 456 704 765 1212 1241 1269 1390 1396 1494 1558 1637 1771
4 188 1149 1441 1667
14 342 483 503 530 562 637 722 960 997 1198 1542 1621 1730 1799
1 16
1 1771
0
5 714 715 833 1032 1039
0
1 686
1 1409
4 163 438 585 1845
1 1293
4 120 936 1157 1541
0
0
0
1 1381
8 45 47 186 908 1158 1252 1443 1667
5 758 1096 1115 1195 1854
12 109 150 281 366 546 688 706 921 936 1002 1096 1117
0
0
0
0
0
0
0
0
1 398
2 770 1431
0
0
0
0
0
3 17 939 1290
2 1211 1785
0
21 47 66 94 132 261 316 323 411 573 670 847 1112 1258 1262 1420 1590 1675 1736 1796 1801 1831
0
0
0
1 17
1 17
1 1162
0
1 17
0
0
3 633 1269 1284
1 1078
1 699
0
0
0
0
0
0
1 1828
0
10 835 847 1026 1038 1280 1359 1373 1569 1736 1860
0
0
0
0
0
1 549
4 75 463 793 1766
5 533 550 611 1033 1786
1 1867
2 1163 1717
11 129 358 463 485 988 1176 1180 1297 1519 1600 1671
0
4 42 1124 1676 1867
10 51 241 472 626 814 845 1045 1254 1671 1851
2 1041 1080
1 42
0
8 146 553 632 1033 1254 1307 1592 1823
2 51 1676
0
1 917
0
12 116 500 501 550 655 857 911 1180 1185 1592 1635 1790
0
0
1 33
1 1012
0
8 29 179 515 545 1324 1376 1586 1648
0
5 479 779 1072 1745 1754
0
0
3 82 658 736
1 345
8 193 570 668 848 854 1022 1057 1711
4 248 540 731 996
0
1 1585
1 19
0
1 528
0
1 865
0
0
1 19
2 19 1303
0
0
8 19 255 476 570 696 781 1192 1860
0
1 1460
0
1 1435
0
0
1 288
0
1 82
1 1396
3 82 808 1072
0
6 396 467 491 1072 1664 1803
0
1 1119
6 187 587 861 904 1059 1460
0
0
0
2 201 753
10 179 223 412 530 703 950 1117 1195 1389 1429
2 177 1814
1 20
13 60 167 407 563 578 638 962 1092 1175 1230 1520 1546 1696
0
5 348 628 637 682 1712
16 163 194 445 662 738 796 822 963 1030 1152 1197 1590 1607 1742 1794 1833
10 215 277 770 1183 1362 1389 1559 1629 1665 1831
15 89 185 320 324 529 563 704 796 1088 1211 1372 1429 1703 1754 1889
5 20 501 732 1088 1869
2 20 1789
1 679
13 95 272 422 440 478 505 589 836 995 1134 1259 1764 1833
2 20 478
0
0
2 1270 1888
16 201 312 395 440 708 895 898 940 1049 1130 1259 1500 1512 1611 1667 1871
0
0
1 1131
0
0
3 135 296 1441
3 29 976 1343
0
2 246 1314
1 1354
0
2 286 1368
1 1189
0
0
0
1 21
1 568
0
1 1660
8 202 310 576 1473 1570 1660 1698 1832
0
1 1812
1 1763
0
0
0
4 492 1250 1547 1810
0
10 281 297 348 450 712 1067 1105 1160 1417 1761
0
2 416 1368
1 1717
0
33 306 320 391 458 463 481 557 655 729 882 918 921 975 1080 1162 1183 1318 1365 1395 1396 1485 1497 1547 1549 1629 1635 1649 1653 1660 1690 1695 1790 1810
0
2 112 1574
7 462 577 632 918 1008 1670 1858
9 40 62 361 557 717 1043 1128 1409 1486
8 55 209 326 553 1190 1671 1766 1858
0
4 263 431 936 1139
2 51 1670
3 734 1275 1316
10 132 215 352 382 392 517 864 1191 1333 1676
1 1583
4 129 435 1423 1449
0
14 24 375 402 438 511 585 729 955 1173 1268 1407 1611 1633 1654
9 41 602 775 1225 1480 1541 1649 1809 1871
0
8 157 268 341 594 672 1178 1243 1846
0
2 1222 1772
6 114 160 1022 1127 1346 1586
4 620 1304 1787 1809
0
0
0
2 60 189
1 23
16 282 458 476 686 724 793 832 864 1046 1069 1175 1180 1243 1330 1402 1537
1 1464
9 226 280 374 686 743 807 1290 1438 1653
0
0
0
8 23 292 507 555 694 1216 1753 1850
4 23 108 897 1290
0
0
1 23
0
3 190 1788 1815
2 354 1015
2 486 773
2 1231 1859
1 962
2 1263 1432
0
0
0
15 45 288 355 461 591 694 823 841 896 916 1072 1302 1537 1538 1698
5 60 288 514 1410 1438
5 148 221 933 1564 1752
4 119 368 459 1803
6 133 148 438 576 1389 1753
2 555 1047
7 41 102 555 1493 1506 1678 1841
0
35 31 48 80 98 163 252 275 355 585 606 686 772 869 941 974 983 1010 1062 1117 1122 1132 1195 1340 1361 1399 1441 1479 1541 1577 1602 1719 1720 1732 1871 1881
0
8 174 347 418 562 896 1004 1485 1797
9 39 73 81 249 683 750 1108 1130 1212
2 98 1405
4 478 598 796 915
4 991 1059 1133 1596
17 143 207 350 607 614 630 648 711 733 819 916 1249 1373 1454 1479 1519 1822
2 24 1646
9 24 232 252 694 821 1039 1120 1213 1449
18 47 199 249 335 422 434 445 603 622 735 762 878 992 1211 1284 1302 1343 1838
3 130 1391 1717
3 24 894 1258
13 28 130 609 621 626 683 801 891 894 1003 1041 1338 1395
0
1 800
2 137 927
0
2 789 1539
12 133 179 286 490 711 843 955 1221 1278 1470 1546 1803
1 266
6 604 802 1174 1419 1494 1796
2 1656 1875
31 96 97 266 371 528 549 602 630 827 927 955 983 1097 1105 1145 1164 1236 1243 1249 1279 1300 1410 1438 1537 1542 1546 1611 1646 1732 1759 1771
0
0
6 704 735 944 1269 1614 1715
6 210 429 483 795 1467 1777
0
0
3 1031 1419 1614
0
0
1 188
7 210 430 881 944 1064 1097 1586
3 112 400 1048
1 69
1 1103
4 651 925 1103 1203
6 188 421 1005 1062 1289 1814
4 112 257 709 1361
3 25 1010 1852
18 247 257 416 467 556 638 716 881 918 1070 1097 1103 1368 1483 1491 1497 1622 1814
0
0
2 210 449
0
1 952
1 25
1 25
5 247 1056 1161 1296 1855
0
1 25
0
3 395 504 1102
6 63 162 175 617 638 1491
0
0
2 400 1740
0
6 257 400 1203 1392 1666 1825
1 232
2 859 1324
0
0
0
0
0
4 449 725 944 1203
0
0
0
0
9 129 282 816 905 911 1223 1257 1308 1590
0
15 54 155 467 483 492 501 801 816 926 1046 1175 1216 1340 1416 1487
8 85 376 540 621 755 835 926 1755
0
7 289 301 376 1093 1416 1439 1656
6 329 1312 1517 1608 1610 1659
0
4 326 1233 1608 1732
8 54 96 143 458 962 1152 1592 1633
9 301 355 787 1075 1223 1275 1308 1439 1528
8 164 219 691 1074 1218 1312 1430 1517
18 119 162 248 314 552 572 658 779 838 953 1009 1079 1152 1387 1561 1633 1809 1865
10 99 329 536 979 1213 1365 1416 1472 1502 1865
4 491 924 1305 1866
14 33 385 684 755 835 1074 1233 1340 1386 1499 1670 1747 1823 1826
26 199 279 480 496 802 875 924 937 1064 1130 1177 1208 1221 1241 1279 1292 1398 1410 1555 1569 1628 1653 1707 1725 1747 1756
0
0
1 1657
8 39 658 800 1000 1333 1473 1813 1860
0
0
3 286 1062 1197
1 603
0
1 590
4 413 1766 1868 1873
0
5 206 523 617 1361 1622
10 177 424 770 885 913 992 1111 1129 1443 1872
0
2 28 1876
1 28
0
2 877 1874
1 28
2 464 997
0
0
9 59 198 199 416 710 1352 1491 1509 1559
10 98 449 527 710 725 910 973 1070 1352 1559
0
13 94 130 198 320 473 617 638 1362 1385 1509 1754 1830 1888
4 247 400 1666 1855
0
0
3 270 635 925
0
3 246 421 1527
0
8 284 464 523 1032 1343 1446 1715 1814
0
1 173
0
0
0
11 89 407 527 562 850 866 1096 1123 1273 1638 1715
23 92 134 279 395 456 584 735 789 1076 1156 1208 1259 1271 1273 1374 1393 1413 1455 1731 1769 1813 1824 1833
10 33 403 714 889 924 1012 1245 1312 1561 1866
2 780 852
0
3 147 583 1352
1 1374
0
14 59 134 174 348 539 992 1128 1258 1271 1398 1559 1569 1630 1810
27 55 173 539 552 563 568 729 750 754 827 852 907 984 1003 1010 1084 1146 1156 1328 1487 1547 1575 1630 1649 1762 1831 1838
9 106 119 201 344 603 649 927 1347 1385
3 195 248 1598
3 433 890 1347
0
2 522 1796
17 183 325 370 396 452 467 523 710 711 753 825 1040 1460 1533 1586 1622 1845
4 529 1153 1608 1873
11 46 445 451 672 869 875 1084 1226 1236 1299 1828
4 89 194 907 1362
0
15 31 155 174 438 575 714 777 846 1088 1146 1171 1299 1518 1780 1845
10 135 167 288 491 915 962 1149 1157 1531 1764
1 1735
0
3 114 167 1001
9 30 56 148 282 464 650 680 1069 1850
0
19 208 528 549 554 570 779 802 808 865 943 989 1064 1165 1279 1431 1496 1518 1638 1639
1 426
9 56 424 456 579 699 808 1059 1359 1433
11 41 53 60 99 396 628 699 1464 1564 1686 1803
0
2 30 1780
13 30 95 96 135 407 672 1126 1149 1158 1393 1431 1441 1641
2 552 1581
0
1 30
5 302 451 810 828 1541
0
0
0
2 184 440
13 263 510 554 579 628 1090 1119 1132 1284 1464 1546 1568 1828
2 915 1222
2 340 896
1 114
2 132 1523
0
0
0
0
0
0
0
1 606
0
8 248 865 953 1012 1132 1221 1448 1845
1 429
0
1 31
1 1560
4 606 1087 1270 1319
8 759 860 984 1256 1429 1433 1658 1824
0
0
1 1342
7 66 610 713 1328 1376 1637 1879
0
0
1 399
2 906 1150
1 1204
1 1342
2 401 1331
1 575
2 1475 1509
0
0
2 567 1372
0
0
0
0
1 1344
0
0
0
0
1 1435
0
10 161 479 700 759 854 1127 1339 1395 1564 1805
20 54 133 476 554 624 736 779 784 870 904 954 1109 1218 1249 1430 1561 1648 1787 1801 1865
2 33 847
2 1012 1135
4 329 540 937 1233
4 232 490 1385 1745
11 195 366 490 784 848 926 996 1286 1310 1648 1840
17 595 620 700 736 830 848 955 979 1043 1058 1152 1225 1337 1430 1733 1811 1840
1 668
4 191 1016 1225 1571
5 684 1218 1386 1517 1620
1 865
3 748 781 1303
1 668
7 345 490 515 880 1059 1109 1213
1 483
6 161 721 854 904 996 1303
4 82 491 730 1736
6 366 406 545 697 827 1664
8 488 496 800 870 1376 1691 1840 1868
1 340
5 488 515 668 1733 1745
3 496 657 870
0
5 605 824 997 1400 1764
1 1808
0
7 162 345 424 602 832 1648 1664
1 34
0
0
1 56
0
0
2 1372 1719
1 34
1 34
5 108 312 699 861 1673
0
2 34 1801
0
1 1589
2 1199 1498
2 618 1464
0
0
1 1403
1 1711
0
1 934
1 1119
0
1 934
0
0
0
0
0
1 970
0
12 312 444 581 861 1092 1133 1208 1252 1253 1278 1286 1461
3 457 1189 1647
6 620 844 1267 1273 1370 1746
6 120 166 584 712 1183 1442
8 204 261 305 1173 1176 1306 1370 1527
15 58 290 299 385 455 650 708 852 1149 1157 1158 1217 1242 1419 1481
0
25 122 306 451 455 595 655 708 848 860 934 943 996 1067 1093 1148 1192 1306 1377 1518 1519 1620 1637 1686 1691 1870
1 499
0
31 80 99 108 109 120 158 263 293 340 370 375 499 513 536 630 672 738 753 816 925 940 1222 1290 1309 1381 1456 1468 1735 1777 1781 1866
0
0
0
2 1029 1289
0
0
0
2 667 1680
1 512
1 873
2 36 190
1 628
0
1 1015
1 1230
0
0
1 36
1 36
0
1 843
1 36
1 1122
0
12 48 80 215 283 375 453 514 543 555 689 1079 1606
0
1 190
1 258
0
0
0
2 368 941
0
0
0
1 1122
1 858
0
0
0
0
0
3 240 520 1400
0
1 997
3 528 580 1009
0
2 258 722
3 181 877 1289
3 240 409 843
2 1156 1400
0
1 240
0
1 877
2 37 805
0
0
0
0
0
0
2 37 240
1 37
2 862 874
0
1 37
0
0
0
0
0
0
0
0
0
0
0
0
0
0
0
0
0
0
0
0
1 48
3 663 767 1178
6 67 479 1069 1633 1787 1850
0
0
4 221 354 582 743
4 38 262 580 1230
0
0
0
4 743 832 1387 1480
0
3 354 396 1777
7 38 108 113 280 1015 1222 1387
12 38 273 377 457 459 651 826 937 940 1480 1533 1696
0
0
1 38
0
1 1857
0
20 48 80 221 266 275 300 375 459 486 514 602 651 712 738 904 1087 1263 1432 1479 1616
0
16 102 109 151 275 321 368 428 572 689 808 1216 1263 1381 1432 1772 1788
1 292
0
0
3 572 1680 1788
0
7 292 689 722 775 823 1666 1678
0
1 280
24 102 135 160 167 196 263 272 275 283 296 418 459 511 514 620 773 823 1157 1198 1480 1637 1678 1680 1772
0
0
13 302 418 419 651 720 769 773 974 1048 1132 1263 1387 1432
0
1 200
16 157 444 598 633 747 833 892 894 991 1003 1046 1162 1253 1278 1641 1646
7 66 166 305 376 679 731 1854
8 150 249 758 864 953 1376 1379 1475
11 157 366 682 781 789 1109 1192 1427 1456 1626 1854
7 284 775 833 1449 1599 1658 1753
2 595 1367
0
2 1081 1605
6 1000 1004 1165 1523 1527 1724
7 59 95 173 407 881 1838 1888
1 1002
0
0
0
5 529 685 987 1694 1734
24 118 278 482 575 597 713 728 759 906 1067 1129 1173 1197 1226 1271 1302 1390 1425 1477 1724 1780 1783 1799 1884
0
2 326 1391
0
7 412 429 671 778 1526 1711 1817
2 518 1433
3 336 1086 1526
3 188 1087 1236
5 412 593 815 1347 1569
0
20 185 306 622 754 867 869 941 984 1078 1128 1282 1299 1374 1390 1398 1477 1614 1620 1734 1799
5 443 519 1078 1127 1454
1 1076
0
0
3 380 1540 1738
13 268 374 486 487 543 977 1030 1092 1133 1420 1689 1735 1855
0
1 1526
2 622 1084
7 206 323 731 767 1281 1454 1815
5 272 505 579 785 1178
44 104 109 185 206 226 233 268 296 302 354 456 457 505 511 658 702 732 738 841 898 940 974 982 1048 1049 1100 1115 1119 1139 1168 1189 1198 1276 1278 1304 1377 1381 1420 1468 1530 1531 1696 1712 1815
6 421 732 1002 1122 1431 1531
8 137 177 983 1053 1095 1286 1629 1813
14 265 283 594 661 667 689 826 836 892 994 1468 1704 1788 1885
8 120 123 206 584 608 950 1536 1799
0
4 398 778 1017 1435
0
0
1 1638
1 1356
2 398 893
10 788 846 921 1146 1252 1282 1425 1843 1875 1884
3 682 781 1688
8 66 168 272 591 594 1268 1309 1661
5 137 946 1115 1139 1689
1 1790
3 42 1298 1472
1 1867
0
3 1118 1391 1672
1 1267
0
0
1 978
0
1 553
0
0
0
0
1 1656
1 856
0
0
7 293 588 916 1138 1220 1415 1573
0
5 518 929 1127 1267 1712
1 152
2 573 626
2 911 1298
0
0
4 301 532 833 1733
1 1487
0
3 55 152 1093
8 455 588 657 734 1220 1275 1858 1873
0
0
2 715 1886
2 767 1740
9 91 252 836 867 1049 1124 1415 1739 1859
0
0
1 857
2 1434 1442
2 1403 1442
7 444 758 821 1281 1324 1805 1826
0
0
0
0
2 776 1118
0
0
0
1 246
0
1 1338
0
0
1 46
4 46 801 1287 1338
1 195
0
1 46
1 588
0
1 1859
0
0
0
0
0
0
0
0
0
1 1777
2 69 1750
0
7 136 270 277 662 890 1268 1530
3 442 991 1566
0
0
0
0
5 185 511 679 1477 1695
2 1074 1783
9 161 194 312 323 527 1158 1292 1796 1877
20 374 556 591 662 703 807 841 846 963 977 1144 1225 1304 1403 1468 1545 1664 1740 1747 1877
1 597
6 73 1067 1399 1530 1756 1884
1 989
1 73
1 1309
7 208 703 1053 1270 1475 1566 1854
6 341 1292 1399 1539 1756 1877
3 160 1169 1680
2 211 813
0
0
0
1 572
4 858 1107 1508 1564
0
0
0
4 418 813 858 1678
0
2 629 1808
5 556 680 745 941 1846
0
1 813
0
0
1 49
1 187
8 187 545 1079 1200 1280 1310 1711 1737
0
0
3 851 1018 1439
6 234 708 743 807 860 1388
2 49 341
2 49 368
0
0
1 49
2 544 1435
1 244
0
0
1 858
9 91 309 499 589 625 718 1138 1198 1485
0
0
0
0
0
0
0
0
0
0
0
0
0
0
0
0
1 1729
0
0
0
0
0
0
1 1306
0
0
0
0
1 736
0
0
0
0
2 1174 1386
0
0
0
0
0
1 1018
1 1174
0
0
0
1 683
1 1415
0
0
0
0
0
0
9 279 480 557 810 1081 1425 1497 1640 1875
1 52
0
0
1 1635
2 325 913
0
0
1 52
1 52
0
2 763 1500
1 52
0
0
0
0
0
1 882
0
0
0
3 822 1206 1247
5 258 560 645 1724 1794
7 134 480 1193 1227 1252 1471 1843
0
0
1 1280
0
0
9 414 505 826 1129 1484 1581 1616 1647 1841
3 65 220 1793
0
0
2 1224 1393
0
3 53 325 1030
1 53
0
0
1 53
3 764 1246 1253
0
0
0
0
0
0
0
1 1539
0
3 780 1493 1841
0
0
1 1342
0
0
0
0
0
3 989 1725 1752
2 496 621
0
12 341 515 753 854 954 979 1015 1230 1300 1456 1712 1787
6 198 403 700 784 1120 1755
0
0
0
0
2 870 1571
0
1 1610
4 145 892 978 1870
0
0
3 715 1254 1755
0
3 270 421 728
0
0
0
0
0
0
0
1 504
0
0
0
0
0
5 243 580 943 1402 1785
0
0
3 151 639 1846
2 69 680
6 362 606 1402 1581 1695 1785
3 520 1323 1567
4 504 520 722 821
1 1859
1 344
2 897 1047
1 1862
0
6 204 284 370 714 1165 1658
2 939 1448
1 1048
0
0
0
0
0
0
0
1 57
0
0
2 1049 1702
0
0
1 1124
2 57 906
5 57 473 601 778 963
2 277 1630
0
1 57
3 713 754 1598
3 398 429 508
1 1131
0
1 1354
1 1657
0
0
2 539 897
0
7 335 601 670 696 810 965 1332
0
2 828 1829
0
0
0
0
1 670
0
0
2 766 875
0
1 1616
1 690
1 58
2 58 1293
2 385 1759
1 437
1 58
1 1173
0
4 890 1282 1725 1759
1 598
1 1060
0
1 1210
1 1293
4 1004 1707 1783 1812
0
0
2 1388 1746
3 1250 1746 1819
1 1338
3 780 1752 1772
0
1 1250
3 155 1523 1579
1 1422
0
0
0
0
6 81 181 184 194 762 777
2 349 1805
4 102 158 238 1696
5 336 777 893 1040 1512
3 69 181 716
0
4 724 772 1125 1260
0
4 369 401 828 882
2 353 1801
4 171 633 1133 1745
0
0
1 432
0
0
10 226 486 732 841 895 898 974 1071 1304 1781
5 296 522 594 775 1751
0
2 712 836
4 151 374 1390 1870
6 251 316 647 663 804 1781
1 1502
5 280 663 667 823 873
3 184 522 995
1 1828
1 1053
3 591 977 1403
0
1 268
2 662 889
1 1639
0
2 61 1689
0
0
0
5 177 1360 1775 1812 1846
0
0
3 61 1070 1874
1 61
0
0
1 61
0
0
0
3 336 893 1534
1 1874
0
0
0
0
0
0
0
2 1115 1728
0
0
0
1 1587
0
0
0
1 364
5 62 731 954 1079 1571
11 62 207 479 682 1047 1057 1135 1164 1281 1470 1694
2 1057 1502
0
2 62 207
3 187 900 1244
2 895 939
1 1298
1 1178
0
1 1513
0
0
7 164 403 488 624 684 1135 1868
2 325 1454
2 255 1842
0
2 295 1585
0
1 1822
5 321 360 412 1022 1164
4 350 536 696 1092
1 157
0
0
6 63 149 166 646 709 1794
1 63
0
1 405
1 63
5 335 337 489 952 1283
2 1268 1354
3 709 925 952
8 204 556 666 1203 1289 1659 1740 1852
0
2 995 1848
2 97 1498
2 401 449
2 395 1849
4 635 885 952 1125
1 635
0
2 504 610
0
0
0
0
2 724 1876
4 97 342 460 1083
0
2 105 609
4 758 1461 1822 1841
0
0
1 826
0
1 256
0
0
5 300 837 986 1145 1852
0
2 300 1448
0
0
0
1 650
1 990
0
1 113
1 1145
0
0
2 190 350
0
0
4 305 1000 1138 1191
0
2 1610 1729
1 1191
0
0
0
4 399 622 885 1170
0
3 913 1078 1262
5 84 931 1204 1328 1535
0
2 920 1773
3 391 728 822
2 1098 1251
2 65 411
2 65 795
0
1 1262
2 65 159
2 1231 1673
0
0
6 411 961 1042 1372 1489 1606
6 391 822 907 913 972 1673
0
0
0
0
3 763 795 970
5 344 762 1055 1524 1560
1 855
1 889
0
0
3 782 1007 1568
1 1358
4 692 999 1081 1417
0
0
13 160 321 549 624 763 1189 1232 1420 1577 1585 1596 1659 1685
2 547 1568
4 861 1226 1309 1769
2 1596 1675
1 1512
2 1498 1872
1 547
1 720
1 1303
6 473 610 670 850 1675 1827
0
2 158 679
1 1769
0
5 345 810 1339 1539 1558
1 733
2 335 1694
1 1399
2 221 824
1 67
3 67 114 379
0
0
1 67
2 419 1344
0
0
1 1344
0
3 419 773 1493
0
0
6 828 1047 1164 1300 1405 1531
0
0
1 88
0
1 824
1 1001
3 648 1001 1139
7 520 725 999 1058 1330 1576 1850
0
0
0
1 1802
0
1 1742
0
0
0
0
1 309
3 87 423 1543
2 709 1641
1 303
2 1102 1144
0
1 246
0
0
0
1 1043
0
0
1 680
2 1421 1874
1 1467
0
0
2 745 786
1 1069
0
0
1 1118
1 70
0
0
6 137 164 165 1136 1293 1662
0
0
0
3 70 582 589
1 70
0
0
2 70 599
0
0
3 113 1058 1576
0
1 1350
0
0
4 430 1125 1308 1864
0
1 189
0
0
0
0
0
2 821 859
1 1627
1 1002
0
0
5 623 976 1305 1310 1472
1 1348
0
6 901 987 1262 1500 1589 1817
0
1 1348
1 88
0
0
2 72 105
0
0
0
0
0
0
2 72 1061
2 72 291
0
1 1716
1 72
1 749
2 152 408
0
1 831
0
2 609 914
0
0
0
0
0
0
0
0
0
0
0
0
0
0
2 1647 1748
1 73
0
0
1 1549
0
3 597 1190 1442
1 716
0
0
3 866 1756 1844
2 1076 1331
2 1639 1731
0
0
0
2 323 1695
0
5 347 890 1171 1589 1769
0
0
0
2 74 428
0
1 777
1 1004
0
0
0
1 74
2 74 510
0
0
1 74
0
0
0
1 238
0
0
0
0
0
1 238
1 1029
0
0
0
1 211
0
0
2 428 1815
0
2 100 238
1 1549
5 437 1276 1316 1566 1812
0
0
4 733 844 1120 1533
0
0
1 454
1 648
1 278
1 76
0
0
0
0
0
0
1 76
1 76
0
0
1 76
0
0
0
1 327
0
0
1 1571
0
0
3 207 832 1057
0
0
1 191
2 544 1280
1 721
0
0
2 255 1016
0
0
0
0
0
1 361
0
2 1617 1798
0
0
0
6 361 656 844 1500 1789 1792
0
0
0
0
1 77
0
0
0
0
0
0
1 77
1 77
0
1 384
3 77 787 1016
0
0
0
0
0
0
0
0
0
1 111
0
0
0
0
0
0
0
0
0
0
0
0
6 342 437 1190 1215 1707 1718
1 78
1 1171
0
0
1 380
2 1560 1731
0
2 78 92
1 78
0
1 1143
10 78 208 430 484 569 931 973 990 1417 1734
0
1 159
0
1 1193
0
0
0
1 411
0
0
0
0
0
0
0
0
0
0
0
0
0
1 1141
0
1 1739
0
0
0
0
0
0
0
2 79 1063
0
0
1 1581
0
0
0
1 79
2 79 414
0
0
1 79
0
0
1 414
1 1739
0
0
0
0
0
2 1516 1779
0
0
0
0
0
0
0
1 1506
2 1023 1506
0
3 315 719 873
2 151 302
11 104 122 191 262 300 316 914 1101 1704 1781 1789
0
0
9 104 122 321 426 532 587 671 1350 1577
4 661 663 671 702
0
0
2 226 702
0
3 293 966 1145
0
1 81
0
0
1 81
1 1599
2 1001 1599
1 768
0
0
2 104 954
0
0
0
0
0
2 154 898
4 147 168 897 1752
0
1 1872
0
1 147
2 233 1498
0
0
1 933
4 122 721 933 1346
2 1107 1661
2 824 1882
0
2 193 1737
1 1346
0
1 260
1 1337
0
0
0
0
0
0
0
3 497 1068 1411
0
0
4 159 306 1292 1794
0
0
1 84
3 84 391 961
0
0
2 84 1231
0
4 347 1719 1764 1795
2 1193 1843
0
0
0
0
0
0
0
2 581 961
0
0
2 1204 1735
0
0
0
0
1 431
1 1761
2 334 872
0
1 1326
2 92 794
0
0
0
0
0
0
1 525
0
1 86
2 1050 1763
0
0
2 164 1763
0
4 97 859 1108 1686
1 86
6 86 243 314 582 657 741
1 1434
0
2 86 1434
1 546
1 165
0
1 165
0
2 518 525
1 525
1 165
2 1481 1549
2 106 644
0
0
1 978
2 661 1661
0
0
0
3 1190 1265 1434
2 156 922
3 510 676 1126
2 745 1237
0
2 87 1006
3 87 1214 1808
0
0
1 87
0
4 426 431 1090 1596
0
0
1 1463
0
0
0
0
1 1077
0
1 1144
0
1 1102
0
0
2 453 605
0
0
0
0
2 88 693
0
1 1461
0
1 701
0
1 1167
0
1 1192
0
0
0
0
0
0
0
0
0
0
0
0
2 567 1606
0
3 1068 1642 1853
6 480 772 1330 1339 1367 1876
2 648 895
0
0
3 270 1131 1392
1 1231
2 724 867
3 494 581 742
7 567 610 1392 1481 1558 1563 1751
0
1 866
2 346 1168
1 433
0
2 788 1042
7 453 581 601 970 1086 1168 1700
0
2 1108 1295
0
1 1305
0
0
0
0
1 91
0
0
1 1849
0
0
0
2 262 608
1 635
0
0
2 608 1483
0
0
0
0
0
0
1 1377
0
0
1 1573
1 993
3 92 399 544
0
0
0
2 730 1575
2 1017 1224
2 1017 1272
0
5 118 159 795 1086 1150
1 1193
1 1719
1 1150
0
5 327 433 1134 1310 1675
0
0
0
1 278
0
2 327 1171
2 265 820
3 587 807 1789
0
0
0
0
5 347 1560 1731 1824 1879
0
0
0
0
9 106 118 336 696 850 1323 1568 1775 1804
2 950 1174
2 1256 1610
3 1090 1573 1797
0
2 990 1256
0
2 542 1875
0
3 547 1707 1784
0
2 931 1512
0
2 244 545
1 1016
0
2 191 624
0
0
7 168 205 233 786 957 1405 1575
0
0
1 482
0
4 431 703 1042 1095
1 1730
0
4 460 1040 1095 1739
0
0
0
0
6 447 720 786 976 1244 1763
0
1 482
0
1 1727
0
0
0
0
1 408
0
0
0
0
0
1 1379
2 830 1755
4 103 379 428 510
1 1540
0
0
0
0
0
5 350 1051 1153 1379 1427
0
0
0
2 830 1659
1 1502
4 863 1029 1742 1775
2 1323 1406
1 855
2 855 1462
1 1807
1 100
2 100 855
1 863
1 863
4 100 344 1332 1797
2 649 747
0
0
0
3 314 452 1827
0
0
0
0
0
0
2 863 1495
0
0
4 649 1007 1332 1827
0
1 930
0
0
0
0
1 357
2 1567 1703
1 1775
0
4 101 727 730 1682
0
0
0
0
0
2 567 1455
1 101
1 101
1 1244
0
1 101
0
0
3 220 920 1585
0
0
0
0
0
0
0
0
0
0
0
0
0
0
0
1 1234
0
0
2 487 1337
0
0
4 452 721 1367 1703
0
0
0
1 522
1 181
2 211 1598
1 1470
0
3 242 609 1515
0
0
0
0
0
0
0
1 103
1 103
0
0
1 103
0
0
0
1 1349
0
1 541
0
0
0
0
0
1 799
1 1201
0
0
3 1017 1056 1567
0
0
1 1224
0
0
0
0
2 878 1036
1 251
0
7 414 546 780 1255 1616 1759 1885
6 251 292 349 702 1704 1885
0
0
2 661 1071
0
0
0
2 265 1822
1 768
0
2 1071 1493
0
0
0
1 1657
0
0
1 1540
0
0
0
0
0
0
0
1 106
0
0
5 433 633 1135 1204 1558
0
1 1793
2 183 452
0
1 193
2 989 1879
0
0
1 118
0
0
0
1 1793
0
1 1606
0
0
0
2 262 1536
5 295 314 403 487 1330
0
0
2 804 873
1 1691
6 614 880 883 1153 1427 1626
1 1331
2 985 1467
0
0
0
1 295
3 559 880 1573
0
0
4 406 697 1737 1797
0
1 589
1 769
0
4 489 1536 1647 1885
0
1 1730
0
0
0
2 513 1849
0
0
1 951
0
0
0
0
1 1116
0
2 110 1704
0
2 1058 1661
0
0
0
0
1 110
1 110
0
0
1 110
0
0
0
0
0
0
0
0
0
0
2 526 763
2 946 971
0
1 596
0
0
2 489 513
1 430
2 769 946
1 1577
0
0
1 687
2 532 535
0
1 111
1 111
1 718
0
1 111
0
1 718
1 410
1 1773
0
0
2 220 1802
0
3 782 1098 1773
0
7 183 244 316 782 882 920 1326
1 879
0
0
1 1802
0
0
2 1251 1792
1 718
0
0
1 1864
1 877
0
2 175 1102
3 437 1123 1715
0
2 1107 1599
1 113
0
0
1 362
0
0
0
0
0
0
0
1 1663
0
0
0
1 255
0
0
0
0
0
2 147 379
2 933 1857
1 168
0
2 741 1857
0
0
0
2 211 512
1 544
0
1 251
0
0
0
2 787 1886
1 1455
0
0
1 309
0
1 1060
1 425
0
1 145
0
3 145 1370 1388
0
0
0
0
1 117
0
0
0
0
0
0
1 117
1 117
0
1 1095
1 117
0
0
0
0
0
0
0
0
0
0
0
0
0
0
2 1247 1703
0
0
0
0
0
0
0
1 406
3 170 1357 1785
0
1 1742
0
0
0
0
0
0
0
0
0
1 1578
2 298 959
0
0
0
0
3 172 184 730
0
0
1 349
0
1 1507
0
0
0
0
0
7 277 299 673 1246 1287 1300 1725
1 1234
0
1 1672
0
0
0
0
0
0
1 265
1 1524
0
1 1483
0
0
1 1672
0
0
0
0
5 1036 1220 1305 1642 1761
0
0
2 1108 1886
0
0
0
0
1 987
0
0
0
0
0
0
0
0
1 647
0
0
1 123
1 123
0
0
1 123
0
0
0
0
0
0
3 204 1316 1617
0
0
1 460
0
0
0
0
0
0
3 1126 1154 1484
0
0
0
0
0
0
0
0
0
0
0
1 1098
3 264 1199 1829
0
0
0
0
0
0
1 126
0
0
0
0
0
0
1 126
1 126
0
0
1 126
0
0
0
0
0
0
0
1 380
0
0
0
0
0
1 850
0
0
0
0
2 1693 1872
0
0
0
0
0
0
0
0
1 1050
0
0
0
0
0
0
0
1 1392
0
1 862
0
0
0
0
2 291 1124
0
0
2 837 1250
3 189 837 1448
1 748
0
6 278 973 1060 1427 1496 1817
1 608
2 1417 1762
1 342
0
0
0
2 1083 1701
0
1 1090
0
0
0
0
0
8 384 543 616 849 1251 1617 1792 1793
0
0
0
0
0
1 605
2 1107 1169
1 939
0
1 1030
0
3 404 1029 1862
1 794
0
1 1379
0
2 685 1227
0
0
0
0
0
1 614
0
1 1471
8 673 970 1227 1319 1613 1626 1748 1758
4 560 1110 1738 1848
1 788
0
0
0
1 1405
1 1276
0
1 256
0
0
0
0
0
0
0
0
1 136
1 136
0
4 639 1131 1247 1458
6 136 748 1123 1354 1673 1848
1 1751
0
0
0
1 299
0
0
1 1136
1 1743
2 1077 1496
0
1 1848
0
2 1168 1524
0
0
0
0
0
2 1367 1738
0
2 1100 1538
0
1 1849
0
0
0
1 1244
0
1 1319
1 1538
0
2 243 878
0
0
0
1 1773
3 880 1018 1529
2 1287 1369
0
0
0
0
4 256 291 677 1640
0
0
0
0
0
0
0
0
0
1 1056
1 142
0
0
1 1331
0
0
3 764 1535 1748
1 142
1 142
0
0
1 142
0
0
0
0
0
0
0
1 1272
0
0
4 384 535 1272 1363
0
0
1 764
0
1 193
0
2 405 1202
0
0
1 487
0
0
0
2 175 995
0
1 377
0
1 994
2 145 587
0
0
0
1 1301
0
0
0
0
0
0
1 1369
0
0
0
2 290 1746
1 623
0
0
0
0
1 868
1 1842
0
2 1339 1467
0
0
0
1 787
1 379
0
0
0
0
0
3 685 949 1256
0
2 473 519
0
0
1 1598
4 923 1006 1040 1199
1 419
0
0
1 820
1 1576
0
0
1 362
0
3 203 519 999
1 1618
1 837
1 788
2 423 639
3 149 1446 1852
2 149 1446
2 233 1077
0
4 149 639 812 1144
0
2 512 618
0
0
0
1 786
2 423 972
4 660 976 1214 1217
2 768 972
0
2 405 453
1 1446
0
0
2 646 1104
0
1 1382
1 618
1 987
0
0
2 214 1083
1 607
2 525 1626
2 560 1634
3 1068 1513 1835
0
1 715
0
4 1036 1295 1356 1662
1 963
0
0
9 671 719 804 820 1100 1215 1508 1536 1688
3 513 719 1071
0
0
0
2 1455 1879
1 667
0
1 1276
0
0
4 769 799 1217 1356
0
0
1 990
0
1 1762
1 1716
1 1287
1 1864
1 1716
0
0
0
0
0
0
0
1 1642
0
0
2 604 1555
2 604 1640
0
1 961
0
0
0
0
0
2 799 1421
0
0
0
2 1406 1778
0
1 1681
0
0
0
1 745
0
0
1 1013
0
0
0
1 813
0
0
2 154 1346
1 154
0
0
1 154
1 327
0
0
1 409
1 1744
0
0
0
0
0
0
0
0
0
0
0
0
0
0
0
0
0
1 408
0
0
0
0
0
3 623 1326 1538
0
0
0
1 1041
0
0
1 1050
0
0
0
1 156
1 156
0
0
1 156
0
0
0
0
0
0
1 546
0
0
1 922
1 922
1 271
0
0
0
0
0
1 1050
0
1 299
0
0
0
0
6 1153 1246 1402 1535 1677 1842
0
0
1 883
0
1 697
0
0
0
0
0
0
0
0
0
1 1089
0
0
0
0
0
0
0
0
0
0
0
0
0
0
0
0
2 1332 1639
0
0
3 593 1055 1545
2 1120 1136
1 1825
1 647
1 1098
0
0
0
0
0
0
0
1 1247
0
0
1 1767
1 1272
0
0
4 484 871 1086 1589
0
1 1055
0
1 1524
0
0
0
0
0
1 799
2 900 1461
0
3 380 593 1042
0
0
0
0
0
1 1842
0
0
0
1 794
0
0
0
0
0
0
0
1 1199
0
4 295 406 945 1341
0
0
1 1007
0
0
0
0
2 1232 1246
0
1 1214
1 889
1 973
1 290
1 844
0
1 234
2 367 1685
1 766
1 994
3 230 614 625
0
0
0
0
1 399
0
0
0
0
0
0
0
0
0
0
0
0
0
4 245 409 790 1421
0
0
1 1274
0
0
1 1508
1 508
0
1 659
4 946 972 1463 1575
1 1702
1 1808
1 646
0
0
0
0
0
0
0
0
0
0
2 768 1232
0
0
0
0
0
1 512
1 1224
0
0
1 170
1 170
0
1 820
1 170
0
0
0
0
0
2 1240 1594
0
0
1 893
0
1 508
0
0
0
0
0
0
0
0
0
1 1200
0
1 171
1 171
0
2 859 1762
3 171 349 1844
0
0
0
0
1 535
0
1 1844
0
0
0
0
0
0
0
0
0
0
0
0
0
0
0
0
0
1 1579
2 172 1886
1 172
0
0
2 172 649
0
0
0
0
2 1579 1624
0
1 1323
0
0
0
0
0
0
1 1229
0
0
0
0
1 901
0
4 645 1471 1551 1700
0
1 1459
0
1 1662
0
1 910
0
2 1101 1543
1 1077
0
0
1 1481
1 598
0
0
0
2 189 426
0
0
0
0
1 175
0
0
0
0
0
0
0
0
0
0
0
0
1 1484
1 393
0
0
0
0
0
0
2 966 1826
4 541 966 1242 1507
0
0
0
0
0
0
0
0
0
0
0
1 1702
0
0
0
0
2 866 1784
1 1507
1 1295
0
0
0
0
0
0
1 180
0
0
0
0
0
0
1 180
1 180
0
0
1 180
0
0
0
0
0
0
0
0
0
0
0
0
0
0
0
0
0
0
0
0
0
1 405
0
0
0
0
1 1555
0
0
0
0
0
0
0
0
0
1 244
1 794
0
0
0
0
0
0
1 182
0
0
0
0
0
0
1 182
1 182
0
0
1 182
0
1 183
0
4 666 1316 1506 1817
0
0
1 901
0
0
0
2 484 1063
0
0
0
3 593 805 1540
0
1 666
0
0
0
0
0
0
0
0
0
0
0
0
1 764
0
0
0
0
1 862
0
3 616 1083 1463
0
0
0
1 1532
0
0
0
0
0
1 1483
2 1227 1730
0
0
0
2 1727 1784
1 645
0
0
0
0
1 482
0
1 1006
0
0
1 815
0
1 616
1 1489
0
0
1 1357
0
0
0
1 697
0
0
0
0
0
0
0
0
0
0
0
2 1358 1625
0
0
0
0
2 883 900
0
2 930 1478
0
0
2 493 719
0
3 337 604 1470
0
0
2 646 1421
0
0
0
0
0
0
0
0
0
0
0
0
0
0
0
0
0
0
0
0
0
0
0
2 1150 1358
0
3 377 772 1862
1 1089
0
0
0
0
0
0
0
2 234 815
2 804 986
1 872
0
1 872
0
0
0
0
0
1 685
0
0
5 930 1051 1056 1242 1265
1 541
1 1513
0
0
1 1891
0
1 1214
0
0
0
1 1489
0
0
2 1535 1677
0
2 192 1677
0
0
2 1727 1795
0
0
1 1748
1 192
3 192 1428 1677
0
0
1 192
0
0
1 815
0
0
0
1 508
1 783
0
0
0
0
1 1758
1 774
0
0
0
0
0
1 1645
0
0
0
0
1 1737
1 965
0
1 1829
0
1 364
0
0
1 364
0
0
0
0
1 805
1 346
1 1705
0
0
0
0
0
0
1 1605
0
0
0
0
0
0
0
0
3 690 1295 1411
0
0
0
2 383 830
0
1 196
1 196
0
1 548
1 196
0
0
1 1169
0
0
0
0
0
0
0
0
0
0
0
0
0
0
0
0
1 741
0
0
0
0
0
0
0
1 1505
0
0
1 1136
0
0
0
0
0
0
2 1063 1260
0
0
0
0
0
0
0
3 582 1617 1827
0
0
1 200
1 200
0
0
1 200
0
0
0
0
0
0
0
1 1853
0
0
0
1 1201
0
0
0
0
0
0
0
0
0
0
0
0
0
0
0
0
0
0
1 1758
0
2 203 559
1 203
0
0
1 203
1 1051
0
0
0
0
0
0
0
2 1170 1543
0
0
0
0
0
1 447
0
0
0
0
1 1819
0
1 1738
0
1 346
1 273
0
0
0
0
0
0
0
0
0
0
0
0
1 205
1 205
0
0
1 205
0
0
0
0
0
0
0
0
0
0
0
0
0
0
0
0
0
0
0
0
0
0
0
0
0
1 1507
0
0
0
0
0
0
1 1283
1 273
1 693
0
1 625
0
0
1 1143
0
0
0
0
0
0
0
0
1 1283
0
0
0
0
0
0
1 234
2 986 1215
0
1 425
1 425
0
0
0
0
0
0
0
0
0
2 425 623
0
1 1627
0
1 1060
1 1819
0
0
0
2 1369 1503
0
1 489
0
3 965 1545 1672
0
0
0
0
0
0
0
1 1337
0
0
0
0
0
0
0
0
0
0
0
0
0
0
0
0
2 910 1681
0
0
1 214
1 214
0
0
1 214
0
0
0
0
1 673
0
0
1 922
0
0
0
0
0
1 950
0
1 362
0
0
0
0
0
0
0
0
0
0
0
0
0
0
0
0
0
0
0
0
0
0
2 607 1729
0
0
0
0
0
1 1089
0
0
0
0
0
0
0
0
0
0
1 220
0
2 849 1792
1 849
0
0
0
1 1825
0
0
0
0
0
0
0
0
0
0
0
0
0
0
1 1201
0
0
0
1 1515
0
0
0
1 1141
0
1 1857
0
1 1513
1 690
0
3 1516 1543 1876
0
0
0
0
0
0
0
0
0
0
0
0
0
0
1 224
0
0
0
0
0
0
1 224
1 224
0
0
1 224
0
0
1 1123
0
0
0
0
0
0
0
0
0
0
0
0
0
0
0
0
0
1 1349
0
0
0
0
0
0
1 1702
0
1 693
0
1 517
0
0
0
0
0
0
0
0
0
0
0
0
0
0
0
3 645 692 1795
0
0
0
0
0
0
0
0
0
0
0
0
0
0
0
0
0
0
0
0
2 1322 1579
2 666 1134
0
1 1534
1 1804
0
0
0
0
1 230
1 230
0
0
1 230
0
0
1 1023
0
0
2 966 1073
0
0
0
0
0
0
0
0
0
0
0
0
0
0
0
0
0
0
0
0
0
0
0
0
0
0
0
0
1 1761
1 994
0
0
0
0
0
0
0
0
0
1 884
0
0
1 447
0
0
1 766
1 298
0
0
1 1685
0
1 1750
0
0
0
0
0
0
0
0
0
0
0
0
0
0
2 1411 1853
0
0
2 237 377
3 298 1489 1758
2 260 447
0
0
0
1 1444
1 237
1 237
0
1 260
1 237
0
0
0
0
0
1 900
0
0
0
0
0
0
0
0
0
0
0
0
0
0
1 1706
0
0
0
0
0
0
0
0
0
0
0
0
2 1167 1406
0
0
0
1 1301
0
1 862
0
0
1 1260
2 423 1650
1 409
0
0
0
0
0
0
1 361
0
0
0
2 242 1234
1 242
1 560
1 1682
1 242
0
0
0
0
1 1200
0
1 1428
0
0
1 1844
0
0
0
0
0
0
0
0
0
0
2 243 1862
0
0
0
0
0
0
0
3 337 432 1023
0
2 432 748
1 914
0
0
0
0
1 1605
0
0
0
1 878
0
0
0
0
1 1357
0
0
0
0
0
0
1 1357
0
0
0
0
1 245
1 245
0
0
1 245
0
0
0
0
0
0
0
0
0
0
0
1 1349
0
0
0
0
1 1603
0
0
0
0
0
0
0
0
0
1 524
0
0
0
0
0
0
1 985
1 477
0
0
0
0
0
0
0
0
0
0
0
0
0
0
0
0
0
0
0
0
0
0
0
0
0
0
0
0
0
0
0
0
0
0
0
0
0
0
0
0
0
0
0
0
0
0
1 442
0
1 1348
0
0
3 532 733 920
0
1 417
0
1 1743
1 1055
0
0
0
0
0
0
0
0
0
0
0
1 1567
0
0
0
1 872
0
0
0
2 692 901
0
1 676
0
0
2 256 1052
0
0
2 1206 1515
2 291 1265
0
0
0
0
0
0
0
0
0
0
0
0
1 615
0
0
0
0
0
1 625
1 559
0
0
0
0
0
1 945
0
0
0
0
0
0
0
0
0
0
0
0
0
0
0
0
1 260
0
0
0
0
0
0
0
0
2 909 1444
0
0
1 1444
0
1 1496
0
0
0
0
0
0
0
0
0
2 782 1206
0
0
0
0
1 1688
0
2 315 986
0
0
0
0
0
0
0
0
0
0
0
0
0
0
1 1508
0
0
1 747
1 264
1 264
0
0
1 264
0
0
0
0
0
0
0
0
0
0
2 985 1890
0
0
0
0
0
1 1804
0
0
1 538
0
0
0
0
0
0
0
0
0
0
0
0
0
0
0
0
0
0
0
0
0
0
0
0
0
1 367
1 541
0
0
0
0
0
1 1350
0
0
0
0
0
0
0
1 542
0
0
0
0
1 369
0
0
0
0
0
1 742
1 337
0
1 1126
0
0
0
1 1232
0
0
0
0
0
0
0
1 271
1 271
0
0
1 271
0
0
0
0
0
0
0
0
0
0
0
0
0
0
0
0
0
0
0
0
0
0
1 1215
0
2 660 923
0
0
0
0
1 273
0
1 298
0
0
0
0
0
1 1495
0
0
0
0
0
0
0
0
0
1 1750
0
0
0
0
0
0
0
0
0
0
1 274
0
1 1716
0
0
0
0
1 274
1 274
0
0
1 274
0
0
0
0
0
0
0
0
0
0
0
0
0
0
0
2 1007 1054
0
0
0
0
0
0
0
0
0
0
0
0
0
0
1 1484
0
0
1 276
0
0
0
0
0
0
1 276
1 276
0
0
1 276
0
0
0
0
0
0
0
0
0
0
0
0
0
0
0
0
0
0
0
0
0
1 1167
1 494
1 1700
0
0
0
0
0
0
1 1237
1 1382
0
3 762 871 1428
0
0
0
0
0
0
0
0
0
0
1 1458
0
0
0
0
0
0
1 690
0
1 367
2 542 1101
0
1 951
0
0
0
0
0
0
0
0
0
0
0
0
0
0
0
0
0
0
0
0
0
0
0
0
0
0
0
0
0
0
0
0
0
0
0
0
1 461
0
0
1 461
0
0
0
0
0
0
1 287
0
0
0
0
0
0
1 287
1 287
0
1 353
1 287
0
0
0
0
0
0
0
0
0
0
0
0
0
0
0
0
0
0
0
0
0
0
0
0
0
0
0
0
1 1624
0
0
0
0
1 290
0
0
0
0
0
0
0
1 519
0
1 1027
0
0
0
0
0
1 442
0
0
0
0
0
0
0
0
0
0
1 831
0
0
0
0
0
0
0
1 831
0
0
0
0
0
0
0
0
0
1 1663
0
0
0
0
0
0
0
0
0
0
0
0
0
0
0
1 945
0
0
0
0
2 616 1251
0
0
0
0
0
0
0
0
0
0
0
0
0
0
0
0
0
0
0
0
1 1170
0
2 1341 1693
0
0
0
0
0
0
0
1 871
0
1 1341
0
0
0
0
0
0
0
0
0
0
0
1 1143
0
1 883
0
0
0
0
0
2 618 949
0
1 951
0
0
0
0
0
0
1 1863
0
0
0
0
0
0
0
0
0
0
0
2 825 1594
0
0
0
0
0
0
1 1688
1 315
0
0
0
0
0
0
0
0
1 303
1 303
0
0
1 303
0
0
0
0
0
0
0
0
0
0
0
0
0
1 1682
0
1 389
0
0
0
0
0
0
0
0
1 1349
0
0
0
1 517
0
0
0
0
0
0
0
0
0
0
0
0
0
2 599 1242
0
0
0
0
0
0
0
0
0
0
0
0
0
0
0
0
0
0
0
0
0
2 677 1853
0
0
0
0
0
0
0
2 885 1627
0
0
0
0
0
0
0
0
0
1 1545
0
2 497 599
0
0
0
0
0
0
0
0
0
0
0
0
0
0
0
1 1721
0
0
1 1684
1 923
0
0
1 1422
1 315
0
0
0
0
0
0
0
0
0
0
0
0
0
0
0
0
0
0
0
0
0
0
0
0
0
0
0
0
0
0
0
0
0
0
0
0
0
0
0
0
0
0
0
0
0
1 319
0
0
0
0
1 1743
0
1 319
1 319
0
0
1 319
0
0
0
0
0
1 1594
0
0
0
0
0
0
0
0
1 1693
0
0
0
0
0
0
1 346
0
0
0
0
0
0
0
0
0
0
0
1 493
0
0
1 322
0
0
0
0
0
0
1 322
2 322 1463
1 1255
0
1 322
0
0
0
0
0
1 1200
0
0
1 871
1 749
0
0
0
0
0
1 949
0
0
0
0
0
0
0
0
0
0
0
0
0
0
0
0
0
0
0
0
0
0
0
0
0
0
0
0
0
0
1 334
1 334
0
1 874
0
0
0
0
0
2 930 1051
0
0
0
0
0
1 1624
0
0
0
1 460
0
0
1 1466
0
0
0
0
0
0
0
0
0
0
0
0
0
0
0
0
0
0
0
0
0
0
0
1 334
0
0
0
0
0
0
1 874
0
0
0
0
0
0
0
0
0
0
0
0
0
0
0
0
0
0
0
0
0
1 692
0
0
0
1 1358
0
0
0
1 1360
0
1 1351
0
0
0
0
0
0
0
0
0
0
0
0
0
0
0
0
0
0
0
0
0
0
0
0
0
0
0
0
0
0
0
0
0
0
0
0
0
0
1 338
0
0
0
0
0
0
1 338
1 338
0
0
2 338 957
0
0
0
0
0
0
0
0
0
0
0
0
0
0
0
0
0
0
0
0
0
1 1444
0
0
0
0
0
1 660
0
0
0
0
0
0
0
0
0
0
2 766 1534
0
0
0
0
0
0
0
0
1 957
0
0
0
2 343 910
2 1563 1701
0
0
0
0
0
1 343
1 343
3 647 1210 1701
0
2 343 1210
0
0
1 965
1 1116
0
2 1478 1563
0
0
0
0
1 493
0
0
0
0
0
0
0
0
0
0
0
0
0
0
0
0
0
0
0
0
0
0
0
0
0
0
0
0
0
0
0
0
0
0
0
0
0
0
0
0
0
1 1172
0
0
3 494 1700 1784
0
0
0
0
1 1110
0
1 1206
0
0
0
0
1 664
0
0
0
0
0
0
0
0
0
0
0
0
0
0
0
2 517 790
1 1555
0
0
0
0
0
0
0
0
0
0
2 629 1201
0
0
0
1 353
0
0
1 353
0
0
0
0
0
0
0
0
0
0
0
0
0
0
0
1 693
0
0
0
0
0
1 1883
1 1169
0
0
0
0
0
0
1 1465
0
0
0
0
0
0
0
1 1631
0
0
0
0
0
0
0
0
0
0
1 357
1 357
0
0
1 357
0
0
0
0
0
0
0
0
0
0
0
0
0
0
0
0
0
0
0
0
0
0
0
1 360
1 360
0
0
1 360
0
0
0
0
0
0
0
0
0
0
1 1116
0
0
0
0
0
0
0
0
0
0
0
0
0
1 384
0
0
0
0
0
0
0
0
0
0
0
0
1 1662
0
0
0
1 605
0
0
2 432 542
0
0
0
0
0
0
0
0
0
0
0
0
0
0
0
0
1 1110
0
0
0
0
0
0
1 364
0
0
0
0
0
0
0
0
0
0
0
0
0
0
0
0
0
0
0
0
0
0
0
0
0
0
1 1458
0
0
0
1 1835
0
0
0
0
1 367
0
0
0
0
0
0
0
0
0
0
0
0
0
0
0
0
0
0
0
0
0
0
0
0
0
0
0
0
0
1 369
0
0
1 369
1 656
0
0
0
0
1 1344
0
0
0
0
0
0
0
0
0
0
0
0
0
0
0
1 497
0
1 413
0
0
0
0
0
0
0
0
0
1 1750
0
0
0
0
0
0
0
1 1685
0
1 1356
0
0
0
0
0
0
0
0
0
0
0
0
0
0
0
0
0
1 1021
0
0
0
0
1 656
0
0
0
0
0
0
0
0
0
0
0
0
0
1 1495
2 949 1804
0
0
1 1360
0
0
0
0
0
0
0
1 383
1 383
0
0
1 383
0
0
0
0
0
0
0
0
0
0
0
0
0
0
0
0
0
0
0
0
1 879
2 410 879
2 410 656
1 1802
1 879
0
0
0
1 535
1 687
0
0
0
0
1 1274
1 1237
0
0
1 1274
1 849
0
0
0
0
0
0
0
0
0
0
0
0
0
0
1 389
1 389
0
0
1 389
0
1 629
0
0
0
0
0
0
0
0
0
0
0
0
0
0
0
0
0
0
0
0
0
0
0
0
0
0
0
0
1 919
0
0
1 1728
0
0
0
0
0
0
0
1 393
1 393
1 1422
0
1 393
1 644
0
0
1 1301
0
1 644
0
0
0
0
0
0
0
0
0
0
0
0
0
0
0
0
0
1 1613
0
2 1006 1283
0
1 413
0
0
0
0
0
0
0
0
1 1751
0
0
0
0
0
0
0
0
0
0
0
0
0
1 993
1 1693
1 1829
3 993 1478 1578
0
0
1 747
1 1625
2 923 1563
0
0
0
0
0
0
0
0
0
0
0
0
0
0
0
0
0
0
0
0
0
0
0
0
0
0
0
1 1428
0
0
0
0
0
1 404
1 404
0
0
1 404
0
0
0
0
0
0
0
0
0
0
0
0
0
1 741
0
0
1 825
0
0
0
0
0
0
0
0
0
0
0
0
0
1 1492
1 959
0
0
0
0
0
0
0
0
0
0
0
0
0
0
0
0
0
0
0
0
0
0
1 716
0
0
0
0
0
0
0
0
0
0
0
0
0
0
0
1 1260
0
1 1663
0
0
1 1624
0
0
0
0
0
0
1 410
0
0
0
0
0
0
0
0
0
0
0
0
0
0
0
1 1363
0
0
0
1 1529
2 959 1143
0
0
0
1 1013
0
0
0
2 526 1066
1 484
0
0
0
0
0
0
0
0
1 413
0
0
0
0
0
3 790 1255 1516
0
0
0
0
0
0
0
0
0
0
0
0
0
0
0
1 1319
0
2 1141 1516
0
0
0
0
0
0
0
0
0
1 951
1 1116
1 1779
1 1779
1 415
0
0
0
0
1 1544
0
1 415
1 415
0
0
1 415
0
0
0
0
0
0
0
0
0
0
0
0
0
0
0
0
0
0
0
0
0
0
0
0
0
0
1 1835
0
0
0
0
0
1 417
1 417
0
0
1 417
0
0
0
0
0
1 727
0
0
0
0
0
0
0
0
0
0
0
0
0
0
1 1089
0
0
0
0
0
0
0
0
1 493
0
0
0
0
0
0
1 676
0
2 526 971
0
0
1 1847
0
0
0
0
0
0
0
0
0
0
0
0
0
1 1205
1 1202
0
0
0
1 1515
0
0
0
0
0
0
0
0
0
0
0
0
0
0
0
0
0
1 1210
0
0
0
0
0
0
0
0
0
0
0
0
0
0
0
0
0
0
0
0
0
0
2 1217 1554
0
0
0
0
0
0
0
0
0
1 1471
1 1234
0
0
1 676
0
0
1 612
0
0
0
0
0
0
0
0
0
0
1 569
0
0
0
0
0
0
0
1 742
0
0
0
0
0
0
0
0
0
0
0
1 1054
0
0
0
0
0
0
0
0
0
0
0
0
0
0
0
0
0
0
0
0
0
0
0
0
0
0
0
0
0
0
0
0
0
0
0
0
0
0
1 1534
0
0
0
0
1 436
0
0
0
0
0
0
1 436
1 436
0
0
1 436
0
0
0
0
0
0
0
0
0
0
0
0
0
0
0
0
0
0
0
0
0
0
0
0
0
0
0
0
0
1 1819
0
0
0
0
0
0
0
1 971
0
0
0
0
0
1 1727
0
0
0
0
0
1 442
0
0
0
0
0
0
0
0
1 1718
0
0
0
0
0
0
0
0
0
0
0
1 443
1 443
0
0
1 443
0
0
0
1 805
0
0
0
0
0
0
0
0
0
0
0
0
0
0
0
0
0
1 1202
0
0
0
0
0
0
0
0
0
0
0
0
0
0
0
0
0
0
0
0
0
0
0
0
0
0
0
0
0
0
0
0
0
0
0
0
0
0
0
0
0
0
0
0
0
0
0
0
0
0
0
1 957
0
0
0
0
0
0
1 993
0
0
0
0
0
0
0
0
0
0
0
0
0
0
1 1657
0
0
0
0
0
0
1 1718
0
0
0
0
0
0
1 569
0
0
0
0
0
0
0
0
0
0
0
0
0
0
0
0
0
0
0
0
0
0
0
0
0
0
0
0
0
0
0
1 461
0
0
0
0
0
0
0
0
2 494 1301
0
0
0
0
0
0
0
0
0
0
0
0
0
1 1625
1 468
1 1167
0
0
0
0
0
1 468
1 468
0
0
1 468
0
0
0
0
0
0
0
0
0
0
0
0
0
0
0
0
0
0
0
0
0
0
0
0
0
0
0
0
0
0
0
0
0
0
0
0
0
0
0
0
0
0
0
1 474
0
0
0
0
0
0
1 474
1 474
0
0
1 474
0
0
0
0
0
0
0
0
0
0
0
0
0
0
0
0
0
0
0
0
0
0
0
0
0
0
0
0
0
0
0
0
0
0
0
0
1 475
0
0
0
0
0
0
1 475
1 475
0
0
1 475
0
0
0
0
0
0
0
0
0
0
0
0
0
0
0
0
0
0
0
0
0
0
0
0
0
0
0
0
0
0
0
0
1 477
1 477
0
0
1 477
0
0
0
0
0
0
0
0
0
0
0
0
0
0
0
0
0
0
0
0
0
0
0
1 1154
0
0
0
0
0
0
0
0
0
0
0
0
0
0
0
0
0
0
1 1767
0
2 1091 1767
0
1 1613
0
0
0
0
0
0
0
0
0
0
0
0
0
0
0
0
0
1 1807
0
0
0
0
0
0
0
0
0
0
0
0
0
0
1 1495
0
0
0
0
0
0
0
0
0
0
0
0
0
0
0
0
0
0
0
0
0
0
0
0
0
0
0
0
0
0
0
0
0
0
0
0
0
0
0
0
0
0
0
0
0
0
0
0
0
0
0
4 687 825 1594 1726
0
0
0
0
0
0
0
0
0
0
0
0
0
0
0
0
0
0
0
1 884
0
1 884
0
0
0
0
0
0
0
0
0
0
1 1816
0
0
0
0
0
0
0
0
0
0
0
0
0
0
0
1 1219
0
0
0
0
0
0
0
0
1 1023
1 497
0
0
0
0
0
0
0
0
0
1 1411
0
0
0
0
0
0
0
0
0
0
1 1605
0
0
0
0
0
0
0
0
0
0
0
0
0
0
0
0
0
0
0
1 1154
0
0
0
0
0
0
0
1 1063
0
0
0
0
0
0
0
0
0
0
0
0
0
0
0
0
0
0
0
0
0
0
0
0
0
0
0
0
0
0
0
0
0
0
0
0
0
0
0
0
0
0
0
0
0
0
0
0
0
1 1834
0
0
0
0
0
0
0
0
0
0
0
0
0
0
0
0
0
0
0
0
0
0
1 1065
0
0
0
1 516
0
0
0
0
0
0
1 516
1 516
0
0
1 516
0
0
0
0
0
0
0
0
0
0
0
0
0
0
0
0
0
0
0
0
0
0
0
0
0
0
0
0
1 1505
0
0
0
0
0
0
0
0
0
0
1 1505
0
0
0
0
0
0
0
0
0
0
0
0
0
0
0
0
0
0
0
0
0
0
0
0
0
0
0
0
0
0
0
1 1110
0
0
0
0
0
0
1 1640
0
0
0
0
0
0
0
0
0
0
0
0
0
0
0
0
1 985
0
1 524
1 524
0
0
1 524
0
0
0
0
0
0
0
0
0
0
0
0
0
0
0
0
0
0
0
0
0
0
0
0
0
0
0
0
0
0
0
0
1 526
0
0
0
1 971
0
0
0
0
1 982
0
0
0
0
0
0
1 982
0
1 1044
0
0
0
0
0
0
0
0
0
0
0
0
0
0
0
0
0
0
0
0
0
0
0
1 1798
0
0
0
0
0
0
0
0
0
0
0
0
0
0
0
0
0
1 1237
0
0
0
0
0
0
0
0
0
0
0
0
0
0
0
0
0
0
0
0
0
0
0
0
1 538
1 538
0
0
1 538
0
0
0
0
0
0
0
0
0
0
0
0
0
0
0
0
0
0
0
0
0
0
0
0
0
0
0
0
0
0
0
0
0
0
0
0
0
0
0
0
0
0
0
0
0
0
0
0
0
0
0
0
0
0
0
0
0
0
0
0
0
0
0
0
0
0
0
1 783
0
0
1 856
0
0
0
1 596
0
0
0
0
0
0
0
0
0
0
0
0
0
0
0
0
0
0
0
0
0
0
0
0
0
0
0
0
0
1 659
0
0
0
0
0
0
0
1 1891
0
2 548 1891
1 548
0
0
2 548 1891
0
0
1 564
0
0
0
1 1882
0
0
0
0
0
0
0
0
0
0
0
0
0
0
0
0
0
0
0
0
0
0
0
0
0
0
0
0
0
0
0
0
0
0
0
0
0
0
1 1101
0
0
0
0
0
0
0
0
0
0
1 1835
0
0
0
0
0
0
1 727
0
0
0
0
1 831
0
0
0
0
0
1 1061
0
0
0
0
0
0
0
0
0
0
0
0
0
0
0
2 558 1779
0
1 1255
0
0
0
1 1141
1 558
1 558
0
0
1 558
0
0
0
0
0
0
0
0
0
0
0
0
0
0
0
0
0
0
0
0
0
2 559 1578
0
0
0
0
0
0
0
0
0
0
1 1027
0
0
0
0
0
0
0
0
0
0
0
0
0
0
0
0
0
0
0
0
0
0
1 1882
0
0
0
0
0
0
0
0
0
0
0
0
0
0
0
0
0
1 1406
0
0
0
0
0
0
0
1 564
1 564
0
0
1 564
0
0
0
0
0
0
0
0
0
0
0
0
0
0
0
0
0
0
0
0
0
0
1 565
1 644
0
0
0
0
0
1 565
1 565
0
0
1 565
0
0
0
0
0
0
1 659
0
0
0
0
0
0
0
0
0
0
0
0
0
0
0
0
0
0
0
0
0
0
0
0
0
0
0
1 569
0
0
0
0
0
0
0
0
0
0
0
0
0
0
0
0
0
0
1 574
0
0
0
0
0
0
1 574
2 574 1682
0
0
1 574
0
0
1 1705
0
0
0
0
0
0
0
0
0
0
0
0
0
0
0
0
0
0
0
0
0
0
0
0
0
0
0
0
0
0
0
0
0
0
0
0
0
0
0
0
0
0
0
0
0
0
0
0
0
0
0
0
0
1 1322
0
1 1351
1 701
0
0
0
0
0
0
0
0
0
0
0
0
0
0
0
0
0
0
0
0
0
0
0
0
0
0
0
0
0
0
0
0
0
0
0
1 1705
0
1 1073
0
0
0
1 1073
0
0
0
0
0
0
0
0
0
0
0
0
0
0
0
0
0
0
0
0
0
0
0
0
0
0
0
0
0
0
0
0
0
0
1 1459
0
0
0
0
0
0
0
0
0
0
0
0
0
0
0
0
0
0
0
0
0
0
0
0
0
0
0
0
0
0
0
0
0
0
2 596 1054
0
0
1 596
0
0
0
0
0
0
1 1229
0
0
0
0
0
0
0
0
0
0
0
0
0
0
0
0
0
1 1613
0
0
0
0
0
0
0
0
0
0
0
1 599
0
1 1627
0
0
0
0
0
0
0
0
0
0
0
0
0
0
0
0
0
0
0
0
0
0
0
0
0
1 1701
0
0
0
0
0
0
0
1 1618
0
0
0
0
0
0
0
0
0
0
0
0
0
0
0
0
0
0
0
0
0
0
0
0
0
0
0
0
0
0
0
0
0
0
0
0
1 1159
2 701 783
1 1774
0
0
0
0
0
0
0
1 1341
1 1681
2 783 945
1 1551
0
0
0
0
0
0
0
0
0
0
0
0
0
0
0
1 607
0
0
0
0
0
0
0
0
0
0
0
0
0
0
0
0
0
0
0
0
0
0
0
0
0
0
0
0
0
0
0
0
0
0
0
0
0
0
0
0
0
0
0
0
0
0
0
0
1 612
1 612
0
0
1 612
0
0
0
0
0
0
0
0
0
0
0
0
0
0
0
0
0
0
0
0
0
0
0
0
0
0
1 613
0
0
0
0
0
0
1 613
1 613
0
0
1 613
0
0
0
0
0
0
0
0
0
0
0
0
0
0
0
0
0
0
0
0
0
0
0
0
0
0
0
0
0
0
1 1744
0
0
2 615 677
1 615
0
0
1 615
0
0
0
0
0
0
1 749
0
0
0
0
0
0
0
0
0
0
0
0
0
0
0
0
0
0
0
0
0
0
0
0
0
0
0
0
0
0
0
0
0
0
0
0
0
0
0
0
1 1663
0
0
0
0
0
0
1 1104
0
0
0
0
0
0
0
0
0
0
0
0
0
0
0
0
0
0
0
0
0
0
0
0
0
0
0
0
0
0
0
0
0
0
0
0
0
0
0
0
0
0
0
0
0
0
0
0
0
0
0
0
0
0
0
1 629
0
0
0
0
1 1382
0
0
0
0
0
0
0
0
0
0
0
0
0
0
0
0
0
0
0
0
0
0
0
0
0
0
0
0
0
0
0
0
0
0
0
0
0
0
0
0
0
0
0
1 1104
0
0
0
0
0
0
0
0
0
0
0
0
0
0
0
0
0
0
0
0
0
0
0
0
0
0
0
0
0
0
1 1229
0
0
0
0
0
0
0
0
0
0
0
1 790
0
0
0
0
0
0
0
1 1795
0
0
0
0
0
0
0
0
0
0
0
0
0
0
0
0
0
0
0
0
0
0
1 1459
0
0
0
0
0
0
0
0
0
0
0
0
0
0
0
0
0
0
0
1 1529
0
0
1 899
0
0
0
0
0
0
0
0
0
0
0
0
0
0
0
0
0
0
0
0
0
0
0
0
0
0
0
0
0
0
0
0
0
0
0
0
0
0
0
0
0
0
0
0
0
0
1 1073
0
0
0
0
0
0
0
0
0
0
0
0
0
0
0
0
1 659
0
0
0
0
0
0
0
0
0
0
0
0
0
0
0
1 982
0
0
0
0
1 660
0
0
0
0
0
0
0
1 1582
0
0
0
0
0
0
0
0
0
0
1 1551
1 1013
0
0
0
0
0
0
0
0
0
0
0
1 1718
0
0
0
0
0
0
0
0
0
0
1 664
1 664
0
0
1 664
0
0
0
0
0
0
0
0
0
0
0
0
0
0
0
0
0
0
0
0
0
1 1104
0
0
0
0
0
0
0
0
0
0
0
0
0
0
0
0
0
0
0
0
0
1 1100
0
0
0
0
0
0
0
0
0
0
0
0
0
0
0
0
0
0
0
0
0
0
0
0
0
0
0
0
0
0
0
0
0
0
0
0
0
0
1 677
0
0
0
0
0
0
0
0
0
0
0
0
0
1 1650
0
0
0
0
0
0
0
0
0
0
0
0
0
1 1532
1 678
1 1532
0
0
0
0
0
1 678
1 678
0
0
1 678
0
0
0
0
0
0
0
0
0
0
0
0
0
0
0
0
0
0
0
0
0
0
0
0
0
0
0
0
0
0
0
0
0
0
0
0
0
0
0
0
0
0
0
0
0
0
0
0
0
0
0
0
0
0
0
0
0
0
0
0
0
0
0
1 1807
0
0
0
0
1 687
0
0
0
0
0
0
0
0
0
0
0
0
0
0
1 1274
0
0
0
0
0
0
0
0
0
0
0
0
0
0
0
0
0
0
0
0
0
0
1 1847
0
0
0
0
0
0
0
0
0
0
0
0
0
0
0
0
0
0
0
0
0
0
0
0
0
0
0
0
0
0
0
0
0
0
0
0
0
0
0
0
0
0
0
0
0
0
0
0
0
0
0
0
0
0
0
0
0
0
0
0
0
0
0
0
0
1 1882
0
0
0
0
0
1 1705
0
0
0
0
0
0
1 701
0
0
0
0
0
0
0
1 1863
1 1681
0
0
0
0
0
0
0
0
0
0
0
0
0
0
0
0
0
0
0
1 742
0
0
0
0
0
0
0
1 1532
0
0
0
0
0
0
0
0
0
0
0
0
0
0
0
0
0
0
0
0
0
0
2 1322 1767
0
0
0
0
0
0
0
0
0
0
0
1 1382
0
0
0
0
0
0
0
0
0
0
0
0
0
0
0
1 856
0
0
0
0
0
0
0
0
0
0
0
1 851
0
0
1 851
0
0
1 1798
0
0
0
0
0
1 1202
0
0
0
0
0
0
0
0
0
0
0
0
0
0
0
0
0
1 1618
0
0
0
0
0
0
0
0
0
0
0
0
1 1645
0
0
0
0
0
0
0
0
0
0
0
0
0
0
0
0
0
0
0
0
0
0
0
0
0
0
0
0
0
0
0
0
0
0
1 727
0
0
0
0
0
0
1 1778
0
0
0
0
0
0
0
0
0
0
0
0
0
0
0
0
0
0
0
0
0
0
0
0
0
0
0
0
0
0
0
0
0
0
0
0
0
0
0
0
0
0
0
0
0
0
0
0
0
0
0
0
0
0
0
0
0
0
0
0
0
0
0
0
0
0
0
0
0
0
0
0
0
0
0
0
0
0
0
0
0
0
0
0
0
0
0
0
0
0
0
0
0
0
0
0
0
0
0
0
0
0
0
0
0
0
0
0
0
0
0
0
0
0
0
0
1 744
0
0
0
0
0
0
1 744
1 744
0
0
1 744
0
0
0
0
0
0
0
0
0
0
0
0
0
0
0
0
0
0
0
0
0
0
1 1650
0
0
0
0
0
0
0
0
0
0
0
0
0
0
0
0
0
0
0
0
0
0
0
0
0
1 1052
0
0
0
0
0
0
0
0
0
0
0
0
0
0
0
0
0
0
0
2 1027 1351
0
0
0
0
0
0
0
0
0
0
0
1 1744
1 749
0
0
0
0
0
0
0
0
0
1 1744
0
0
0
0
0
0
0
0
0
0
0
0
0
1 752
0
0
0
0
0
0
1 752
1 752
0
0
1 752
0
0
0
0
0
0
0
0
0
0
0
0
0
0
0
0
0
0
0
0
0
0
0
0
0
0
0
0
0
0
0
0
0
0
0
0
0
0
0
0
0
0
0
0
0
0
0
0
0
0
0
0
0
0
0
0
0
0
0
0
0
0
0
0
0
0
0
0
0
1 761
0
0
0
0
0
0
1 761
1 761
0
0
1 761
0
0
0
0
0
0
0
0
0
0
0
0
0
0
0
0
0
0
0
0
0
0
0
0
0
0
0
0
0
0
0
0
0
0
0
0
2 1458 1743
0
0
0
0
0
0
0
1 1645
0
0
0
0
1 1669
0
0
0
0
1 1847
1 884
0
0
0
0
0
0
0
0
0
0
0
0
0
0
0
0
0
0
0
0
0
0
0
0
0
0
0
0
0
0
0
0
0
0
0
0
0
0
0
0
0
0
0
0
0
0
0
0
0
0
0
0
0
0
0
0
0
0
0
0
0
0
0
0
0
0
1 774
1 774
0
0
1 774
0
0
0
0
0
0
0
0
0
0
0
0
0
0
0
0
0
0
0
0
0
0
0
0
0
0
0
0
1 1778
0
0
0
0
1 1462
1 1807
0
0
0
0
0
0
0
0
0
0
0
0
0
0
0
0
0
0
0
0
0
0
0
0
0
0
0
0
0
0
0
0
0
0
0
0
0
0
0
0
0
0
0
0
0
0
0
0
0
0
0
0
0
0
0
0
0
0
0
1 1061
0
0
0
1 785
1 785
0
0
0
0
0
0
0
0
0
0
0
0
0
0
0
0
0
0
0
0
0
0
0
1 959
0
0
0
0
0
0
0
0
0
0
0
0
0
0
0
0
0
0
0
0
0
0
0
0
0
0
0
0
0
0
0
0
0
0
0
0
0
0
1 1863
0
1 1134
0
0
0
0
0
1 1728
0
0
0
0
0
0
0
0
0
1 1582
0
0
0
1 1578
0
0
0
0
0
0
0
0
0
0
0
0
0
0
0
0
0
0
0
0
0
0
0
0
0
0
0
0
0
0
0
0
0
0
0
0
0
0
0
0
0
1 874
1 1106
0
0
0
0
0
0
0
0
0
0
0
1 1465
0
0
0
0
1 812
1 812
0
0
1 812
0
0
0
0
0
0
0
0
0
0
0
1 1774
0
0
0
0
0
0
1 1834
0
0
0
0
0
0
0
0
0
0
0
0
0
0
0
0
0
1 1618
0
0
0
0
0
0
0
0
0
0
1 1551
0
0
0
0
0
0
0
0
0
0
0
0
0
0
0
0
0
0
0
0
0
0
0
0
0
0
0
0
0
0
0
0
0
0
0
0
0
0
0
0
0
0
0
0
0
0
0
0
0
0
0
0
0
0
0
0
0
0
0
0
1 1726
0
1 1726
0
0
0
0
0
0
1 1726
0
0
1 909
0
1 1351
0
0
0
0
0
0
0
0
0
0
0
0
0
0
0
0
0
0
0
0
0
0
0
0
0
0
0
0
0
0
0
0
0
0
0
0
0
0
0
0
0
0
0
0
0
0
0
0
0
0
0
0
0
0
0
0
0
0
0
0
0
0
0
0
0
0
0
1 1154
0
0
0
0
0
0
0
0
0
0
0
0
0
0
0
0
0
0
0
0
0
0
0
0
0
0
0
1 1021
0
0
0
0
0
0
0
0
0
0
0
0
0
0
0
0
0
0
0
0
0
0
0
0
0
0
0
0
0
0
0
0
0
0
0
0
0
0
0
0
0
0
0
0
0
0
0
0
0
0
0
0
0
1 1021
1 851
0
0
1 1021
0
0
1 868
0
0
0
0
0
0
0
0
0
0
0
0
0
0
0
0
0
1 853
1 1462
0
0
0
0
0
1 853
1 853
0
0
1 853
0
0
0
0
0
0
0
0
0
0
0
0
0
0
0
0
0
0
0
0
0
0
0
0
0
0
0
0
0
0
0
0
0
0
1 856
0
0
0
0
0
0
0
0
0
0
0
0
0
0
0
0
0
0
0
0
0
0
0
0
0
0
0
0
0
0
0
0
0
0
0
0
0
0
0
0
0
0
0
0
0
0
0
0
0
0
0
0
1 1462
0
0
0
0
0
0
0
0
0
0
0
0
0
0
0
0
0
0
0
0
0
0
0
0
0
0
0
0
0
0
0
0
0
0
0
0
0
0
0
0
1 1052
0
0
0
0
0
1 1265
0
0
0
0
0
0
0
0
1 868
0
0
1 868
0
0
0
0
0
0
0
0
0
0
0
0
0
0
0
0
0
0
0
0
0
0
0
0
0
0
0
0
0
0
0
0
0
0
0
0
0
0
0
0
0
0
0
0
0
0
0
0
0
0
0
0
0
0
0
0
0
0
0
0
0
0
0
0
0
0
0
0
0
0
0
0
0
0
0
0
0
0
0
0
0
0
0
0
0
0
0
0
0
0
0
0
0
0
0
0
0
0
0
0
0
0
0
0
0
0
0
0
0
0
0
0
0
0
0
0
0
0
0
0
0
2 1159 1529
0
0
0
0
0
0
0
0
0
0
0
0
0
0
0
0
0
0
0
0
0
0
0
0
0
0
0
0
0
0
0
0
0
0
0
0
0
0
0
0
0
0
0
0
0
0
0
0
0
0
0
0
0
0
0
0
0
0
0
0
0
0
0
1 1465
0
0
0
0
0
0
0
0
0
0
0
0
0
0
0
0
1 1478
1 1603
0
0
0
0
0
0
0
0
0
0
0
0
0
0
0
0
0
0
0
0
0
0
0
0
1 1013
0
0
0
0
0
0
1 899
1 899
0
0
1 899
0
0
0
0
0
0
0
0
0
0
0
0
0
0
0
0
0
0
0
0
0
0
0
0
0
0
0
0
0
0
0
0
0
0
0
0
0
0
0
0
0
0
0
0
0
0
0
0
0
0
0
0
0
0
0
0
0
0
0
0
0
0
0
0
0
0
0
0
0
0
0
2 909 1631
0
1 1631
2 909 1774
0
0
0
0
0
1 1631
0
0
0
0
0
0
0
0
0
0
0
0
0
0
0
0
0
0
0
0
0
0
0
0
0
0
0
0
0
0
0
0
0
0
0
0
0
0
1 912
0
0
0
0
0
0
1 912
1 912
0
0
1 912
0
0
0
0
0
0
0
0
0
0
0
0
0
0
0
0
0
0
0
0
0
0
0
0
0
0
0
0
0
0
0
0
0
0
0
0
0
0
0
0
0
0
0
0
0
0
0
1 1505
0
0
0
0
0
0
0
0
0
0
0
0
0
1 919
1 919
0
0
1 919
0
0
0
0
0
0
0
0
0
0
0
0
0
1 1170
0
0
0
0
0
0
0
0
0
0
0
0
0
0
0
0
0
0
0
0
0
0
0
0
0
0
0
0
0
0
0
0
0
0
0
0
0
0
0
0
0
0
0
0
0
0
0
0
0
0
0
0
0
0
0
0
0
0
0
0
0
0
0
0
0
0
0
0
0
0
0
0
0
0
0
0
0
0
0
0
0
0
0
0
0
0
0
0
0
0
0
0
0
0
0
0
0
0
0
0
0
0
0
0
0
0
0
0
0
0
0
0
0
0
0
0
0
0
0
0
0
0
0
0
0
0
0
0
0
0
0
0
0
0
0
0
0
0
0
0
0
0
0
0
0
0
0
0
0
0
0
0
0
0
0
0
0
0
0
0
0
0
0
0
0
0
0
0
1 1459
0
0
0
1 1205
0
0
0
0
0
0
0
0
0
0
0
0
1 1684
0
1 1422
0
0
1 1091
0
0
1 1091
0
0
0
0
0
0
0
0
0
0
0
0
0
0
1 1159
0
0
0
0
0
0
0
0
0
0
0
0
0
0
0
0
0
0
0
0
0
0
0
0
0
0
0
0
0
0
0
0
0
0
0
0
0
0
0
0
0
0
0
0
0
0
0
0
0
0
0
0
0
0
0
0
0
0
0
0
0
0
0
0
0
0
0
0
0
0
1 1684
0
0
0
0
0
0
0
0
0
0
0
0
0
0
0
0
0
0
0
0
0
0
0
0
0
0
0
0
0
0
0
0
0
0
0
1 1603
0
0
0
0
0
0
0
0
0
0
0
0
0
0
0
0
0
0
0
0
1 1219
0
0
0
0
0
0
0
1 1219
0
0
0
0
0
0
0
0
0
0
0
0
0
2 1205 1587
0
0
0
0
0
0
0
0
0
0
0
0
0
0
0
0
0
0
0
0
0
0
0
0
0
0
0
0
0
0
0
0
0
0
0
0
0
0
0
0
0
0
0
0
0
0
0
0
0
0
0
0
0
1 1172
1 1778
0
0
0
0
0
0
0
0
0
0
0
0
0
0
0
0
0
0
0
0
0
0
0
0
0
0
0
0
0
0
0
0
0
0
0
0
0
0
0
0
0
0
0
0
0
1 998
0
0
0
0
0
0
1 998
1 998
0
0
1 998
0
0
0
0
0
0
0
0
0
0
0
0
0
0
0
0
0
0
0
0
0
0
0
0
0
0
0
0
0
0
0
0
0
0
0
1 1054
0
0
0
0
0
0
0
0
0
0
0
0
0
0
0
0
0
0
0
0
0
0
0
0
0
0
0
0
0
0
0
0
0
0
0
0
0
0
0
0
0
0
0
0
0
0
0
0
0
0
0
0
0
0
0
0
0
0
0
0
0
0
0
0
1 1360
1 1582
0
0
0
0
0
0
0
0
0
0
0
0
0
0
0
0
0
0
0
0
0
0
0
0
0
0
0
0
0
0
0
0
0
0
0
0
0
0
0
0
0
0
0
0
0
0
0
0
0
0
0
0
0
0
0
0
0
0
0
0
0
0
0
0
0
0
0
0
0
0
0
0
0
0
0
0
0
0
1 1025
0
0
0
0
0
0
1 1025
1 1025
0
0
1 1025
0
0
0
0
0
0
0
0
0
0
0
0
0
0
0
0
0
0
0
0
0
0
0
0
0
0
1 1027
0
0
0
0
0
0
0
1 1091
0
0
0
0
0
0
0
0
0
0
0
0
0
0
0
0
0
0
0
0
0
0
0
0
0
0
0
0
0
0
0
0
0
0
0
0
0
0
0
0
0
0
0
0
0
0
0
0
0
0
0
0
0
0
0
0
0
0
0
0
0
0
0
0
0
0
0
0
0
0
0
0
0
0
0
0
0
0
0
0
0
0
0
0
0
0
0
0
0
0
0
0
0
0
0
0
0
0
1 1834
0
0
0
0
0
0
0
0
0
0
0
0
0
0
0
0
0
1 1044
1 1044
0
0
1 1044
0
0
0
0
0
0
0
0
0
0
0
0
0
0
0
0
0
0
0
0
0
0
0
0
0
0
0
0
0
0
0
0
0
0
0
0
0
0
0
0
0
0
0
0
0
0
0
0
0
0
0
0
0
0
0
0
0
0
0
0
0
0
0
0
0
0
0
0
0
0
0
1 1052
0
0
0
0
0
0
0
0
0
0
0
0
0
0
0
0
0
0
0
0
0
0
0
0
0
0
0
0
0
0
0
0
0
0
0
0
0
0
0
0
0
0
0
0
0
0
0
0
1 1363
0
0
0
0
0
0
0
0
0
0
0
0
0
0
0
0
0
0
0
0
0
0
0
0
0
0
0
0
0
0
0
0
0
0
0
0
0
0
0
0
0
0
0
0
1 1061
0
0
0
0
0
0
0
0
0
0
0
0
0
0
0
0
0
0
0
0
0
0
0
0
0
0
0
0
0
0
0
0
0
0
0
0
0
0
0
0
0
0
0
0
1 1065
1 1065
0
0
2 1065 1650
0
0
0
0
0
0
0
0
0
0
0
0
0
0
0
0
0
0
0
0
1 1066
1 1066
1 1890
0
1 1066
0
0
0
0
0
0
0
0
0
0
0
0
0
0
0
0
0
0
0
0
0
0
0
0
0
0
0
0
0
0
0
0
0
0
0
0
0
0
0
0
0
0
0
0
0
0
0
0
0
0
0
0
0
0
0
0
0
0
0
0
0
0
0
0
0
0
0
0
0
0
0
0
0
0
0
0
0
0
0
0
0
0
0
0
0
0
0
0
0
0
0
0
0
0
0
0
0
0
0
0
0
0
0
0
0
0
0
0
0
0
0
0
0
0
0
0
0
0
0
0
0
0
0
0
0
0
0
0
0
0
0
0
0
0
0
0
0
0
0
0
0
0
0
0
0
0
0
0
0
0
0
0
0
0
0
0
0
0
0
1 1834
0
0
0
0
0
0
0
0
0
0
0
0
0
0
0
0
0
0
0
0
0
0
0
0
0
0
0
0
0
0
0
0
0
0
0
0
0
0
0
0
0
0
0
0
0
0
0
0
0
0
0
0
0
0
0
0
0
0
0
0
0
0
0
0
0
0
0
0
0
0
0
0
0
0
0
0
0
0
0
0
0
0
0
0
0
0
0
0
0
0
0
0
0
0
0
0
0
0
0
0
0
0
0
0
0
0
0
1 1465
0
0
0
0
0
0
0
0
0
0
0
1 1601
0
0
0
1 1106
1 1106
0
0
2 1106 1601
0
1 1601
0
0
0
0
0
0
0
0
0
0
0
0
0
1 1601
0
0
0
0
0
0
0
0
0
0
0
0
0
0
0
0
0
0
0
0
0
0
0
0
0
0
1 1113
0
0
0
0
0
0
1 1113
1 1113
0
0
2 1113 1687
0
0
1 1645
0
0
0
0
0
0
0
0
0
0
0
0
0
0
0
0
0
0
0
0
0
0
0
0
0
0
0
0
0
0
0
0
0
0
0
0
0
0
0
0
0
0
0
0
0
0
0
0
0
0
0
0
0
2 1798 1883
0
0
0
1 1121
0
0
0
0
0
0
1 1121
1 1121
0
0
2 1121 1806
0
0
0
0
0
0
0
0
0
0
0
0
0
0
0
0
0
0
0
0
0
0
0
0
0
0
0
0
0
0
0
0
0
0
0
0
0
0
0
0
0
0
0
0
0
0
0
0
0
0
0
0
0
0
0
0
0
0
0
0
0
0
0
0
0
0
0
0
0
0
0
0
0
0
0
0
0
0
0
0
0
0
0
0
0
0
0
0
0
0
0
0
0
0
0
0
0
0
0
0
0
0
0
0
0
0
0
0
0
0
0
0
0
0
0
0
0
0
0
0
0
0
0
0
0
0
0
0
0
0
0
0
0
0
0
0
0
0
0
0
0
0
0
0
0
0
0
0
0
0
0
0
0
0
0
0
0
0
0
0
0
0
0
0
0
0
0
0
0
0
0
0
0
0
0
0
0
0
0
0
0
0
0
0
0
1 1147
0
0
0
0
0
0
0
0
0
0
0
0
0
0
0
0
0
0
0
0
0
0
0
0
0
0
0
0
0
0
0
0
0
0
0
0
1 1554
0
0
0
0
1 1554
0
0
0
0
0
0
0
0
0
0
0
0
0
0
0
1 1159
0
0
0
0
0
0
0
0
0
1 1684
0
0
0
0
0
0
0
0
0
0
0
0
0
0
0
0
0
0
0
0
0
0
0
0
0
0
0
0
0
0
0
0
0
0
0
0
0
0
0
0
0
0
0
0
0
0
0
0
0
0
0
0
0
0
0
0
0
0
0
0
0
0
0
0
0
0
0
0
0
0
0
0
0
0
0
0
0
0
0
0
0
0
0
1 1172
0
0
1 1172
0
0
0
0
0
0
0
0
0
0
0
0
0
0
0
0
0
0
0
0
0
0
0
0
0
0
0
0
0
0
0
0
0
0
0
0
0
0
0
0
0
0
0
0
0
0
0
0
0
0
0
0
0
0
0
0
0
0
0
0
0
0
0
0
0
0
0
0
0
0
0
0
0
0
1 1194
0
0
0
0
0
0
1 1194
1 1194
0
0
1 1194
0
0
0
0
0
0
1 1890
0
0
0
0
0
0
0
0
0
0
0
0
0
0
0
0
0
0
0
0
0
0
0
0
0
0
0
0
0
0
0
0
0
0
0
0
0
0
0
0
0
0
0
0
0
0
0
0
0
0
0
0
0
0
0
0
0
0
0
0
0
0
0
0
0
0
0
0
0
0
0
0
0
0
0
0
0
0
0
0
0
0
0
1 1205
0
0
0
0
0
0
0
0
0
0
1 1587
0
0
0
0
0
0
0
0
0
0
0
0
0
0
0
0
0
0
0
0
0
0
0
0
0
0
0
0
0
0
0
0
0
0
0
0
0
0
0
0
0
0
0
0
0
0
0
0
0
0
0
0
0
0
0
0
0
0
0
0
0
0
0
0
0
0
0
0
0
0
0
0
0
0
0
0
0
0
1 1219
0
0
0
0
0
0
0
0
0
0
0
0
0
0
0
0
0
0
0
0
0
0
0
0
0
0
0
0
0
0
0
0
0
0
0
0
0
0
0
0
0
0
0
0
0
0
0
0
0
0
0
0
0
0
0
0
1 1229
1 1288
0
0
0
0
0
0
0
0
0
0
0
0
0
0
0
0
0
0
0
0
0
0
0
0
0
0
0
0
0
0
0
0
0
0
0
0
0
0
0
0
0
0
0
0
0
0
0
0
0
0
0
0
0
0
0
0
0
0
0
0
0
0
0
0
0
0
0
0
0
0
0
0
0
0
0
0
0
0
1 1240
1 1240
0
0
1 1240
0
0
0
0
0
0
0
0
0
0
0
0
0
0
0
0
0
0
0
0
0
0
0
0
0
0
0
0
0
0
0
0
0
0
0
0
0
0
0
0
0
0
0
0
0
0
0
0
0
0
0
0
0
0
0
0
0
0
0
0
0
0
0
0
0
0
0
0
0
0
0
0
0
0
0
0
0
0
0
0
0
0
0
0
0
0
0
0
0
0
0
0
0
0
0
0
0
0
0
0
0
0
0
0
0
0
0
0
0
0
0
0
0
0
0
0
0
0
0
0
0
0
0
0
0
0
0
0
0
0
0
0
0
0
0
0
0
0
0
0
0
0
0
0
0
0
0
0
0
0
0
0
0
0
0
0
0
0
0
0
0
0
0
0
0
0
0
0
0
0
0
0
0
0
0
0
0
0
0
1 1669
1 1669
0
0
0
0
1 1554
0
0
0
0
0
0
0
0
0
0
0
0
0
0
0
0
0
0
0
0
0
0
0
0
0
0
1 1466
0
0
0
0
0
0
0
0
0
0
0
0
0
0
0
0
0
0
0
0
0
0
0
0
0
0
0
0
0
0
0
0
0
0
0
0
0
0
0
0
0
0
0
0
0
0
0
0
0
0
0
0
0
1 1288
1 1288
0
0
1 1288
0
0
0
0
0
0
0
0
0
0
0
0
0
0
0
0
0
0
0
0
0
0
0
0
0
0
0
0
0
0
0
0
0
0
0
0
0
0
0
0
0
0
0
0
0
0
0
0
0
0
0
0
0
0
0
0
0
0
0
0
0
0
0
0
0
0
0
0
0
0
0
0
0
0
0
0
0
0
0
0
0
0
0
0
0
0
0
0
0
0
0
0
0
0
0
0
0
0
0
0
0
0
0
0
0
0
0
0
0
0
0
0
0
0
0
0
0
0
0
0
0
0
0
0
0
0
0
0
0
0
0
0
0
0
0
0
0
0
0
0
0
0
0
0
0
0
0
0
0
0
0
1 1322
0
0
0
0
0
0
0
0
0
0
0
0
0
0
0
0
0
0
0
0
0
0
0
0
0
0
0
0
0
0
0
0
0
0
0
0
0
0
0
0
0
0
0
0
0
0
0
0
0
0
0
0
0
0
0
0
0
0
0
0
0
0
0
0
0
0
0
0
0
0
0
0
0
0
2 1482 1883
0
0
0
0
0
0
0
0
0
0
0
0
0
0
0
1 1335
0
0
0
0
0
0
1 1335
1 1335
0
0
1 1335
0
0
0
0
0
0
0
0
0
0
0
0
0
0
0
0
0
0
0
0
0
0
0
0
0
0
0
0
0
0
0
0
0
0
0
0
0
0
0
0
0
0
0
0
0
0
0
0
0
0
0
0
0
0
0
0
0
0
0
0
0
0
0
0
0
0
0
0
0
0
0
0
0
0
0
0
0
0
0
0
0
0
0
0
0
0
0
0
0
0
0
0
0
0
0
0
0
0
0
0
0
0
0
0
0
0
0
0
0
0
0
0
0
0
0
0
0
0
0
0
0
0
0
0
0
0
0
0
0
0
0
0
0
0
0
0
0
0
0
0
1 1353
0
0
0
0
0
0
1 1353
1 1353
0
0
1 1353
0
0
0
0
0
0
0
0
0
0
0
0
0
0
0
0
0
0
0
0
0
0
0
0
0
0
0
0
0
0
0
0
0
0
0
0
0
0
0
0
0
0
1 1355
0
0
0
0
0
0
1 1355
1 1355
0
0
1 1355
0
0
0
0
0
0
0
0
0
0
0
0
0
0
0
0
0
0
0
0
0
0
0
0
0
0
0
0
0
0
0
0
0
0
0
0
0
0
0
0
0
1 1863
0
0
0
0
0
0
0
0
0
0
0
0
0
0
0
0
0
0
0
0
0
0
0
0
0
0
0
0
0
0
0
0
0
0
0
0
0
0
0
0
0
0
0
0
0
0
1 1363
0
0
0
0
0
0
0
0
0
0
0
0
0
0
0
0
0
0
0
0
0
0
0
0
0
0
0
0
0
0
0
0
0
0
0
0
0
0
0
0
0
0
0
0
0
0
0
0
0
0
0
0
0
0
0
0
0
0
0
0
0
0
0
0
0
0
0
0
0
0
0
0
0
0
0
0
0
0
0
0
0
0
0
0
0
0
0
0
0
0
0
0
0
0
0
0
0
0
0
0
0
0
0
0
0
0
0
0
0
0
0
0
0
0
0
0
0
0
0
0
0
0
0
0
0
0
0
0
1 1625
0
0
0
1 1394
0
0
0
0
0
0
1 1394
1 1394
0
0
0
0
0
0
0
0
0
0
0
0
0
0
0
0
0
0
0
0
0
0
0
0
0
0
0
0
0
0
0
0
0
0
0
0
0
0
0
0
0
0
0
0
0
0
0
0
0
0
0
0
0
0
0
0
0
0
0
0
0
0
0
0
0
0
0
0
0
0
0
0
0
0
0
0
0
0
0
0
0
0
0
0
0
0
0
0
0
0
0
0
0
0
0
0
0
0
0
0
0
0
0
0
0
0
0
0
0
0
0
0
0
0
0
0
0
0
0
0
0
0
0
0
0
0
0
0
0
0
0
0
0
0
0
0
0
0
0
0
0
0
0
0
0
0
0
0
0
0
0
0
0
0
0
0
0
0
0
0
0
0
0
0
0
0
0
0
0
0
0
0
0
0
0
0
0
0
0
0
0
0
0
0
0
0
0
0
0
0
0
0
0
0
0
0
0
0
0
0
0
0
0
0
0
0
0
0
0
0
0
0
0
0
0
0
0
0
0
0
0
0
0
0
0
0
0
0
0
0
0
0
0
0
0
0
0
0
0
0
0
0
0
0
0
0
0
0
0
0
0
0
0
0
0
0
0
0
0
0
0
0
0
0
0
0
0
0
0
0
0
0
0
0
0
0
0
0
0
0
0
0
0
0
0
0
0
0
0
0
0
0
0
0
0
0
0
0
0
0
0
0
0
0
0
0
0
0
0
0
0
0
0
0
0
0
0
0
0
0
0
0
0
0
0
1 1582
0
0
0
0
0
0
0
0
0
0
0
0
0
0
0
0
0
0
0
0
0
1 1466
0
0
1 1466
0
0
0
0
0
0
0
0
0
0
0
0
0
0
0
0
0
0
0
0
0
0
0
0
0
0
0
0
0
0
0
0
0
0
0
0
0
0
0
0
0
0
0
0
0
0
0
0
0
0
0
0
0
0
0
0
0
0
0
0
0
0
0
0
0
0
0
0
0
0
0
0
0
0
0
0
0
0
0
0
0
0
0
0
0
0
0
0
0
0
0
0
0
0
0
0
0
0
0
0
0
0
0
0
1 1482
1 1482
0
0
1 1482
0
0
0
0
0
0
0
0
0
0
0
0
0
0
0
0
0
0
0
0
0
0
0
0
0
0
0
0
0
0
0
0
0
0
0
0
0
0
0
0
0
0
0
0
0
0
0
0
0
0
0
0
0
0
0
0
1 1550
0
0
1 1492
1 1492
0
0
1 1492
0
0
0
0
0
0
0
0
0
0
0
0
0
0
0
0
0
0
0
0
0
0
0
0
0
0
0
0
0
0
0
0
0
0
0
0
0
0
0
0
0
0
0
0
0
0
0
0
0
0
0
0
0
0
0
0
0
0
0
0
0
0
0
0
0
0
1 1587
0
0
1 1883
0
0
0
0
0
0
0
0
0
0
0
1 1503
1 1503
0
0
1 1503
0
0
0
0
0
0
0
0
0
0
0
0
0
0
0
0
0
0
0
0
0
0
0
0
0
0
0
0
0
0
0
0
0
0
0
0
0
0
0
0
0
0
0
0
0
0
0
0
0
0
0
0
0
0
0
0
0
0
0
0
0
0
0
0
0
0
0
0
0
0
0
0
0
0
0
0
0
0
0
0
0
0
0
0
0
0
0
0
0
0
0
0
0
0
0
0
0
0
0
0
0
0
0
0
0
0
0
0
0
0
0
0
0
0
0
0
0
0
0
0
0
0
0
0
0
0
0
0
0
0
0
0
0
0
0
0
0
0
0
0
0
0
0
0
0
0
0
0
0
0
0
0
0
0
0
0
0
0
0
0
0
0
0
0
0
0
0
0
0
0
0
0
0
0
0
0
0
0
0
0
0
0
0
0
0
0
0
0
0
0
0
0
0
0
0
0
0
0
0
0
0
0
0
0
0
0
0
0
0
0
0
0
0
0
0
0
0
0
0
0
0
0
0
0
0
0
0
0
0
0
0
0
1 1544
1 1544
0
0
1 1544
0
0
0
0
0
0
0
0
0
0
0
0
0
0
0
0
0
0
0
0
0
0
0
0
0
0
0
0
0
0
0
0
0
1 1550
1 1550
0
0
1 1550
0
0
0
0
0
0
0
0
0
0
0
0
0
0
0
0
0
0
0
0
0
0
0
0
0
0
0
0
0
0
0
0
1 1774
0
0
0
0
0
0
0
0
1 1552
0
0
0
0
0
0
1 1552
1 1552
0
0
1 1552
0
0
0
0
0
0
0
0
0
0
0
0
0
0
0
0
0
0
0
0
0
0
0
0
0
0
0
0
0
0
0
0
0
0
0
0
0
0
0
0
0
0
0
0
0
0
0
0
0
0
0
0
0
0
0
0
0
0
0
0
0
0
0
0
0
0
0
0
0
0
0
0
0
0
0
0
0
0
0
0
0
0
0
0
0
0
0
0
0
0
0
0
0
0
0
0
0
0
0
0
0
0
0
0
0
0
0
0
0
0
0
0
0
0
0
0
0
0
0
0
0
0
0
0
0
0
0
0
0
0
0
0
1 1603
0
0
0
0
0
0
0
0
0
0
0
0
0
0
0
0
0
0
0
0
0
0
0
0
0
0
0
0
0
0
0
0
0
0
0
0
0
0
0
0
0
0
0
0
0
0
0
0
0
0
0
0
0
0
0
0
0
0
0
0
0
0
0
0
0
0
0
0
0
0
0
0
0
0
0
0
0
0
0
0
0
0
0
0
0
0
0
0
0
0
0
0
0
0
0
0
0
0
0
0
0
0
0
0
0
0
0
0
0
0
0
0
0
0
0
0
0
0
0
0
0
0
0
0
0
0
0
0
0
0
0
0
0
0
0
0
0
0
0
0
0
0
0
0
0
0
0
0
0
0
0
0
0
0
0
0
0
0
0
0
0
0
0
0
0
0
0
0
0
0
0
0
0
0
0
0
0
0
0
0
0
0
0
0
1 1721
0
0
0
0
0
0
0
0
0
0
0
0
0
0
0
0
0
0
0
0
0
0
0
0
0
0
0
0
0
0
0
0
0
0
0
0
0
0
0
0
0
0
0
0
0
0
0
0
0
0
0
0
0
0
0
0
0
0
0
0
0
0
0
0
0
0
0
0
0
0
0
0
0
0
0
0
0
0
0
0
0
0
0
0
0
0
0
0
0
0
0
0
0
0
0
0
0
0
0
0
0
0
0
0
0
0
0
0
0
0
0
0
0
0
0
0
0
0
0
1 1728
0
0
0
0
0
0
0
0
0
0
0
0
0
0
0
0
0
0
0
0
0
0
0
0
0
0
0
0
0
0
0
0
0
0
0
0
0
0
0
0
0
0
0
0
0
0
0
0
0
0
0
0
0
0
0
0
0
0
0
0
0
0
0
0
0
0
0
0
0
0
0
0
0
0
0
0
0
0
0
0
0
0
0
0
0
0
0
0
0
0
0
0
0
0
0
0
0
0
0
0
0
0
0
0
0
0
0
0
0
0
0
0
0
0
0
0
0
0
0
0
0
0
0
0
0
0
0
0
0
0
0
0
0
0
0
0
0
0
0
0
0
0
0
0
0
0
0
0
0
0
0
0
0
0
0
0
0
0
0
0
0
0
0
0
0
0
0
0
0
0
0
0
0
0
0
0
0
0
0
1 1668
0
0
0
0
0
0
1 1668
1 1668
0
0
1 1668
0
0
0
0
0
0
0
0
0
0
0
0
0
0
0
0
0
0
0
0
0
1 1669
0
0
0
0
0
0
0
0
0
0
0
0
0
0
0
0
0
0
0
0
0
0
0
0
0
0
0
0
0
0
0
0
0
0
0
0
0
0
0
0
0
0
0
0
0
0
0
0
1 1674
0
0
0
0
0
0
1 1674
1 1674
0
0
1 1674
0
0
0
0
0
0
0
0
0
0
0
0
0
0
0
0
0
0
0
0
0
0
0
0
0
0
0
0
0
0
0
0
0
0
0
0
0
1 1679
0
0
0
0
0
0
1 1679
1 1679
0
0
1 1679
0
0
0
0
0
0
0
0
0
0
0
0
0
0
0
0
0
0
0
0
0
0
0
0
0
0
0
0
0
0
0
0
0
0
0
0
0
0
0
0
0
0
0
0
0
0
0
0
0
0
0
0
0
0
0
0
0
0
0
0
0
0
0
0
0
0
0
0
0
0
0
0
0
0
0
0
0
0
0
1 1687
1 1687
0
0
1 1687
0
0
0
0
0
0
0
0
0
0
0
0
0
0
0
0
0
0
0
0
0
0
0
0
0
0
0
0
0
0
0
0
0
0
0
0
0
0
0
0
0
0
0
1 1890
0
0
0
0
0
0
0
0
0
0
0
0
0
0
0
0
0
0
0
0
0
0
0
0
0
0
0
0
0
0
0
0
0
1 1699
0
0
0
0
0
0
1 1699
1 1699
0
0
1 1699
0
0
0
0
0
0
0
0
0
0
0
0
0
0
0
0
0
0
0
0
0
0
0
0
0
0
0
0
0
0
0
0
0
0
0
0
0
0
0
0
0
0
0
0
0
0
0
0
0
0
0
0
0
0
0
0
0
0
0
0
0
0
0
0
0
0
0
0
0
0
0
0
0
0
0
0
0
0
0
0
0
0
1 1706
1 1706
0
0
1 1706
0
0
0
0
0
0
0
0
0
0
0
0
0
0
0
0
0
0
0
0
0
0
0
0
0
0
0
0
0
0
0
0
0
0
0
0
0
0
0
0
0
0
0
0
0
0
0
0
0
0
0
0
0
0
0
0
0
0
0
0
0
0
0
1 1721
0
0
1 1721
0
0
0
0
0
0
0
0
0
0
0
0
0
0
0
0
0
0
0
0
0
0
0
0
0
0
0
0
0
0
0
0
0
0
0
0
0
0
0
0
0
0
0
0
0
0
0
0
0
0
0
0
0
0
0
0
0
0
0
0
0
0
0
0
0
0
0
0
0
0
0
0
0
0
0
0
0
0
0
0
0
0
0
0
0
0
0
0
0
0
0
0
0
0
0
0
0
0
0
0
0
0
0
0
0
0
0
0
0
0
0
0
0
0
0
0
1 1847
0
0
0
0
0
0
1 1741
0
0
0
0
0
0
1 1741
1 1741
0
0
1 1741
0
0
0
0
0
0
0
0
0
0
0
0
0
0
0
0
0
0
0
0
0
0
0
0
0
0
0
0
0
0
0
0
0
0
0
0
0
0
0
0
0
0
0
0
0
0
0
0
0
0
0
0
0
0
0
0
0
0
0
0
0
0
0
0
0
0
0
0
0
0
0
0
0
0
0
0
0
0
0
0
0
1 1749
0
0
0
0
0
0
1 1749
1 1749
0
0
1 1749
0
0
0
0
0
0
0
0
0
0
0
0
0
0
0
0
0
0
0
0
0
0
0
0
0
0
0
0
0
0
0
0
0
0
0
0
0
0
0
0
0
0
0
0
0
0
0
0
0
0
0
0
0
0
0
0
0
0
0
0
0
0
0
0
0
0
0
0
0
0
0
0
0
0
0
0
0
0
0
0
0
0
0
0
0
0
0
0
0
0
0
0
0
0
0
0
0
0
0
0
0
0
0
0
0
0
0
0
0
0
0
0
0
0
0
0
0
0
0
0
0
0
0
0
0
0
0
0
0
0
0
0
0
0
0
0
0
0
0
0
0
0
0
0
0
0
0
0
0
0
0
0
0
0
0
0
0
0
0
0
0
0
0
0
0
0
0
0
0
0
0
0
0
0
0
0
0
0
0
0
0
0
0
0
0
0
0
0
0
0
0
0
0
0
0
0
0
0
0
0
0
0
0
0
0
0
0
0
1 1791
0
0
0
0
0
0
1 1791
1 1791
0
0
1 1791
0
0
0
0
0
0
0
0
0
0
0
0
0
0
0
0
0
0
0
0
0
0
0
0
0
0
0
0
0
0
0
0
0
0
0
0
0
0
0
0
0
0
0
0
0
0
0
0
0
0
0
0
0
0
0
0
0
0
0
0
0
0
0
0
0
0
0
0
0
0
0
0
0
0
0
0
0
0
0
0
0
0
0
0
0
0
0
0
0
0
0
0
0
0
0
0
0
0
0
0
0
0
0
0
0
0
0
0
0
0
0
0
0
0
0
1 1806
1 1806
0
0
1 1806
0
0
0
0
0
0
0
0
0
0
0
0
0
0
0
0
0
0
0
0
0
0
0
0
0
0
0
0
0
0
0
0
0
0
0
0
0
0
0
0
0
0
0
0
0
0
0
0
0
0
0
0
0
0
0
0
0
0
1 1816
1 1816
0
0
1 1816
0
0
0
0
0
0
0
0
0
0
0
0
0
0
0
0
0
0
0
0
0
0
0
0
0
0
0
0
0
0
0
0
0
0
0
0
0
0
0
0
0
0
0
0
0
0
1 1825
0
0
0
0
0
0
0
0
0
0
0
0
0
0
0
0
0
0
0
0
0
0
0
0
0
0
0
0
0
0
0
0
0
0
0
0
0
0
0
0
0
0
0
0
0
0
0
0
0
0
0
0
0
0
0
0
0
0
0
0
0
0
0
0
0
0
0
0
0
0
0
0
0
0
0
0
0
0
0
0
0
0
0
0
0
0
0
0
0
0
0
0
0
0
0
0
0
0
0
0
0
0
0
0
0
0
0
0
0
0
0
0
0
0
0
0
0
0
0
0
0
0
0
0
0
0
0
0
0
0
0
0
0
0
0
0
0
0
0
0
0
0
0
0
0
0
0
0
0
0
0
0
0
0
0
0
0
0
0
0
0
0
0
0
0
0
0
0
0
0
0
0
0
0
0
0
0
0
0
0
0
0
0
0
0
0
0
0
0
0
0
0
0
0
0
0
0
0
0
0
0
0
0
0
0
0
0
0
0
0
0
0
0
0
0
0
0
0
0
0
0
0
0
0
0
0
0
0
0
0
0
0
0
0
0
0
0
0
0
0
0
0
0
0
0
0
0
0
0
0
0
0
0
0
0
0
0
0
0
0
0
0
0
0
0
0
0
0
0
0
0
0
0
0
0
0
0
0
0
0
0
0
0
0
0
0
0
0
0
0
0
0
0
0
0
0
0
0
0
0
0
0
0
0
0
0
0
0
0
0
0
0
0
0
0
0
0
0
0
0
1 1887
0
0
0
0
0
0
1 1887
1 1887
0
0
1 1887
0
0
0
0
0
0
0
0
0
0
0
0
0
0
0
0
0
0
0
0
0
0
0
0
0
0
0
0
0
0
0
0
0
0
0
0
0
0
0
0
0
0
0
0
0
0
0
0
0
0
0
0
0
0
0
0
0
0
