4 18 26 29 60
0
3 96 104 107
4 134 142 145 176
4 210 218 221 252
4 295 303 306 337
4 381 389 392 423
6 456 464 467 498 524 526
4 548 556 559 590
4 611 619 622 653
4 675 683 686 717
1 752
4 776 784 787 818
4 857 865 868 899
4 923 931 934 965
3 1004 1012 1015
3 1047 1055 1058
4 1104 1112 1115 1146
3 1168 1176 1179
0
4 1219 1227 1230 1261
4 1290 1298 1301 1332
6 1364 1372 1375 1406 1432 1434
4 1454 1462 1465 1496
4 1518 1526 1529 1560
4 1602 1610 1613 1644
6 1666 1674 1677 1708 1734 1736
4 1756 1764 1767 1798
3 1821 1829 1832
4 1877 1885 1888 1919
3 1954 1962 1965
4 2012 2020 2023 2054
4 2087 2095 2098 2129
3 2152 2160 2163
4 2202 2210 2213 2244
4 2264 2272 2275 2306
4 2327 2335 2338 2369
6 2395 2403 2406 2437 2463 2465
4 2477 2485 2488 2519
3 2553 2561 2564
3 2605 2613 2616
3 2652 2660 2663
4 2690 2698 2701 2732
0
4 2770 2778 2781 2812
3 2833 2841 2844
4 2889 2897 2900 2931
4 2954 2962 2965 2996
4 3020 3028 3031 3062
6 3094 3102 3105 3136 3162 3164
0
4 3199 3207 3210 3241
3 3280 3288 3291
4 3309 3317 3320 3351
4 3382 3390 3393 3424
4 3456 3464 3467 3498
4 3523 3531 3534 3565
4 3586 3594 3597 3628
4 3647 3655 3658 3689
5 3718 3726 3729 3760 3786
4 3804 3812 3815 3846
4 3874 3882 3885 3916
4 3946 3954 3957 3988
3 4008 4016 4019
4 4042 4050 4053 4084
4 4122 4130 4133 4164
4 4195 4203 4206 4237
6 4270 4278 4281 4312 4338 4340
4 4356 4364 4367 4398
4 4431 4439 4442 4473
4 4493 4501 4504 4535
4 4569 4577 4580 4611
5 4637 4645 4648 4679 4705
3 4719 4727 4730
4 4766 4774 4777 4808
3 4847 4855 4858
4 4888 4896 4899 4930
3 4965 4981 4985
4 5024 5032 5035 5066
4 5101 5109 5112 5143
4 5176 5184 5187 5218
3 5249 5257 5260
4 5297 5305 5308 5339
4 5378 5386 5389 5420
4 5447 5455 5458 5489
3 5520 5528 5531
4 5568 5576 5579 5610
4 5644 5652 5655 5686
4 5721 5729 5732 5763
4 5792 5800 5803 5834
4 5868 5876 5879 5910
4 5922 5930 5933 5964
3 6004 6012 6015
4 6049 6057 6060 6091
4 6128 6136 6139 6170
4 6193 6201 6204 6237
4 6257 6265 6268 6299
6 6325 6333 6336 6367 6393 6395
4 6407 6415 6418 6449
3 6483 6491 6494
4 6509 6517 6520 6551
1 6588
1 6613
4 6636 6644 6647 6678
4 6713 6721 6724 6755
4 6775 6783 6786 6817
3 6836 6844 6847
3 6864 6872 6875
4 6900 6908 6911 6942
3 6979 6987 6990
3 7026 7034 7037
4 7057 7065 7068 7099
3 7130 7138 7141
4 7175 7183 7186 7217
6 7225 7233 7236 7267 7293 7295
3 7311 7319 7322
4 7343 7351 7354 7385
1 7424
4 7435 7443 7446 7477
4 7503 7511 7514 7545
4 7574 7582 7585 7616
3 7648 7656 7659
3 7701 7709 7712
6 7723 7731 7734 7765 7791 7793
6 7805 7813 7816 7847 7873 7875
4 7891 7899 7902 7933
4 7956 7964 7967 7998
4 8017 8025 8028 8059
4 8083 8091 8094 8125
4 8154 8162 8165 8196
2 8223 8231
3 8252 8260 8263
4 8265 8273 8276 8307
0
4 8340 8348 8351 8382
4 6711 8413 8416 8447
0
1 8503
0
4 8535 8543 8546 8577
4 8601 8609 8612 8643
4 8660 8668 8671 8702
6 8720 8728 8731 8762 8788 8790
6 8796 8804 8807 8838 8864 8866
4 8881 8889 8892 8923
4 8949 8957 8960 8991
3 9015 9023 9026
5 9053 9061 9064 9095 9121
3 9134 9142 9145
3 9186 9194 9197
4 9227 9235 9238 9269
4 9283 9291 9294 9325
4 9356 9364 9367 9398
3 9415 9423 9426
4 9460 9468 9471 9502
4 9530 9538 9541 9572
3 9608 9616 9619
4 9653 9661 9664 9695
3 9723 9731 9734
3 9773 9781 9784
4 9809 9817 9820 9851
1 9887
0
3 9917 9925 9928
4 9956 9964 9967 9998
5 10033 10041 10044 10075 10101
5 10111 10119 10122 10153 10179
4 10190 10198 10201 10232
4 10273 10281 10284 10315
4 10349 10357 10360 10391
4 8914 10404 10407 10438
6 10470 10478 10481 10512 10538 10540
4 10551 10559 10562 10593
3 10612 10620 10623
4 10652 10660 10663 10694
4 10715 10723 10726 10757
3 10795 10803 10806
4 10830 10838 10841 10872
5 10882 10890 10893 10924 10950
2 10969 10977
4 10983 10991 10994 11025
4 11052 11060 11063 11094
3 11125 11133 11136
4 11161 11169 11172 11203
4 11225 11233 11236 11267
4 11304 11312 11315 11346
3 11360 11368 11371
3 11418 11426 11429
3 11452 11460 11463
4 11499 11507 11510 11541
4 11559 11567 11570 11601
4 11630 11638 11641 11672
4 11688 11696 11699 11730
4 11761 11769 11772 11803
4 11829 11837 11840 11871
4 10104 11898 11901 11932
4 11971 11979 11982 12013
3 12034 12042 12045
4 12079 12087 12090 12121
4 12158 12166 12169 12200
4 12167 12178 12181 12235
4 12254 12262 12265 12296
4 11657 12325 12328 12359
3 12390 12398 12401
4 12427 12435 12438 12469
5 7112 12220 12485 12516 12542
4 5087 8972 9989 12569
3 12606 12614 12617
3 12637 12645 12648
4 12689 12697 12700 12731
4 12746 12754 12757 12788
3 12804 12812 12815
6 7264 9937 11545 12859 12885 12887
4 12901 12909 12912 12943
4 12960 12968 12971 13002
4 13038 13046 13049 13080
3 13106 13114 13117
0
4 13166 13174 13177 13208
3 13217 13225 13228
4 13268 13276 13279 13310
4 13339 13347 13350 13381
4 10985 13393 13396 13427
4 13446 13454 13457 13488
3 13526 13534 13537
4 13552 13560 13563 13594
3 13624 13632 13635
4 13650 13658 13661 13692
4 13702 13710 13713 13744
4 13768 13776 13779 13810
4 7231 13826 13829 13860
0
4 13881 13889 13892 13923
4 13943 13951 13954 13985
3 14007 14015 14018
4 14037 14045 14048 14079
4 14098 14106 14109 14140
3 14178 14186 14189
4 14226 14234 14237 14268
4 14282 14290 14293 14324
4 14338 14346 14349 14380
3 14422 14430 14433
0
4 14484 14492 14495 14526
3 14564 14572 14575
2 14619 14627
4 14642 14650 14653 14684
4 14694 14702 14705 14736
4 14760 14768 14771 14802
3 14831 14839 14842
1 14867
4 13849 14874 14877 14908
6 11080 14935 14938 14969 14995 14997
4 15005 15013 15016 15047
4 15077 15085 15088 15119
4 15140 15148 15151 15182
0
4 15215 15223 15226 15257
4 8692 15272 15275 15306
4 15328 15336 15339 15370
2 15393 15401
4 13242 15406 15409 15440
4 15461 15469 15472 15503
4 15514 15522 15525 15556
4 15578 15586 15589 15620
3 15636 15644 15647
3 15691 15699 15702
3 15740 15748 15751
4 15768 15776 15779 15810
4 9379 15816 15819 15850
4 15872 15880 15883 15914
3 15928 15936 15939
4 15972 15980 15983 16014
4 16029 16037 16040 16071
4 13879 16082 16085 16116
3 16143 16151 16154
6 16181 16189 16192 16223 16249 16251
3 16266 16274 16277
3 16304 16312 16315
6 16333 16341 16344 16375 16401 16403
4 16415 16423 16426 16457
3 16477 16485 16488
5 16519 16527 16530 16561 16587
4 16590 16598 16601 16632
4 16659 16667 16670 16701
4 16722 16730 16733 16764
4 16784 16792 16795 16826
3 16857 16865 16868
4 16909 16917 16920 16951
4 16973 16981 16984 17015
4 17034 17042 17045 17076
4 17099 17107 17110 17141
4 17170 17178 17181 17212
3 17227 17235 17238
4 17257 17265 17268 17299
4 8002 17326 17329 17360
4 12446 17380 17383 17414
4 17437 17445 17448 17479
4 17496 17504 17507 17538
4 17567 17575 17578 17609
6 17624 17632 17635 17666 17692 17694
3 17709 17717 17720
5 11237 17744 17747 17778 17804
4 17809 17817 17820 17851
5 8962 16466 17871 17902 17928
3 17935 17943 17946
0
4 17980 17988 17991 18022
4 18029 18037 18040 18071
4 18084 18092 18095 18126
4 18139 18147 18150 18181
4 18218 18226 18229 18260
4 18269 18277 18280 18311
4 16252 18335 18338 18369
4 18392 18400 18403 18434
3 18452 18460 18463
4 11905 18468 18471 18502
3 18512 18520 18523
4 18556 18564 18567 18598
4 18600 18608 18611 18642
3 18668 18676 18679
3 18713 18721 18724
3 18757 18765 18768
4 18796 18804 18807 18838
4 18850 18858 18861 18892
4 18903 18911 18914 18945
4 18966 18974 18977 19008
3 19030 19038 19041
4 19068 19076 19079 19110
3 19147 19155 19158
4 19184 19192 19195 19226
3 19257 19265 19268
0
4 5182 11499 11511 19332
3 19370 19378 19381
4 19419 19427 19430 19461
3 19494 19502 19505
4 19523 19531 19534 19565
4 19582 19590 19593 19624
4 19631 19639 19642 19673
4 19693 19701 19704 19735
4 19769 19777 19780 19811
4 19836 19844 19847 19878
3 19894 19902 19905
4 19930 19938 19941 19972
4 19988 19996 19999 20030
4 20056 20064 20067 20098
4 7365 16520 20110 20141
4 13711 20167 20170 20201
6 12486 17292 17642 20249 20275 20277
4 20283 20291 20294 20325
4 20350 20358 20361 20392
3 20423 20431 20434
4 20469 20477 20480 20511
4 20531 20539 20542 20573
5 20587 20595 20598 20629 20655
4 20664 20672 20675 20706
3 20719 20727 20730
4 20748 20756 20759 20790
3 20800 20808 20811
4 20853 20861 20864 20895
4 20903 20911 20914 20945
4 15839 20963 20966 20997
4 16442 21025 21028 21059
1 21095
6 21111 21119 21122 21153 21179 21181
3 21193 21201 21204
0
4 21237 21245 21248 21279
4 21299 21307 21310 21341
4 21358 21366 21369 21400
3 21430 21438 21441
4 21477 21485 21488 21519
4 21534 21542 21545 21576
4 17436 21599 21602 21633
0
4 21665 21673 21676 21707
4 21727 21735 21738 21769
4 21799 21807 21810 21841
3 21864 21872 21875
6 21900 21908 21911 21942 21968 21970
4 21980 21988 21991 22022
4 22047 22055 22058 22089
4 20167 22108 22111 22142
4 22157 22165 22168 22199
3 22230 22238 22241
4 22279 22287 22290 22321
4 22352 22360 22363 22394
4 22412 22420 22423 22454
4 22471 22479 22482 22513
4 22522 22530 22533 22564
4 12845 22589 22592 22623
3 22650 22658 22661
4 22682 22690 22693 22724
3 22751 22759 22762
4 22793 22801 22804 22835
4 22865 22873 22876 22907
3 22931 22939 22942
4 22970 22978 22981 23012
4 23027 23035 23038 23069
4 23099 23107 23110 23141
4 23154 23162 23165 23196
3 23217 23225 23228
4 23258 23266 23269 23300
4 23321 23329 23332 23363
4 23376 23384 23387 23418
3 23441 23449 23452
3 23457 23465 23468
4 23500 23508 23511 23542
4 23572 23580 23583 23614
4 23633 23641 23644 23675
4 14304 21359 23698 23729
4 21619 23758 23761 23792
4 23819 23827 23830 23861
4 20237 23884 23887 23918
6 14623 15568 17273 23958 23984 23986
4 17436 23991 23994 24025
3 24061 24069 24072
4 24102 24110 24113 24144
4 12877 24147 24150 24181
4 24215 24223 24226 24257
3 24269 24277 24280
3 24313 24321 24324
4 24345 24353 24356 24387
4 24413 24421 24424 24455
4 12482 23961 24480 24511
4 24539 24547 24550 24581
4 16175 24592 24595 24626
6 7737 18489 21435 24662 24688 24690
4 24696 24704 24707 24738
4 24754 24762 24765 24796
4 24816 24824 24827 24858
3 24876 24884 24887
0
4 20961 24910 24913 24944
4 17963 24965 24968 24999
4 25012 25020 25023 25054
4 25069 25077 25080 25111
4 25124 25132 25135 25166
4 25183 25191 25194 25225
4 25240 25248 25251 25282
4 25301 25309 25312 25343
4 25362 25370 25373 25404
3 25421 25429 25432
4 25464 25472 25475 25506
4 16120 25530 25533 25564
4 25600 25608 25611 25642
4 25646 25654 25657 25688
4 25706 25714 25717 25748
3 25775 25783 25786
3 25825 25833 25836
6 25856 25864 25867 25898 25924 25926
4 25929 25937 25940 25971
4 26005 26013 26016 26047
4 26059 26067 26070 26101
3 11805 26119 26122
4 26135 26143 26146 26177
4 25240 26188 26191 26222
3 26254 26262 26265
3 26292 26300 26303
3 26337 26345 26348
6 26354 26362 26365 26396 26422 26424
4 12420 26428 26431 26462
4 26479 26487 26490 26521
4 26539 26547 26550 26581
4 26600 26608 26611 26642
3 26652 26660 26663
4 10026 14623 19849 26700
4 26447 26728 26731 26762
3 26770 26778 26781
4 26827 26835 26838 26869
1 26888
3 26907 26915 26918
4 26952 26960 26963 26994
0
3 27019 27027 27030
3 27071 27079 27082
4 20234 27084 27087 27118
3 27156 27164 27167
4 27204 27212 27215 27246
4 27268 27276 27279 27310
4 27336 27344 27347 27378
0
3 27417 27425 27428
3 27458 27466 27469
3 16326 27490 27493
3 27535 27543 27546
4 27571 27579 27582 27613
3 27633 27641 27644
3 27680 27688 27691
4 23908 27700 27703 27734
3 27742 27750 27753
0
0
3 27799 27807 27810
0
3 27853 27861 27864
3 27912 27920 27923
0
4 27949 27957 27960 27991
3 26445 28002 28005
0
4 28048 28056 28059 28090
3 28122 28130 28133
1 28163
3 28183 28191 28194
0
4 28240 28248 28251 28282
1 28319
4 28328 28336 28339 28370
4 28380 28388 28391 28422
4 28446 28454 28457 28488
3 28509 28517 28520
3 26469 28534 28537
0
3 28574 28582 28585
1 28633
3 28646 28654 28657
4 28694 28702 28705 28736
4 28742 28750 28753 28784
2 28815 28823
4 28843 28851 28854 28885
0
0
5 28934 28942 28945 28976 29002
4 29020 29028 29031 29062
3 29102 29110 29113
0
0
4 29149 29157 29160 29191
3 29216 29224 29227
3 29266 29274 29277
4 15815 23710 29296 29327
1 29355
0
0
3 29377 29385 29388
4 29417 29425 29428 29459
4 29478 29486 29489 29520
4 29537 29545 29548 29579
4 29591 29599 29602 29633
0
3 29679 29687 29690
4 15190 29723 29726 29757
0
4 24626 29791 29794 29825
3 29865 29873 29876
4 29890 29898 29901 29932
4 29952 29960 29963 29994
4 30023 30031 30034 30065
4 30086 30094 30097 30128
3 30144 30152 30155
4 30180 30188 30191 30222
5 30233 30241 30244 30275 30301
3 30310 30318 30321
4 30359 30367 30370 30401
3 30434 30442 30445
4 30480 30488 30491 30522
3 30542 30550 30553
1 30596
4 30606 30614 30617 30648
5 30666 30674 30677 30708 30734
6 14228 15194 15197 30751 30777 30779
3 30800 30808 30811
0
0
0
3 30872 30880 30883
3 30903 30911 30914
0
4 30947 30955 30958 30989
4 31016 31024 31027 31058
4 31078 31086 31089 31120
4 31136 31144 31147 31178
4 31199 31207 31210 31241
2 31275 31283
3 31298 31306 31309
4 31350 31358 31361 31392
3 31409 31417 31420
3 31448 31456 31459
4 29676 31493 31496 31527
3 31549 31557 31560
4 31589 31597 31600 31631
4 31645 31653 31656 31687
3 31710 31718 31721
3 31750 31758 31761
4 31776 31784 31787 31818
3 31836 31844 31847
4 31869 31877 31880 31911
4 31947 31955 31958 31989
4 32004 32012 32015 32046
4 32067 32075 32078 32109
3 32150 32158 32161
4 32185 32193 32196 32227
4 32242 32250 32253 32284
3 32317 32325 32328
4 32357 32365 32368 32399
3 32411 32419 32422
4 32464 32472 32475 32506
4 28899 32532 32535 32566
3 32595 32603 32606
3 32649 32657 32660
3 32700 32708 32711
3 32734 32742 32745
3 32774 32782 32785
4 32795 32803 32806 32837
0
3 32863 32871 32874
0
3 32914 32922 32925
0
4 32946 32954 32957 32988
4 33023 33031 33034 33065
3 33078 33086 33089
3 33134 33142 33145
4 33165 33173 33176 33207
4 33235 33243 33246 33277
3 33298 33306 33309
0
4 33341 33349 33352 33383
3 33404 33412 33415
4 33422 33430 33433 33464
4 19488 30660 33471 33502
3 33525 33533 33536
4 33575 33583 33586 33617
3 33642 33650 33653
5 33660 33668 33671 33702 33728
4 33735 33743 33746 33777
4 33786 33794 33797 33828
3 33863 33871 33874
0
4 33912 33920 33923 33954
4 33972 33980 33983 34014
3 34038 34046 34049
3 34076 34084 34087
4 34099 34107 34110 34141
0
3 34155 34163 34166
0
4 34204 34212 34215 34246
3 34281 34289 34292
3 34325 34333 34336
3 34378 34386 34389
4 34426 34434 34437 34468
3 34490 34498 34501
0
4 34537 34545 34548 34579
3 34605 34613 34616
3 34648 34656 34659
2 34695 34703
6 33835 34711 34714 34745 34771 34773
4 15087 26041 34775 34806
6 34822 34830 34833 34864 34890 34892
4 34894 34902 34905 34936
3 34960 34968 34971
1 34992
4 35005 35013 35016 35047
0
3 35074 35082 35085
4 35114 35122 35125 35156
4 35186 35194 35197 35228
3 35260 35268 35271
0
4 35293 35301 35304 35335
3 35354 35362 35365
2 35386 35394
4 35412 35420 35423 35454
0
0
4 16185 35472 35475 35506
3 35532 35540 35543
3 35570 35578 35581
3 35622 35630 35633
2 35668 35676
5 35688 35696 35699 35730 35756
3 35774 35782 35785
3 35810 35818 35821
4 35843 35851 35854 35885
5 35890 35898 35901 35932 35958
4 35972 35980 35983 36014
5 36031 36039 36042 36073 36099
0
3 36121 36129 36132
0
3 36153 36161 36164
3 36194 36202 36205
3 36253 36261 36264
4 28179 36282 36285 36316
6 36331 36339 36342 36373 36399 36401
4 30411 36406 36409 36440
3 36473 36481 36484
4 36517 36525 36528 36559
0
4 36583 36591 36594 36625
3 36644 36652 36655
1 36686
3 36699 36707 36710
0
4 33493 36740 36743 36774
0
0
4 36798 36806 36809 36840
4 36857 36865 36868 36899
4 22871 36923 36926 36957
4 36974 36982 36985 37016
3 37031 37039 37042
3 37053 37061 37064
0
0
0
4 37083 37091 37094 37125
4 37146 37154 37157 37188
3 37218 37226 37229
0
3 37277 37285 37288
4 37325 37333 37336 37367
6 37387 37395 37398 37429 37455 37457
2 37464 37472
1 37490
0
3 37509 37517 37520
0
3 37576 37584 37587
3 37628 37636 37639
4 37669 37677 37680 37711
0
4 24976 37737 37740 37771
3 37796 37804 37807
3 37849 37857 37860
6 37888 37896 37899 37930 37956 37958
6 37961 37969 37972 38003 38029 38031
3 38048 38056 38059
0
4 38090 38098 38101 38132
4 38158 38166 38169 38200
4 38230 38238 38241 38272
0
0
4 38291 38299 38302 38333
4 38358 38366 38369 38400
4 38426 38434 38437 38468
4 38483 38491 38494 38525
0
4 38560 38568 38571 38602
3 38628 38636 38639
0
4 38679 38687 38690 38721
4 27773 38735 38738 38769
4 38801 38809 38812 38843
4 38865 38873 38876 38907
3 38933 38941 38944
3 38978 38986 38989
4 39008 39016 39019 39050
4 39071 39079 39082 39113
6 14201 20276 23952 39154 39180 39182
1 39198
0
0
4 39211 39219 39222 39253
4 39272 39280 39283 39314
3 39333 39341 39344
3 39379 39387 39390
4 33503 39425 39428 39459
1 39487
3 39495 39503 39506
4 39518 39526 39529 39560
4 39575 39583 39586 39617
4 39642 39650 39653 39684
4 39700 39708 39711 39742
4 39755 39763 39766 39797
4 39808 39816 39819 39850
4 27269 39855 39858 39889
3 39928 39936 39939
3 39968 39977 39980
1 40012
4 40022 40030 40033 40064
4 21613 40079 40082 40113
0
4 40160 40168 40171 40202
3 40215 40223 40226
4 40259 40267 40270 40301
4 40323 40331 40334 40365
1 40384
0
4 17963 24967 24989 40423
3 40453 40461 40464
3 40505 40513 40516
4 40558 40566 40569 40600
4 40642 40650 40653 40684
0
3 40707 40715 40718
0
4 40758 40766 40769 40800
0
6 40820 40828 40831 40862 40888 40890
0
1 40918
3 40942 40950 40953
3 40990 40998 41001
0
3 41035 41043 41046
3 41075 41083 41086
3 41124 41132 41135
0
4 41154 41162 41165 41196
1 41204
3 41228 41236 41239
4 10678 31127 41258 41289
4 21661 41314 41317 41348
4 25463 41368 41371 41402
4 41414 41422 41425 41456
4 41469 41477 41480 41511
3 41531 41539 41542
4 25246 41548 41551 41582
4 41602 41610 41613 41644
4 41674 41682 41685 41716
4 19252 29296 32793 41746
0
4 41780 41788 41791 41822
4 41856 41864 41867 41898
6 28899 41905 41908 41939 41965 41967
4 41975 41983 41986 42017
0
4 42047 42055 42058 42089
6 42112 42120 42123 42154 42180 42182
4 42184 42192 42195 42226
4 42250 42258 42261 42292
0
5 14537 31828 42183 42329 42355
4 30620 42360 42363 42394
3 42414 42422 42425
3 42450 42458 42461
3 42501 42509 42512
5 42537 42545 42548 42579 42605
4 42611 42619 42622 42653
4 42667 42675 42678 42709
4 42716 42724 42727 42758
0
4 42777 42785 42788 42819
4 42850 42858 42861 42892
3 42910 42918 42921
0
3 42935 42943 42946
4 42986 42994 42997 43028
4 43041 43049 43052 43083
4 26127 43099 43102 43133
3 43162 43170 43173
4 43188 43196 43199 43230
4 40693 43238 43241 43272
3 43306 43314 43317
4 43327 43335 43338 43369
2 43395 43403
4 43409 43417 43420 43451
3 43487 43495 43498
3 43518 43526 43529
0
0
0
4 43572 43580 43583 43614
4 43636 43644 43647 43678
0
3 38165 43709 43712
3 43745 43753 43756
4 13672 43763 43766 43797
4 43817 43825 43828 43859
3 43884 43892 43895
0
4 43924 43932 43935 43966
4 20069 41313 43981 44012
4 44036 44044 44047 44078
0
3 44108 44116 44119
3 44146 44154 44157
4 44179 44187 44190 44221
4 44229 44237 44240 44271
1 44302
3 44320 44328 44331
0
4 44366 44374 44377 44408
4 44430 44438 44441 44472
4 44496 44504 44507 44538
0
3 44554 44562 44565
3 44605 44613 44616
3 44644 44652 44655
3 44687 44695 44698
3 44737 44745 44748
4 44761 44769 44772 44803
0
0
0
3 44838 44846 44849
3 44881 44889 44892
4 44916 44924 44927 44958
0
6 14228 25394 28116 45027 45053 45055
3 45061 45069 45072
3 45104 45112 45115
4 45145 45153 45156 45187
4 45192 45200 45203 45234
4 45245 45253 45256 45287
1 45302
4 45323 45331 45334 45365
4 38020 45374 45377 45408
4 45432 45440 45443 45474
4 45485 45493 45496 45527
4 21222 26777 39841 45575
3 45612 45620 45623
4 44315 45639 45642 45673
2 45710 45718
4 25186 45725 45728 45759
0
4 45783 45791 45794 45825
4 45846 45854 45857 45888
4 45909 45917 45920 45951
3 45979 45987 45990
4 37966 45998 46001 46032
4 46052 46060 46063 46094
4 36715 46100 46103 46134
6 46161 46169 46172 46203 46229 46231
1 46248
4 46265 46273 46276 46307
4 46330 46338 46341 46372
3 46395 46403 46406
4 31604 46438 46441 46472
4 46507 46515 46518 46549
4 46568 46576 46579 46610
3 46620 46628 46631
4 40440 46655 46658 46689
4 46703 46711 46714 46745
4 19541 27124 39817 46790
0
3 46834 46842 46845
3 46875 46883 46886
4 46901 46909 46912 46943
4 34935 46968 46971 47002
3 47015 47023 47026
4 47062 47070 47073 47104
4 47126 47134 47137 47168
0
4 47183 47191 47194 47225
4 47251 47259 47262 47293
0
4 47324 47332 47335 47366
0
5 47394 47402 47405 47436 47462
3 47471 47479 47482
4 47511 47519 47522 47553
0
1 47571
0
4 47592 47600 47603 47634
3 47657 47665 47668
0
3 47718 47726 47729
3 47744 47752 47755
4 12241 46801 47781 47812
3 47844 47852 47855
4 47872 47880 47883 47914
3 47939 47947 47950
4 47993 48001 48004 48035
3 48044 48052 48055
1 48093
6 11863 21831 24730 48127 48153 48155
4 48171 48179 48182 48213
4 48243 48251 48254 48285
4 48298 48306 48309 48340
0
4 48360 48368 48371 48402
4 48429 48437 48440 48471
0
4 48496 48504 48507 48538
4 48568 48576 48579 48610
4 48642 48650 48653 48684
4 48701 48709 48712 48743
4 32101 48753 48756 48787
3 48826 48834 48837
4 25578 45022 48844 48875
4 48897 48905 48908 48939
3 48977 48985 48988
4 10506 49009 49012 49043
1 49077
4 49082 49090 49093 49124
4 49141 49149 49152 49183
4 22590 49195 49198 49229
4 49263 49271 49274 49305
4 49331 49339 49342 49373
4 49388 49396 49399 49430
4 49450 49458 49461 49492
0
4 19809 49509 49512 49543
3 49558 49566 49569
3 49593 49601 49604
3 49650 49658 49661
0
4 49687 49695 49698 49729
3 49756 49764 49767
0
4 49821 49829 49832 49863
3 49885 49893 49896
5 9866 24757 46140 49930 49956
4 21802 49958 49961 49992
4 50020 50028 50031 50062
4 50088 50096 50099 50130
0
3 50166 50174 50177
4 50190 50198 50201 50232
2 50261 50269
3 50285 50293 50296
3 50299 50307 50310
6 37928 50347 50350 50381 50407 50409
3 35327 50419 50422
0
3 50468 50476 50479
3 50503 50511 50514
4 50533 50541 50544 50575
4 50602 50610 50613 50644
0
3 50673 50681 50684
4 50726 50734 50737 50768
3 50789 50797 50800
0
0
0
4 50835 50843 50846 50877
2 50905 50913
4 41348 50921 50924 50955
1 50984
4 50999 51007 51010 51041
4 51061 51069 51072 51103
4 23353 34757 38780 51133
0
3 51176 51184 51187
4 51211 51219 51222 51253
3 51277 51285 51288
4 50902 51302 51305 51336
3 51347 51355 51358
4 42926 51368 51371 51402
3 51420 51428 51431
4 51439 51447 51450 51481
6 51503 51511 51514 51545 51571 51573
3 51590 51598 51601
4 51617 51625 51628 51659
3 51675 51683 51686
0
4 51724 51732 51735 51766
0
4 29746 51781 51784 51815
4 42208 51834 51837 51868
3 51903 51911 51914
4 51952 51960 51963 51994
0
3 52013 52021 52024
3 52051 52059 52062
0
3 52107 52115 52118
3 52147 52155 52158
0
4 8426 15482 16087 52187
4 52214 52222 52225 52256
4 44200 51294 52260 52291
4 24460 45235 52299 52330
3 52352 52360 52363
1 52398
4 52410 52418 52421 52452
4 52470 52478 52481 52512
0
4 52520 52528 52531 52562
0
3 52586 52594 52597
6 18473 28515 45658 52633 52659 52661
3 52666 52674 52677
4 26465 52708 52711 52742
4 52768 52776 52779 52810
4 26105 52824 52827 52858
4 52887 52895 52898 52929
4 52955 52963 52966 52997
4 21803 52635 53004 53035
3 53073 53081 53084
4 13668 21234 30928 53124
3 53154 53162 53165
4 53195 53203 53206 53237
1 53256
3 53274 53282 53285
3 53297 53305 53308
3 53340 53348 53351
4 48278 53373 53376 53407
3 53430 53438 53441
4 24525 53456 53459 53490
4 53507 53515 53518 53549
0
4 53596 53604 53607 53638
3 53652 53660 53663
3 53696 53704 53707
0
3 45568 53731 53734
0
5 53765 53773 53776 53807 53833
5 21360 53035 53836 53867 53893
0
3 53924 53932 53935
4 53959 53967 53970 54001
4 54027 54035 54038 54069
3 54103 54111 54114
0
4 54122 54130 54133 54164
1 54196
4 54209 54217 54220 54251
4 34045 50336 51692 54287
4 54309 54317 54320 54351
0
4 31822 54372 54375 54406
4 25578 49340 54428 54459
4 54490 54498 54501 54532
4 54541 54549 54552 54583
3 54608 54616 54619
3 54651 54659 54662
4 54695 54703 54706 54737
4 54744 54752 54755 54786
6 54811 54819 54822 54853 54879 54881
0
3 54899 54907 54910
6 54936 54944 54947 54978 55004 55006
3 55021 55029 55032
0
4 13396 21523 22227 55094
4 55132 55140 55143 55174
3 55196 55204 55207
4 11928 15425 15977 55229
4 55266 55274 55277 55308
3 55324 55332 55335
4 26192 52675 55351 55382
0
1 55416
4 55426 55434 55437 55468
4 55482 55490 55493 55524
3 43801 55543 55546
3 55572 55580 55583
4 55613 55621 55624 55655
3 55678 55686 55689
5 6450 13439 16099 55725 55751
0
4 55760 55768 55771 55802
3 55820 55828 55831
2 55872 55880
0
4 55892 55900 55903 55934
4 55954 55962 55965 55996
0
4 56015 56023 56026 56057
4 56075 56083 56086 56117
4 12806 51799 56123 56154
4 52971 56183 56186 56217
2 56243 56251
0
3 56268 56276 56279
4 25426 56294 56297 56328
4 56351 56359 56362 56393
0
4 5705 37950 52299 56442
1 56461
4 56481 56489 56492 56523
4 56548 56556 56559 56590
4 56604 56612 56615 56646
3 56665 56673 56676
4 56688 56696 56699 56730
4 56746 56754 56757 56788
3 56824 56832 56835
4 46500 52521 52564 56887
4 56892 56900 56903 56934
1 56943
1 56953
0
0
3 56991 56999 57002
4 51303 57039 57042 57073
3 57090 57098 57101
3 57116 57124 57127
4 57157 57165 57168 57199
1 57215
4 57218 57226 57229 57260
5 14387 33492 40638 57299 57325
3 55348 57334 57337
6 46741 57362 57365 57396 57422 57424
3 57433 57441 57444
3 57482 57490 57493
3 57518 57526 57529
4 57560 57568 57571 57602
4 57634 57642 57645 57676
4 57702 57710 57713 57744
3 57763 57771 57774
3 57823 57831 57834
3 57873 57881 57884
3 57924 57932 57935
3 57969 57977 57980
4 58008 58016 58019 58050
3 58094 58102 58105
0
4 28190 58147 58150 58181
5 58216 58224 58227 58258 58284
4 58288 58296 58299 58330
3 58352 58360 58363
3 58399 58407 58410
4 15779 26428 44762 58465
3 58490 58498 58501
4 16585 36519 58509 58540
3 58566 58574 58577
3 58618 58626 58629
0
5 9330 33660 49240 58691 58717
3 58733 58741 58744
3 58787 58795 58798
4 58803 58811 58814 58845
4 58869 58877 58880 58911
4 58919 58927 58930 58961
4 19928 34629 38456 58988
1 59017
2 59034 59042
0
3 59055 59063 59066
2 59114 59122
1 59135
3 59149 59157 59160
0
4 59187 59195 59198 59229
4 59256 59264 59267 59298
4 59320 59328 59331 59362
4 59375 59383 59386 59417
4 59437 59445 59448 59479
4 59511 59519 59522 59553
4 59592 59600 59603 59634
3 59654 59662 59665
4 59688 59696 59699 59730
4 59751 59759 59762 59793
6 59811 59819 59822 59853 59879 59881
2 59903 59911
3 59930 59938 59941
4 59960 59968 59971 60002
4 55071 60028 60031 60062
0
3 60079 60087 60090
3 60131 60139 60142
2 60171 60179
4 60193 60201 60204 60235
3 60261 60269 60272
4 43633 60303 60306 60337
0
4 17357 20519 24231 60380
5 23464 44396 60404 60435 60461
4 60481 60489 60492 60523
0
4 47688 60550 60553 60584
4 33492 60588 60591 60622
0
3 60658 60666 60669
3 60695 60703 60706
0
4 60729 60737 60740 60771
4 60772 60780 60783 60814
0
4 60856 60864 60867 60898
4 60902 60910 60913 60944
4 60964 60972 60975 61006
4 61017 61025 61028 61059
4 61090 61098 61101 61132
3 61152 61160 61163
4 61203 61211 61214 61245
0
4 61270 61278 61281 61312
5 22306 42479 61319 61350 61376
3 61385 61393 61396
3 61422 61430 61433
4 61464 61472 61475 61506
4 43714 61533 61536 61567
4 16442 30651 45028 61617
4 61647 61655 61658 61689
1 61709
1 61711
3 61719 61727 61730
4 61769 61777 61780 61811
4 61841 61849 61852 61883
3 61889 61897 61900
4 61925 61933 61936 61967
0
4 61982 61990 61993 62024
4 20197 39595 53841 62070
0
4 62113 62121 62124 62155
4 62168 62176 62179 62210
4 62231 62239 62242 62273
4 62277 62285 62288 62319
0
4 46959 62327 62330 62361
1 62389
3 62409 62417 62420
3 62461 62469 62472
4 20101 35412 62499 62530
3 62552 62560 62563
0
4 62597 62605 62608 62639
4 62662 62670 62673 62704
2 62715 62723
4 40423 62728 62731 62762
4 62778 62786 62789 62820
1 43725
3 62838 62846 62849
3 62876 62884 62887
1 62911
3 62932 62940 62943
4 49975 62956 62959 62990
3 63027 63035 63038
4 63060 63068 63071 63102
3 63115 63123 63126
3 63169 63177 63180
4 40426 60040 63211 63242
0
0
0
5 60596 63279 63282 63313 63339
4 63354 63362 63365 63396
0
3 63422 63430 63433
4 63462 63470 63473 63504
4 63530 63538 63541 63572
3 63592 63600 63603
6 7373 9468 10429 63636 63662 63664
3 63682 63690 63693
0
0
4 63734 63742 63745 63776
4 63809 63817 63820 63851
0
4 63878 63886 63889 63920
4 63940 63948 63951 63982
4 64003 64011 64014 64045
0
3 58163 64072 64075
4 64103 64111 64114 64145
4 64170 64178 64181 64212
4 26325 44512 61576 64257
3 33646 64275 64278
3 64317 64325 64328
0
0
4 64354 64362 64365 64396
4 27598 64410 64413 64444
3 64471 64479 64482
4 64507 64515 64518 64549
3 64572 64580 64583
4 64608 64616 64619 64650
3 64680 64688 64691
0
3 64739 64747 64750
4 64755 64763 64766 64797
3 64830 64838 64841
4 64865 64873 64876 64907
4 25269 64923 64926 64957
3 64980 64988 64991
3 65025 65033 65036
6 65072 65080 65083 65114 65140 65142
4 28737 36923 52274 65173
4 65203 65211 65214 65245
0
4 65262 65270 65273 65304
4 47678 65307 65310 65341
4 24471 51991 53892 65387
4 26041 59539 65411 65442
4 65469 65477 65480 65511
4 65527 65535 65538 65569
3 65592 65600 65603
4 19204 49702 65615 65646
3 65670 65678 65681
4 65713 65721 65724 65755
0
4 46110 65783 65786 65817
4 65827 65835 65838 65869
3 65903 65911 65914
3 65929 65937 65940
3 65967 65975 65978
4 66017 66025 66028 66059
0
4 28502 39802 52027 66094
4 66122 66130 66133 66164
4 66190 66198 66201 66232
4 66255 66263 66266 66297
3 66325 66333 66336
0
0
6 52309 66369 66372 66403 66429 66431
4 66441 66449 66452 66483
2 66507 66515
4 66519 66527 66530 66561
4 66576 66584 66587 66618
5 62640 66635 66638 66669 66695
4 66708 66716 66719 66750
4 66772 66780 66783 66814
0
4 66831 66839 66842 66873
3 66881 66889 66892
1 66934
0
3 66956 66964 66967
3 66978 66986 66989
4 67005 67013 67016 67047
4 64689 67077 67080 67111
4 67124 67132 67135 67166
4 32375 67186 67189 67220
4 67254 67262 67265 67296
4 23347 39091 64246 67342
0
4 28272 43564 54252 67386
1 67415
3 67425 67433 67436
4 67468 67476 67479 67510
5 36214 67512 67515 67546 67572
4 67587 67595 67598 67629
3 67656 67664 67667
1 67699
4 22534 60178 67709 67740
5 67767 67775 67778 67809 67835
4 32958 67837 67840 67871
4 67904 67912 67915 67946
4 62916 67972 67975 68006
3 68034 68042 68045
3 68059 68067 68070
4 68096 68104 68107 68138
1 68153
4 68167 68175 68178 68209
3 68224 68232 68235
4 68265 68273 68276 68307
6 68336 68344 68347 68378 68404 68406
3 68424 68432 68435
3 68460 68468 68471
4 68506 68514 68517 68548
4 68576 68584 68587 68618
0
3 68656 68664 68667
4 10281 30160 68696 68727
3 68753 68761 68764
4 68780 68788 68791 68822
6 20285 68840 68843 68874 68900 68902
3 68920 68928 68931
4 19986 31032 33510 68981
0
0
0
0
3 69024 69032 69035
0
3 69075 69083 69086
0
4 26997 65668 69095 69126
4 69145 69153 69156 69187
3 69201 69209 69212
1 18
4 37 45 48 79
0
3 111 119 122
4 167 175 178 209
4 253 261 264 295
4 333 341 344 375
0
0
4 424 432 435 466
0
4 512 520 523 554
4 588 596 599 630
4 653 661 664 695
3 721 729 732
3 768 776 779
4 827 835 838 869
1 896
3 921 929 932
4 961 969 972 1003
3 1038 1046 1049
4 1097 1105 1108 1139
4 1164 1172 1175 1206
3 1232 1240 1243
4 1279 1287 1290 1321
5 1350 1358 1361 1392 1418
5 1437 1445 1448 1479 1505
4 1524 1532 1535 1566
3 1606 1614 1617
4 1650 1658 1661 1692
4 1731 1739 1742 1773
0
3 1801 1809 1812
4 1859 1867 1870 1901
4 1931 1939 1942 1973
4 1995 2003 2006 2037
4 2063 2071 2074 2105
3 2143 2151 2154
3 2198 2206 2209
4 2257 2265 2268 2299
4 2321 2329 2332 2363
0
6 2401 2409 2412 2443 2469 2471
3 2487 2495 2498
3 2539 2547 2550
3 2594 2602 2605
0
0
3 2641 2649 2652
4 2678 2686 2689 2720
4 2743 2751 2754 2785
3 2817 2825 2828
3 2870 2878 2881
3 2927 2935 2938
4 2981 2989 2992 3023
3 3055 3063 3066
2 3092 3100
1 3119
4 3140 3148 3151 3182
2 3222 3230
4 3250 3258 3261 3292
4 3327 3335 3338 3369
0
4 3407 3415 3418 3449
4 3470 3478 3481 3512
4 3536 3544 3547 3578
4 3599 3607 3610 3641
4 3663 3671 3674 3705
4 3739 3747 3750 3781
4 3821 3829 3832 3863
4 3893 3901 3904 3935
3 3957 3965 3968
3 4001 4009 4012
4 4038 4046 4049 4080
4 4118 4126 4129 4160
2 4198 4206
4 4226 4234 4237 4268
5 4305 4313 4316 4347 4373
4 4392 4400 4403 4434
4 4463 4471 4474 4505
4 4526 4534 4537 4568
0
6 4616 4624 4627 4658 4684 4686
3 4706 4714 4717
4 4757 4765 4768 4799
3 4834 4842 4845
4 4881 4889 4892 4923
4 4947 4955 4958 4989
4 5014 5022 5025 5056
4 5085 5093 5096 5127
6 5161 5169 5172 5203 5229 5231
3 5251 5259 5262
4 5305 5313 5316 5347
4 5388 5396 5399 5430
4 5458 5466 5469 5500
3 5534 5542 5545
4 5588 5596 5599 5630
4 5672 5680 5683 5714
4 5746 5754 5757 5788
4 5824 5832 5835 5866
4 5895 5903 5906 5937
4 5957 5965 5968 5999
4 6021 6029 6032 6063
4 6083 6091 6094 6125
3 6158 6166 6169
1 6204
4 6219 6227 6230 6261
4 6293 6301 6304 6335
4 6368 6376 6379 6410
3 6442 6450 6453
4 6498 6506 6509 6540
3 6555 6563 6566
3 6594 6602 6605
4 6632 6640 6643 6674
4 6700 6708 6711 6742
4 6778 6786 6789 6820
3 6836 6844 6847
4 6881 6889 6892 6923
3 6957 6965 6968
3 7013 7021 7024
4 7055 7063 7066 7097
3 7124 7132 7135
3 7174 7182 7185
0
4 7239 7247 7250 7281
3 7319 7327 7330
0
3 7383 7391 7394
3 7435 7443 7446
4 7472 7480 7483 7514
4 7542 7550 7553 7584
0
3 7624 7632 7635
3 7678 7686 7689
0
4 7723 7731 7734 7765
6 7793 7801 7804 7835 7861 7863
4 7877 7885 7888 7919
4 7955 7963 7966 7997
4 8023 8031 8034 8065
4 8091 8099 8102 8133
4 8167 8175 8178 8209
3 8228 8236 8239
3 8265 8273 8276
4 8304 8312 8315 8346
3 8372 8380 8383
2 8406 8414
4 8433 8441 8444 8475
0
4 8530 8538 8541 8572
4 8607 8615 8618 8649
4 8681 8689 8692 8723
6 8742 8750 8753 8784 8810 8812
4 8837 8845 8848 8879
3 8912 8920 8923
1 8946
4 8963 8971 8974 9005
3 9025 9033 9036
0
0
0
3 9114 9122 9125
3 9171 9179 9182
3 9223 9231 9234
1 9276
4 9296 9304 9307 9338
3 9376 9384 9387
0
0
3 9433 9441 9444
3 9493 9501 9504
4 9535 9543 9546 9577
3 9611 9619 9622
0
3 9663 9671 9674
0
3 9723 9731 9734
3 9774 9782 9785
0
4 9827 9835 9838 9869
3 9892 9900 9903
4 9945 9953 9956 9987
4 10008 10016 10019 10050
0
6 10091 10099 10102 10133 10159 10161
4 10179 10187 10190 10221
4 10259 10267 10270 10301
4 10342 10350 10353 10384
4 10407 10415 10418 10449
6 10484 10492 10495 10526 10552 10554
0
3 10577 10585 10588
0
3 10630 10638 10641
4 10687 10695 10698 10729
3 10758 10766 10769
4 10806 10814 10817 10848
4 10866 10874 10877 10908
3 10929 10937 10940
0
3 10966 10974 10977
0
4 11005 11013 11016 11052
4 11088 11096 11099 11130
0
3 11156 11164 11167
4 11210 11218 11221 11252
4 11288 11296 11299 11330
0
3 11359 11367 11370
0
3 11425 11433 11436
4 11464 11472 11475 11506
4 11524 11532 11535 11566
4 11600 11608 11611 11642
4 11676 11684 11687 11718
4 11743 11751 11754 11785
3 11824 11832 11835
6 11855 11863 11866 11897 11923 11925
3 11944 11952 11955
4 11977 11985 11988 12019
3 12047 12055 12058
4 12081 12089 12092 12123
4 12148 12156 12159 12190
0
4 12234 12242 12245 12276
0
4 12307 12315 12318 12349
3 12382 12390 12393
4 12428 12436 12439 12470
4 12494 12502 12505 12536
3 12572 12580 12583
1 12621
3 12639 12647 12650
3 12676 12684 12687
4 12722 12730 12733 12764
4 12781 12789 12792 12823
4 12854 12862 12865 12896
4 12926 12934 12937 12968
4 13008 13016 13019 13050
0
3 13088 13096 13099
4 13147 13155 13158 13189
3 13210 13218 13221
1 13264
1 13288
0
3 13317 13325 13328
4 13368 13376 13379 13410
4 13434 13442 13445 13476
3 13496 13504 13507
4 13537 13545 13548 13579
4 13592 13600 13603 13634
4 13657 13665 13668 13699
1 13726
4 13744 13752 13755 13786
4 13820 13828 13831 13862
0
4 13888 13896 13899 13930
4 13950 13958 13961 13992
3 14012 14020 14023
4 14050 14058 14061 14092
4 14118 14126 14129 14160
0
3 14197 14205 14208
4 14226 14234 14237 14268
4 14293 14301 14304 14335
0
4 14364 14372 14375 14406
3 14442 14450 14453
3 14483 14491 14494
3 14528 14536 14539
0
0
4 14574 14582 14585 14616
4 14643 14651 14654 14685
4 14691 14699 14702 14733
4 14763 14771 14774 14805
0
0
2 14857 14865
0
0
4 14890 14898 14901 14932
4 14969 14977 14980 15011
4 15053 15061 15064 15095
0
3 15139 15147 15150
0
4 15182 15190 15193 15224
4 15243 15251 15254 15285
0
4 15311 15319 15322 15353
3 15372 15380 15383
4 15403 15411 15414 15445
3 15465 15473 15476
3 15516 15524 15527
0
4 15571 15579 15582 15613
3 15632 15640 15643
4 15686 15694 15697 15728
3 15744 15752 15755
3 15787 15795 15798
4 15841 15849 15852 15883
3 15904 15912 15915
4 15951 15959 15962 15993
4 16012 16020 16023 16054
0
4 16075 16083 16086 16117
4 16143 16151 16154 16185
4 16208 16216 16219 16250
3 16283 16291 16294
3 16321 16329 16332
4 16370 16378 16381 16412
4 16442 16450 16453 16484
1 16501
4 16516 16524 16527 16558
3 16588 16596 16599
0
4 16649 16657 16660 16691
4 16716 16724 16727 16758
4 16775 16783 16786 16817
4 16841 16849 16852 16883
3 16897 16905 16908
3 16935 16943 16946
4 16975 16983 16986 17017
0
0
4 17041 17049 17052 17083
4 17117 17125 17128 17159
4 17186 17194 17197 17228
4 17259 17267 17270 17301
4 17342 17350 17353 17384
4 17417 17425 17428 17459
4 17488 17496 17499 17530
4 17558 17566 17569 17600
3 17623 17631 17634
4 17656 17664 17667 17698
3 17726 17734 17737
0
4 17775 17783 17786 17817
4 17853 17861 17864 17895
0
3 17944 17952 17955
4 17983 17991 17994 18025
4 18044 18052 18055 18086
4 18095 18103 18106 18137
4 18157 18165 18168 18199
4 18221 18229 18232 18263
4 18289 18297 18300 18331
4 18354 18362 18365 18396
3 18416 18424 18427
3 18464 18472 18475
0
4 18499 18507 18510 18541
0
0
0
4 8377 18561 18564 18595
4 18616 18624 18627 18658
0
3 18683 18691 18694
3 18736 18744 18747
0
0
4 18802 18810 18813 18844
3 18861 18869 18872
4 18892 18900 18903 18934
4 18954 18962 18965 18996
0
3 19034 19042 19045
4 19085 19093 19096 19127
3 19145 19153 19156
4 19198 19206 19209 19240
0
3 19269 19277 19280
4 19320 19328 19331 19362
4 19376 19384 19387 19418
4 19436 19444 19447 19478
0
0
3 19504 19512 19515
0
4 19552 19560 19563 19594
4 19612 19620 19623 19654
4 19688 19696 19699 19730
3 19771 19779 19782
0
3 19818 19826 19829
4 19860 19868 19871 19902
4 19921 19929 19932 19963
4 19981 19989 19992 20023
0
4 20059 20067 20070 20101
4 20129 20137 20140 20171
4 20184 20192 20195 20226
4 20248 20256 20259 20290
4 20316 20324 20327 20358
4 20388 20396 20399 20430
4 20447 20455 20458 20489
4 20498 20506 20509 20540
4 20554 20562 20565 20596
4 20625 20633 20636 20667
3 20699 20707 20710
3 20730 20738 20741
0
3 20774 20782 20785
4 20830 20838 20841 20872
4 20890 20898 20901 20932
0
4 20966 20974 20977 21008
4 21023 21031 21034 21065
1 21090
