1 14
0
1 92
1 130
2 206 270
2 291 355
1 377
2 452 516
1 544
1 607
1 671
1 748
2 772 836
1 853
2 919 983
1 1000
1 1043
1 1100
1 1164
0
1 1215
1 1286
2 1360 1424
1 1450
2 1514 1578
1 1598
2 1662 1726
1 1752
1 1817
1 1873
1 1950
1 2008
1 2083
1 2148
1 2198
1 2260
1 2323
2 2391 2455
1 2473
1 2549
1 2601
1 2648
1 2686
0
1 2766
1 2829
1 2885
1 2950
2 3016 3080
2 3090 3154
1 3181
2 3195 3259
1 3276
1 3305
2 3378 3442
1 3452
1 3519
1 3582
1 3643
2 3714 3778
1 3800
1 3870
1 3942
1 4004
2 4038 4102
2 4118 4182
2 4191 4255
2 4266 4330
1 4352
1 4427
1 4489
2 4565 4629
2 3083 4697
1 4715
2 4762 4826
1 4843
1 4884
1 4957
2 5020 5084
1 5097
2 5172 5236
1 5245
2 5293 5357
1 5374
1 5443
1 5516
2 5564 5628
2 5640 5704
1 5717
2 5788 5852
1 5864
2 5918 5982
1 6000
2 6045 6109
1 6124
1 6187
1 6253
2 6321 6385
1 6403
1 6479
2 6505 6569
1 6584
1 6609
2 6632 6696
1 6709
1 6771
1 6832
1 6860
2 6896 6960
1 6975
1 7022
2 7053 7117
1 7126
1 7171
2 7221 7285
1 7307
2 5382 7403
1 7420
1 7431
1 7499
1 7570
1 7644
1 7697
2 7112 7783
2 7801 7865
1 7887
1 7952
1 8013
2 8079 8143
1 8150
1 8219
1 8248
1 7233
0
2 8336 8400
2 5728 8465
1 8483
1 8499
1 8516
2 8531 8595
1 8327
1 8656
2 7811 8780
2 7811 8856
1 8877
1 8945
1 9011
2 7077 9113
1 9130
1 9182
1 9223
2 9279 9343
1 9352
1 9411
1 9456
2 9526 9590
1 9604
1 9649
1 9719
1 9769
2 8729 9869
1 9883
1 9901
1 9913
2 9952 10016
2 10029 10093
2 10107 10171
2 10186 10250
2 10269 10333
1 10345
2 8576 10456
2 10466 10530
1 10547
1 10608
1 10648
2 9509 10775
1 10791
1 10826
2 10878 10942
1 10965
2 10979 11043
2 11048 11112
1 11121
2 11157 11221
2 9718 11285
1 11300
1 8671
1 11414
1 11448
1 11495
2 11555 11619
1 11626
2 11684 11748
1 11757
2 11825 11889
2 8718 11950
1 11967
1 12030
2 12075 12139
1 12154
1 12163
2 7786 12314
1 7692
1 12386
1 12423
2 4378 12534
2 4682 12587
1 12602
1 12633
1 12685
1 12742
1 12800
2 4799 12877
1 12897
2 12956 13020
1 13034
1 13102
1 13152
1 13162
1 13213
2 13264 13328
1 13335
1 8414
2 9555 13506
1 13522
1 13548
1 13620
1 13646
2 10784 13762
1 6027
1 5226
0
1 13877
1 13939
1 14003
1 14033
2 14062 14158
1 14174
1 14222
1 14278
2 14334 14398
1 14418
1 14472
2 14480 14544
1 14560
1 14615
1 14638
1 14690
1 14756
1 14827
1 14863
2 7246 14926
2 5087 14987
2 15001 15065
1 15073
2 15136 15200
0
1 14971
1 8664
1 15324
1 15389
2 7623 15458
1 9937
1 15510
1 15574
1 15632
1 15687
1 15736
1 15764
1 6840
1 15868
1 15924
1 15968
1 16025
2 6332 16134
1 16139
2 16177 16241
1 16262
1 16300
2 16329 16393
1 16411
1 16473
2 11684 16579
2 8816 16650
1 16266
1 16718
1 16780
1 16853
1 16905
1 16969
1 17030
1 17095
1 17166
1 17223
2 12569 17317
1 7525
1 7125
1 17433
1 17492
1 17563
2 17620 17684
1 17705
2 8282 17796
2 17762 17869
2 6420 17920
1 17931
0
1 17976
1 12343
1 15953
2 15315 18199
1 18214
1 17262
1 15425
1 18388
1 18448
1 7427
1 16679
1 18552
1 12884
1 18664
1 18709
1 18753
1 18792
1 18846
1 14940
1 18962
1 19026
2 14929 19128
1 19143
2 19110 19244
1 19253
1 19312
2 5178 19350
1 19366
2 19415 19479
1 19490
1 17436
1 19578
1 19627
2 19689 19753
2 19765 19829
1 4212
1 19890
1 19071
2 18916 20048
1 20052
2 5382 20159
2 10731 20219
2 10007 20267
1 20279
2 20346 20410
1 20419
1 20465
1 20527
2 20583 20647
1 20660
1 20715
1 20744
1 20796
1 20849
1 16131
2 9291 21015
2 7390 21077
1 21091
2 21107 21171
1 21189
0
1 17348
1 20781
2 14760 21418
1 21426
1 21473
2 21530 21594
1 13085
1 21652
1 21661
2 21723 21787
1 21795
1 21860
2 21896 21960
1 21976
1 22043
1 7282
2 19366 22217
1 22226
2 22275 22339
1 22348
1 10401
1 22467
2 22495 22582
1 10007
1 22646
2 12886 22742
1 22747
2 22789 22853
1 22861
1 22927
1 22966
2 23023 23087
1 23095
1 23150
1 23213
1 23254
1 23317
1 23372
1 23437
1 23453
2 18343 23560
1 23568
2 23629 23693
2 12220 23747
1 9278
2 23815 23879
2 17268 23936
2 8060 23976
2 17268 24043
1 24057
1 24098
2 12587 24199
1 24211
1 24265
1 24309
2 24341 24405
2 24409 24473
2 9362 24529
1 24535
1 12573
2 5899 24680
1 20834
1 24750
1 24812
1 24872
1 24904
2 16175 24962
1 14787
1 22413
1 25065
1 25120
1 25179
1 19642
1 24239
1 25358
1 25417
2 23757 25524
2 10093 25582
1 25596
1 20908
2 25702 25766
1 25771
1 25821
2 21259 25916
2 13185 25989
1 26001
1 26055
1 11497
1 26131
2 18293 26240
1 26250
1 26288
1 26333
2 25941 26414
1 8053
1 26475
1 26535
1 26596
1 26648
2 6557 26718
1 21338
1 26766
1 26823
1 26884
1 26903
1 26948
0
1 27015
1 27067
2 17292 27136
1 27152
1 27200
2 27264 27328
1 23989
1 27397
1 27413
1 27454
1 12325
1 27531
1 27567
1 27629
1 27676
1 20271
1 23763
0
0
1 27795
0
1 27849
1 27908
0
1 27291
1 18521
0
1 28044
1 28118
1 28159
1 28179
0
2 28236 28300
1 28315
1 28324
1 21873
1 28442
1 28505
1 23110
0
1 28570
1 28629
1 28642
1 28690
1 27694
1 28811
1 28839
1 28912
0
2 28930 28994
2 29016 29080
1 29098
0
0
1 29145
1 29212
1 29262
1 12573
1 29351
0
0
1 29373
1 29413
1 29474
1 29533
2 29587 29651
0
1 29675
1 10622
0
2 17919 29843
1 29861
2 29886 29950
2 13757 30012
1 30019
1 30082
1 30140
1 30176
2 30229 30293
1 30306
1 30355
1 30430
1 30476
1 30538
1 30592
1 30602
2 30662 30726
2 11552 30769
1 30796
0
1 30841
0
1 30868
1 30899
0
1 29243
1 31012
1 23985
1 31132
1 30823
1 31271
1 31294
1 31346
1 31405
1 31444
1 23882
1 31545
1 31585
1 31641
1 31706
1 31746
1 31772
1 31832
2 28487 31929
1 31943
1 32000
2 32063 32127
1 32146
1 19673
1 28255
1 32313
1 32353
1 32407
2 32460 32524
2 21629 32584
1 32591
1 32645
1 32696
1 32730
1 32770
1 32791
0
1 32859
0
1 32910
1 32944
1 30182
1 33019
1 33074
1 33130
1 33161
1 33231
1 33294
0
1 33337
1 33400
1 20336
1 18036
1 33521
1 33571
1 33638
2 33656 33720
1 33731
1 27780
1 33859
0
1 33908
1 33968
1 34034
1 34072
1 34095
0
1 34151
0
2 20926 34264
1 34277
1 34321
1 34374
1 34422
1 34486
0
2 34533 34597
1 34601
1 34644
1 34691
2 23204 34763
1 7886
2 34818 34882
1 17738
1 34956
1 34988
1 35001
0
1 35070
1 35110
1 35182
1 35256
0
1 35289
1 35350
1 35382
1 35408
0
0
2 15825 35524
1 27225
1 35566
1 35618
1 35664
2 35684 35748
1 35770
1 35806
1 35839
2 35886 35950
1 35968
2 36027 36091
0
1 36117
0
1 36149
1 36190
1 36249
1 20176
2 19614 36391
2 27052 36458
1 36469
1 36513
0
1 36579
1 36640
1 36682
1 36695
0
1 27454
0
0
1 36794
2 36853 36917
1 13480
1 36970
1 37027
1 34301
0
0
0
1 37079
1 37142
1 37214
0
1 37273
1 37321
2 37383 37447
1 37460
1 37486
0
1 37505
1 37559
1 37572
1 37624
1 37665
0
1 21188
1 37792
1 37845
2 34869 37948
2 26424 38021
1 38044
0
1 38086
1 38154
1 38226
0
0
1 38287
1 38354
1 38422
1 38479
0
1 38556
1 38624
0
1 38675
1 23371
1 38797
1 38861
1 38929
1 38974
1 39004
1 39067
2 11885 39172
1 39194
0
0
1 39207
1 36277
1 39329
1 39375
2 23732 39477
1 39483
1 39491
1 39514
1 39571
1 39638
1 39696
1 39751
1 25065
2 19563 39907
1 39924
1 39964
1 40008
1 38665
2 14637 40131
1 40138
1 40156
1 40211
1 28573
1 40319
1 40380
0
2 11489 40441
1 40449
1 40501
2 40554 40618
1 40638
0
1 40703
0
1 40754
0
2 40816 40880
0
1 40914
1 40938
1 40986
1 41020
1 41031
1 33380
1 41120
0
1 41094
1 41200
1 41224
2 8755 41307
1 16113
1 18800
1 41410
1 41465
1 41527
2 19641 41600
2 29746 41662
1 41670
1 15813
1 41759
2 41776 41840
1 41852
2 20496 41957
1 41971
0
1 42043
2 42108 42172
1 36407
1 42246
0
2 8996 42347
1 18944
1 42410
1 42446
1 42497
2 42308 42597
1 42607
1 42663
1 42712
0
1 42773
1 42846
1 42906
0
1 42931
1 42982
1 43037
2 15827 43151
1 43158
1 43184
2 23730 43290
1 43302
1 40748
1 43391
2 32822 43469
1 43483
1 43514
0
0
0
1 22709
1 43632
1 43702
1 34291
1 43741
1 9641
1 43813
1 43880
0
1 43920
1 12866
1 44032
0
1 44104
1 44142
1 42003
1 44225
1 44298
1 44316
1 35389
1 44362
1 44426
1 44492
0
1 44550
1 44601
1 44640
1 44683
1 44733
1 44757
0
0
0
1 44834
1 44877
2 41601 44976
1 44996
2 10028 45045
1 42021
1 45100
1 45141
1 45188
1 33669
1 45298
1 45319
1 25945
1 45428
2 45481 45545
2 18482 45593
1 45608
2 32118 45691
1 45706
1 15827
0
1 45779
1 45842
1 45905
1 45975
1 22664
1 46048
1 25933
2 46157 46221
1 46244
1 46261
1 46326
1 46391
2 21303 46490
1 46503
1 46564
1 46616
1 18876
2 46699 46763
2 15090 46808
1 46826
1 46830
1 46871
2 27328 46961
1 15642
1 47011
2 47058 47122
1 35520
0
2 47179 47243
1 43163
0
1 47320
1 47386
2 47390 47454
1 47467
1 47507
0
1 47567
0
2 47588 47652
1 39969
0
1 47714
1 47740
2 8053 47830
1 47840
1 47868
1 47935
1 47989
1 48040
1 48089
2 7231 48145
1 48167
1 48239
1 48294
0
2 48356 48420
1 48425
0
1 48492
2 48564 48628
1 48638
1 48697
2 27030 48805
1 48822
1 16584
2 48893 48957
1 48973
1 7386
1 49073
1 45379
1 49137
2 10365 49247
1 49259
1 49327
1 47431
1 49446
0
1 17401
1 49554
1 49589
1 49646
1 49678
2 49683 49747
1 49752
1 49802
1 49817
1 49881
2 9525 49948
1 15392
1 50016
1 50084
1 50149
1 50162
1 50186
1 50257
1 50281
1 43542
2 32108 50399
1 28023
1 50461
1 50464
1 50499
1 50529
1 50598
0
1 50669
1 50722
1 50785
0
0
0
1 50831
1 50901
1 40034
1 50980
1 50995
1 51057
2 15070 51151
0
1 51172
2 51207 51271
1 45012
1 39426
1 51343
1 25516
1 51416
1 49756
2 51499 51563
1 51586
1 51613
1 51671
0
1 51720
0
1 22136
2 30128 51886
1 51899
1 51948
1 52010
1 21287
1 52047
0
1 52103
1 52143
0
2 6439 52205
1 52210
1 34652
1 17326
1 52348
1 52394
1 52406
1 52466
0
1 52516
0
1 52582
2 13937 52651
1 41856
1 14953
1 52764
2 15052 52876
1 52883
1 52951
2 11700 53053
1 53069
1 9811
1 53150
1 53191
1 53252
1 53270
1 53293
1 53336
1 36189
1 53426
1 13907
2 46962 53567
0
1 53592
1 53648
1 53692
0
1 28741
0
2 43163 53825
2 15234 53885
1 53908
1 53920
1 53955
2 54023 54087
1 54099
0
1 46238
1 54192
1 54205
1 34034
1 54305
0
2 23985 54424
1 16179
1 54486
1 42926
1 54604
1 54647
1 54691
1 54740
2 54807 54871
1 54889
1 54895
2 53791 54996
1 55017
1 55069
2 11439 55112
1 55128
1 55192
2 8100 55247
1 55262
1 55320
1 19595
0
1 55412
1 55422
1 55478
1 18535
1 55568
1 27262
1 55674
2 4852 55743
0
1 55756
1 55816
1 55868
0
1 55888
1 55950
1 56006
1 56011
1 56071
2 7731 56172
1 41106
1 56239
0
1 56264
2 22304 56346
1 39600
0
1 5693
1 56457
1 56477
1 56544
1 56600
1 56661
1 48124
2 56742 56806
1 56820
1 28212
1 53111
1 56939
1 56949
0
0
1 56987
1 37772
1 57086
1 57112
1 57153
1 57211
1 48775
2 9164 57317
1 54273
2 30093 57414
1 57429
1 57478
1 57514
2 57556 57620
2 57630 57694
1 45802
1 57759
1 57819
1 57869
1 57920
1 57965
2 57522 58068
1 58090
0
2 23424 58199
2 58212 58276
2 57507 58348
1 53839
1 58395
1 12610
1 58486
2 13439 58558
1 58562
1 58614
0
2 9313 58709
1 58729
1 58783
2 40689 58863
1 58865
1 58915
1 16035
1 59013
1 59030
0
1 59051
1 59110
1 59131
1 59145
0
2 59183 59247
1 52280
1 59316
1 59371
1 47918
2 59507 59571
1 59588
1 59650
1 59684
1 43140
2 45698 59871
1 59899
1 59926
2 59956 60020
1 43235
0
1 60075
1 60127
1 60167
1 60189
1 60257
2 37971 60355
0
2 13035 60398
2 16053 60453
2 60477 60541
0
1 38653
2 16753 60640
0
1 60654
1 41945
0
1 60725
2 40075 60832
0
1 60852
1 41718
1 60960
2 61013 61077
1 61086
1 61148
1 61199
0
1 61266
2 15684 61368
1 61381
1 61418
2 61460 61524
2 24117 61585
2 15498 61635
1 61643
1 61705
1 41207
1 61715
2 61765 61829
1 61837
1 50633
1 61921
0
2 61978 62042
2 12216 62088
1 62105
1 62109
1 62164
1 62227
1 51858
0
1 33108
1 62385
1 62405
1 62457
2 13711 62548
1 55381
0
1 62593
1 62658
1 62711
1 26396
1 62774
1 37729
1 62779
1 62872
1 62907
1 62928
2 24423 63008
1 63023
1 63056
1 63111
1 63165
1 30122
0
1 63267
0
2 52127 63331
1 63350
1 63417
1 63418
1 63458
1 63526
1 63588
2 4843 63654
1 63678
0
0
2 63730 63794
1 63805
1 63877
1 39261
1 63936
1 63999
0
1 38861
1 64099
1 64166
1 22071
1 18981
1 64313
0
0
1 64350
1 18137
1 64467
2 64503 64567
1 64568
1 64604
1 64676
1 64718
1 64735
1 49831
1 64826
1 64861
1 19563
1 64976
1 65021
2 65068 65132
1 28718
1 65199
0
1 65258
1 34043
2 14769 65405
2 20251 65460
1 62255
1 65523
1 65588
2 9665 65664
1 65666
2 65709 65773
0
1 36774
1 65823
1 65899
1 65925
1 65963
1 66013
0
2 22203 66112
1 66118
1 66186
1 66251
1 66321
0
1 66367
2 36510 66421
1 66437
1 66503
1 58693
1 66572
2 42591 66687
2 66704 66768
1 52332
0
1 66827
1 45993
1 66930
0
1 66952
1 66974
2 67001 67065
1 49541
1 55388
2 19131 67238
1 67250
1 11582
0
2 23079 67404
1 67411
1 67421
1 67464
2 35706 67564
2 67583 67647
1 67652
1 67695
2 16113 67758
2 67763 67827
1 22517
2 67900 67964
1 43282
1 68030
1 68055
1 42673
1 68149
1 68163
1 68220
2 68261 68325
2 68332 68396
1 68420
1 68456
1 68502
1 68572
0
1 68652
2 7874 68745
1 68749
1 68776
2 8750 68892
1 68916
2 16222 68999
0
0
0
0
1 69020
0
1 69071
0
2 18351 69144
1 45564
1 69197
1 14
1 33
0
1 107
2 163 227
2 249 313
2 329 393
0
0
2 420 484
0
1 508
1 584
1 649
1 717
1 764
1 823
1 892
1 917
1 957
1 1034
1 1093
1 1160
1 1228
1 1275
2 1346 1410
2 1433 1497
2 1520 1584
1 1602
2 1646 1710
1 1727
0
1 1797
1 1855
1 1927
1 1991
2 2059 2123
1 2139
1 2194
1 2253
1 2317
0
2 2397 2461
1 2483
1 2535
1 2590
0
0
1 2637
1 2674
1 2739
1 2813
1 2866
1 2923
1 2977
1 3051
1 3088
1 3115
2 3136 3200
1 3218
1 3246
1 3323
0
1 3403
1 3466
1 3532
1 3595
1 3659
2 3735 3799
1 3817
1 3889
1 3953
1 3997
2 4034 4098
2 4114 4178
1 4194
2 4222 4286
2 4301 4365
1 4388
1 4459
2 4522 4586
0
2 4612 4676
1 4702
2 4753 4817
1 4830
1 4877
1 4943
1 5010
1 5081
2 5157 5221
1 5247
2 5301 5365
1 5384
1 5454
1 5530
2 5584 5648
1 5668
1 5742
1 5820
1 5891
1 5953
1 6017
1 6079
1 6154
1 6200
1 6215
1 6289
1 6364
1 6438
1 6494
1 6551
1 6590
1 6628
2 6696 6760
1 6774
1 6832
1 6877
1 6953
1 7009
1 7051
1 7120
1 7170
0
2 7235 7299
1 7315
0
1 7379
1 7431
1 7468
1 7538
0
1 7620
1 7674
0
1 7719
2 7789 7853
2 7873 7937
1 7951
1 8019
2 8087 8151
1 8163
1 8224
1 8261
1 8300
1 8368
1 8402
2 8429 8493
1 8509
2 8526 8590
1 8603
1 8677
2 8738 8802
1 8833
1 8908
1 8942
1 8959
1 9021
1 9078
0
0
1 9110
1 9167
1 9219
1 9272
2 9292 9356
1 9372
1 9406
0
1 9429
1 9489
2 9531 9595
1 9607
0
1 9659
0
1 9719
1 9770
0
1 9823
1 9888
1 9941
2 10004 10068
0
2 10087 10151
2 10175 10239
2 10255 10319
1 10338
2 10403 10467
2 10480 10544
0
1 10573
0
1 10626
1 10683
1 10754
1 10802
1 10862
1 10925
0
1 10962
0
2 11001 11070
1 11084
0
1 11152
1 11206
1 11284
0
1 11355
1 11406
1 11421
1 11460
1 11520
1 11596
1 11672
2 11739 11803
1 11820
2 11851 11915
1 11940
1 11973
1 12043
1 12077
1 12144
0
1 12230
0
1 12303
1 12378
1 12424
2 12490 12554
1 12568
1 12617
1 12635
1 12672
1 12718
1 12777
1 12850
2 12922 12986
1 13004
1 13070
1 13084
1 13143
1 13206
1 13260
1 13284
0
1 13313
1 13364
1 13430
1 13492
1 13533
1 13588
1 13653
1 13722
2 13740 13804
1 13816
0
1 13884
1 13946
1 14008
1 14046
1 14114
0
1 14193
1 14222
1 14289
0
2 14360 14424
1 14438
1 14479
1 14524
0
0
1 14570
1 14639
1 14687
1 14759
1 14827
0
1 14853
0
0
2 14886 14950
2 14965 15029
2 15049 15113
0
1 15135
0
1 15178
1 15239
0
1 15307
1 15368
1 15399
1 15461
1 15512
0
1 15567
1 15628
1 15682
1 15740
1 15783
1 15837
1 15900
1 15947
1 16008
0
1 16071
1 16139
1 16204
1 16279
1 16317
1 16366
1 16438
1 16497
1 16512
1 16584
0
1 16645
1 16712
1 16771
1 16837
1 16893
1 16931
1 16971
0
0
1 17037
1 17113
1 17182
2 17255 17319
2 17338 17402
1 17413
1 17484
1 17554
1 17619
1 17652
1 17722
0
2 17771 17835
2 17849 17913
0
1 17940
1 17979
1 18040
1 16600
1 18153
1 18217
1 18285
1 18350
1 18412
1 18460
0
1 18495
0
0
0
1 8373
1 18612
0
1 18679
1 18732
1 18776
0
1 18798
1 18857
1 18888
1 18950
0
1 19030
1 19081
1 17546
1 19194
0
1 19265
1 19316
1 19372
1 19432
0
0
1 19500
0
1 19548
1 19608
2 19684 19748
1 19767
1 19797
1 19814
1 19856
1 19917
1 19977
0
1 20055
1 20125
1 20180
1 20244
1 20312
1 20384
1 20443
1 20494
1 20550
1 20621
1 20695
1 20726
0
1 20770
1 20826
1 20886
0
1 20962
1 21019
1 21086
