8 45 50 64 67 78 79 81 86
8 95 100 114 117 128 129 131 136
8 45 66 157 160 171 172 174 179
8 47 188 202 205 216 217 219 224
8 71 237 251 254 265 266 268 273
8 49 283 297 300 311 312 314 319
8 65 259 330 333 344 345 347 352
8 7 365 379 382 393 394 396 401
8 148 202 418 421 432 433 435 440
8 61 282 449 452 463 464 466 471
8 66 294 486 489 500 501 503 508
8 49 286 346 460 526 527 529 534
8 543 548 562 565 576 577 579 584
8 63 199 597 600 611 612 614 619
8 83 628 642 645 656 657 659 664
8 50 282 520 538 682 683 685 690
8 50 157 703 706 717 718 720 725
8 50 498 746 749 760 761 763 768
8 49 283 459 517 778 779 781 786
8 406 797 811 814 825 826 828 833
8 6 175 845 848 859 860 862 867
8 49 223 327 431 880 881 883 888
8 49 282 312 323 478 525 695 899
8 5 832 921 924 935 936 938 943
8 45 322 952 955 966 967 969 974
8 45 85 992 995 1006 1007 1009 1014
8 49 283 475 522 942 957 1024 1029
8 83 228 449 459 899 942 1034 1042
8 27 66 992 1052 1063 1064 1066 1071
8 66 164 423 487 1083 1084 1086 1091
8 50 412 1106 1109 1120 1121 1123 1128
8 0 157 435 616 1143 1144 1146 1151
2 180 1160
8 39 424 799 1026 1176 1177 1179 1184
8 151 572 1199 1202 1213 1214 1216 1221
8 50 176 360 480 942 950 1081 1233
8 12 832 1252 1255 1266 1267 1269 1274
8 29 1283 1297 1300 1311 1312 1314 1319
8 700 919 1335 1338 1349 1350 1352 1357
8 59 178 372 505 1368 1369 1371 1376
8 47 64 300 325 1385 1386 1388 1393
8 13 184 711 845 1402 1403 1405 1410
8 83 286 537 695 1424 1425 1427 1432
8 83 286 338 452 680 695 899 1419
8 176 285 338 455 675 680 781 1028
8 49 174 372 527 1455 1456 1458 1463
8 35 283 1381 1472 1483 1484 1486 1491
8 50 165 527 700 1097 1142 1385 1503
8 157 497 1095 1248 1403 1512 1514 1519
8 323 494 1531 1534 1545 1546 1548 1553
8 49 283 380 472 1563 1564 1566 1571
8 49 283 459 529 1383 1580 1582 1587
8 59 261 1602 1605 1616 1617 1619 1624
8 66 222 1504 1633 1644 1645 1647 1652
8 83 286 480 698 1187 1237 1532 1664
8 61 286 675 826 1674 1675 1677 1682
8 6 66 597 720 1691 1692 1694 1699
8 97 410 1715 1718 1729 1730 1732 1737
8 59 240 1412 1747 1758 1759 1761 1766
8 45 66 232 527 1777 1778 1780 1785
8 45 187 847 908 1403 1518 1795 1800
8 57 265 1812 1815 1826 1827 1829 1834
8 167 457 1136 1191 1852 1853 1855 1860
8 45 79 1010 1113 1877 1878 1880 1885
8 59 277 308 316 478 521 537 1919
8 101 265 1928 1931 1942 1943 1945 1950
8 157 223 845 1039 1960 1961 1963 1968
8 182 911 1339 1342 1986 1987 1989 1994
8 49 151 293 299 479 517 680 1811
8 17 76 988 1064 2012 2013 2015 2020
8 151 512 2034 2037 2048 2049 2051 2056
8 49 203 346 406 673 681 963 1443
8 83 382 2075 2078 2089 2090 2092 2097
8 82 204 960 1233 2111 2112 2114 2119
8 95 597 2129 2132 2143 2144 2146 2151
8 83 245 323 455 899 957 1438 2161
8 759 807 2171 2174 2185 2186 2188 2193
8 270 2203 2217 2220 2231 2232 2234 2239
8 148 434 2252 2255 2266 2267 2269 2274
8 148 950 2295 2298 2309 2310 2312 2317
8 23 511 957 1171 1504 1663 1805 2330
8 6 227 973 1240 2346 2347 2349 2354
8 184 482 805 816 1668 1669 2128 2366
8 61 282 334 451 783 880 1432 2008
8 148 204 1932 2383 2394 2395 2397 2402
8 83 283 482 674 1177 1179 1237 2412
8 166 354 2424 2427 2438 2439 2441 2446
8 191 850 2015 2028 2465 2466 2468 2473
8 61 289 898 1349 2487 2488 2490 2495
8 53 153 435 606 1943 1949 2409 2514
8 49 282 323 343 680 683 698 2504
8 45 93 532 973 2535 2536 2538 2543
8 148 211 1154 1962 2558 2559 2561 2566
8 35 83 312 322 727 729 781 1240
8 59 83 413 498 1375 1381 1391 2116
8 59 165 612 842 1943 2473 2511 2588
8 7 221 681 770 1230 1237 1661 1914
8 184 196 977 1624 2607 2608 2610 2615
8 47 83 419 593 1113 1115 1379 2324
8 83 228 919 1032 1918 2617 2633 2638
8 597 746 2481 2649 2660 2661 2663 2668
8 406 1182 2683 2686 2697 2698 2700 2705
8 168 374 1035 1265 2600 2684 2715 2720
8 11 182 2729 2732 2743 2744 2746 2751
8 149 228 1794 1799 2761 2762 2764 2769
8 49 283 382 403 2082 2083 2091 2781
8 82 227 1122 2256 2796 2797 2799 2804
1 2813
8 170 371 933 956 2815 2816 2818 2823
8 71 177 848 942 1795 1801 2161 2833
8 90 1151 2852 2855 2866 2867 2869 2874
8 228 469 2678 2885 2896 2897 2899 2904
8 45 66 288 461 999 1005 1017 2168
8 229 496 1397 1850 2925 2926 2928 2933
8 146 718 921 944 2364 2634 2943 2948
8 59 283 338 372 698 906 1050 1461
8 83 283 372 469 1238 1420 1449 2635
8 206 607 2974 2977 2988 2989 2991 2996
8 50 360 1387 1849 3008 3009 3011 3016
8 6 69 483 532 1779 1787 2602 3028
8 50 160 724 950 3037 3038 3040 3045
8 49 178 336 460 899 973 1237 2506
8 6 480 1240 1801 2777 3062 3064 3069
8 45 153 1461 2534 3086 3087 3089 3094
8 49 259 327 356 680 683 698 1043
8 49 155 293 320 526 529 695 1432
8 148 1198 3120 3123 3134 3135 3137 3142
8 49 282 327 346 538 539 680 1000
8 61 283 343 460 695 698 793 1420
8 49 283 462 538 1443 1587 1851 2966
8 1 66 538 793 1999 3163 3165 3170
8 49 283 308 319 450 453 517 882
8 49 61 310 528 1415 1455 1759 2506
8 6 371 700 914 1663 1861 2369 3202
8 59 189 425 593 2612 3211 3213 3218
8 45 153 896 950 2328 2429 2925 3230
8 6 66 1835 2511 3247 3248 3250 3255
8 149 245 977 1141 2427 2429 2610 3267
8 49 251 311 322 646 695 904 2068
8 83 282 318 338 894 1038 1438 2161
8 61 283 314 327 540 695 1441 2079
8 49 277 314 323 673 695 897 1675
8 57 506 3299 3302 3313 3314 3316 3321
8 65 224 512 566 1121 1391 1848 2819
8 83 221 314 323 640 695 977 1592
8 59 277 1751 2525 3343 3344 3346 3351
8 83 283 455 492 1235 1237 1504 2819
8 84 182 1110 1367 3371 3372 3374 3379
8 13 221 802 914 1663 1680 1905 2936
8 153 852 1880 3317 3403 3404 3406 3411
8 59 153 412 505 1797 1943 3037 3424
8 157 601 1357 1403 2764 2767 2953 3437
8 65 305 675 900 3446 3447 3449 3454
8 58 84 288 295 668 695 897 1461
8 36 497 2925 3203 3501 3502 3504 3509
8 6 283 469 538 2625 2781 3284 3522
8 338 1450 3531 3534 3545 3546 3548 3553
8 146 184 955 1113 2337 2755 3086 3565
8 82 191 524 728 2609 2873 3593 3598
8 82 623 1941 1950 3614 3615 3617 3622
8 148 511 955 1110 2365 2574 2951 3645
8 59 201 532 748 1630 1919 2122 2582
8 6 167 697 848 1397 1400 1795 2801
8 148 201 441 699 1663 1746 1805 3354
8 59 211 1107 1406 3077 3151 3429 3675
8 251 354 2421 2427 3533 3535 3540 3553
8 35 164 739 1066 2591 2617 3010 3526
8 146 214 908 934 1417 1418 1884 2604
8 182 811 1519 1892 3407 3419 3704 3709
8 6 153 365 414 530 538 698 1973
8 50 511 3380 3723 3734 3735 3737 3742
8 167 239 2715 3027 3761 3762 3764 3769
8 63 468 3270 3780 3791 3792 3794 3799
8 53 71 527 953 2539 3181 3327 3812
8 47 75 500 683 1391 1919 1975 3821
8 45 153 1055 2328 3834 3835 3837 3842
8 83 282 460 493 1034 1043 1446 3104
8 45 92 950 989 2596 3181 3271 3858
1 2327
8 6 224 506 534 1109 1122 1845 2724
8 61 1072 3879 3882 3893 3894 3896 3901
8 6 69 1360 1401 3029 3033 3265 3912
4 156 3921 3935 3938
8 50 83 1388 2256 3951 3952 3954 3959
8 47 148 1158 1726 3785 3794 3968 3973
8 148 206 854 977 3421 3691 3983 3988
8 45 176 430 492 960 973 1142 1961
8 201 504 1035 1186 2809 2830 3011 4017
8 57 157 728 936 1793 1801 2332 4041
8 65 174 953 1168 4053 4054 4056 4061
8 221 700 936 1095 2726 2950 3379 4073
8 291 534 1184 2175 4082 4083 4085 4090
8 728 3639 4110 4113 4124 4125 4127 4132
8 23 412 807 1179 4141 4142 4144 4149
8 6 220 849 960 2715 2727 3180 4159
8 83 327 681 894 2504 2820 3304 4172
8 5 701 1512 2023 4190 4191 4193 4198
8 49 283 315 323 517 519 640 1234
8 57 153 538 992 2491 3026 4212 4217
8 8 83 325 523 1366 1401 1704 4226
8 908 921 1978 2000 4243 4244 4246 4251
8 6 214 770 814 1342 1663 1964 2369
8 49 279 460 538 957 1235 1403 2164
8 63 423 3438 4269 4280 4281 4283 4288
8 50 224 1370 1391 3691 3705 4297 4302
8 212 980 3244 4311 4322 4323 4325 4330
8 59 191 1063 1097 1704 2115 2177 3858
8 178 327 1034 1173 3064 3074 3783 4347
8 148 211 596 609 3215 3998 4357 4362
8 185 286 338 455 1423 1438 2004 3525
8 45 90 709 848 1018 1074 1233 2250
8 294 805 1524 1548 4262 4402 4404 4409
8 61 283 372 469 686 695 793 1446
8 49 283 343 387 1442 1450 1906 2082
8 191 609 4003 4426 4437 4438 4440 4445
8 6 228 343 512 1595 1632 2009 2970
8 49 283 338 368 784 899 1593 3283
8 61 283 326 380 673 693 898 2010
8 6 245 302 308 898 1095 1504 4472
8 49 283 519 673 1446 1447 2070 3663
8 50 304 1937 2232 4493 4494 4496 4501
8 13 497 945 1122 2955 3203 3734 4513
8 59 198 308 325 1234 1367 1502 2161
8 148 197 434 505 1097 1113 1375 2511
8 6 1959 4542 4545 4556 4557 4559 4564
8 49 282 452 469 1095 1177 1446 2483
8 5 221 934 1230 2634 2769 2950 4078
8 61 283 305 314 778 906 1432 3461
8 47 61 290 310 953 992 1370 2504
8 59 201 372 475 894 1089 1824 3361
8 173 973 3797 4627 4638 4639 4641 4646
8 83 289 452 460 906 1012 1504 3360
8 6 327 676 799 1859 2599 2830 3291
8 50 206 1406 1892 3712 4130 4577 4672
8 201 712 1805 2991 4683 4684 4686 4691
8 49 286 460 524 1023 1400 1496 3061
8 49 160 327 344 783 793 894 3167
8 221 1036 4711 4714 4725 4726 4728 4733
8 75 232 1788 2130 2655 2755 4742 4747
8 49 240 300 322 1232 1762 2528 3359
8 1 22 1284 1287 1319 1323 1326 4233
8 83 289 449 517 963 1444 2004 4768
8 148 454 3026 4142 4785 4786 4788 4793
8 61 334 1696 1919 4806 4807 4809 4814
8 224 541 1548 1854 4409 4823 4825 4830
8 19 364 3730 4187 4847 4848 4850 4855
8 45 85 880 989 2454 2538 3265 4864
8 45 66 399 520 2590 3243 3948 4875
8 148 228 816 836 1504 1532 1548 3008
8 45 165 614 728 1376 1496 1883 3151
8 83 283 397 452 680 684 899 1450
8 174 832 1801 2328 4081 4096 4893 4898
8 6 82 454 593 2368 2718 3425 4907
2 75 2795
8 49 283 338 455 1042 1419 1448 2528
8 39 371 921 1532 4824 4944 4946 4951
8 0 259 1906 2086 4964 4965 4967 4972
8 27 69 869 984 1066 1366 1763 3390
8 9 27 509 945 3164 3207 3633 4777
8 49 251 372 460 957 961 1234 3719
8 83 770 2372 4084 5011 5012 5014 5019
8 6 83 533 695 1392 1528 1919 3826
8 151 701 1349 1799 4040 5036 5038 5043
8 146 228 908 1110 1404 1407 2327 3444
8 46 75 3144 3919 5065 5066 5068 5073
8 148 706 1417 2135 5082 5083 5085 5090
8 59 277 708 923 1864 2331 3490 5100
8 61 282 314 321 478 479 519 695
8 59 219 973 1109 5114 5115 5117 5122
8 59 197 418 464 687 748 807 1237
8 45 76 1072 1218 3663 3692 3844 5135
8 283 338 4602 5145 5156 5157 5159 5164
8 55 193 859 1101 3444 3473 4576 5173
8 221 492 1504 1680 5186 5187 5189 5194
8 214 773 5212 5215 5226 5227 5229 5234
8 157 701 1084 1329 1511 1513 1518 2327
8 557 2882 5257 5260 5271 5272 5274 5279
8 148 216 1081 1150 3826 4683 5289 5294
8 201 240 1407 1757 4301 5303 5305 5310
8 49 178 433 540 2524 2838 3184 5319
8 170 432 937 1232 2643 2777 3184 5319
8 61 277 519 640 976 1237 1391 1919
8 49 286 526 673 1919 2504 3522 5338
8 50 220 706 850 1795 1864 1964 2881
8 14 150 541 952 2585 2793 3181 5351
8 49 282 325 346 538 673 695 1033
8 6 66 491 701 1122 1289 1704 5360
8 51 1260 5372 5375 5386 5387 5389 5394
8 157 494 908 914 1363 1403 1895 2364
8 49 286 460 521 1446 1454 2919 5406
8 52 200 1623 3006 5420 5421 5423 5428
8 83 382 2083 2779 5437 5438 5440 5445
8 8 30 1070 1290 3433 3698 3730 5455
8 83 251 493 708 3341 3356 4093 5464
8 47 148 296 322 540 608 683 1081
8 23 384 1903 2023 5474 5475 5477 5482
8 151 221 894 1094 2331 2766 3441 5493
8 61 224 460 521 1038 1177 1586 2453
8 201 923 3023 4124 5509 5510 5512 5517
8 16 153 1286 2392 5526 5527 5529 5534
8 6 821 1351 1538 3496 4051 4053 5483
8 83 294 541 788 3280 3638 4470 5552
8 157 718 1125 1349 3380 3433 4517 5564
8 1 175 2671 4802 5581 5582 5584 5589
8 59 277 327 372 794 899 942 2506
8 49 223 542 1044 2164 2500 3282 4655
8 59 201 963 1089 3295 3662 5606 5611
8 49 91 292 304 695 709 897 1763
8 61 251 460 640 1045 1171 1240 1798
8 83 296 698 1038 4398 4604 5626 5631
8 6 224 327 528 1461 1547 2067 3687
8 49 282 323 371 1571 2506 3720 5648
8 82 201 923 1039 1663 1857 1962 3430
8 49 178 334 450 904 946 1679 2766
8 58 192 1090 1700 5667 5668 5670 5675
8 5 1349 2818 4199 5690 5691 5693 5698
8 45 151 908 1357 3434 3437 4893 5710
8 49 282 311 319 517 525 536 695
8 49 244 338 455 1403 1494 2882 4260
8 740 1933 5733 5736 5747 5748 5750 5755
8 58 83 540 710 1235 1366 1778 3464
8 221 726 1360 1417 3433 3438 4373 5572
6 150 1004 5781 5784 5795 5796
8 50 184 960 1389 2596 2701 4144 5800
8 6 91 419 498 1081 1146 1235 1973
8 59 397 1136 1368 2921 2936 4669 5813
8 83 300 519 686 2903 3180 4926 5826
8 101 748 2195 2414 4414 4456 5007 5839
8 49 259 319 334 781 783 880 2007
8 91 228 673 698 2587 2599 3282 4704
8 52 283 518 532 973 1023 1121 2575
8 83 283 455 475 1033 1443 1604 4482
8 83 286 372 459 2492 2626 5127 5872
8 59 222 458 490 1033 1366 1369 1845
8 458 823 2601 5007 5888 5889 5891 5896
8 49 148 976 1146 3613 3751 4625 5908
8 47 190 1389 1409 4026 4146 5917 5922
8 45 69 1877 2916 5934 5935 5937 5942
8 901 4353 5963 5966 5977 5978 5980 5985
8 49 277 302 312 517 519 536 904
8 59 223 681 950 1672 2065 2966 4713
8 176 488 973 1037 2718 2936 4105 6002
8 148 205 731 1700 4438 4632 5294 6015
8 87 3190 6026 6029 6040 6041 6043 6048
8 47 216 1112 1402 3621 3627 5426 6057
8 39 203 807 1039 3058 3062 3336 6068
8 164 448 2561 3617 6080 6081 6083 6088
8 83 201 1039 1222 3221 3619 4178 6097
8 52 161 498 532 1366 1374 1845 3429
8 34 244 1787 2368 3916 4089 5132 6113
8 6 371 969 1369 2936 3177 3682 6122
1 45
8 52 161 334 522 1450 1547 2005 2439
8 157 908 1902 3433 6143 6144 6146 6151
8 13 220 944 1168 1663 1701 1961 2634
8 61 170 569 608 1403 1405 1418 2331
8 61 279 317 326 904 906 1587 2970
8 46 1388 2903 3700 6196 6197 6199 6204
8 50 166 414 493 1050 1081 1423 1759
8 50 184 312 319 512 538 674 898
8 50 338 2331 4041 6224 6225 6227 6232
8 61 235 1146 1604 6241 6242 6244 6249
8 184 401 1701 2431 5931 5952 6258 6263
8 49 283 326 380 695 793 1023 1444
8 185 480 1845 2641 6293 6294 6296 6301
8 59 189 336 372 894 904 980 1455
8 50 201 950 1072 2326 2328 3045 5844
8 157 1363 4008 4382 6329 6330 6332 6337
8 6 497 969 1122 2365 3012 3643 6346
8 27 75 1833 2161 6362 6363 6365 6370
8 1 62 921 992 3166 3176 3425 5115
8 47 148 433 506 1089 1098 1385 1752
8 83 284 324 338 695 906 1028 1571
8 49 283 372 460 899 963 1025 1681
8 83 343 980 1107 3107 3296 3659 6389
8 6 228 909 942 1363 1403 1512 1805
8 8 283 498 674 3506 3508 4963 6402
8 203 406 1397 1854 4716 4723 5182 6411
8 49 256 316 325 1028 1442 2068 5863
8 146 221 1991 2460 3864 4521 4677 6429
8 47 193 1624 1824 3952 5073 5800 6439
2 66 222
8 61 178 479 519 1370 1403 1502 3151
8 327 681 4301 5825 6459 6460 6462 6467
8 261 371 2232 2896 6479 6480 6482 6487
8 61 201 540 695 1770 2161 3180 4605
8 49 151 300 310 673 683 729 1446
8 49 277 336 380 673 680 695 1026
8 49 251 327 449 668 673 675 880
8 156 2015 5841 6507 6518 6519 6521 6526
8 49 151 294 300 897 904 1028 1709
8 50 211 1081 1234 3037 3221 4115 6538
8 57 251 325 460 1441 1587 2005 4472
8 49 165 4770 6498 6564 6565 6567 6572
8 49 174 300 308 462 469 519 898
8 45 90 950 988 2551 3756 6588 6593
8 13 175 908 940 1999 2354 2767 4587
8 49 283 322 338 522 538 674 788
8 47 97 739 773 2585 2656 4146 6611
8 59 495 1170 1237 4652 5841 6311 6622
8 45 70 988 992 2532 2539 2551 5948
8 45 90 865 988 2918 3181 4351 6638
8 59 211 447 505 944 950 973 1240
8 214 483 1107 1636 3361 3391 4711 4971
8 6 497 3724 4191 6661 6662 6664 6669
8 47 213 1955 2991 5312 5657 6678 6683
8 167 746 1532 2562 5089 5844 6692 6697
8 45 206 851 942 1807 2109 2586 4227
8 83 288 530 668 5642 5852 6711 6716
8 8 22 1294 1323 6587 6591 6726 6731
8 261 521 2896 2907 6744 6745 6747 6752
8 47 217 1146 1624 2652 2795 3613 6168
8 48 66 955 1095 3138 3215 4624 6769
8 27 176 1366 3756 6783 6784 6786 6791
8 51 206 1763 2285 6800 6801 6803 6808
8 8 1272 6818 6821 6832 6833 6835 6840
8 45 147 505 858 1375 1403 1698 1883
8 107 188 6440 6858 6869 6870 6872 6877
8 13 364 1101 1245 2332 2946 3401 4511
8 146 364 1402 1417 4167 4576 6620 6900
8 83 286 349 455 674 675 681 1034
8 45 94 990 1005 2534 2589 2913 6910
8 45 93 435 527 1375 1391 1805 4065
8 25 855 2015 2457 10766 11903 12070 17622
8 17 39 509 597 1968 2354 2471 3512
8 59 289 3153 3350 5107 5471 6909 6935
8 83 512 1330 1696 6157 6944 6946 6951
8 49 91 365 447 593 597 701 1107
8 13 701 1357 1794 2881 2943 2953 4375
8 47 191 1081 1112 2331 2727 3751 6967
8 46 80 1366 1763 6264 6644 6977 6982
8 148 217 1405 1942 5426 6104 6991 6996
8 40 247 1884 2404 7008 7009 7011 7016
8 59 222 1367 1507 4920 6098 7025 7030
8 50 83 418 430 1367 1375 1389 1768
8 61 289 498 536 1089 1664 1772 4051
8 207 7046 7060 7063 7074 7075 7077 7082
8 59 593 1763 1880 5303 6125 7092 7097
8 57 200 803 832 1240 1360 2364 4257
8 49 221 304 319 522 538 680 894
8 148 193 701 727 1360 1403 2328 3191
8 49 170 346 455 793 898 1370 1663
8 83 292 2377 3082 7124 7125 7127 7132
8 6 184 2494 4617 7149 7150 7152 7157
8 59 206 699 1039 1509 1643 1973 3218
8 66 184 454 593 1391 1503 2107 2718
8 49 155 300 314 512 517 520 894
8 224 492 3361 4127 4737 5328 5516 7179
8 49 251 308 323 462 469 480 695
8 45 92 997 1008 2473 2916 4039 6587
8 49 221 542 674 1025 1028 1089 1968
8 50 176 520 683 1397 1407 1483 2612
8 6 167 1097 1779 3751 3754 6120 7209
8 148 228 1409 1482 6582 7218 7220 7225
4 49 245 300 343
8 83 294 534 1230 2424 3452 5642 7239
8 45 219 724 952 1506 1630 1962 2837
8 157 220 729 859 1796 1864 2766 6439
8 6 167 492 535 1397 1999 3180 6406
8 11 577 1197 1252 1518 1519 1960 2881
8 153 225 1929 2121 7268 7269 7271 7276
4 47 87 950 2766
8 49 286 522 530 1675 2004 2526 4600
8 49 277 334 517 2076 3054 3295 4926
8 5 40 720 911 1289 1291 1482 4910
8 49 251 346 458 695 698 793 1383
8 49 151 288 294 325 326 372 519
8 6 151 845 859 1351 1403 1694 1883
8 597 748 7312 7315 7326 7327 7329 7334
8 49 277 319 368 1036 1038 1547 2781
8 49 185 296 320 894 897 1023 1921
8 49 155 318 346 963 1234 1366 1696
8 6 203 492 538 1185 1230 1446 2331
8 8 166 1090 1367 6702 6730 6736 7356
8 201 1961 7367 7370 7381 7382 7384 7389
8 1127 7401 7415 7418 7429 7430 7432 7437
8 184 466 657 712 1845 1895 2641 7446
8 3 308 5114 7455 7466 7467 7469 7474
8 59 220 703 847 1178 1391 1495 1961
8 7 376 803 969 2924 2933 3064 4723
8 58 216 1084 1391 2804 3037 7483 7488
8 61 286 464 517 1547 1571 1587 3338
8 45 197 1618 1928 6640 7503 7505 7510
8 6 167 718 908 1664 1699 3169 3820
8 101 428 2277 2585 7527 7528 7530 7535
8 49 282 460 517 894 899 1023 2065
8 12 364 937 1104 2327 2777 3388 4996
8 27 153 1696 1877 4224 5096 6138 7556
8 83 224 831 1096 2830 3077 3870 4711
8 157 418 1939 2580 7575 7576 7578 7583
8 203 484 973 1171 1371 1663 1845 2823
8 6 406 911 1032 1630 1663 2211 2815
8 49 283 538 683 1919 2010 2079 3367
8 157 1064 4576 5175 7610 7611 7613 7618
8 53 222 2596 3916 7630 7631 7633 7638
8 49 285 327 372 673 675 695 1038
8 201 464 1171 1179 2588 2597 2599 4885
8 61 259 2381 3043 7657 7658 7660 7665
8 6 83 300 314 529 537 695 1370
8 49 283 677 942 2331 2377 2966 3780
8 61 178 462 585 1420 1438 1746 2161
8 82 282 533 673 1438 1449 1864 2523
8 49 286 338 455 898 906 1028 1447
8 45 69 289 430 1063 1070 1095 3844
8 45 66 1005 1088 3242 3243 3258 3949
8 46 206 859 1240 1804 1864 2814 4265
2 151 2169
8 52 83 297 417 1089 1095 1109 1372
8 59 397 2410 3377 6460 6919 7042 7706
8 6 185 466 482 1177 1237 1369 2921
8 11 182 1349 1701 3243 3471 4079 7555
8 157 430 909 1101 1964 2256 3195 4039
8 2 26 1250 1701 4189 4196 7730 7735
8 82 192 1406 1998 4511 6040 7270 7748
8 182 700 945 1207 1519 2128 2364 3643
8 59 223 957 1172 3663 3693 4178 7025
8 2138 7766 7780 7783 7794 7795 7797 7802
8 61 283 1564 3033 7814 7815 7817 7822
8 83 284 524 897 3872 4601 6107 7239
8 50 193 1691 2562 7840 7841 7843 7848
8 4 66 1286 1292 3508 3983 4957 7857
2 6 529
8 64 202 1113 1405 4447 4685 5719 7871
8 1 66 703 849 1698 1805 2688 4884
8 233 306 6253 7596 7896 7897 7899 7904
8 193 338 2422 2430 3539 3553 5031 7914
8 148 559 2874 4430 7929 7930 7932 7937
8 52 70 842 989 2596 3166 4224 7947
8 16 93 834 859 1327 1375 1769 3423
8 35 189 427 612 2383 2387 3221 3639
8 45 75 435 593 1080 1081 1235 1839
8 49 245 300 323 894 1466 1754 3359
8 151 289 1604 2211 6488 6489 7964 7969
8 49 149 323 460 877 961 1571 2957
8 49 155 304 338 881 897 1370 3360
8 63 300 2889 2904 7981 7982 7984 7989
8 214 360 708 973 2963 2967 4718 6007
8 6 71 283 292 942 950 1052 1370
8 45 567 5226 8007 8018 8019 8021 8026
8 45 148 859 1063 3813 4232 8035 8040
8 203 319 680 687 1449 1453 1857 3037
8 13 812 2950 3641 7758 8053 8055 8060
8 1 224 2755 4138 8071 8072 8074 8079
8 6 151 631 945 3864 4042 6287 8090
8 759 807 1546 1559 3927 3928 5016 8101
8 156 224 807 1171 3020 3033 4144 5801
8 49 312 976 2421 5145 5253 5642 8117
8 6 178 515 1044 3610 4473 4476 7172
8 11 914 4187 8126 8137 8138 8140 8145
8 59 184 796 806 3203 3499 4095 8154
8 83 284 469 538 1421 1423 1446 3040
8 83 294 460 492 1461 1672 2528 4983
8 6 66 653 897 1663 1779 2648 4232
8 151 296 675 685 2447 3053 4176 8179
8 151 192 706 821 1360 1397 1630 2777
8 23 731 928 943 1334 1335 1346 1403
8 27 153 1005 1074 2539 2617 3244 5136
8 49 286 492 673 2056 3053 3828 8210
8 59 717 8225 8228 8239 8240 8242 8247
8 146 494 3008 3298 8261 8262 8264 8269
8 83 224 1691 2106 7507 8278 8280 8285
8 49 251 304 327 882 898 921 4773
8 50 201 528 614 1968 2346 4300 8299
8 46 75 623 833 1815 1977 2136 4059
8 11 2733 8139 8314 8325 8326 8328 8333
8 711 2448 8345 8348 8359 8360 8362 8367
8 49 153 327 450 1142 1234 1381 2513
8 29 426 1367 1600 4224 4351 4617 7863
8 49 83 520 540 1391 1400 1919 3048
5 198 427 2766 5324 8394
8 167 227 513 534 1461 1663 1864 2830
1 8396
8 11 720 1122 1342 2364 2365 2724 3641
8 49 167 312 343 2205 3089 3280 6101
8 377 950 8410 8413 8424 8425 8427 8432
8 82 211 442 623 1511 1956 2068 3189
8 61 283 512 673 1237 1502 2079 4051
8 49 273 363 387 1906 2020 2082 4812
8 6 191 469 593 1089 1110 1849 2511
8 75 167 845 955 3196 3235 3698 4680
8 23 157 706 973 3810 3869 5096 8462
8 53 219 1381 1939 3627 4300 4626 8471
8 57 383 1334 1731 5334 6374 6433 8485
8 47 78 430 441 1233 1387 1971 5949
8 59 201 700 859 1962 2262 2879 7255
8 59 192 608 702 1089 1329 1363 1503
8 49 279 304 319 532 674 695 1442
8 59 224 973 1663 5000 5332 5995 8517
8 59 221 728 1113 2508 2962 3336 8528
8 47 201 859 1406 4451 5056 5119 8539
8 49 155 295 348 2439 3463 4474 8550
8 153 608 950 1351 2765 2767 3363 7075
8 49 251 296 308 459 460 517 695
8 50 380 1392 2485 8388 8567 8569 8574
8 151 224 950 1363 2332 2766 2833 4167
8 164 224 538 1034 2509 3336 3611 5621
8 259 568 2999 6814 8599 8600 8602 8607
8 45 151 896 1088 3465 3814 4528 8469
8 59 184 1089 1113 4037 4339 5113 8623
8 57 569 2052 4522 8636 8637 8639 8644
8 83 283 338 452 685 686 781 1038
8 47 156 754 1089 3374 3808 3982 8471
8 184 494 911 944 1994 2128 2364 3031
8 61 204 515 534 1237 1367 1696 5368
8 49 251 1089 1927 8385 8672 8674 8679
8 6 197 1663 2136 8688 8689 8691 8696
8 40 182 960 1100 3368 4807 8643 8724
8 220 289 973 1825 8738 8739 8741 8746
8 45 221 1837 2341 3845 4046 5037 8757
8 6 361 1039 1780 3757 4035 4351 8105
8 45 78 1370 1630 3946 3951 4161 5930
8 49 279 368 450 897 1450 1587 2087
8 61 1048 7572 8613 8791 8792 8794 8799
8 190 8224 8815 8818 8829 8830 8832 8837
8 59 294 1366 1461 4093 4139 4646 8163
8 368 921 5213 8856 8867 8868 8870 8875
8 148 419 3222 3620 8456 8483 8885 8890
8 50 93 608 848 1372 1375 1388 3376
8 6 190 1403 3181 7865 8904 8906 8911
8 61 283 322 338 532 534 540 1232
8 59 432 923 948 1663 1672 2065 4378
8 83 294 475 534 2067 2420 2967 3360
8 49 148 1039 1097 2117 2122 2524 3655
8 83 312 2424 2957 8931 8932 8934 8939
8 50 534 1176 1237 2939 3938 4456 6319
8 59 466 1663 3058 7593 8518 8951 8956
8 49 294 522 538 1919 2005 2076 2779
8 49 251 346 417 691 697 877 2079
8 192 497 850 940 1351 1360 1524 3439
8 83 940 1948 3646 8978 8979 8981 8986
8 59 228 702 908 1423 1461 1762 3665
8 49 282 455 479 784 785 1496 4469
8 49 283 459 517 942 1012 1788 3687
8 3 164 1081 1171 4021 4973 8617 9007
8 49 283 455 462 698 788 1189 2525
8 45 79 1074 1873 3394 3844 5708 6795
8 61 284 319 325 517 519 538 1023
8 6 192 460 548 955 1252 1403 1959
8 8 66 871 973 1285 1286 1369 3912
8 40 866 1795 2473 5662 5790 8090 9035
8 49 89 310 338 505 522 673 1081
8 49 282 338 460 1786 2031 2067 4802
8 49 223 300 334 680 695 781 906
8 52 167 320 338 698 716 1028 2504
8 94 993 2506 3045 9054 9055 9057 9062
8 189 222 2249 2522 8081 9071 9073 9078
8 27 153 1875 2918 6917 7173 8694 9091
8 59 215 1803 2656 6617 6995 9100 9105
8 90 228 973 1403 2835 3701 4081 6165
8 46 58 1217 2015 5207 5224 5238 9121
8 57 178 383 721 2036 2037 4802 8644
8 45 170 989 1018 1872 1882 1890 2332
8 83 282 324 338 521 525 539 1446
2 83 286
8 61 256 314 321 470 475 492 899
8 49 282 455 537 2523 4378 4483 9140
8 83 324 2221 3280 9149 9150 9152 9157
8 50 284 676 882 4808 4810 4817 8729
8 6 176 832 909 2359 2774 3368 9175
8 296 936 3845 5853 9188 9189 9191 9196
8 220 847 3468 3621 9209 9210 9212 9217
8 170 859 1630 2326 4373 4898 5695 9101
8 53 184 850 1074 3089 3090 3296 5184
8 157 483 1351 1630 2767 2770 3063 4375
7 198 676 6775 9245 9256 9257 9259
8 49 273 306 314 478 479 519 1442
8 14 153 1888 3176 6702 7358 9023 9267
8 13 704 1329 1349 4906 5038 5569 6890
8 59 480 807 1037 1859 2588 2703 3741
8 49 282 308 319 538 674 894 1441
8 47 66 878 1146 2274 2515 3166 3816
8 157 718 1406 1959 5563 5567 6231 9288
8 156 221 940 950 1406 1504 2250 3445
8 189 211 1373 1929 6176 6543 7924 9304
8 49 197 312 320 460 469 517 695
8 49 184 307 322 525 538 685 2037
8 57 586 2463 3810 9056 9317 9319 9324
8 282 373 3453 4464 9339 9340 9342 9347
8 239 1636 9365 9368 9379 9380 9382 9387
8 6 201 860 1142 3946 3982 4232 6586
8 16 83 1230 1290 3496 4762 7301 9404
8 49 148 308 338 859 865 1095 1455
8 90 182 908 1153 2364 2560 2724 3864
8 49 259 518 634 3178 3273 3465 6721
8 59 291 673 685 3058 3336 4291 5635
8 148 214 1624 3020 5923 6166 6321 9432
8 23 174 783 908 1255 1272 1360 2328
8 184 289 3014 5132 9448 9449 9451 9456
8 6 204 483 548 950 969 1035 1393
8 157 729 1267 1344 2327 2328 2726 3589
8 255 310 1754 3037 8546 9306 9467 9472
8 6 155 480 492 1189 1368 1397 2641
8 82 325 2122 3280 9052 9484 9486 9491
8 61 422 3464 3789 7350 8303 9501 9506
8 83 285 674 720 1330 1338 1675 4225
2 1566 9522
8 50 466 969 1186 3209 3613 4086 7481
8 458 770 1374 1859 4178 4838 6628 9534
8 49 201 300 319 673 682 906 1450
8 75 223 842 968 2991 3222 3691 9544
8 6 327 718 921 1857 2211 2365 4408
8 292 814 2598 3009 9565 9566 9568 9573
8 61 322 1630 1804 3436 3440 3672 6187
8 90 223 848 952 3181 3242 3432 6584
8 47 193 435 593 1495 1504 1919 2262
8 83 251 325 455 894 898 1033 4468
8 6 192 492 517 1096 1191 1235 1509
8 61 167 414 423 695 697 850 1234
8 203 277 923 957 2065 2329 2963 5647
8 31 53 1005 1090 2542 2916 3248 5136
8 27 181 856 950 1391 1525 1705 5361
8 6 227 497 512 1191 1788 1850 2823
8 6 216 894 1094 2801 2814 3181 3975
8 47 204 613 626 2253 2390 3374 6919
8 27 170 869 1010 3200 3201 3801 8091
8 160 336 729 1446 4769 4983 5833 9650
4 45 167 1052 1112
8 61 224 371 465 1669 1854 2425 3948
8 59 260 1604 1830 7886 7968 9658 9663
8 170 919 2327 2448 5570 8065 8761 9675
8 64 167 720 950 3576 3578 4931 8562
8 184 469 1187 1397 3653 4014 4410 9053
8 6 34 859 1060 3067 3178 3962 7172
8 6 245 298 312 492 517 542 695
8 61 157 948 1454 4802 5132 6484 9723
8 50 90 727 963 2119 2518 3663 8382
8 83 285 319 323 532 537 674 788
8 83 597 3973 5802 9743 9744 9746 9751
8 59 205 739 1113 2515 2607 3221 4003
8 0 214 433 703 1766 1914 2766 5294
8 64 228 1261 1543 4786 4834 4908 9770
8 176 371 1029 1174 2560 2562 2587 4885
8 6 186 942 1233 2429 2534 2763 3603
8 214 288 1047 1632 5722 8671 9784 9789
8 83 285 492 675 2380 2447 3829 8179
8 45 92 540 748 1370 1504 1886 4600
8 39 371 821 957 2348 2415 2936 3668
8 49 151 300 323 898 950 1400 3465
8 6 221 911 966 1503 1507 2106 2832
8 49 155 310 325 462 472 537 789
2 61 327
8 11 811 2634 2745 9823 9824 9826 9831
8 53 435 3222 3257 9842 9843 9845 9850
8 157 608 928 948 2329 2332 2814 4258
8 61 334 9864 9867 9878 9879 9881 9886
8 25 69 1778 2022 6507 6817 9896 9901
8 61 284 320 324 519 897 899 6458
8 59 360 1368 1735 9106 9921 9923 9928
8 6 167 1696 1877 9938 9939 9941 9946
8 7 492 2087 3287 9960 9961 9963 9968
8 49 282 520 540 2005 2504 3144 4219
8 61 282 371 462 695 781 1025 1435
8 327 2165 9981 9984 9995 9996 9998 10003
8 192 759 904 947 3198 3199 4086 10018
8 47 75 506 739 2360 2585 3261 5802
8 83 282 534 677 1230 1237 1438 3059
8 83 285 319 327 519 532 685 1571
8 49 286 323 346 680 684 898 1432
8 148 224 845 960 2795 2820 3058 5543
8 6 201 710 950 1769 1951 3869 7108
7 49 259 320 343 2079 2506 5653
8 5230 10048 10062 10065 10076 10077 10079 10084
8 59 193 973 1222 8386 8699 10093 10098
8 221 261 1627 1824 3635 4026 4503 10107
8 191 492 2135 3066 6131 6259 7492 10117
8 59 197 422 430 848 850 960 1506
8 148 204 1752 2386 9247 10128 10130 10135
8 82 294 698 921 2943 3287 4967 10147
8 170 726 2349 2761 4697 4900 4989 10159
8 146 842 1403 1801 4040 4196 4674 7614
8 75 199 434 612 1366 1374 1415 2392
8 59 282 452 460 1420 1421 1650 4266
8 51 66 966 1113 6916 7005 8643 10176
8 45 181 946 1104 2328 2767 3181 8892
8 372 1095 4145 6856 10203 10204 10206 10211
8 151 224 942 950 1883 2326 2331 2839
8 49 155 310 417 2205 3200 4525 6185
8 47 231 1213 1736 2791 3374 4030 6908
8 66 148 739 1109 1950 3808 4232 6678
8 39 469 802 826 1397 1401 1850 2936
8 148 227 1089 1403 7465 10238 10240 10245
8 39 192 921 1039 3347 3670 4455 7492
8 101 613 2071 2647 6204 10259 10261 10266
8 224 1472 4129 5183 10277 10278 10280 10285
8 6 184 542 963 2065 2115 2641 3330
4 182 701 1991 9319
8 50 435 2455 2466 4008 4275 5177 9899
8 155 302 1368 1579 5109 5643 7685 10312
8 191 410 1723 2124 3977 6026 6765 10229
8 59 200 527 710 2349 2357 2507 5801
8 27 147 3890 4762 10334 10335 10337 10342
8 49 284 311 319 670 674 676 1025
8 49 251 311 319 522 537 683 1510
8 6 160 511 586 1105 1450 1496 2052
8 192 796 2545 2935 5892 6298 8084 10354
8 53 202 1039 1505 4162 4166 7172 10365
8 148 202 527 703 1391 1397 1415 1962
8 61 231 449 462 1235 1370 1400 1782
8 49 66 423 505 1095 1370 1786 2205
8 146 760 2752 3008 4860 5177 6026 9207
8 83 286 517 687 2079 2526 3061 6108
8 83 294 683 691 2009 2066 3057 5028
8 50 176 540 878 1389 1391 1399 3180
8 45 160 327 430 697 703 709 1089
8 66 726 1902 2765 4896 4900 5038 9112
8 64 192 1787 2815 10402 10403 10405 10410
2 497 940
8 153 228 957 1240 4008 4086 4718 5647
8 59 182 908 962 1807 2354 3037 5114
8 49 251 296 304 371 372 460 1370
8 60 167 1170 1291 3067 3089 3721 5487
8 61 283 338 452 680 695 784 1420
8 153 579 4110 6070 10452 10453 10455 10460
8 221 940 1514 1518 5693 6137 7205 10470
8 83 286 343 460 1023 1028 1189 2970
8 59 224 1752 2588 4718 5521 6007 10490
8 83 286 520 701 1682 1894 1917 3634
8 83 286 450 458 695 793 906 1604
8 49 279 311 322 695 698 898 2003
8 66 224 511 536 1751 1848 2035 3265
8 146 184 2737 2949 4576 6428 7720 10514
8 57 169 1000 1369 4093 4097 5814 9130
8 50 193 850 1230 3191 3262 4011 6585
8 71 221 943 1113 2336 2448 2604 2991
8 6 503 1286 1692 3163 3207 4762 7829
8 6 66 1389 3425 10148 10552 10554 10559
8 5 483 1349 1363 1969 1974 2596 5175
8 47 101 494 599 2585 2696 3112 7372
8 66 182 1125 1391 5177 5662 10040 10587
8 49 88 294 310 783 880 976 1811
8 318 492 1189 1665 5189 5824 5833 6468
8 59 369 2413 4353 10604 10605 10607 10612
8 184 797 944 1095 2718 2941 2954 5543
8 6 184 858 1025 1864 1865 1895 4813
8 49 224 323 343 540 673 894 1446
8 61 289 518 534 1669 1680 2065 5809
8 66 527 859 1240 2835 2837 4972 7945
8 8 481 1999 3163 4963 5337 6004 10644
8 49 184 372 480 1237 1397 1801 2644
8 49 251 303 316 897 906 1921 4478
8 61 282 323 453 673 898 1000 1477
8 157 704 943 1341 2331 2357 2777 6155
8 39 166 327 430 960 973 1109 1506
8 9 36 722 908 2941 2943 3508 4589
8 201 244 1265 1604 4690 4950 5518 10498
8 61 283 452 460 1461 1547 3153 10679
8 59 192 703 850 2918 3109 3296 4011
8 52 184 540 685 1623 1736 2106 3721
8 192 406 807 969 1663 1666 1857 2830
8 192 422 3296 3320 10443 10674 10698 10703
8 51 89 1089 1778 3608 3808 4146 7226
8 233 256 2205 6252 10726 10727 10729 10734
8 47 198 695 952 2511 3040 3090 5114
8 8 3252 10747 10750 10761 10762 10764 10769
8 6 214 832 914 2347 2724 3693 6319
8 47 735 1954 2159 2661 2668 3567 10782
8 59 322 2164 6536 10796 10797 10799 10804
8 83 289 677 687 2528 2819 3852 6007
8 232 832 1328 1402 4187 4836 5007 8979
8 57 181 1072 1786 3902 5798 6121 10827
8 148 219 710 960 1934 1961 2795 5507
8 148 220 859 955 2409 2803 3221 6691
8 1 147 1318 1784 6605 7363 10845 10850
8 597 763 2648 2651 7325 7337 10230 10862
8 65 285 484 512 3104 3783 4707 8960
8 151 480 823 946 1859 2047 2599 4984
8 53 206 1375 1502 4632 6077 7858 9820
8 59 203 698 1088 3693 4481 5424 10892
5 49 289 4382 7172 10908
8 50 206 556 727 1943 1962 2617 4178
8 224 465 1173 1177 4712 5624 5833 6649
8 146 410 3729 4138 6428 6437 7858 10926
8 681 1171 2414 2598 5894 6306 8191 10936
8 13 170 1357 1794 4096 4187 4375 5042
8 17 167 1691 2097 10950 10951 10953 10958
8 61 201 527 727 2106 2968 3687 7196
8 83 223 433 464 1081 1146 1381 1508
8 27 66 1063 1071 3464 3692 4161 4600
8 49 166 1081 1418 9865 10980 10982 10987
8 261 1435 2910 4928 6494 6760 8399 11008
8 233 296 1188 2424 4180 5145 6171 8528
8 45 62 593 869 1877 1883 1888 4339
8 50 192 905 1121 5414 5557 7968 11028
8 90 221 2903 3088 7924 9642 10330 11040
8 157 603 5175 5294 11051 11052 11054 11059
8 49 277 1234 1462 7296 7882 10073 11071
8 83 190 458 480 1038 1235 1240 3047
8 49 155 300 314 455 459 517 680
8 49 185 321 324 520 537 695 1623
8 59 433 1171 1188 3715 4105 4718 10836
8 47 228 1100 1230 2510 2513 5907 7841
8 61 184 372 530 1397 1455 1536 2431
8 59 223 957 1037 3341 3342 4740 8522
8 48 412 1691 1761 5319 5674 6054 11101
8 59 228 517 532 1429 1461 1845 4348
8 160 327 942 957 2820 2873 3296 6106
8 66 206 709 848 2250 2460 3327 7367
8 146 364 1104 1330 2945 3235 3591 9481
8 6 371 950 1095 2575 2763 2831 7263
8 738 5207 9121 10852 11148 11149 11151 11156
8 193 292 1932 2641 6171 6321 7565 11166
8 50 168 2232 3618 7188 9155 11175 11180
8 61 282 371 458 898 1432 1443 4158
8 49 259 314 323 532 536 708 963
8 192 371 908 1035 1845 1851 1865 2556
8 61 283 343 522 1443 1447 1477 3360
8 61 193 849 1089 2253 2262 2504 6611
8 47 148 597 842 3187 3215 3822 6617
8 6 176 426 527 1177 1235 1403 4576
8 211 742 6159 7507 11223 11224 11226 11231
8 52 184 1089 1717 8483 8592 11241 11246
7 83 293 538 695 1449 1681 11255
8 604 4169 11265 11268 11279 11280 11282 11287
8 47 220 1091 1178 2390 2554 2901 4403
8 83 283 889 1906 8966 11299 11301 11306
8 59 221 532 746 1696 1991 2136 3824
8 50 284 675 694 1919 1961 2135 3663
8 49 233 311 322 904 992 1587 3909
8 45 83 505 593 2429 2587 3276 9398
7 153 908 7172 11334 11345 11346 11348
8 201 325 1933 1960 6439 7507 9669 11355
8 47 148 323 612 1748 1755 1766 5662
8 151 449 3269 3538 8356 11252 11370 11375
8 59 211 3622 4014 7000 7507 8265 11385
8 167 224 530 957 1289 1366 1397 3058
8 45 69 989 1005 2012 2332 2542 3692
8 6 318 531 698 1581 1661 1671 3210
8 6 200 531 898 1237 1369 1663 2580
1 4145
4 59 321 1443 1664
8 59 596 3058 3598 10096 10879 11398 11403
8 153 214 703 1366 3077 3221 3361 6021
8 49 251 304 319 470 537 635 957
8 11 182 1122 2157 3646 3928 4573 9177
8 59 196 695 1039 2506 2553 3304 4178
8 39 228 464 492 942 973 1034 1180
8 66 193 556 703 1094 1117 1363 1763
8 59 178 593 942 2035 2161 2803 4081
8 49 282 460 522 897 899 1025 2506
8 6 287 969 1095 4408 4870 7481 11425
8 148 214 908 974 2040 2250 2722 5720
8 21 192 963 1095 2355 2366 2941 4188
8 49 235 314 325 904 1244 2068 3287
8 39 228 698 950 2645 3104 4870 9343
8 45 92 593 842 1113 1366 1882 2589
8 377 805 3723 4930 10285 11451 11453 11458
8 90 561 1630 2841 7096 7923 7926 9119
8 49 174 323 340 1370 1446 1592 3454
8 6 290 403 460 1442 1446 1604 2079
8 46 423 3414 3988 10676 11485 11487 11492
8 53 221 911 1375 6598 8455 9396 10888
8 559 722 2873 2881 7935 7941 8611 11512
8 45 92 1004 1053 2916 2917 3414 8354
8 83 321 521 898 1604 1663 2575 5822
8 50 406 1176 1237 2703 2761 2777 4022
8 6 203 919 937 1397 1787 1902 4578
8 59 222 323 397 695 697 1034 3663
8 221 624 3262 3406 11541 11542 11544 11549
8 49 283 346 458 695 781 788 1447
8 82 534 3566 4105 11561 11562 11564 11569
8 47 148 430 444 854 955 1092 1525
8 47 230 1949 2068 3630 3633 5426 9213
8 148 203 908 915 1341 1360 1663 4718
8 50 222 1085 1230 5621 5800 6679 11589
8 49 155 325 380 973 1028 1400 2504
8 97 412 1738 2249 7842 8542 10325 11586
8 277 493 2635 2967 7097 7592 8514 11609
8 59 286 492 538 1419 1420 1438 2076
8 49 255 327 354 793 905 1023 1766
8 83 286 452 460 793 1036 1444 3105
8 156 221 1395 1605 4026 5482 5921 6683
8 178 575 2876 5537 8595 8598 11478 11631
8 50 232 2400 3113 6582 6586 7941 11124
8 34 219 1089 1158 7233 8383 10639 11650
8 90 372 973 1240 2448 2549 2841 4046
8 52 282 327 371 1379 1482 1788 3465
8 27 157 894 1630 4374 4681 4711 5507
8 6 224 799 1081 3407 3419 4110 4723
8 49 282 695 1036 3178 3339 4740 8178
8 59 222 681 807 2588 2641 3361 6007
8 49 184 296 305 406 455 460 695
8 61 282 327 338 881 894 1043 3153
8 148 239 1417 2277 11688 11689 11691 11696
8 45 90 593 729 1786 1823 2841 3414
8 47 83 697 992 1476 1968 2504 3263
8 243 378 2903 3151 11267 11294 11708 11713
8 157 915 2331 2767 9584 9587 11724 11729
8 166 481 1623 1798 4105 4178 4984 6543
8 61 251 455 629 1232 1237 1420 2964
8 184 222 1366 1503 6939 7047 11742 11747
8 83 265 1914 2068 5290 5482 8209 11756
8 59 221 530 889 2412 2524 3361 5469
8 50 82 435 712 1385 1389 1968 3691
8 189 596 2555 4438 8656 9433 11206 11773
8 186 315 2250 2609 6568 7134 8851 11783
8 66 219 1039 1381 4447 4555 5307 9840
8 185 397 889 1036 2415 2588 2827 4718
8 8 29 849 977 1303 1525 1704 3404
8 2229 10733 11816 11819 11830 11831 11833 11838
8 167 301 889 1082 4105 4811 5847 11397
8 49 65 311 479 2087 2096 2506 3453
8 13 497 1115 1330 3589 3993 4514 8531
8 59 204 842 1142 4983 5765 6644 10588
8 52 172 638 716 1461 1919 2029 6985
8 47 75 1053 1222 3089 3090 3393 5078
8 50 148 419 533 1122 1234 1704 3138
8 39 229 2458 2604 11545 11882 11884 11889
8 146 227 2015 2651 10689 10790 11898 11903
8 47 83 524 532 1234 1385 1400 2068
8 8 69 351 372 1695 1704 4232 7691
8 49 151 449 595 1593 1755 1841 6244
8 49 185 298 350 673 695 1438 1763
8 50 466 799 821 1191 1240 1705 3062
8 97 1610 3613 5293 11923 11924 11926 11931
8 49 259 312 320 528 640 781 904
8 182 497 935 1101 2634 2641 2946 5462
8 59 677 1532 2177 2939 4082 4352 6628
8 146 214 1849 2157 4146 4178 5089 7171
8 83 282 478 904 6420 7188 7887 10726
8 59 201 371 412 530 673 973 1381
1 45
8 233 267 7886 9661 10730 10735 10739 11842
8 66 192 749 770 2554 2556 2700 4089
8 160 292 2420 2838 11977 11978 11980 11985
8 49 273 308 314 695 780 897 1922
8 372 11994 12008 12011 12022 12023 12025 12030
8 83 312 542 675 1034 1368 2821 6214
8 211 626 5751 7218 12049 12050 12052 12057
8 61 287 455 492 695 781 963 1237
8 15 30 1285 1702 4761 4765 10746 12069
8 203 406 908 1037 12078 12079 12081 12086
8 83 283 492 530 1446 1581 2005 3362
8 47 83 424 480 1385 1415 1623 6397
8 83 286 492 673 1444 1466 4207 12106
8 49 251 312 319 492 522 673 899
8 6 82 240 412 1081 1089 1495 1926
8 59 185 957 1623 4348 4956 7886 12118
8 49 259 327 455 683 695 880 1036
8 49 286 518 612 1028 1050 1494 3285
8 49 235 354 523 1592 2049 2376 3797
8 146 200 1101 1411 5056 5950 6971 10429
8 61 283 452 640 10637 12108 12138 12143
8 148 434 1949 2393 6679 6993 8973 12153
8 83 294 463 535 2957 3283 3338 6985
8 206 2822 9119 11511 12178 12179 12181 12186
8 83 289 475 522 1034 1038 1230 1664
8 59 184 493 702 1968 2820 3218 8501
8 13 228 948 1112 4756 5814 7007 12202
8 53 153 989 1064 2916 3227 3258 5363
8 45 153 866 1110 3810 4399 5120 9399
8 283 522 2427 2452 4922 5144 5642 12226
8 59 505 3058 3851 7828 8051 9046 12237
8 53 593 4971 8479 12250 12251 12253 12258
8 53 201 700 728 3181 3427 4045 6995
8 87 773 5371 6845 12274 12275 12277 12282
8 50 599 2279 2901 10270 12054 12291 12296
8 59 153 1011 1722 7008 7018 11407 12308
8 6 482 1170 1702 2936 3203 3513 9531
8 203 498 1371 1844 4078 4456 5801 10485
8 59 224 845 911 2641 2951 3513 4883
8 203 493 1844 2556 5507 5995 5998 10208
8 7 370 2085 6850 12344 12345 12347 12352
8 27 61 262 868 1089 1113 1704 3692
8 58 290 2455 3166 9265 10975 11250 12366
8 59 167 624 728 1480 1504 1704 6582
8 66 2138 7780 12382 12393 12394 12396 12401
8 260 738 6869 7407 12418 12419 12421 12426
8 83 294 971 1081 1973 2106 2795 3363
8 6 184 778 1466 5875 6363 7654 12114
8 61 294 927 946 4051 4235 4248 6398
8 47 78 624 748 2068 2121 2465 3242
8 700 834 1799 2761 4096 4375 4894 6965
8 184 380 804 814 1136 1171 1187 1663
8 365 1850 7592 8168 11608 11615 12237 12470
8 184 291 527 677 1919 2436 2506 5621
8 59 282 460 527 1447 1500 1672 4610
8 59 273 525 898 2887 2899 3654 7882
8 410 849 2522 3243 6092 6277 6765 11207
8 148 260 955 1109 2696 3948 5841 8572
8 23 480 1171 1187 2830 2939 3643 4713
8 49 161 325 519 1466 2003 3049 3872
8 46 61 684 886 2504 2524 3465 7948
8 49 155 304 343 777 880 894 2504
8 50 434 2250 2274 8345 9590 11045 12519
8 49 223 691 1023 2504 3090 3180 5030
8 49 282 346 460 788 894 1025 1442
8 50 204 1391 1949 3691 3946 3962 7175
8 50 160 726 976 1801 1827 1874 2881
8 45 160 608 729 1763 1769 1815 3273
8 192 1360 3582 3586 10105 10575 12538 12543
8 50 66 1139 1928 4812 4813 7000 10953
8 148 1624 8499 9843 12562 12563 12565 12570
8 153 372 847 957 2635 2774 3870 6071
8 49 285 675 777 1674 1675 1919 4170
8 49 282 394 460 683 684 894 2074
8 148 196 1407 2409 3858 4003 7607 11519
8 45 151 593 706 1403 1510 1786 12380
8 45 71 597 709 1142 1147 1801 3252
8 148 325 1954 2149 5312 6026 7369 10109
2 2124 12613
8 157 700 1630 2250 12625 12626 12628 12633
8 151 724 2538 2777 12644 12645 12647 12652
8 45 85 1005 1405 4522 6587 6639 12664
8 45 79 595 908 1067 1113 1801 2539
8 53 865 3691 5298 12674 12675 12677 12682
8 50 157 419 506 2331 2392 2482 4035
8 27 232 12105 12695 12706 12707 12709 12714
8 364 530 1663 1861 5404 5995 6675 9696
8 59 251 1234 1763 3687 4168 4524 9720
8 39 224 1034 1082 2135 2560 2641 6311
8 356 1366 3608 5292 8517 9252 11041 12735
8 52 174 296 312 1496 1919 2524 3677
8 52 74 372 426 992 1000 1400 2068
8 406 4135 12746 12749 12760 12761 12763 12768
8 61 273 343 450 882 897 1072 3423
8 53 151 729 996 4285 5031 5665 7492
8 559 722 2851 2881 7938 7941 8598 11635
8 46 60 223 505 1090 1097 1240 6615
8 49 264 646 894 3295 3350 3466 10399
8 101 220 872 973 2136 2332 2478 3566
8 45 151 963 1424 6187 7811 10424 12806
8 67 1774 12818 12821 12832 12833 12835 12840
8 57 157 1089 1122 2360 2881 4506 6967
8 27 153 1142 1704 5783 5788 6738 12852
8 49 282 877 1100 4069 4873 7091 8901
8 47 83 963 1370 3890 4603 6563 9508
8 45 224 1237 1709 7104 7108 8469 12876
8 6 447 944 1095 2365 2459 2798 6476
8 61 189 566 683 1968 2262 2999 12888
8 82 197 567 729 3273 5113 5292 8627
8 47 153 433 609 1510 1634 1758 2777
8 148 201 1002 1495 6036 6057 7219 9215
8 148 196 956 1095 1705 1801 2354 6536
8 148 406 968 1107 2337 2617 4095 7374
8 53 197 1081 1342 11739 12268 12920 12925
8 203 480 1184 1237 3566 3693 4171 6171
8 49 155 2060 2426 6944 8638 9189 12939
8 49 251 319 325 673 674 680 1370
8 63 255 569 695 2526 2968 3090 5664
8 45 157 1074 1349 2835 3196 3276 11817
8 49 277 343 458 698 793 1023 2065
8 146 182 2285 2696 10426 12014 12969 12974
8 49 166 417 430 1089 1097 1370 2511
8 59 397 3298 4003 9613 11130 12985 12990
8 92 435 1525 1805 4072 4166 4685 9862
8 39 491 1035 1171 2774 3390 3783 6124
8 52 193 598 683 1746 1755 1767 3090
3 282 3279 13015
8 49 282 517 632 3156 3797 4605 7548
8 59 201 719 908 1405 1407 1746 3051
8 47 164 1409 2122 6092 6278 7221 12162
1 13033
8 59 221 908 921 1349 1397 1663 4718
8 59 247 1237 1794 4035 4178 6122 6624
8 206 727 3421 6056 11288 13045 13047 13052
8 49 203 338 458 675 680 683 1025
8 6 75 593 921 1705 2023 3166 6948
8 90 214 724 729 2168 2331 2768 4285
8 52 221 729 960 2766 3037 3181 7114
8 406 1932 8708 9559 13076 13077 13079 13084
8 59 184 433 492 1039 1107 1368 3077
8 59 289 469 525 1440 1446 1960 4658
8 59 184 683 698 1727 1738 2053 4524
8 35 70 292 461 952 1066 1081 3678
8 146 466 1109 1363 2774 2835 3203 4095
8 48 101 541 1053 2205 3089 3280 7983
8 83 282 320 343 683 695 1034 1581
8 221 739 2647 2651 8658 10787 11601 13110
8 75 230 1495 2387 4011 5292 5426 12575
8 2 41 1999 2745 8993 9307 11001 13134
8 61 206 1957 3429 13144 13145 13147 13152
8 115 219 1409 1935 3621 3627 6064 8500
4 310 952 6280 8391
8 49 186 915 976 1920 2262 2445 5336
8 59 315 1039 1391 3256 3290 4207 8354
8 6 222 497 531 1186 1240 1794 2765
8 65 285 663 680 1671 1919 2162 4207
8 50 157 423 435 1409 1506 1757 2256
8 11 180 935 1109 2359 2363 2370 4511
8 61 284 346 383 898 1435 1450 2422
8 49 283 512 536 1438 1571 2029 5339
8 49 251 338 369 897 963 1592 2504
8 49 251 334 383 963 1089 1592 3180
8 59 198 609 703 1502 1506 1746 3151
8 148 190 418 430 1154 1409 1495 2511
8 83 293 463 537 1443 1449 2067 3425
8 49 283 326 346 680 683 793 1033
1 83
8 49 245 293 299 459 460 517 904
8 6 214 1074 1110 2478 2678 3438 5426
8 160 283 944 1107 3090 3394 3949 9913
8 83 252 316 479 4466 4472 4480 8558
8 192 402 841 1096 3513 3853 5844 13223
8 58 164 1804 1949 3620 3627 4003 7507
8 1836 8884 13245 13248 13259 13260 13262 13267
8 61 186 593 709 1235 1405 2014 3282
8 61 222 492 526 971 976 1237 3185
8 59 201 527 684 1504 1507 1781 3663
8 50 222 718 894 2161 2265 2769 3438
8 89 232 1392 2157 4677 4945 6433 11102
8 6 480 1857 3058 7177 7581 12749 13300
8 41 832 2942 3471 10384 11001 13307 13312
8 156 844 3401 4275 12136 12906 13321 13326
8 45 66 990 997 2012 2454 2539 3181
8 59 213 1154 1746 5425 6170 6967 11213
8 200 1418 7107 10048 13350 13351 13353 13358
8 146 221 1746 3235 9480 10133 11110 13369
8 61 283 343 458 1042 1424 1447 3525
8 59 201 616 710 2262 2517 4031 7038
1 338
8 219 610 1930 3190 9088 10614 12827 13384
8 6 93 435 509 1074 1090 1240 1969
8 61 184 419 612 1053 1081 1234 3166
8 59 201 501 532 1230 1237 1375 2641
8 377 714 2478 2617 4128 4129 5477 10374
8 157 706 2297 2538 8230 8238 12513 13409
8 6 153 718 848 1525 1694 1705 3665
8 151 604 1240 1455 8823 9038 9877 13424
8 185 338 681 698 1576 1664 1695 3783
8 199 577 7935 11478 13440 13441 13443 13448
8 83 285 675 1016 4468 4922 7188 13457
8 6 184 527 720 1777 1843 2679 8540
8 50 214 915 950 1385 1403 1694 2545
8 83 293 525 538 2005 2528 3367 5999
8 11 216 1852 2128 4989 5322 6899 8700
8 170 458 937 1035 1845 1854 1861 2601
8 148 211 548 851 2511 2513 2562 3010
8 190 217 1929 2409 6104 6258 6691 11413
8 49 282 319 380 684 695 906 2076
8 221 577 4426 6316 13497 13498 13500 13505
8 42 184 874 940 2559 2634 4184 9783
8 193 216 1039 1366 3085 3221 3633 5426
8 192 377 2328 3397 10706 11673 13521 13526
8 153 327 697 927 1237 1698 2195 3177
8 221 601 2822 2851 11478 11511 12192 13540
8 49 282 317 327 638 673 680 906
8 83 300 534 898 1493 1502 2161 3993
8 83 748 3195 4001 10428 10639 12681 13554
8 6 151 296 343 908 957 1035 1663
8 282 312 480 532 1438 1444 1919 4769
8 39 759 10915 13570 13581 13582 13584 13589
8 6 167 435 492 1088 1095 1389 2116
8 75 372 1455 2161 8393 8517 8952 12468
8 65 222 511 528 1109 1122 1845 2823
8 146 701 1991 2555 5195 5544 7621 10696
8 6 201 512 531 1240 1665 2415 4171
8 184 531 1849 2429 6452 6458 6626 10718
8 157 225 1798 2463 5312 6203 9224 13623
8 49 285 455 529 1233 1450 1848 3452
8 59 178 498 534 1235 1237 1368 2135
8 59 286 1053 1679 3826 4121 5801 10322
8 59 270 1935 2237 8708 10264 10268 13638
8 47 157 859 1053 2392 3050 3222 10439
8 45 83 677 957 2439 2524 3296 7116
8 83 307 534 673 2077 2079 2526 5442
8 172 894 2932 4059 8828 12676 13659 13664
8 57 417 1189 1374 4992 5358 6454 10042
8 75 224 492 537 1443 1446 1664 2262
8 49 184 524 616 1381 1391 2068 5115
8 83 201 534 683 1403 1477 1506 3180
8 17 66 1968 3067 9338 10695 10975 13692
8 59 161 296 314 673 683 729 1039
8 50 193 850 1604 2573 2901 3614 7172
8 157 700 940 1328 1517 1518 1522 3433
2 1337 3433
8 365 393 2820 3077 13717 13718 13720 13725
8 49 286 460 522 784 788 1045 2523
8 61 285 538 908 1898 2232 2956 10798
8 93 221 973 1403 2522 2586 2772 5056
8 39 224 495 534 1039 1173 1192 2331
8 148 213 620 709 2262 2266 2460 3620
8 82 201 598 623 1961 2390 2515 3617
8 148 222 2562 2613 8441 8455 9493 13752
8 59 178 548 842 1381 1403 1503 3432
8 166 952 4146 6476 13762 13763 13765 13770
8 83 231 677 685 2421 2424 2962 7124
8 57 157 1409 1734 5501 8036 11366 13788
8 49 282 326 371 537 538 680 1033
8 59 223 973 1107 1895 2191 2641 3571
8 165 219 527 608 1757 1962 2262 3363
8 83 327 1026 1179 5836 5837 5887 13802
8 59 183 532 1297 2587 2607 3077 3680
8 75 206 849 1081 3987 4683 5294 8502
8 149 229 2121 2612 10909 12912 13818 13823
8 50 192 505 683 1389 1401 2135 3361
8 61 283 321 338 668 675 1033 2625
8 59 184 708 977 1757 2511 2641 4086
8 292 526 1600 1956 5629 6242 7581 8475
8 289 3531 13511 13841 13852 13853 13855 13860
8 17 66 992 1064 2618 2983 3252 9069
8 153 228 806 909 1351 1355 1397 2644
8 83 285 338 452 900 921 1025 1442
8 59 222 1088 1368 3673 4348 4983 5800
8 49 155 782 1234 3270 3295 6579 12482
2 51 7947
8 59 251 2595 3090 6107 7239 9517 13887
8 59 282 460 520 1420 1919 2425 12480
8 49 245 303 320 1234 1571 2004 4598
8 59 289 680 894 3349 4388 4701 13911
8 75 221 683 708 1755 1767 2766 5331
8 66 167 977 1136 3151 3173 4522 6988
8 251 310 3346 3665 10905 11365 13926 13931
8 50 201 433 683 1503 1506 2119 3037
8 39 497 821 955 3007 3012 3584 4838
8 80 170 942 1235 2818 2828 3665 4096
8 315 465 1171 1192 4740 5191 6458 10720
8 49 279 382 394 2076 2079 2783 4965
8 83 224 480 674 1366 1440 2578 7970
8 49 289 478 685 2424 3367 3906 13962
8 59 244 1375 1406 2610 2835 3421 6015
8 50 423 1182 1230 3336 3963 5304 7565
8 83 251 307 336 957 1587 1919 3452
8 153 288 677 698 2599 2957 3282 4963
8 50 283 323 327 675 680 698 2005
8 45 69 223 435 989 992 1004 1455
8 61 283 324 338 541 673 899 3454
8 45 93 1367 1873 6594 7493 8763 13988
8 83 285 315 327 522 525 673 698
8 61 251 372 455 1435 1675 1857 4208
8 58 208 1454 2305 8253 8821 12791 13999
8 83 283 397 455 684 685 950 3013
8 6 201 300 430 781 894 950 2076
8 66 722 4622 7536 14016 14017 14019 14024
8 25 168 1775 2013 8065 10231 12802 14037
8 176 289 532 677 2587 2823 3151 4393
8 49 279 308 315 517 519 675 957
8 167 387 821 1672 8518 8758 11425 14048
8 50 148 323 419 685 700 724 1177
8 50 193 606 614 2253 2515 3613 6277
8 49 228 343 371 608 640 680 1360
8 35 150 1109 1366 4052 4071 5847 11957
8 221 417 1393 1477 4602 4951 5186 9451
8 50 101 1950 2159 8309 9532 10859 14074
8 71 251 323 327 1919 1920 2053 5031
8 83 282 346 399 522 525 675 1446
8 2134 7536 14092 14095 14106 14107 14109 14114
8 49 285 455 492 684 685 1023 1449
8 39 483 1183 1543 5883 7230 8204 14040
8 50 203 1230 1372 2272 2410 2590 7124
8 167 223 1177 1511 4071 4112 6003 11742
8 66 228 640 930 1179 1237 1447 1672
8 192 831 4100 4410 10281 11465 14145 14150
8 49 91 673 850 2383 2596 3273 6170
8 59 153 593 842 1107 1230 1506 2511
8 157 834 1207 1335 12723 14167 14169 14174
8 49 282 372 482 1368 1466 1865 3783
8 192 497 1329 1663 4087 4984 8270 12324
8 47 167 683 1046 1743 1963 1971 2810
8 59 286 959 1048 5722 7862 8671 14194
8 11 191 3192 4187 10574 11361 14203 14208
8 59 201 710 1113 7655 7663 8179 14218
8 156 1495 6054 8041 11489 12261 13129 14231
8 47 149 697 960 1146 1375 1704 3213
8 983 4576 14244 14247 14258 14259 14261 14266
8 45 179 891 1089 4060 4515 7005 12364
8 5245 14284 14298 14301 14312 14313 14315 14320
8 8 166 1459 2250 8929 9200 10580 14331
8 796 833 3009 3923 8100 10024 12935 14344
8 51 153 1971 3465 8381 8483 11355 14355
8 50 149 506 541 1604 1959 3719 10104
8 50 597 1954 3180 14373 14374 14376 14381
8 45 59 372 512 1370 1704 1784 9912
8 75 189 435 600 1381 1391 1624 3691
8 82 613 4260 5744 14401 14402 14404 14409
8 6 148 430 447 894 1081 1230 1757
8 59 214 372 492 1368 1397 1672 4378
8 61 283 372 455 537 538 673 1028
8 66 223 1389 1777 4692 5797 10203 14425
8 45 61 227 842 1147 1827 1883 3376
8 83 259 897 1921 5627 6571 12484 14434
8 61 178 505 695 3425 3665 3905 7296
8 49 273 304 314 532 542 894 1919
8 53 209 854 976 2609 2613 3808 6584
8 59 203 505 677 1039 1176 1375 1911
8 52 167 526 714 2113 2795 3869 11114
8 155 286 460 518 1023 1033 1438 1671
8 6 157 942 1081 1729 1939 2580 4303
8 35 192 748 1081 3303 3661 4114 8082
8 83 286 346 452 899 1045 1449 4769
8 83 222 1391 1973 4352 4637 5317 10042
8 49 282 455 479 788 793 1023 1443
8 59 192 848 1094 2328 2331 2718 4071
8 26 1197 3471 3716 10469 13403 14478 14483
8 49 184 326 343 963 1043 1454 1824
8 49 91 295 338 1763 1819 1921 5031
8 39 146 556 748 1401 1532 2354 3566
8 83 224 531 681 3061 3092 3336 5825
8 11 214 1095 1248 1795 1801 2331 4187
8 82 285 673 1034 4386 4605 4718 6178
8 59 166 444 527 1109 1142 1503 2289
8 50 201 859 980 2513 2801 3296 4207
8 49 283 778 789 2425 2504 3173 5929
8 29 61 1019 1729 6078 6944 7491 10975
8 50 148 677 988 2424 2534 3265 6588
4 168 911 14531 14534
8 61 240 484 518 1663 1766 2169 3054
8 53 181 435 699 1145 1222 1504 4033
8 59 148 414 423 955 963 980 2524
8 75 221 701 854 2418 2580 3604 4522
8 157 220 976 1097 2262 2507 2768 3438
8 1 29 481 1082 1397 1877 3207 6405
2 155 462
8 6 283 1095 1170 4963 4982 5315 14552
8 157 564 1233 1403 2766 2776 2837 3917
8 49 279 305 317 777 783 963 2447
8 146 182 1104 1424 3864 4519 6897 10424
8 148 735 2649 2652 10865 10868 13111 14570
8 61 184 482 504 1025 1029 1177 2328
8 91 221 475 532 1185 1191 1366 2524
8 61 282 525 616 1446 1455 2010 3295
8 50 201 540 701 1623 1650 1664 2575
8 49 293 2425 3274 12108 13126 14589 14594
8 49 251 319 327 537 640 675 1237
8 50 201 437 511 1366 1391 1503 3037
8 82 193 422 434 960 1039 1089 1503
8 155 343 673 695 3390 3783 5109 13019
8 83 282 492 695 2065 2964 3341 5192
8 65 305 982 1547 4963 7131 8509 14621
8 49 279 304 312 492 517 673 897
8 151 211 540 710 1508 1511 1755 3256
8 148 220 859 1039 1967 1972 2718 5720
8 148 593 2028 3399 7218 8382 9623 14638
8 6 406 1919 3684 14649 14650 14652 14657
8 61 283 449 460 3060 3108 3536 7685
8 61 284 343 455 906 1033 1592 1921
8 50 201 729 1081 2688 2803 3296 6397
8 83 282 320 449 676 680 782 1450
8 167 216 1374 1943 4917 5098 5426 10872
8 148 506 4178 4712 11404 12985 14681 14686
8 59 184 505 540 1409 1727 1965 3201
8 184 294 534 698 1237 1397 1857 3661
8 45 63 768 992 2534 2588 3265 4956
8 170 515 942 1240 1802 1966 2345 3577
8 46 64 219 608 1943 2274 2621 3869
8 170 354 1685 2427 3423 3433 3535 5145
8 59 412 830 911 2559 2566 3926 10914
8 49 91 348 479 1089 1383 1600 3178
8 50 285 324 343 898 899 1368 2781
8 170 228 700 729 1230 1239 1397 2329
8 151 273 346 478 2528 3277 3281 7896
8 59 181 433 492 850 973 1230 1959
8 53 153 727 854 1360 1403 1883 6805
8 157 527 1240 1403 2448 2766 2879 5330
8 40 90 415 519 1403 1407 1624 3663
8 223 814 4727 5011 14165 14166 14741 14746
8 49 282 479 520 906 1053 1447 3360
8 1 167 1208 1694 8467 9006 12212 14762
1 14772
8 1 170 1268 1294 4053 4078 4766 10548
8 49 283 540 683 1623 1919 3108 5111
8 49 184 298 315 492 518 538 680
8 6 286 460 480 698 788 1025 1446
8 49 184 426 449 894 971 1095 2506
1 66
8 39 482 969 1173 2823 2920 3072 4095
8 6 193 1090 1604 10351 10522 12437 14793
8 192 221 729 1082 1959 2106 2440 3304
8 48 245 334 372 963 1103 1455 2506
8 151 727 3605 4401 11334 11793 12668 14807
8 150 1123 4818 6025 14816 14817 14819 14824
8 5 66 596 776 1360 1636 1802 2925
8 50 227 1339 1734 4613 5182 6214 14787
8 49 169 3376 6402 13108 14844 14846 14851
8 206 593 2648 3243 9741 9840 10865 13780
8 146 353 934 1104 1926 1991 2758 4522
8 58 616 6785 9398 14869 14870 14872 14877
8 57 989 6566 8606 14893 14894 14896 14901
8 51 157 1121 1403 4624 6012 6374 14910
8 157 700 1248 1355 2328 2332 2770 3698
8 49 286 452 460 1023 1025 1449 2523
8 57 157 1100 1592 4880 8643 14920 14925
8 58 310 1634 2262 14935 14936 14938 14943
8 83 284 460 537 3341 4388 4701 8932
8 49 283 460 537 2068 2899 3279 8094
1 603
8 59 166 608 843 1875 2454 2552 2763
8 52 193 327 371 695 702 1036 1447
8 52 206 608 953 1961 2068 2524 3567
8 97 1409 4187 5923 11882 12842 14256 14972
8 65 186 706 726 1680 1857 2250 3698
8 170 364 913 1035 1969 2327 2575 3574
8 51 505 1817 1836 6971 6996 9869 13347
8 50 181 14080 14093 15002 15003 15005 15010
8 45 181 1038 2056 8762 11325 11706 15020
8 90 569 1801 2726 6949 8358 8597 12777
8 80 282 569 691 1919 1956 2524 3106
8 59 251 452 480 1045 1066 1379 2164
8 49 221 448 505 3188 3374 4481 11594
8 6 283 480 492 1025 1033 1177 8163
8 153 412 2019 3033 6679 6856 7218 10277
8 61 201 371 451 942 1035 1235 2506
8 27 93 684 859 1074 1088 1094 2478
8 160 612 9254 13780 15066 15067 15069 15074
8 75 180 955 1334 3570 4586 8457 12437
8 50 164 524 542 1197 1389 1500 2598
8 101 596 3194 3569 11402 12554 13333 15092
8 50 327 1176 2447 10743 12106 13196 15105
8 49 287 778 783 4598 6186 7346 15115
8 157 556 1351 1403 2478 2678 3393 4426
8 184 222 536 673 1237 1391 1483 2262
8 61 243 894 1393 3451 4606 6257 10729
8 49 245 319 343 900 904 1921 2781
8 151 365 1171 1648 4093 4718 5875 12205
7 184 475 5606 12787 15152 15153 15155
8 49 282 301 312 455 456 465 534
8 59 598 4215 4920 15157 15158 15160 15165
8 58 156 1095 1217 7109 7352 8311 15174
8 371 490 3064 3513 6124 6126 7764 15183
8 170 832 1522 1998 6895 7179 7613 12639
8 66 191 729 858 2801 3243 3810 7172
8 47 82 318 418 674 695 1095 1864
2 422 1031
8 46 192 950 1046 3582 3585 4475 7883
8 65 287 1865 2809 5591 6066 9439 10997
8 61 286 458 480 793 1036 2005 3054
8 1 223 3067 3496 10551 11531 14792 15222
8 65 221 2323 3368 8243 8253 8729 15231
8 59 211 480 674 1366 1368 2410 3332
8 148 198 626 708 3180 3347 4381 4718
8 59 282 463 513 2065 2506 3156 4643
8 50 167 419 430 1081 1095 1374 3180
8 61 203 432 492 960 980 1037 1391
8 83 289 458 492 1237 1432 1446 3341
8 46 198 691 952 2262 2418 2585 5065
8 53 597 1954 2510 4932 6092 9931 15014
8 49 282 492 522 877 897 1234 3037
8 47 74 729 1064 2122 2567 2585 4617
8 50 221 598 701 2524 4035 5315 9726
8 61 289 518 538 3367 4266 4482 15273
8 223 323 3309 4468 13800 15276 15278 15283
8 148 201 848 1081 1973 2108 2122 6092
8 146 593 1207 1351 2604 2767 2844 4285
8 157 729 4260 5725 10375 11817 11831 15302
8 83 285 519 898 4208 6008 6476 15313
8 46 157 2573 2844 11247 11264 12828 15325
8 39 412 2254 2755 6104 6310 6679 12772
8 157 593 1416 2327 4040 4096 4375 6040
8 83 214 512 726 1368 1397 1794 2331
8 71 293 963 1664 7234 7238 11320 15344
8 59 220 1039 1403 2588 2795 3671 7025
8 50 232 1400 2086 7457 8197 14157 15360
8 148 221 727 848 1349 1360 1403 1798
8 59 148 505 609 1146 1230 1367 1942
8 66 627 2331 2604 5119 5180 8592 15372
8 6 1115 7794 13299 15389 15390 15392 15397
8 83 423 1828 2331 7173 7503 8458 10886
8 6 184 847 908 1403 1769 2337 6586
8 49 166 536 698 1370 1373 1443 3105
8 49 282 312 323 462 468 519 673
8 83 294 1381 1824 2999 3037 3451 5664
8 610 5134 15413 15416 15427 15428 15430 15435
8 66 406 4113 6852 11466 13077 15444 15449
8 579 5295 15466 15469 15480 15481 15483 15488
8 45 91 321 326 1234 1423 3602 5860
8 51 1112 7542 9129 15503 15504 15506 15511
8 45 66 1503 2581 12218 12606 15521 15526
8 83 282 319 346 684 692 695 2010
8 49 251 321 325 525 532 695 1393
8 59 201 960 1146 3438 3608 3949 6259
8 46 75 854 960 1415 1525 1704 2522
8 66 220 1230 1409 3654 3982 6057 9702
8 6 78 538 802 1907 1919 2086 3330
1 15548
8 46 221 2610 5292 10375 11338 12412 15553
8 192 377 948 1082 2337 2358 4071 7492
8 63 251 456 462 680 821 904 1663
8 49 221 695 953 3423 3525 4351 5148
8 156 227 1914 2351 5841 6297 8190 14036
8 50 201 1213 1391 3112 3144 3465 7883
8 49 204 804 914 2068 2077 2227 4600
8 49 221 460 524 1036 1234 1420 2523
8 203 770 1187 1542 2597 2598 2601 4664
2 59 1366
8 198 336 1476 2036 4082 4093 5424 8258
8 52 61 232 423 2454 2511 2586 4227
8 47 227 1611 2015 4939 5381 6617 9741
8 224 371 908 1174 7039 10549 11198 15598
8 6 377 976 1504 3291 3328 3407 6310
8 148 742 3729 4517 11220 11221 11224 11889
8 50 164 2071 3006 6785 7018 7507 8774
8 49 222 325 346 525 537 673 1023
8 80 192 1122 1265 3433 3864 4576 7608
8 50 1395 9224 9899 15625 15626 15628 15633
8 49 283 424 469 3948 4467 5030 10392
1 15650
8 6 485 1035 1538 2936 2956 3643 9586
8 50 153 832 848 1360 1389 1522 5765
8 54 279 4606 10183 15660 15661 15663 15668
8 61 201 338 418 693 695 1023 3390
8 148 417 1233 1709 5529 6057 6765 11757
8 49 151 439 542 1366 1389 1604 2809
8 49 282 325 372 784 877 952 1494
8 6 282 520 640 1466 1669 3180 8388
8 91 283 460 517 957 963 1038 3180
8 228 655 3953 4470 12383 15697 15699 15704
8 49 185 343 406 528 530 534 1675
8 50 214 973 1397 2820 3438 3951 9352
2 49 312
8 8 372 1173 1294 4723 4753 7880 12067
8 45 224 1397 1903 3833 3834 3836 6110
8 61 285 481 526 1025 1038 1419 2076
8 66 1019 12695 12698 15736 15737 15739 15744
8 59 167 371 426 1089 1122 1234 2580
8 401 1134 7179 10506 15757 15758 15760 15765
8 49 283 338 455 673 674 680 1028
8 59 296 1406 2822 12270 12987 15775 15780
8 13 296 1267 1723 3724 3730 3825 5564
8 50 170 492 593 1081 1101 1403 2168
8 59 255 492 677 1232 1238 1766 3671
8 47 63 215 222 709 842 1080 1815
8 83 286 1033 1380 3367 3422 5800 8473
8 93 192 709 845 1193 1240 1495 3663
8 83 287 475 517 793 963 1036 2005
8 59 215 3431 6080 9588 10885 12986 15809
8 49 221 616 849 2068 2262 2618 5664
8 49 251 302 308 882 883 1043 2205
8 157 559 1360 1404 3433 3438 3700 5294
8 48 244 2211 2899 5065 5766 6484 14398
8 167 488 4112 7599 14700 15536 15829 15834
8 49 148 292 295 460 462 479 684
8 83 223 971 1081 2590 2820 3654 5801
8 59 184 435 482 973 1107 1367 1864
8 47 60 412 921 1403 1495 1501 3465
8 49 251 311 343 2076 2077 3293 15851
8 66 343 3948 3962 10853 12699 15854 15859
8 47 1950 4146 6272 15869 15870 15872 15877
8 59 360 1634 2424 4031 4035 4301 6310
8 312 354 2439 3179 15888 15889 15891 15896
8 148 214 488 530 1230 1237 1368 2065
8 120 200 430 609 2522 3194 4011 8455
8 75 204 612 735 2571 3010 3280 6611
8 148 742 6614 8279 13090 13622 15917 15922
8 49 176 296 305 371 450 462 539
8 223 406 915 923 1397 1504 1663 2337
3 83 300 5665
8 61 277 372 640 2964 3153 4612 8167
8 49 283 380 517 793 1089 1391 1919
8 59 184 851 1081 1660 2106 2332 4351
8 59 190 612 891 2511 2612 4003 8390
8 66 360 1385 1746 4640 5319 6324 9594
8 58 177 1679 1975 10247 11470 11933 15956
8 45 149 710 984 5863 7853 8120 15967
8 83 245 478 1418 6253 6257 8758 11828
8 49 221 318 323 522 525 539 700
8 49 282 322 346 529 538 680 1023
8 377 1197 4372 6259 15980 15981 15983 15988
8 59 221 493 511 2641 3058 4663 7005
8 83 221 1389 1405 3263 3663 4032 6171
8 83 372 807 969 1641 1663 2366 3291
8 66 222 512 536 1237 1286 1973 3185
8 8 39 4766 6733 16006 16007 16009 16014
8 49 223 304 314 532 534 668 1366
8 6 283 338 372 673 676 695 1025
8 59 184 492 532 1503 1504 1663 2524
8 59 201 430 527 1403 1415 1506 3620
8 47 167 360 419 849 889 1039 1381
8 65 246 462 537 1466 1491 2008 5127
8 282 327 1045 1581 13016 15899 16028 16033
8 50 83 859 1052 1824 1888 2801 3620
8 47 211 1031 1192 4009 6242 6467 7577
8 49 75 304 608 1415 1510 2068 3181
8 221 726 1801 2328 4040 4167 5563 9101
8 59 283 2262 3061 7862 7917 9115 15278
8 12 37 3207 3501 10644 10851 16062 16067
8 6 167 898 969 2181 2327 2351 4022
8 59 190 423 444 1081 1089 1366 3180
8 45 90 701 950 1509 2327 2560 3844
8 83 228 469 675 1234 1237 1407 2250
8 1879 12487 16095 16098 16109 16110 16112 16117
8 148 221 11493 13749 16131 16132 16134 16139
8 49 161 526 668 2504 2506 3454 3872
8 83 287 640 675 1675 1681 2781 16031
8 83 300 1461 2328 7654 7663 10340 16153
8 45 377 1213 1391 4035 5353 5907 10517
8 244 12001 16177 16180 16191 16192 16194 16199
8 53 200 1039 1391 3085 3229 4032 8278
8 6 228 469 538 2076 2079 2506 4266
8 148 377 3594 3661 5841 6167 6691 10625
8 6 511 1333 1344 2326 2327 2332 3408
7 190 691 16226 16229 16240 16241 16243
8 700 908 1330 1343 1989 2327 3439 5774
8 191 1193 3621 3733 11389 13072 13077 16254
8 6 422 2796 3438 12382 13273 15679 16267
8 83 286 460 519 1023 1025 1419 1919
8 156 724 6904 9195 16279 16280 16282 16287
8 6 447 2047 3508 7307 9009 10647 16296
8 6 83 845 973 3050 3189 3271 9237
8 224 2715 16310 16313 16324 16325 16327 16332
6 151 700 1417 2332 16343 16344
8 6 151 593 904 2164 2293 3466 10982
8 61 282 327 469 1571 1604 2439 7968
8 203 327 685 1045 4488 4663 5021 7546
8 49 282 325 371 532 534 894 1237
8 200 1722 3280 4146 10273 10863 12500 16365
8 59 193 700 889 3221 3566 3663 8081
8 50 201 1039 1237 3374 3691 4695 9455
8 148 214 950 1110 1960 1965 3201 5368
8 49 184 372 466 894 921 1237 1919
8 45 149 345 462 1113 1435 2168 4355
8 260 6194 16399 16402 16413 16414 16416 16421
8 153 729 2596 3244 8475 8497 10639 12679
8 47 412 3380 4148 16435 16436 16438 16443
8 148 390 1988 2355 8489 11080 13786 16456
8 59 221 977 1397 6035 6061 15405 16469
8 157 557 1407 1797 3698 3812 4167 5053
8 192 474 4782 7481 12319 14040 16478 16483
8 75 753 4795 10203 16500 16501 16503 16508
8 59 224 1082 1369 3452 3907 4522 9515
1 16519
8 61 251 323 327 894 899 1028 3452
8 49 251 311 325 695 894 899 2074
8 148 211 814 968 3571 4021 4813 8258
8 184 406 898 1349 2227 2332 3064 6491
8 59 283 455 517 899 900 963 4170
8 6 167 300 419 683 691 697 1089
8 45 79 977 995 3250 3259 3865 8354
8 83 368 2087 2101 8856 9333 9352 15240
8 49 151 526 542 1118 1234 1455 2009
8 148 360 2262 3429 13474 14334 15270 16544
8 45 190 953 1153 3993 4115 6281 14638
8 59 181 430 492 1237 1663 2065 3665
8 89 1147 6443 11250 16567 16568 16570 16575
8 49 149 296 310 891 894 950 2009
8 6 167 372 453 675 953 1444 2337
8 49 167 952 1089 2262 2504 3465 5030
8 59 223 1081 1506 3671 4368 5421 8507
8 192 2164 7691 9448 16595 16596 16598 16603
8 157 244 2822 2853 9476 9589 10533 16612
8 49 161 1949 4364 16623 16624 16626 16631
8 83 286 673 1023 4936 5154 5863 11356
8 59 219 973 1371 7113 7250 10838 14733
8 201 222 1391 1973 3691 3721 4632 6098
8 50 153 505 534 1189 1232 1349 2161
8 224 371 680 1012 1865 2420 2823 6131
8 59 184 623 889 3006 3242 4032 8799
8 6 483 1103 1121 4260 4522 5662 10399
8 11 156 481 497 1852 2414 2939 5030
8 203 492 1669 1859 4781 5010 6278 8520
8 47 166 1815 2810 5768 9237 9943 12529
8 49 168 1685 1968 3949 3993 7468 15893
8 66 223 1101 1334 2221 2236 2429 3693
8 384 2088 16688 16691 16702 16703 16705 16710
8 46 200 859 1113 4620 4917 5825 11594
8 50 599 3262 3407 12920 13321 14862 16728
8 368 1910 3504 4973 16537 16737 16739 16744
8 183 480 807 1090 1865 2365 2718 5822
8 148 255 1642 1755 5620 6330 8510 16756
8 91 228 700 957 3107 3271 3347 5629
8 193 418 2392 2448 5330 5423 7831 16769
7 148 1403 16781 16784 16795 16796 16798
8 294 475 1506 2106 7606 7649 10033 13637
8 50 70 1818 1869 13028 16809 16811 16816
8 13 494 945 1123 3068 3580 4008 9938
8 49 251 400 721 1824 1839 2036 4063
8 39 146 608 710 1097 1107 1122 1692
8 83 296 1031 1429 3184 3340 4176 13106
8 66 202 1081 1230 3363 4032 5317 11539
8 53 167 435 493 963 1053 1109 3166
8 82 406 3296 3668 6628 7581 8077 15203
8 6 215 1002 1240 3438 3665 4708 6582
8 59 282 325 462 1028 1035 1234 2211
8 59 211 1082 1624 7643 9245 13487 16861
8 45 151 1152 2071 4973 4978 6355 8854
8 211 283 1096 1604 3304 3533 3537 4178
8 45 153 889 988 2918 3181 3663 12533
8 49 283 465 520 894 1028 1036 1466
8 83 285 492 675 1604 1919 3061 4393
8 53 426 3949 5307 11739 12053 14418 16889
8 61 282 346 406 883 898 1112 2431
8 53 219 1088 1121 2515 2591 4009 7025
8 49 233 296 308 739 1089 1835 3453
8 59 203 484 608 1368 1397 1630 2519
8 6 221 943 1110 2364 2575 2771 4023
8 59 261 1937 2886 6742 6755 8303 11359
8 420 3008 8711 9561 16915 16916 16918 16923
8 146 412 1826 2152 3919 4026 5224 12381
8 49 151 294 304 674 691 708 1089
8 50 167 1035 1145 2086 2443 3043 5482
8 82 1158 3491 7337 16939 16940 16942 16947
8 156 441 5719 6802 8812 8815 12968 16956
8 59 156 603 746 1726 1727 1761 6611
8 148 700 1349 1360 2545 2767 2839 4081
8 49 151 327 455 894 976 1089 1919
8 57 221 683 883 5310 5629 7042 16972
8 59 471 2783 3447 7509 8388 10042 11503
8 59 166 800 1066 3810 4030 4410 10212
8 49 279 430 520 1097 1107 1477 4468
8 7 492 919 944 1913 1918 2047 2939
8 146 374 937 948 2327 2328 2644 2824
8 7 167 872 1404 3583 3593 3633 6678
8 49 283 695 781 3167 3173 3829 7239
8 63 6125 17001 17004 17015 17016 17018 17023
8 261 1596 2237 2696 6742 6756 13640 17034
8 53 430 1700 1979 3998 4491 9439 15128
8 35 189 850 1088 2609 3037 3183 3620
8 50 520 2588 3037 13635 14604 16719 17054
8 53 197 865 911 1795 3166 3256 5290
8 65 327 1035 1368 4144 4153 5573 9923
8 50 469 2217 5482 17071 17072 17074 17079
8 59 216 727 859 2250 2429 3421 4285
8 59 189 419 480 1232 1380 2820 3687
8 6 167 946 1107 2045 2364 3177 4963
8 61 322 2016 2221 9659 10144 17093 17098
8 160 511 845 921 1333 1518 1663 3203
8 58 758 2647 3487 8098 11264 12485 17111
8 6 167 511 749 3751 4142 4963 6311
8 75 1402 15323 17124 17135 17136 17138 17143
8 58 763 2675 3917 17153 17154 17156 17161
8 148 406 1230 1401 7263 8889 8895 11529
8 6 201 700 848 1367 1391 1493 1961
8 148 190 593 683 1400 1415 1624 2581
8 6 180 418 433 1461 1528 1759 2795
8 57 214 1072 1510 3037 3084 3805 6219
8 59 197 527 953 1738 1763 1786 3794
8 45 90 865 983 1872 1877 2511 3227
8 35 192 934 1217 2774 2816 2946 3706
8 52 1772 12378 15508 17198 17199 17201 17206
8 50 292 1387 1396 4506 4507 5370 9532
8 49 285 320 346 673 675 788 1442
8 59 536 1843 3107 8391 8514 8954 12478
8 6 201 480 533 1089 1381 1503 1975
8 49 284 322 346 674 675 685 1023
8 83 289 963 1461 2963 2967 3783 5098
8 59 286 537 675 1571 1600 1681 9016
8 59 184 437 710 4351 5096 5765 8458
8 45 153 1064 2168 17245 17246 17248 17253
8 49 287 542 1025 4663 4922 5561 17263
8 52 597 2131 2652 4755 5035 8021 12057
8 31 177 797 973 2515 2581 3166 8699
8 58 156 1781 2297 10913 11340 12262 16959
8 6 167 322 460 2068 2079 2526 4171
8 47 61 430 616 1600 1623 2119 2612
8 49 222 492 532 976 1237 1623 3180
8 61 184 426 480 1415 1501 1746 2795
8 90 854 8121 9312 17294 17295 17297 17302
8 46 593 3700 3844 14785 16121 17311 17316
8 61 184 296 304 529 537 891 1443
8 50 224 424 460 697 698 748 1381
8 59 165 691 876 3423 3429 3672 5665
8 49 184 526 616 1096 1366 1461 3367
8 61 203 963 1083 1857 2819 3064 4646
8 59 497 957 1330 2337 2774 3031 4093
8 211 685 2255 2597 4178 4343 6066 6628
8 59 209 691 952 4003 4069 5765 9590
8 157 418 2562 3033 6856 10150 13296 17337
8 6 30 914 946 1702 1705 2023 3207
8 46 66 952 1083 2696 3243 3376 8913
8 63 1438 7200 8457 17356 17357 17359 17364
8 148 228 1942 2596 6566 7468 10227 17374
8 62 157 1883 2207 4042 4047 5243 9948
8 6 371 944 969 2943 3388 4052 5337
8 83 293 522 675 1028 1443 1449 2076
8 8 66 992 1074 4995 5547 8911 17392
8 49 449 3270 4051 9500 9817 11715 15606
8 50 327 748 1096 2718 3361 3429 3949
8 49 177 519 716 1604 1969 2809 4173
8 6 282 343 452 698 898 1023 1446
8 11 720 1349 2359 6653 6892 7758 14188
8 83 282 459 537 2781 3454 3520 6107
8 59 205 1081 1237 3061 3085 3567 6170
8 82 222 542 684 1623 1845 2185 9867
8 83 294 403 460 825 1033 1438 2092
8 1 494 1703 2355 9030 9401 9722 17431
8 501 820 5674 7566 17443 17444 17446 17451
8 49 259 958 1415 4170 6287 7819 9815
8 91 228 674 889 1663 2509 3054 6069
8 6 223 718 807 1663 1664 1848 3296
8 61 251 459 529 2049 2375 2380 4099
8 83 285 517 777 3336 3452 3525 13106
8 45 66 286 435 992 1043 1112 1504
8 61 221 702 963 3180 3185 3668 5315
8 66 176 701 845 1237 1240 1360 1705
8 64 220 1089 1623 5324 5331 8501 15124
8 39 294 686 784 2412 2417 2960 4139
8 47 75 1063 1367 3252 4224 6012 16389
8 198 225 973 1381 3568 3988 4364 8448
8 66 153 1064 1695 11123 11214 13166 17505
8 59 201 527 1039 3180 3363 4368 8504
1 17518
8 148 221 1182 1949 4009 4887 6091 12528
8 49 203 300 327 673 695 906 1370
8 39 201 311 326 1630 1920 2766 4609
8 227 701 2456 3733 11355 12857 13265 17527
8 50 1392 6484 7967 15824 15825 17537 17542
8 167 201 616 1039 2264 2580 3086 3620
8 90 712 1417 2328 3433 3698 4167 6040
8 83 338 2421 2436 5526 5528 9167 16867
8 1100 4862 17563 17566 17577 17578 17580 17585
8 82 167 527 746 3089 3263 3663 4227
8 50 153 410 428 1367 1385 1501 3438
8 132 1930 5879 6908 17597 17598 17600 17605
8 2 828 4187 6132 8324 8328 8332 13136
