0
0
0
0
0
0
0
0
0
0
0
0
0
0
0
0
0
0
0
0
0
0
2 240 409
0
0
0
1 512
1 258
0
2 997 1400
3 292 1029 1845
0
0
0
1 722
0
1 843
1 1663
0
2 424 1650
1 464
1 1169
0
0
0
0
0
0
0
0
1 0
0
0
1 709
0
0
0
0
1 649
1 1361
2 1117 1622
8 132 228 1062 1081 1368 1392 1574 1831
2 370 881
2 1431 1609
2 40 1433
1 1000
29 2 28 56 59 112 130 136 247 286 412 504 520 523 552 638 670 772 798 825 877 1090 1203 1260 1289 1460 1555 1846 1852 1869
1 0
0
9 119 181 257 337 503 745 925 1009 1314
4 400 527 1163 1751
3 173 537 1097
0
0
2 1112 1526
11 174 264 369 530 563 754 1004 1156 1559 1660 1874
2 69 270
0
5 0 583 610 1070 1561
5 0 63 635 1103 1715
1 430
1 0
4 252 992 1035 1510
20 93 94 98 183 199 261 320 434 498 507 568 680 918 984 1008 1032 1125 1253 1658 1686
1 153
3 25 246 1102
1 0
1 461
1 829
2 640 850
8 210 395 401 725 983 1443 1666 1814
7 307 324 427 1342 1384 1436 1553
5 177 449 735 944 952
7 91 422 528 617 1211 1316 1491
1 421
0
0
1 398
0
0
1 1
3 827 1165 1332
0
0
0
0
0
0
0
0
0
0
0
0
0
0
0
1 1
0
0
0
0
0
0
0
0
0
0
1 1
1 1
0
1 1
0
0
0
0
1 1
0
0
0
0
0
0
0
0
0
2 1385 1754
3 416 790 862
18 184 294 335 371 539 622 681 778 907 921 960 1005 1327 1364 1393 1397 1542 1619
6 533 1352 1359 1641 1698 1722
2 284 1330
20 68 316 386 390 466 467 543 597 737 1010 1096 1115 1120 1238 1590 1689 1717 1762 1776 1782
0
28 89 123 135 150 169 175 198 299 487 556 566 646 666 1048 1049 1056 1123 1130 1216 1343 1358 1441 1586 1732 1764 1825 1876 1889
0
13 125 446 471 534 590 691 739 776 887 964 1082 1136 1293
5 601 1506 1736 1780 1829
17 16 31 188 580 724 976 1105 1122 1139 1177 1252 1276 1376 1467 1470 1534 1849
0
0
7 2 120 236 793 803 1087 1088
6 348 352 1080 1261 1670 1728
0
0
7 29 166 633 1150 1193 1494 1579
5 47 95 249 393 1838
11 358 473 842 878 1142 1356 1389 1475 1547 1738 1785
33 162 452 458 483 573 579 643 707 716 720 748 810 874 1064 1241 1300 1347 1374 1446 1520 1602 1655 1664 1714 1723 1724 1757 1777 1789 1801 1805 1830 1888
3 901 1323 1739
2 821 1462
8 355 441 651 714 873 1304 1448 1607
1 2
2 2 1003
0
7 2 45 189 394 686 947 1111
3 20 303 396
9 35 186 413 451 658 802 908 1632 1871
4 109 1640 1828 1855
12 39 121 279 313 382 500 547 650 937 1249 1273 1370
2 2 1354
3 1178 1493 1811
8 710 773 859 1396 1440 1482 1483 1720
10 103 147 510 606 682 808 828 933 1141 1405
1 1281
42 41 157 323 359 443 445 549 598 662 675 784 820 833 838 847 891 910 980 1046 1068 1160 1162 1212 1221 1230 1258 1286 1383 1407 1429 1450 1452 1546 1621 1637 1653 1697 1734 1824 1833 1836 1839
6 470 509 888 1011 1036 1595
4 732 1173 1195 1479
1 60
2 3 417
7 134 365 529 1128 1362 1794 1800
8 336 618 886 1184 1638 1665 1719 1810
6 158 206 429 578 1349 1509
19 314 513 554 585 637 706 781 805 846 882 941 1022 1284 1377 1381 1512 1581 1611 1815
16 272 380 440 519 704 762 822 906 936 1146 1262 1328 1414 1455 1476 1694
0
0
4 97 934 1095 1132
10 223 269 482 605 674 765 1129 1134 1796 1813
5 222 852 1183 1518 1523
2 13 770
8 290 438 789 927 1040 1629 1675 1742
44 161 163 229 306 312 347 366 385 562 584 589 679 698 759 875 1019 1053 1131 1149 1197 1208 1213 1245 1259 1271 1302 1321 1350 1390 1410 1413 1425 1490 1530 1558 1568 1588 1654 1695 1809 1820 1877 1881 1884
5 8 522 795 796 1756
13 71 345 472 867 955 962 1155 1338 1373 1521 1771 1840 1880
10 73 84 603 688 713 766 1002 1086 1569 1630
4 3 342 728 1859
12 185 233 407 414 444 505 866 869 896 1170 1282 1477
0
1 1319
2 1372 1843
0
14 92 164 208 391 402 575 673 923 1226 1419 1517 1659 1711 1761
0
3 405 1204 1270
18 167 201 685 729 854 931 940 1017 1157 1189 1222 1365 1387 1537 1596 1628 1696 1812
3 647 1613 1759
9 3 277 344 480 712 1224 1231 1427 1799
4 3 411 431 1227
0
11 3 268 456 581 860 973 995 1171 1279 1730 1769
13 194 283 354 457 478 861 913 1119 1399 1420 1539 1560 1872
43 96 144 148 226 296 379 439 450 588 608 672 738 823 883 915 950 970 991 1152 1158 1206 1268 1299 1398 1408 1456 1487 1516 1527 1541 1563 1566 1570 1614 1643 1646 1647 1669 1703 1772 1783 1870 1879
24 53 333 381 433 494 645 956 963 979 989 1175 1196 1198 1243 1272 1292 1379 1499 1580 1609 1649 1731 1832 1860
20 21 66 305 340 515 642 699 703 876 892 1084 1278 1339 1367 1515 1620 1651 1725 1740 1866
31 3 143 179 204 297 310 488 542 545 560 587 594 595 717 758 775 815 819 834 924 977 1059 1109 1126 1257 1269 1307 1386 1599 1707 1837
3 460 1247 1875
0
9 81 106 570 711 780 1007 1461 1567 1575
27 27 99 104 215 248 263 329 375 453 630 648 730 807 890 894 935 943 1047 1290 1329 1340 1438 1667 1676 1747 1848 1865
2 1006 1283
2 961 1168
3 777 797 1275
5 238 972 1106 1199 1540
2 917 1770
0
3 361 942 1039
0
1 4
0
2 171 982
4 58 239 278 1395
0
0
1 1500
6 318 349 844 1309 1617 1727
11 75 137 218 454 531 723 1188 1297 1457 1501 1642
1 1656
2 432 1153
0
0
0
37 138 259 293 308 388 392 448 465 561 592 604 627 705 792 809 839 932 988 1034 1108 1137 1181 1182 1295 1311 1318 1333 1412 1486 1557 1565 1615 1623 1709 1710 1753 1867
1 1191
0
1 4
4 968 1138 1608 1746
3 378 654 851
0
0
12 6 124 256 328 497 683 760 903 1014 1037 1369 1864
2 718 1078
3 52 763 1773
0
0
1 1118
4 4 61 65 990
1 4
1 1021
1 4
0
1 1251
0
0
8 4 577 665 1024 1076 1114 1371 1439
0
0
0
14 64 141 145 266 281 304 339 387 463 469 708 885 1140 1635
0
11 202 356 586 611 818 1306 1325 1404 1418 1587 1786
0
0
63 9 15 22 83 90 127 139 176 225 267 285 311 317 485 501 631 641 652 655 669 750 751 755 771 840 902 938 975 978 981 1018 1075 1085 1094 1124 1148 1166 1228 1235 1277 1296 1334 1345 1380 1409 1416 1426 1445 1485 1504 1519 1525 1548 1556 1591 1592 1644 1690 1692 1760 1768 1856 1858
71 5 18 26 46 50 51 85 105 115 116 128 129 131 140 146 155 197 212 213 216 217 219 227 250 254 330 331 363 373 376 397 492 499 517 576 600 619 632 634 811 845 905 914 958 1031 1041 1180 1186 1190 1207 1285 1313 1315 1320 1366 1391 1402 1423 1449 1473 1488 1583 1593 1604 1636 1652 1662 1713 1763 1765 1790
12 372 518 550 636 657 746 791 916 1179 1424 1472 1821
22 44 495 694 726 734 756 864 1093 1176 1220 1248 1267 1291 1317 1336 1388 1437 1533 1600 1766 1818 1868
37 11 42 43 54 55 209 235 282 289 332 420 462 481 502 557 653 757 800 814 816 817 967 969 1033 1038 1250 1266 1348 1375 1378 1451 1469 1514 1610 1683 1729 1823
7 939 1028 1497 1513 1612 1671 1826
3 408 733 1312
19 88 231 241 425 435 532 607 687 835 857 868 1045 1161 1298 1308 1324 1522 1528 1822
2 948 1063
2 684 1074
5 442 537 900 1023 1817
6 911 1185 1223 1411 1538 1851
17 10 301 455 466 551 614 621 626 767 801 1043 1067 1069 1430 1549 1861 1873
2 153 1619
6 309 553 880 1605 1606 1755
0
0
2 68 1188
7 5 326 390 535 1236 1634 1672
1 999
1 787
0
5 220 307 809 1776 1836
4 152 980 1417 1632
1 524
1 1254
6 218 394 477 592 1615 1770
0
7 228 386 690 829 1301 1471 1722
1 5
11 5 339 546 623 723 1026 1111 1239 1418 1504 1597
0
10 5 227 446 498 665 887 1024 1261 1371 1651
4 994 1174 1325 1450
2 64 839
1 1404
1 926
13 5 131 317 359 439 540 586 669 698 791 792 932 1034
5 125 470 674 1014 1297
4 267 654 929 953
11 24 93 138 239 294 675 702 818 856 917 1802
12 22 141 144 197 448 531 726 737 903 1529 1548 1643
3 656 746 888
13 40 222 378 466 636 692 739 920 942 1098 1137 1557 1710
4 356 466 1553 1881
23 140 195 207 232 561 700 740 756 895 1233 1235 1280 1313 1317 1333 1412 1496 1657 1691 1709 1797 1854 1880
0
0
0
0
0
1 6
4 243 328 642 744
0
3 715 1311 1573
0
18 139 271 360 372 397 525 534 619 640 643 652 681 981 1218 1285 1315 1384 1886
0
1 947
0
0
15 90 374 454 573 760 834 1082 1166 1238 1383 1415 1437 1501 1623 1624
2 6 236
1 6
10 127 285 471 757 1186 1556 1580 1644 1818 1821
1 6
1 590
0
1 1011
0
1 6
1 1464
5 86 165 968 1434 1627
0
1 124
0
0
0
6 118 536 747 1626 1639 1718
1 609
0
0
6 245 418 419 486 897 1480
2 7 1502
0
0
3 216 469 1716
2 831 1181
1 1061
20 108 133 255 311 350 384 731 736 809 898 904 975 1277 1329 1476 1576 1632 1692 1733 1850
15 115 304 365 466 495 809 974 1009 1092 1242 1457 1591 1598 1648 1652
1 677
2 102 1788
0
1 479
5 1232 1564 1577 1673 1677
1 985
0
7 217 363 387 593 964 1072 1228
0
3 7 72 291
3 582 1179 1182
1 295
0
0
3 213 577 1326
0
0
1 1702
0
0
2 7 1265
2 7 1306
0
1 7
5 325 508 956 996 1143
0
1 1334
0
2 7 362
1 1192
1 105
0
0
16 71 377 491 848 954 980 1030 1133 1422 1551 1595 1633 1712 1758 1768 1808
0
0
0
3 57 788 871
0
11 30 193 893 965 1019 1035 1435 1489 1535 1701 1775
0
1 169
0
0
6 507 627 776 1256 1331 1589
5 489 1510 1588 1748 1844
4 616 1327 1655 1714
0
1 8
3 693 849 1682
7 203 707 949 1310 1397 1545 1574
1 33
0
4 567 1112 1602 1767
1 569
2 484 1889
0
11 434 503 511 765 803 842 1142 1184 1321 1520 1793
1 21
3 8 280 620
3 8 889 1811
4 78 1042 1083 1414
7 8 742 786 1144 1177 1314 1869
0
0
0
0
1 8
2 583 1779
0
0
2 960 1665
0
0
4 427 1127 1364 1685
1 346
5 388 922 1426 1452 1853
6 131 313 566 611 1114 1632
2 83 1490
8 9 43 250 600 811 1291 1378 1856
3 131 840 1723
1 242
19 44 75 209 254 318 420 441 502 705 887 980 1037 1318 1320 1366 1424 1504 1604 1782
1 1504
1 62
8 465 817 902 958 1140 1155 1207 1225
5 27 332 592 887 1188
27 11 121 128 231 259 373 392 533 592 641 674 771 809 814 845 948 969 980 1085 1094 1188 1423 1469 1619 1830 1837 1861
2 112 1163
13 394 448 634 739 751 797 1401 1548 1565 1619 1632 1698 1760
1 9
4 9 269 496 876
4 717 870 1305 1504
7 9 476 625 696 1012 1164 1697
0
2 172 1548
12 111 116 212 225 394 448 674 721 779 1583 1690 1798
2 654 932
2 9 1784
2 50 739
0
1 1705
5 229 331 654 1503 1750
0
0
5 22 64 267 665 1439
9 68 267 631 665 1000 1191 1380 1436 1619
18 35 122 364 448 668 838 865 886 1032 1079 1135 1200 1451 1486 1514 1745 1800 1833
2 837 987
6 82 509 1057 1345 1454 1621
5 403 663 826 1337 1735
1 490
1 1585
0
1 29
2 341 1618
1 10
2 333 1507
1 1145
27 146 186 273 447 551 654 691 723 749 764 830 935 1028 1034 1160 1241 1336 1365 1418 1440 1450 1488 1521 1522 1720 1737 1787
5 176 358 966 1060 1757
6 49 288 559 602 1752 1862
1 399
1 113
12 48 154 221 368 404 628 1001 1015 1303 1346 1736 1841
4 17 94 324 1058
0
1 10
1 10
0
2 10 824
2 187 1407
10 39 150 223 402 640 798 1051 1117 1481 1487
4 142 371 1105 1428
0
1 10
1 1211
0
7 80 160 170 1413 1646 1678 1803
8 70 215 359 426 446 711 864 1361
1 1519
0
1 1432
0
25 18 68 131 197 241 317 339 446 463 481 485 592 632 636 674 706 723 887 1188 1325 1418 1593 1612 1636 1713
3 1375 1395 1450
15 197 267 339 382 394 466 636 665 746 756 1080 1325 1443 1548 1683
8 247 446 888 1296 1445 1765 1786 1795
5 64 289 297 410 652
16 26 352 397 439 640 792 905 938 1034 1045 1050 1266 1317 1334 1525 1643
2 199 1039
2 235 1570
10 22 317 652 675 1161 1317 1334 1557 1580 1643
5 11 125 1196 1287 1600
10 11 45 59 422 836 908 1075 1389 1442 1654
5 132 310 1014 1243 1595
9 11 51 125 498 521 1248 1644 1836 1867
8 169 462 891 1019 1031 1107 1595 1628
3 1175 1245 1246
19 119 330 348 586 619 726 756 894 903 1008 1213 1239 1371 1408 1557 1651 1653 1692 1832
2 1005 1820
17 11 179 191 570 603 619 621 624 835 959 1249 1269 1504 1595 1651 1692 1732
2 458 1043
8 317 339 435 819 903 1180 1649 1819
19 64 498 655 726 739 792 888 932 1185 1257 1277 1366 1412 1472 1473 1580 1656 1836 1858
24 15 127 129 155 169 202 285 359 397 439 472 550 626 636 669 675 967 1223 1277 1366 1450 1528 1644 1676
4 127 652 1632 1643
8 140 279 294 568 619 750 834 1429
3 244 1315 1359
5 723 1371 1494 1590 1717
0
0
0
0
0
3 12 637 688
0
0
0
0
0
0
0
1 1498
1 1704
0
2 526 1616
0
1 946
0
0
1 1403
1 12
1 143
1 538
1 596
2 599 1484
0
0
1 34
0
0
1 971
1 12
4 12 459 1219 1229
0
2 12 812
0
0
0
0
1 12
1 500
2 676 793
0
0
0
0
0
0
17 98 134 252 427 437 445 530 578 704 918 1052 1421 1463 1531 1536 1607 1835
0
1 1010
3 930 993 1495
7 74 424 427 727 1360 1524 1827
1 1505
3 827 1055 1743
2 13 1362
2 151 1234
0
1 884
1 1217
0
1 89
1 117
9 294 355 591 743 1279 1329 1433 1660 1771
5 208 214 1130 1542 1629
1 1210
1 13
7 13 529 770 921 1038 1212 1492
2 782 1363
3 13 562 1328
0
6 31 1258 1409 1465 1831 1839
0
0
1 13
0
0
0
3 159 575 1271
1 957
0
2 713 1027
1 1543
1 14
1 988
0
0
1 1148
0
1 683
1 932
0
0
1 1235
0
10 144 197 281 308 1014 1041 1329 1412 1592 1635
0
0
0
0
1 14
1 138
0
0
0
0
0
0
0
0
1 1594
1 14
1 14
0
1 14
0
0
0
0
1 14
0
0
0
6 153 388 408 1285 1651 1670
0
1 791
0
0
36 71 141 217 219 282 285 386 387 388 495 501 557 576 640 698 834 840 1011 1019 1033 1034 1137 1235 1254 1261 1315 1317 1366 1418 1499 1548 1580 1604 1652 1818 1880
17 85 359 376 397 420 450 586 669 726 791 1137 1307 1510 1517 1604 1776 1821
20 44 388 420 495 734 1026 1155 1285 1313 1325 1334 1412 1667 1671 1723 1766 1818 1821 1823 1851
4 664 791 1426 1652
6 755 1016 1074 1324 1373 1608
0
0
26 43 44 68 90 124 127 250 387 439 642 757 811 887 1137 1155 1176 1186 1235 1277 1313 1329 1426 1450 1565 1604 1644
4 71 383 420 1386
2 15 698
23 15 90 124 174 294 386 451 492 792 1037 1094 1128 1146 1155 1166 1186 1259 1261 1284 1302 1449 1714 1810
10 250 757 1094 1197 1228 1320 1336 1556 1619 1860
14 15 553 600 675 684 756 847 1275 1308 1320 1327 1336 1821 1842
3 212 326 600
4 269 540 800 857
0
0
1 15
6 627 801 1485 1679 1714 1776
1 1556
2 217 1588
1 916
57 22 42 43 125 128 138 140 141 144 153 212 261 267 285 307 317 363 372 385 387 448 465 495 498 586 592 642 674 707 723 751 811 817 818 888 911 956 958 980 1011 1024 1028 1037 1138 1166 1228 1370 1415 1416 1476 1510 1556 1557 1588 1652 1710 1880
0
6 627 707 803 956 1714 1837
23 54 90 115 124 128 169 329 465 634 643 818 926 1140 1162 1218 1312 1313 1317 1430 1451 1547 1837 1856
2 163 1396
10 47 190 514 1100 1263 1327 1468 1643 1688 1781
12 196 262 275 286 427 428 785 816 1244 1410 1527 1882
3 585 1046 1476
5 729 796 803 936 1183
2 667 841
0
4 16 265 1096 1215
0
5 293 903 1299 1518 1776
6 307 803 1097 1195 1270 1609
6 320 789 1208 1419 1754 1824
0
4 234 476 992 1885
0
2 1214 1374
0
3 643 1003 1855
2 16 558
4 16 114 302 671
0
6 16 56 572 694 1221 1857
2 650 1753
3 951 1116 1322
0
3 1101 1327 1684
1 16
6 321 768 804 1479 1537 1661
6 93 440 869 875 1154 1458
4 158 249 1053 1064
11 93 386 689 983 1088 1129 1157 1261 1438 1532 1700
0
1 555
0
0
0
3 855 1406 1630
0
0
1 1066
3 754 1167 1770
0
0
3 909 1578 1631
0
0
0
5 100 406 915 1780 1888
0
9 161 269 327 468 735 1070 1237 1385 1837
2 17 1805
0
0
0
1 1706
0
0
0
0
1 1804
2 753 1240
2 17 799
1 17
0
3 17 863 1807
0
0
0
0
1 17
0
5 96 260 697 1022 1571
0
0
3 274 398 1054
0
0
1 1460
4 1082 1093 1404 1868
2 18 227
1 18
1 1024
12 18 44 93 328 600 642 751 958 1014 1028 1321 1790
1 1426
6 83 236 328 829 1404 1497
6 216 631 811 1266 1591 1873
1 631
1 18
0
10 301 397 634 726 958 1085 1266 1380 1451 1818
2 739 1391
0
0
0
16 128 130 212 236 363 441 465 817 968 969 1140 1186 1380 1514 1612 1636
1 304
0
1 794
2 19 832
0
1 232
0
0
1 1561
0
0
2 211 945
1 549
5 76 269 544 979 1866
0
0
0
2 168 741
1 541
0
5 19 201 701 1072 1444
0
1 82
0
0
0
1 1863
4 300 554 1012 1565
0
1 334
0
2 19 1861
3 19 55 779
0
2 19 1891
0
0
1 1341
7 23 36 251 438 858 1201 1508
3 19 563 1357
2 1071 1344
0
1 248
0
0
0
0
0
8 95 769 907 944 1273 1343 1368 1609
1 1475
1 1202
3 41 1611 1871
0
2 478 660
10 20 162 210 617 765 896 1216 1541 1586 1809
4 523 1077 1614 1655
7 87 283 707 765 846 1342 1440
1 1226
1 149
0
4 960 1398 1441 1834
1 423
0
0
2 416 1509
9 20 457 467 528 584 661 681 1491 1799
1 20
0
1 20
0
0
2 681 1104
1 639
1 20
1 1062
1 881
0
0
0
0
0
0
1 1838
4 533 627 1525 1591
1 802
0
7 21 83 328 388 829 1037 1082
3 21 534 981
5 131 561 657 1114 1615
4 21 1615 1768 1783
0
0
1 1081
0
1 21
5 991 1655 1694 1734 1865
0
3 1638 1722 1836
0
0
32 139 195 229 236 365 439 446 470 485 531 669 705 834 981 1082 1085 1094 1118 1198 1255 1298 1321 1364 1371 1452 1692 1697 1709 1710 1722 1765 1782
0
0
17 141 153 307 390 470 518 534 552 611 746 839 938 1024 1114 1181 1418 1525
22 217 218 359 394 441 502 561 705 737 757 818 840 902 927 953 1076 1179 1236 1437 1533 1768 1856
20 22 27 43 75 121 216 250 304 373 485 654 746 938 1034 1315 1378 1437 1709 1710 1713
4 152 1291 1501 1713
0
0
0
14 138 313 339 356 365 390 917 942 1014 1018 1188 1501 1565 1689
1 968
15 115 227 231 356 372 502 642 698 817 839 1228 1235 1424 1445 1880
0
13 60 353 483 630 686 843 919 1103 1149 1238 1267 1546 1680
2 658 1290
0
6 67 464 1059 1394 1435 1796
0
0
6 133 148 288 548 854 1569
2 962 986
0
0
0
2 38 719
0
11 200 561 615 700 767 1152 1156 1291 1622 1697 1803
0
3 266 298 1633
1 23
0
0
1 1233
0
0
1 1340
0
0
0
1 167
1 23
3 23 188 659
1 955
1 23
0
6 396 628 629 806 813 1230
0
13 26 27 35 109 304 375 407 499 537 632 935 937 1490
2 23 555
4 114 402 602 1787
2 258 543
4 313 865 1069 1845
1 753
3 620 743 1788
0
21 35 79 120 135 340 402 537 574 672 688 710 720 737 759 775 943 1222 1320 1321 1666 1722
0
10 284 456 703 852 1163 1172 1274 1523 1591 1843
6 173 228 1477 1566 1723 1813
0
7 24 579 637 861 960 1303 1397
1 108
16 26 75 202 259 708 736 895 924 932 1092 1238 1253 1311 1325 1593 1747
0
0
11 186 194 758 765 842 860 1158 1352 1414 1521 1559
2 259 533
1 808
19 71 241 373 471 725 784 903 1028 1181 1182 1383 1397 1404 1457 1593 1612 1713 1757 1870
0
0
2 24 738
1 24
2 699 1711
7 24 479 688 848 1648 1664 1850
0
2 1196 1452
0
18 91 121 186 230 330 402 536 580 638 842 935 964 1019 1119 1440 1621 1686 1828
2 24 940
0
8 281 829 1087 1173 1196 1372 1782 1832
4 144 185 997 1286
0
0
5 205 365 1390 1397 1521
0
0
1 1814
2 257 1641
0
0
0
4 395 401 1393 1764
5 177 246 527 1314 1466
0
0
10 198 228 370 400 917 984 1112 1314 1431 1869
1 644
0
2 25 1715
1 1115
1 1203
0
1 112
3 127 840 1112
0
0
0
2 322 1314
3 112 421 925
1 25
1 25
1 449
1 25
1 714
0
3 231 632 1733
0
1 25
0
1 1220
1 112
2 210 651
1 1601
0
0
0
21 235 330 363 470 485 636 814 968 1084 1140 1336 1375 1380 1469 1580 1588 1644 1683 1729 1821 1856
1 26
17 373 450 751 791 833 938 1085 1155 1291 1407 1451 1469 1488 1600 1652 1683 1826
2 33 387
0
16 44 372 378 390 450 502 643 814 964 1038 1366 1604 1709 1760 1765 1851
2 26 1407
0
1 1511
2 99 491
11 285 331 333 705 1186 1277 1285 1375 1424 1488 1861
10 27 176 420 595 935 956 1026 1045 1166 1388
7 688 904 1225 1238 1480 1490 1760
11 237 469 969 978 996 1037 1476 1514 1570 1612 1765
5 341 668 892 1030 1521
10 139 297 309 469 495 600 886 1045 1593 1600
15 66 312 345 444 781 934 1160 1261 1269 1373 1414 1420 1655 1877 1884
0
0
3 27 254 1207
6 124 176 981 1383 1615 1869
2 305 547
5 308 1266 1378 1486 1691
2 1347 1512
0
2 612 1348
0
3 115 358 1038
0
3 28 537 1658
6 952 1165 1212 1252 1445 1757
0
0
0
0
0
0
1 722
0
0
3 28 503 539
6 28 69 493 1048 1289 1526
0
6 28 166 257 1163 1486 1785
1 1103
0
0
1 503
2 28 877
3 180 366 1114
0
6 210 556 662 1211 1491 1852
0
0
0
0
0
2 530 1609
23 35 294 324 358 530 640 876 977 1035 1067 1163 1212 1282 1364 1376 1377 1425 1520 1530 1607 1620 1637 1665
5 999 1109 1400 1456 1564
3 29 1840 1846
1 29
0
1 29
0
6 504 597 867 1241 1491 1794
27 229 306 371 435 450 507 578 585 601 803 906 1035 1062 1142 1182 1354 1414 1436 1602 1636 1665 1714 1724 1770 1776 1782 1820
4 709 1117 1211 1745
1 29
1 960
0
5 296 712 936 1381 1491
19 190 218 225 412 503 507 681 774 798 832 898 939 941 1127 1132 1241 1452 1510 1520
5 488 706 1192 1839 1854
9 47 206 223 622 1117 1142 1399 1754 1786
1 371
0
2 606 1124
4 272 511 1015 1607
0
1 1457
3 486 773 1464
1 793
0
11 374 427 1133 1160 1190 1278 1343 1621 1754 1786 1801
0
11 30 179 268 507 778 842 1078 1178 1243 1389 1757
7 160 263 578 1049 1189 1696 1772
0
6 429 716 1047 1554 1768 1869
15 63 98 157 223 588 598 728 772 823 944 1062 1103 1350 1698 1742
0
2 98 1544
0
1 936
1 1717
0
1 30
6 30 143 330 882 1735 1769
9 179 221 286 368 1005 1122 1243 1602 1754
3 30 1459 1752
0
0
0
0
1 30
0
0
0
0
0
1 1603
0
2 1072 1300
0
0
0
0
1 137
7 47 186 566 679 1002 1097 1389
1 31
1 31
2 1396 1777
8 31 324 335 670 876 1352 1542 1558
3 1097 1368 1721
0
0
1 277
2 31 110
0
2 682 1719
1 1184
0
0
0
2 973 1778
0
1 32
0
0
0
0
0
0
0
2 189 354
0
1 1402
8 80 308 490 545 633 872 1072 1145
1 515
3 207 1269 1454
2 731 1576
0
2 33 1373
10 33 85 225 297 509 870 908 1327 1407 1488
2 478 913
6 33 85 193 496 1280 1340
1 935
0
1 101
0
1 33
2 472 1408
3 187 696 1175
3 54 1072 1079
1 889
4 634 691 814 1732
0
5 62 706 711 1012 1408
3 1269 1305 1659
2 1611 1681
0
0
0
3 1382 1494 1645
1 126
0
0
0
1 34
0
0
0
0
1 514
0
0
0
0
0
1 34
1 34
0
1 34
2 1506 1815
1 270
0
0
1 34
4 347 762 1004 1396
0
0
0
0
0
0
0
18 96 226 455 472 755 822 890 963 1045 1213 1310 1343 1364 1438 1440 1542 1628 1756
0
7 239 280 619 988 1608 1732 1800
6 35 73 210 583 732 1248
19 197 222 259 391 471 566 707 1005 1008 1212 1293 1297 1525 1553 1570 1602 1667 1717 1760
13 146 202 320 324 530 706 797 886 908 1195 1249 1304 1490
0
38 54 85 96 121 146 269 281 399 509 576 603 624 755 838 927 954 988 1028 1135 1196 1213 1233 1249 1340 1412 1430 1499 1522 1628 1649 1667 1692 1695 1697 1720 1832 1859 1871
2 116 1608
1 1438
19 81 93 308 402 438 505 807 836 886 974 1012 1117 1175 1211 1245 1432 1611 1759 1871
0
0
0
1 942
1 418
0
0
2 48 1387
0
0
0
2 459 637
0
0
2 36 686
0
0
0
0
1 287
0
0
0
0
2 102 1581
1 36
1 36
0
1 36
0
0
2 415 686
0
1 36
0
0
0
0
0
0
0
0
1 37
0
1 638
2 638 1649
1 240
0
3 286 464 924
2 292 680
2 464 810
1 520
0
2 1448 1598
0
0
1 1281
0
0
1 37
0
0
1 997
0
0
0
0
0
0
0
1 37
1 37
0
1 37
0
0
0
0
2 37 240
0
0
0
2 240 409
0
0
1 240
1 528
1 1263
2 275 585
4 694 897 1001 1841
0
0
1 1803
3 555 1493 1740
2 555 1344
0
0
2 38 694
0
0
2 841 962
4 67 201 572 1134
1 1680
2 689 1678
0
1 555
0
0
10 38 88 302 315 667 1139 1152 1541 1712 1732
1 38
5 467 591 628 1290 1531
1 38
0
0
2 1290 1468
0
2 38 316
0
0
14 438 440 554 628 686 962 1089 1329 1441 1460 1541 1586 1781 1871
0
0
8 288 367 375 585 594 826 936 1164
0
0
22 199 257 320 333 348 471 770 924 931 944 1110 1231 1307 1330 1408 1413 1517 1572 1590 1651 1665 1839
10 147 222 434 473 603 1542 1621 1809 1874 1889
15 39 325 691 1026 1160 1249 1292 1345 1365 1437 1517 1537 1628 1771 1797
8 39 333 350 509 638 821 927 1707
17 228 382 441 498 534 537 735 797 798 809 947 1125 1137 1142 1361 1547 1880
3 39 490 1730
3 507 617 1338
1 1547
4 348 770 1256 1520
11 94 223 416 422 434 528 617 950 1213 1352 1373
2 39 249
0
0
3 98 975 1486
2 1610 1800
12 94 566 876 995 1019 1258 1273 1362 1655 1820 1837 1875
0
3 51 465 1436
0
8 40 47 371 992 1008 1032 1222 1889
1 40
1 583
3 40 357 617
9 323 434 802 992 1241 1284 1494 1586 1590
0
25 94 143 174 204 281 422 445 478 480 568 710 796 802 828 1174 1258 1362 1413 1499 1521 1568 1636 1673 1675 1809
2 261 1883
4 40 688 1500 1557
0
1 1582
1 1817
23 162 451 458 554 691 721 779 796 838 891 924 955 1152 1290 1365 1400 1430 1438 1537 1596 1633 1703 1771
0
1 802
9 162 235 568 737 797 964 1008 1112 1810
6 181 199 779 1284 1385 1808
4 41 344 858 1806
36 41 48 60 151 202 288 318 355 375 382 416 440 467 555 637 648 780 908 1096 1222 1259 1268 1273 1403 1441 1442 1443 1467 1498 1539 1541 1546 1607 1622 1654 1749
3 263 1616 1789
7 41 355 522 1102 1149 1195 1647
4 164 589 672 1309
5 263 451 1149 1443 1667
0
6 336 1177 1184 1429 1478 1560
1 41
1 1040
0
0
0
10 132 770 796 1032 1559 1654 1660 1810 1833 1864
0
3 167 321 419
5 167 355 878 1205 1642
5 43 254 967 1600 1683
9 116 128 500 771 811 967 988 1296 1570
2 550 771
0
5 209 358 550 630 1553
4 42 1120 1207 1405
1 42
0
1 42
0
2 894 1755
0
0
7 42 83 125 227 757 902 1522
0
0
5 751 879 1179 1318 1698
0
0
13 75 139 209 500 501 755 967 1011 1180 1239 1375 1847 1861
0
2 1161 1307
3 140 392 669
8 213 378 586 665 948 1085 1291 1818
11 71 129 331 902 905 1185 1257 1380 1547 1836 1851
6 241 363 969 1033 1239 1723
0
21 176 212 219 225 289 386 472 550 652 715 834 947 948 1031 1161 1257 1334 1409 1451 1522 1856
9 219 502 905 958 1075 1207 1340 1445 1476
1 254
9 116 501 540 911 1185 1336 1378 1469 1851
10 156 213 250 352 611 698 793 1179 1248 1426
0
0
1 540
3 289 724 1383
10 45 132 365 681 891 1217 1314 1409 1457 1717
1 45
0
1 45
0
0
13 115 153 310 551 570 614 630 845 894 1003 1811 1822 1839
1 885
1 45
0
0
8 531 1033 1068 1080 1345 1592 1656 1765
0
0
0
0
0
2 46 783
0
0
0
1 984
5 840 905 1259 1331 1786
0
0
1 1064
0
3 453 464 975
3 46 451 1499
1 46
0
1 46
0
0
0
0
2 46 1656
0
2 1236 1809
3 318 1038 1591
8 478 704 1035 1131 1184 1351 1611 1622
5 235 249 631 793 1111
0
0
0
2 1075 1494
3 1622 1833 1889
6 222 382 576 866 1183 1236
12 47 445 585 738 989 1273 1302 1389 1413 1414 1653 1820
15 80 146 218 231 248 672 704 735 1064 1197 1396 1577 1633 1653 1869
1 795
10 456 765 842 1177 1183 1259 1302 1343 1654 1725
3 433 738 1197
2 876 1419
3 444 706 1666
5 792 1096 1130 1660 1812
4 275 575 1339 1419
2 48 375
1 275
1 48
0
0
1 1263
6 60 275 459 813 1263 1803
3 48 459 514
0
0
2 1263 1586
0
1 628
5 710 960 997 1216 1559
0
0
2 261 1811
0
0
0
4 54 248 255 1385
0
1 49
0
1 891
0
2 300 1585
0
0
0
1 1571
2 730 1337
0
1 49
1 49
6 310 352 469 481 845 1417
3 49 211 248
0
0
0
0
1 49
0
0
0
0
0
1 544
0
0
0
1 50
1 50
0
1 50
0
0
0
0
10 50 311 372 481 533 756 1180 1297 1690 1823
0
0
0
0
1 1218
0
0
1 787
1 51
4 926 1031 1166 1657
1 51
0
0
0
1 297
8 51 129 356 392 481 611 917 1311
0
0
0
0
7 144 947 1039 1181 1182 1424 1470
2 216 1010
0
1 215
1 1792
0
0
0
4 567 1436 1823 1831
0
0
0
14 331 361 817 844 948 953 1262 1359 1455 1590 1690 1763 1766 1855
2 52 970
0
0
0
0
1 1013
0
0
0
0
0
1 52
1 52
0
1 52
0
0
0
10 847 888 1032 1036 1410 1449 1831 1832 1860 1872
8 52 97 411 1091 1362 1443 1761 1810
0
0
0
0
0
9 161 456 491 554 610 663 976 1771 1881
0
2 215 733
1 53
1 1130
0
3 403 678 1460
0
0
0
0
1 1648
0
1 444
1 53
1 53
0
1 53
1 1502
0
2 771 1410
0
1 53
0
0
0
0
0
0
0
1 1637
2 96 926
0
31 80 133 148 163 201 312 354 441 490 491 552 570 587 620 848 927 953 962 1072 1152 1238 1346 1395 1565 1633 1648 1653 1720 1803 1865 1866
10 54 435 483 929 1045 1218 1257 1410 1538 1866
2 830 1245
1 848
0
1 82
4 82 717 835 1592
0
3 926 1176 1375
7 340 551 620 1075 1326 1340 1365
0
2 55 1093
8 55 141 462 694 1093 1318 1595 1671
0
1 55
0
2 313 1250
4 148 273 835 1479
4 373 911 1671 1823
2 55 816
0
0
0
0
0
0
0
0
1 56
3 56 824 1754
0
5 56 467 1216 1222 1446
3 1009 1218 1876
4 426 471 603 915
0
3 416 523 1233
2 56 483
2 314 342
3 354 510 512
3 1029 1057 1845
0
12 199 206 286 997 1005 1009 1062 1064 1123 1352 1361 1559
7 710 1012 1132 1156 1216 1845 1871
0
0
0
3 390 1126 1589
0
0
0
0
0
0
0
1 910
1 57
0
0
0
2 1056 1693
1 1606
0
0
2 184 1780
3 1162 1429 1780
0
3 57 1376 1392
1 57
1 582
1 57
0
2 1276 1461
1 747
2 777 847
1 57
2 1162 1813
0
0
0
0
1 1347
0
0
8 163 500 1146 1149 1183 1204 1639 1833
1 58
1 921
0
0
1 819
1 371
0
1 531
6 921 1010 1146 1299 1419 1746
0
5 278 1177 1279 1286 1364
2 58 1130
4 58 132 358 1811
0
3 58 893 1780
2 239 630
9 257 307 430 936 1011 1088 1108 1384 1813
0
0
6 58 729 921 968 1395 1608
2 1146 1299
1 434
4 528 759 1088 1546
1 385
0
2 435 1816
0
1 1121
0
0
3 59 1221 1367
3 59 320 850
3 119 452 552
2 59 609
1 1197
1 797
0
2 862 1361
1 59
6 641 798 859 983 1096 1813
2 119 955
3 632 711 975
0
0
0
0
1 188
5 428 873 1153 1175 1537
6 60 109 162 283 1387 1796
1 457
2 150 1704
3 308 987 1541
2 104 262
1 60
10 109 122 188 769 838 1087 1097 1103 1132 1387
2 1432 1460
0
2 505 702
6 80 163 375 422 523 1144
0
2 407 808
0
0
0
2 68 829
0
0
0
4 61 563 1088 1609
0
0
0
1 1384
0
0
0
1 983
7 229 380 763 1383 1549 1658 1753
1 607
1 61
3 61 1087 1368
0
1 61
1 718
0
0
0
1 61
1 1770
1 1481
0
0
2 530 1753
0
1 1010
0
1 1221
1 1058
10 179 333 348 476 490 894 904 1225 1243 1860
0
0
4 143 819 1248 1866
2 118 578
4 113 711 779 1073
2 129 904
2 62 1736
1 62
4 244 377 717 1225
1 62
0
8 312 540 700 848 1318 1430 1479 1840
0
5 232 668 697 865 1737
1 62
3 133 1107 1225
0
0
9 266 283 457 501 505 570 833 1510 1621
5 833 904 1345 1733 1745
0
0
0
1 1751
0
0
2 651 1814
2 635 1316
1 1087
1 1475
0
6 63 487 748 881 1400 1814
1 63
0
2 63 437
0
2 651 944
7 249 416 467 775 881 1368 1441
1 167
1 63
1 735
0
2 881 1658
0
1 651
0
2 168 233
0
1 816
4 288 476 833 1278
0
0
1 1267
0
0
0
1 955
1 1599
0
1 148
3 213 577 914
1 1561
0
0
1 1744
1 1373
0
1 1787
2 96 729
0
0
1 816
2 99 1787
30 64 161 174 243 261 281 282 492 568 626 704 916 1003 1074 1093 1111 1176 1239 1296 1311 1333 1371 1449 1485 1561 1636 1683 1697 1766 1782
3 1173 1333 1881
6 470 839 1369 1384 1424 1501
1 1024
0
0
0
2 1035 1464
1 604
2 482 1090
1 673
1 1890
1 65
1 1159
1 319
1 860
1 1171
0
0
0
2 581 1376
0
0
3 65 431 1542
7 65 89 95 150 869 1427 1433
0
1 65
0
0
0
4 89 1086 1193 1879
4 65 159 778 1625
1 759
0
0
0
0
3 575 1287 1485
0
0
6 224 637 671 1359 1440 1456
5 66 459 920 1161 1696
10 66 186 354 474 478 860 916 1271 1477 1809
7 92 312 456 584 796 869 1279
2 66 1347
3 201 283 511
2 1429 1696
1 1432
1 1420
9 66 424 450 562 984 992 1046 1128 1739
4 826 1211 1480 1855
0
2 583 1347
1 1420
8 169 324 444 1067 1379 1530 1649 1731
1 826
3 174 1640 1820
0
1 563
0
1 1793
0
0
0
0
0
0
1 67
1 67
0
2 67 1680
0
2 915 1464
0
0
2 67 602
0
0
0
2 513 1508
3 130 396 458
1 200
0
0
2 818 1080
4 209 241 462 1297
9 352 392 626 750 1031 1223 1313 1514 1612
0
1 328
2 83 1656
4 215 801 1717 1722
4 217 492 1409 1556
0
3 69 925 1203
2 69 1323
1 1195
4 69 389 649 1575
0
0
0
0
2 69 577
0
1 745
4 196 295 1156 1845
0
0
0
0
1 87
2 1003 1180
0
1 641
0
0
0
2 819 937
3 650 1573 1753
3 70 650 675
0
0
1 940
0
0
0
0
1 1801
0
2 865 1787
1 70
3 70 1039 1867
0
1 70
1 793
2 1162 1333
0
0
3 70 557 1483
0
0
0
0
0
0
0
0
11 340 485 620 708 784 835 1140 1416 1519 1628 1720
1 801
4 310 621 641 1185
16 138 378 575 942 961 990 1008 1070 1112 1258 1473 1477 1569 1614 1660 1830
0
1 219
1 1762
0
0
2 1094 1710
0
10 463 626 967 1228 1306 1321 1600 1623 1676 1851
3 1254 1569 1623
1 72
11 140 492 576 627 760 800 948 1254 1306 1676 1830
0
0
3 105 213 577
1 105
0
0
4 256 1540 1561 1777
2 611 1000
1 1741
1 72
1 72
1 105
2 72 1861
0
0
0
1 1000
2 72 874
0
0
0
1 1716
0
0
0
0
8 560 738 847 875 1067 1456 1637 1750
1 445
1 1530
1 407
0
1 73
1 73
1 1374
1 73
2 206 784
2 94 1241
1 622
0
4 73 725 1302 1831
0
2 460 1070
5 161 622 1150 1526 1530
0
1 788
0
0
0
4 82 514 602 1224
0
1 238
0
1 74
0
0
5 265 916 1109 1249 1284
4 563 605 915 1119
0
1 1065
0
0
0
0
1 74
1 74
0
1 74
0
0
1 1098
0
1 74
1 1775
0
0
0
0
3 933 1017 1199
0
2 855 1332
0
12 75 109 139 222 369 385 500 937 1198 1236 1242 1732
1 1176
0
5 202 305 1486 1689 1726
1 752
0
0
5 112 1157 1607 1698 1825
2 506 1395
0
0
0
0
1 76
1 191
0
2 206 1016
0
0
0
1 1664
0
0
0
2 76 1860
1 76
0
1 76
0
0
1 1278
0
1 76
0
1 1233
0
0
0
0
0
0
0
1 77
0
5 573 776 798 1165 1615
0
1 1849
0
0
0
4 491 532 700 1760
0
0
0
0
0
0
0
0
1 77
2 1740 1802
0
0
0
0
0
2 1569 1712
0
0
0
1 77
3 77 220 1267
0
1 77
0
1 1740
1 1251
0
1 77
0
0
0
0
0
0
0
0
0
1 965
9 210 672 896 940 1100 1356 1479 1667 1799
0
0
3 713 906 1328
0
1 78
4 106 183 511 1177
0
0
0
0
0
15 584 704 906 1128 1173 1208 1257 1270 1279 1399 1471 1499 1523 1614 1724
0
1 1884
1 1198
2 78 1270
1 78
0
1 78
0
0
1 1338
0
4 78 670 1083 1433
0
0
1 982
0
0
0
0
0
0
0
1 414
0
0
0
1 1389
0
0
0
1 1689
0
0
0
1 1829
1 79
0
0
0
0
0
0
1 1319
0
0
0
1 79
1 79
0
1 79
0
0
0
0
1 79
0
0
0
0
0
0
1 98
0
4 366 661 775 1678
11 263 275 486 689 1480 1536 1664 1666 1678 1680 1788
15 135 175 251 366 440 686 689 773 1381 1407 1468 1661 1672 1788 1885
3 708 743 1438
1 80
15 266 296 355 429 472 499 775 841 1105 1157 1269 1381 1387 1537 1545
12 188 418 594 651 743 925 1119 1468 1637 1678 1688 1712
0
0
0
1 823
7 157 1133 1546 1564 1633 1723 1841
0
0
0
1 608
0
0
0
1 1432
2 81 562
2 81 854
1 736
2 81 789
0
2 1567 1664
0
0
6 81 396 424 808 1132 1385
3 941 1702 1862
0
2 789 841
1 1564
3 658 1178 1857
2 754 1122
0
0
1 1178
9 114 288 438 514 572 602 682 1772 1801
6 160 368 572 700 1127 1745
3 82 941 1648
0
2 252 349
2 133 201
1 1178
0
0
0
0
1 1867
1 1039
1 499
0
0
2 734 1867
0
0
3 84 529 1342
0
0
1 766
2 529 1168
0
0
3 713 913 1271
0
4 299 770 1105 1252
1 1042
1 84
1 84
0
1 84
0
0
0
0
1 84
0
1 432
0
0
0
0
4 89 861 1095 1227
2 1338 1517
0
3 85 991 1873
0
2 327 1736
3 736 996 1245
0
1 1873
2 1398 1523
0
2 621 1733
2 546 1275
1 1179
0
6 455 880 1275 1308 1393 1626
3 717 1296 1391
1 1136
4 86 137 165 1434
0
7 135 137 732 918 1246 1740 1799
1 525
3 362 891 1768
0
0
0
0
2 1074 1886
0
1 86
5 86 352 590 1253 1690
1 1456
1 86
0
1 1777
0
1 1173
1 86
4 553 734 1404 1496
6 565 719 823 974 1442 1748
0
0
0
1 1050
1 297
4 246 1203 1475 1574
0
0
1 423
0
1 1127
3 379 896 1270
0
0
1 1247
0
2 87 1070
2 87 786
0
1 87
0
0
1 424
0
4 87 95 449 639
0
0
0
0
4 1119 1189 1491 1498
0
0
0
1 1105
1 225
0
1 593
0
1 88
1 88
0
1 88
1 198
1 332
0
0
1 88
0
0
0
0
1 305
0
0
0
16 90 195 228 282 643 750 906 964 984 1081 1082 1084 1181 1391 1670 1724
0
15 121 132 304 311 760 934 938 1000 1074 1452 1457 1490 1519 1670 1676
2 789 1399
1 588
2 595 1865
2 890 1524
13 95 136 223 578 852 1142 1184 1226 1286 1343 1574 1638 1814
0
4 566 890 1226 1390
1 89
6 670 728 1271 1328 1769 1828
0
1 1208
1 725
1 1771
0
0
4 645 1268 1559 1629
5 501 655 1266 1469 1570
12 279 622 991 1081 1111 1253 1397 1408 1477 1485 1527 1653
2 145 634
5 462 800 1138 1254 1830
0
6 239 254 551 857 1223 1439
0
0
0
1 400
0
5 123 421 732 1393 1431
1 91
1 91
0
3 91 246 1215
5 173 400 556 1103 1203
0
0
2 709 925
1 91
0
2 1222 1781
0
0
0
1 974
0
2 395 400
1 1475
1 934
2 913 1022
1 1244
3 904 1022 1060
0
1 92
3 92 1230 1435
4 682 731 1109 1666
1 92
4 406 519 731 1226
0
0
0
2 92 1435
1 1526
0
0
0
1 1630
0
1 1262
1 160
6 330 898 953 1410 1480 1772
0
0
1 1307
0
6 489 927 1376 1398 1602 1884
3 1555 1810 1828
1 161
0
0
7 284 398 484 754 827 1523 1526
3 407 1268 1574
5 329 731 918 1281 1324
8 95 496 668 815 979 996 1431 1539
2 421 944
3 247 1338 1620
2 166 1769
0
0
0
0
6 177 323 527 826 1342 1848
3 496 1571 1842
3 872 1494 1571
5 232 329 496 865 1312
1 102
2 1225 1571
1 119
0
5 167 823 1006 1531 1543
0
0
3 97 728 1281
1 97
4 158 994 1372 1794
3 97 137 1309
0
5 134 451 1283 1638 1831
2 1272 1372
0
1 97
0
6 99 166 556 869 1133 1214
2 1289 1614
0
0
1 1433
0
0
0
2 155 1285
1 332
0
0
0
0
0
0
1 99
5 114 226 354 1015 1230
2 116 1092
0
0
1 99
0
0
13 364 476 691 784 900 979 1015 1059 1109 1213 1278 1286 1646
0
1 280
3 838 1290 1788
1 943
0
1 782
1 552
1 100
0
3 863 1007 1167
3 411 1406 1827
0
0
1 238
2 398 647
0
0
0
1 100
2 100 855
0
1 100
0
0
0
0
2 100 855
0
0
0
0
0
0
0
0
0
2 1189 1498
1 1221
0
0
0
0
1 102
0
1 101
0
2 523 1425
0
0
0
0
0
0
0
5 827 1078 1141 1792 1846
1 101
1 101
0
2 101 1022
1 323
0
2 668 954
0
1 101
0
0
0
0
0
0
0
0
0
3 102 194 1687
0
0
8 252 341 445 832 1381 1420 1745 1854
0
1 102
0
1 940
0
4 179 572 682 854
0
3 190 689 1484
2 194 429
0
0
0
0
1 103
1 564
0
0
0
0
0
0
0
0
0
1 103
1 103
2 741 1169
1 103
0
0
0
0
1 103
0
0
0
3 157 238 1535
0
0
1 1464
0
0
4 104 768 954 1071
1 104
3 732 898 1475
2 104 151
3 591 804 1175
11 296 313 457 461 594 729 1158 1299 1403 1442 1881
8 151 396 591 663 773 986 1531 1781
2 1157 1399
3 104 226 1198
2 663 1468
1 1772
1 1268
0
6 658 1092 1145 1164 1815 1841
0
1 1403
8 122 280 486 554 841 954 1101 1130
0
2 291 626
0
7 105 155 469 1437 1501 1671 1858
0
1 1306
0
0
0
0
0
0
0
1 777
0
1 284
0
9 253 411 758 860 1067 1374 1539 1811 1833
1 106
1 106
1 1127
1 106
0
5 162 712 1390 1509 1658
0
3 861 937 1425
2 106 480
0
0
0
0
4 187 1513 1590 1855
2 1347 1738
0
0
0
3 505 712 743
3 108 491 805
2 108 1815
0
2 108 1304
4 143 146 857 1840
7 195 758 895 1046 1596 1620 1800
1 1026
2 1044 1605
7 108 490 711 1243 1324 1454 1733
1 1788
0
0
1 996
1 1304
0
6 187 232 488 570 848 1079
1 898
1 738
2 109 594
0
5 648 836 1139 1164 1309
0
3 456 836 1403
2 279 1023
2 775 1781
0
3 946 974 983
0
0
2 1531 1534
0
0
0
0
0
0
1 1234
0
1 1727
0
1 110
0
0
0
0
0
0
0
0
0
0
1 110
1 110
0
1 110
0
0
0
2 158 895
1 110
0
0
0
0
2 584 1442
0
7 283 428 459 951 1087 1116 1122
2 276 318
0
0
1 111
1 1773
1 1076
0
0
0
0
0
0
0
0
2 111 384
1 111
0
4 111 1076 1473 1617
0
3 913 1055 1262
0
1 326
2 111 535
0
0
1 410
0
0
0
0
0
1 421
0
0
5 337 449 709 952 1048
1 952
4 401 646 846 1764
1 289
1 1454
2 325 509
0
0
1 479
3 113 135 1460
1 113
0
1 113
0
0
0
0
2 113 479
0
1 794
8 148 325 341 350 736 779 1057 1585
0
0
5 624 1016 1079 1736 1787
0
3 832 843 941
0
5 114 428 767 843 1850
0
1 897
3 418 1015 1815
0
1 114
1 820
2 190 226
2 160 1059
0
2 151 428
1 832
1 221
2 1267 1585
4 533 623 1043 1312
0
0
1 1873
0
2 588 1275
3 536 708 1822
3 988 1416 1635
0
3 129 340 499
4 536 621 966 1822
2 875 1138
0
3 215 356 814
0
0
0
0
0
0
1 117
0
0
0
0
0
1 1289
0
0
0
0
1 117
1 117
0
5 117 234 405 699 823
0
0
0
0
1 117
0
0
2 1128 1549
0
0
0
0
0
0
3 290 1579 1734
1 1303
4 118 248 799 1774
2 118 701
3 166 1226 1630
2 118 187
2 368 1303
1 1320
0
0
1 118
0
0
0
2 545 685
0
0
0
0
0
1 198
1 171
1 119
1 181
0
2 602 1841
0
5 181 517 545 1489 1844
0
0
0
15 120 150 391 480 540 690 808 1158 1302 1413 1525 1549 1794 1795 1812
1 120
0
3 120 550 852
0
0
2 497 1777
0
3 120 366 644
0
1 886
1 568
1 1080
2 1252 1686
1 1149
0
2 553 557
4 463 1395 1514 1865
0
0
1 801
7 345 625 684 758 924 1200 1646
1 755
1 1423
6 235 800 1386 1662 1766 1859
3 122 345 1012
1 663
5 122 207 479 1712 1840
0
1 764
3 722 810 1260
1 1752
1 122
0
0
1 1454
0
1 207
0
0
6 164 488 931 1160 1265 1281
0
0
0
0
1 442
0
1 1812
3 1231 1675 1859
3 123 157 1884
1 123
1 883
7 123 573 662 810 1004 1165 1888
8 662 852 1004 1084 1138 1146 1190 1295
0
1 1386
0
1 123
0
0
0
0
0
0
0
0
0
3 176 864 943
2 969 1547
1 1485
3 374 1747 1819
2 1423 1449
1 846
0
0
2 827 1568
1 972
0
0
0
0
0
0
0
0
0
1 126
0
0
0
0
0
0
0
0
0
0
1 126
1 126
0
1 126
2 412 1005
0
0
0
1 126
0
2 750 1568
0
0
0
0
0
0
7 164 249 382 985 1183 1300 1324
0
3 845 981 1635
0
0
2 1148 1519
0
0
0
0
0
0
3 130 824 837
1 258
1 130
9 370 527 670 1063 1156 1212 1757 1796 1828
2 236 1790
0
1 483
1 130
0
0
3 1300 1391 1790
0
0
2 370 666
3 350 1233 1801
4 683 722 978 1436
1 1627
17 194 326 385 458 802 1084 1182 1259 1360 1518 1520 1592 1593 1665 1832 1870 1877
13 173 177 284 401 618 703 712 773 1053 1158 1203 1660 1764
0
1 1794
3 279 280 1755
3 1196 1649 1870
0
1 907
1 1487
2 575 1686
2 343 1210
2 440 822
0
0
1 1629
1 511
2 579 1139
0
1 753
1 753
2 714 776
3 714 1429 1696
1 133
6 154 221 549 1057 1164 1803
0
0
0
4 258 824 1400 1845
0
1 696
1 926
1 134
0
2 134 1352
0
3 208 412 907
0
0
3 134 444 1046
0
0
8 347 391 529 728 861 931 1231 1694
2 699 1252
0
0
0
0
2 1048 1814
0
1 1675
1 135
0
0
0
0
3 579 897 1206
0
0
0
0
0
0
4 504 703 1070 1734
7 247 504 510 1077 1463 1509 1846
2 556 1700
0
0
1 136
2 136 709
0
2 136 1715
0
4 853 1097 1289 1874
0
0
1 136
3 1174 1419 1796
1 742
2 504 1048
1 1715
0
1 754
1 822
3 984 1647 1888
0
5 181 246 819 1393 1431
0
1 137
0
0
1 1293
3 177 1686 1747
0
4 683 1088 1129 1342
1 1411
0
2 918 1139
1 1439
0
2 1147 1473
6 301 573 656 692 1165 1630
1 1439
4 305 329 1195 1312
2 216 1043
1 155
1 1038
0
3 749 767 942
0
0
1 1174
3 232 1577 1648
0
1 1623
0
5 306 463 1118 1293 1409
8 374 662 846 895 1253 1390 1425 1866
0
1 559
0
0
0
1 142
1 1377
4 195 934 1456 1763
0
0
0
0
0
0
0
0
1 142
1 142
0
1 142
1 149
0
0
1 849
1 142
0
0
0
0
0
2 173 896
1 1577
0
2 784 1561
0
1 1517
0
0
0
7 345 588 595 684 1310 1386 1868
0
2 481 1043
1 978
1 1755
5 293 892 1416 1472 1522
1 892
1 145
1 145
0
1 145
3 781 1518 1747
0
1 1298
2 425 1118
1 145
0
0
1 163
0
1 293
0
0
2 239 531
5 231 534 621 905 1445
7 229 403 931 979 991 1284 1854
1 1031
5 591 1067 1279 1756 1877
0
0
0
6 492 1223 1308 1528 1610 1839
3 606 658 1516
0
0
1 147
1 147
0
6 147 601 713 777 1487 1695
0
3 617 1368 1846
1 508
0
2 147 190
1 302
0
0
0
0
0
0
0
2 486 1850
0
4 257 1145 1415 1588
1 403
0
2 1004 1498
2 635 1190
0
0
1 1232
0
1 1421
0
1 418
0
1 149
2 149 997
0
2 149 957
4 168 977 1577 1743
1 1678
0
0
1 149
0
0
2 952 983
0
0
0
0
2 168 977
0
3 185 1309 1799
1 1610
5 528 1114 1434 1566 1838
1 150
5 252 370 825 1185 1370
0
1 1053
0
6 164 348 1170 1718 1838 1854
1 312
0
2 703 1273
10 292 302 321 353 1263 1264 1434 1581 1616 1885
1 316
0
1 702
2 151 316
10 321 1189 1198 1399 1558 1596 1616 1682 1759 1889
2 628 1680
1 702
1 296
0
0
2 263 272
1 672
1 152
2 152 1784
0
1 152
0
2 1500 1549
6 455 1248 1311 1707 1709 1868
2 1000 1770
5 152 947 1315 1670 1858
0
0
0
0
0
0
1 227
0
1 590
2 320 877
9 597 683 737 975 1081 1358 1568 1622 1724
2 1118 1689
0
0
0
0
2 510 1201
0
1 272
0
0
0
0
0
0
0
0
0
0
0
0
0
1 1804
0
0
1 266
0
0
0
0
0
3 300 680 1515
0
0
1 549
0
2 154 1663
1 154
0
1 154
0
1 376
0
4 376 520 843 1685
1 154
0
0
1 424
4 1057 1059 1192 1507
0
0
0
0
0
0
1 1858
0
2 155 282
0
0
4 209 1207 1566 1868
1 166
0
0
0
0
1 1288
0
2 165 1763
1 156
2 165 1434
1 1423
1 1763
1 922
1 525
1 165
0
0
0
0
1 156
1 156
0
1 156
0
0
0
0
3 156 165 525
0
0
0
0
0
0
0
0
0
0
0
1 157
4 1119 1135 1385 1694
3 855 1477 1859
1 1875
1 1495
1 1493
2 1278 1711
0
0
1 1480
0
1 720
1 1432
1 720
0
1 1752
0
1 1512
1 1789
1 1303
1 1512
1 1089
0
0
2 689 1001
0
1 897
0
2 158 1789
0
0
0
0
2 158 930
0
0
0
1 1553
1 732
1 1398
0
0
0
2 850 1558
0
1 547
1 595
0
4 335 411 696 1328
2 159 1262
1 159
0
3 159 346 1271
1 901
1 347
7 616 1193 1270 1654 1658 1794 1884
3 344 660 1171
1 159
0
0
0
0
4 344 581 1171 1193
0
0
1 961
0
0
4 258 961 1231 1789
1 816
1 763
0
0
1 301
2 192 529
0
2 541 572
0
4 368 514 1079 1585
0
1 160
2 629 933
0
0
0
0
0
0
1 721
3 1076 1560 1620
1 622
0
0
0
1 374
0
3 1377 1430 1677
1 306
13 219 270 515 725 916 956 1197 1443 1611 1647 1694 1764 1888
0
7 630 1216 1301 1304 1370 1720 1759
0
0
3 736 1758 1870
0
1 781
3 1539 1608 1725
2 702 1838
1 1292
0
1 164
0
1 1111
1 1163
0
1 1281
0
1 350
0
1 1422
0
0
5 310 632 875 1108 1800
0
0
0
8 185 204 699 992 1086 1362 1695 1731
4 270 877 925 1062
5 515 854 867 1135 1740
0
0
0
0
6 292 579 1468 1479 1704 1885
0
2 357 1616
1 648
0
0
1 168
1 204
1 1815
0
0
1 168
0
0
1 233
0
0
1 889
1 1382
0
0
2 259 1359
1 311
3 810 847 1731
0
1 170
1 1606
0
0
0
0
0
2 292 1606
0
0
2 1681 1882
2 170 221
1 170
0
1 170
0
0
0
1 668
1 170
0
0
0
0
0
0
0
0
4 335 429 452 1805
0
0
1 452
0
2 395 413
1 609
0
0
0
1 171
1 171
0
1 171
0
0
0
0
1 171
0
0
0
0
0
0
0
0
0
0
2 172 499
0
0
7 207 864 1145 1218 1345 1415 1822
0
1 184
0
0
0
1 693
0
1 172
1 172
0
3 172 184 1813
0
0
2 1039 1148
0
1 172
0
1 714
0
0
0
1 1812
0
0
4 601 778 850 1372
0
5 580 676 1049 1509 1785
0
2 173 1704
1 539
1 597
0
1 670
0
0
0
1 483
1 174
1 907
0
1 915
1 1606
3 261 277 1250
0
1 557
2 734 1790
0
0
0
1 1599
2 175 1599
1 175
1 1599
1 175
0
0
0
0
1 175
0
5 270 503 635 1666 1835
1 608
0
0
0
0
0
1 1051
1 857
1 1192
0
0
0
0
3 177 206 1095
0
0
0
0
0
5 379 543 682 1405 1581
1 1715
0
0
0
4 580 759 1374 1433
2 488 1092
0
3 518 1080 1670
0
0
0
0
0
0
0
0
0
1 180
0
0
0
0
0
0
0
1 1125
0
0
1 180
1 180
0
1 180
0
0
0
0
1 180
1 859
0
0
1 1370
1 1308
1 1707
0
1 917
0
0
2 181 638
0
0
0
2 349 494
2 1403 1807
0
2 264 1775
0
1 182
0
1 1357
0
0
1 1435
1 544
2 544 933
0
0
0
0
0
0
0
0
0
2 182 624
0
0
0
0
0
0
0
3 610 679 1086
0
4 247 717 1078 1583
5 504 1190 1558 1739 1854
0
3 183 610 1596
2 183 380
0
1 183
0
0
0
0
1 183
0
0
3 722 1086 1624
1 1310
0
0
0
0
1 184
0
0
0
0
1 184
0
1 712
0
1 788
0
0
0
0
3 601 679 1560
2 185 520
0
0
0
1 1282
3 185 949 1875
0
0
0
0
4 1001 1236 1719 1739
0
0
0
0
2 208 1793
0
0
1 1237
0
6 728 1095 1143 1193 1638 1843
0
0
0
0
3 786 807 1752
3 1659 1769 1879
0
4 822 846 1168 1629
0
0
2 721 923
0
0
1 187
0
0
0
2 633 1711
2 954 1664
1 1772
0
0
4 336 763 970 1775
0
0
0
2 777 1785
2 1208 1626
4 1647 1675 1734 1756
1 1396
0
6 609 1105 1153 1527 1626 1673
0
1 598
0
2 449 511
4 262 769 1536 1661
2 188 360
2 543 1849
0
0
1 1053
2 608 974
1 1849
0
0
0
5 300 435 576 1069 1853
2 1330 1850
3 189 300 1448
1 189
0
1 189
0
0
2 563 1255
1 1354
1 189
0
1 1753
0
1 422
0
0
0
2 1124 1843
0
4 1330 1339 1381 1564
1 1144
1 190
0
0
0
0
3 226 1058 1448
1 510
0
4 251 648 937 1781
3 191 1016 1573
1 191
1 260
1 191
4 696 753 807 1286
1 1346
0
2 349 1022
1 191
0
0
6 293 614 821 1502 1573 1841
0
4 549 1133 1164 1454
5 251 873 1071 1304 1536
1 821
0
1 1867
0
0
0
0
0
5 341 889 959 987 999
0
0
0
0
1 977
0
1 1339
1 192
1 1377
2 391 1719
0
0
0
0
0
1 1250
0
0
2 192 298
1 192
0
2 192 447
1 1214
1 1214
1 233
0
1 192
0
0
1 1113
0
0
2 542 871
2 614 1873
0
1 193
3 193 242 1805
0
4 193 323 545 1797
0
5 336 398 850 1017 1693
0
1 1701
1 193
0
0
0
1 1797
0
0
0
0
1 902
1 194
0
2 610 877
1 795
0
0
0
2 795 1144
5 419 594 1661 1704 1885
1 1108
1 912
3 1093 1713 1864
3 1135 1245 1830
1 195
1 1855
0
0
2 553 1755
0
10 347 515 697 869 934 987 1017 1153 1763 1842
0
1 880
0
0
0
1 1230
0
0
5 245 858 873 1349 1387
1 941
1 512
1 196
2 196 404
0
1 196
0
0
2 512 769
0
1 196
1 315
0
0
0
0
0
0
0
4 1033 1174 1176 1390
2 1318 1533
0
0
0
1 198
0
0
0
0
1 198
0
1 750
0
0
0
0
4 487 527 567 1874
1 694
1 199
3 407 1574 1888
0
0
0
0
5 539 552 679 778 1009
1 240
0
1 1069
0
0
0
0
0
0
0
1 200
1 200
0
1 200
0
1 1069
0
0
1 200
0
0
0
0
0
1 438
1 743
0
2 318 1735
0
1 211
0
0
1 505
3 771 1528 1676
0
0
1 203
0
0
0
0
0
2 786 1202
0
0
0
0
1 203
1 203
0
1 203
0
4 1115 1157 1531 1799
0
0
1 203
0
0
1 684
0
0
0
0
0
1 204
0
0
2 562 581
2 278 1626
1 204
1 1376
0
0
0
0
0
0
0
1 205
0
0
0
0
0
0
0
0
0
0
1 205
1 205
0
1 205
0
0
0
0
1 205
0
0
0
0
0
0
0
0
2 598 881
0
0
0
1 1842
0
0
0
1 207
3 894 1036 1292
0
0
6 401 567 609 1566 1637 1824
2 1016 1379
2 338 831
0
1 1698
0
1 208
0
0
0
0
1 208
0
2 1728 1875
0
0
0
2 1725 1877
0
0
0
0
2 321 661
1 976
5 428 663 873 1071 1536
0
0
3 620 655 1365
0
0
1 1518
1 367
0
0
0
1 1388
0
2 1298 1472
0
0
0
0
2 1324 1766
0
0
0
0
1 309
1 1049
0
1 1458
1 211
1 913
1 211
0
0
0
2 700 939
2 211 244
3 721 1341 1785
0
0
0
1 327
0
0
0
0
0
0
0
0
0
0
0
2 214 1498
0
0
0
1 526
0
0
0
0
0
0
1 214
3 214 342 993
0
1 214
0
0
0
0
1 214
0
2 522 995
0
0
0
1 589
0
0
0
1 781
3 327 624 1058
0
0
0
0
0
0
0
1 677
0
1 1191
1 1583
4 705 1220 1529 1786
1 631
2 301 1594
0
3 218 392 1191
1 547
1 590
1 1512
1 547
0
1 839
0
1 1191
2 867 1487
2 331 1528
1 655
0
0
0
0
1 1691
0
0
1 1793
0
1 220
1 220
0
1 220
0
0
0
0
1 220
0
1 763
0
0
2 1122 1817
1 1817
0
0
0
3 418 513 1178
0
1 221
1 1001
1 1354
0
2 302 1578
0
1 1405
0
1 379
7 599 1102 1300 1398 1464 1707 1735
0
2 1108 1162
1 776
0
0
1 597
0
0
0
0
0
0
0
0
0
0
0
0
0
0
0
0
1 224
0
0
0
0
0
0
0
0
0
1 995
1 224
1 224
0
1 224
0
0
0
0
1 224
0
0
0
0
0
0
0
0
1 933
0
0
6 272 419 820 908 1353 1581
1 233
1 955
0
0
0
0
0
0
0
1 1493
1 396
0
1 843
0
0
0
0
0
0
0
0
2 1297 1497
0
4 462 735 877 1569
1 518
1 1331
1 1125
1 309
3 385 1148 1388
1 1500
0
0
1 1881
1 1075
0
1 1635
1 1461
0
0
0
3 443 567 1526
0
0
1 1742
0
0
0
2 412 1467
1 335
1 581
1 230
0
0
0
0
3 342 866 1731
0
0
0
0
1 1379
1 230
1 230
1 1639
1 230
0
1 1519
0
0
3 230 614 1840
0
0
0
0
0
1 399
0
0
1 305
0
0
1 1161
0
0
0
0
3 1646 1691 1826
1 1571
0
0
0
0
1 325
0
0
1 233
0
1 769
0
0
2 379 1199
0
0
1 579
1 976
0
3 234 277 1282
1 234
2 522 1144
1 234
0
0
0
1 844
1 234
1 1367
0
0
1 1695
0
1 768
0
0
0
2 1298 1472
0
0
1 329
0
0
1 864
1 1759
0
0
3 403 488 976
2 870 1428
2 340 1079
1 237
0
1 377
0
10 536 807 815 889 962 996 1152 1388 1502 1518
0
0
0
0
4 377 479 977 1598
0
1 237
1 237
0
1 237
0
0
0
0
1 237
0
0
0
1 447
0
0
3 892 978 1305
0
1 238
0
0
0
0
1 238
0
0
0
0
0
1 1598
0
1 1827
1 1047
0
0
0
0
1 1029
3 680 790 824
0
0
1 1029
1 1448
0
1 241
3 715 1239 1378
0
0
0
1 561
0
0
0
1 258
0
0
0
1 1737
0
0
0
1 242
2 242 730
0
1 242
0
0
0
0
1 242
0
0
0
0
0
0
0
0
4 303 641 650 724
0
0
0
1 243
2 243 606
1 657
1 243
1 657
1 999
2 577 1090
3 833 1090 1711
1 243
0
0
1 657
0
0
0
0
0
1 244
1 255
1 244
0
0
0
0
1 244
0
0
0
1 730
0
1 858
0
2 697 1303
0
0
0
0
0
0
0
0
1 245
1 245
0
1 245
0
0
0
0
1 245
0
0
0
0
1 799
0
1 1887
0
1 246
0
0
0
0
0
2 939 943
0
0
1 1124
0
1 247
0
0
0
0
1 1470
0
0
1 1059
1 523
2 496 731
0
1 1879
0
0
0
0
0
2 251 316
1 1071
0
1 804
0
2 251 661
0
2 768 804
0
0
0
0
0
1 667
1 252
1 730
0
1 464
0
0
0
0
0
0
2 1427 1742
0
0
2 433 1505
0
3 1050 1220 1826
0
0
0
2 326 463
0
1 879
0
1 945
1 720
1 1524
0
0
0
1 1729
0
0
1 1575
0
0
0
0
1 255
1 1199
1 255
0
0
0
1 844
2 255 1331
0
0
0
0
2 1036 1431
1 520
0
0
0
0
0
7 376 837 1312 1402 1417 1801 1805
1 256
2 256 1306
0
2 256 767
0
0
0
1 403
2 256 836
3 633 1744 1762
0
0
0
0
1 1762
0
0
0
1 1402
4 551 715 1002 1292
3 865 987 1346
0
0
0
0
2 768 1224
0
0
1 1256
0
0
1 1852
1 486
0
0
0
1 587
0
0
0
0
0
0
3 327 334 858
0
0
1 1737
2 260 1444
1 260
0
1 260
0
1 544
0
0
1 260
0
1 1691
0
0
0
0
0
0
1 801
0
4 1084 1583 1724 1736
4 525 1115 1333 1384
0
0
0
1 1827
1 262
1 608
3 262 667 804
0
0
0
1 873
1 262
0
0
0
0
0
0
0
0
0
1 1704
0
0
3 589 1040 1268
0
0
0
0
0
0
0
0
3 264 1523 1617
1 264
0
1 264
0
0
0
0
2 264 380
0
0
0
0
1 1004
0
0
0
1 265
1 265
0
1 265
0
0
0
2 406 1017
1 265
0
0
0
0
0
3 487 580 1824
0
2 1427 1822
0
1 266
0
0
0
0
0
0
1 425
0
2 787 1415
0
1 1449
0
2 598 1129
3 268 808 852
3 268 370 1258
0
1 268
0
2 589 1543
1 1049
0
1 268
0
0
0
0
2 332 1656
0
0
0
0
3 349 687 724
0
1 1550
1 270
2 556 709
0
0
0
0
0
0
0
1 1050
4 271 546 880 1434
0
0
1 1566
0
0
0
0
0
1 1729
0
1 271
1 271
0
1 271
0
0
0
0
1 271
0
0
0
0
0
0
0
0
1 272
0
2 493 826
0
3 786 799 828
0
0
1 1543
0
2 377 1461
1 783
1 662
0
2 273 1331
1 273
0
2 273 830
0
1 1305
1 1416
0
1 273
1 1244
0
0
0
0
0
0
0
0
0
0
0
2 649 899
0
0
0
0
0
0
0
1 274
0
0
0
0
0
0
0
0
2 649 1775
0
1 274
1 274
0
1 274
0
0
0
0
1 274
0
0
0
1 649
0
0
0
0
1 1849
0
0
0
0
0
0
0
0
0
1 546
0
0
0
0
0
0
1 276
0
0
0
0
0
0
0
0
0
0
1 276
1 276
0
1 276
0
0
0
0
1 276
0
0
0
0
0
0
0
0
0
1 277
2 990 1796
0
4 1110 1129 1168 1563
1 1013
6 277 342 729 884 1282 1616
1 1552
0
0
1 1104
0
0
0
0
2 278 437
1 1310
1 278
0
2 995 1767
0
0
2 278 1783
0
3 405 1098 1247
0
0
3 1402 1527 1870
0
2 1379 1756
0
4 279 280 893 1639
0
0
1 1224
0
2 569 1872
0
0
0
1 447
0
2 1442 1748
2 1299 1872
1 587
0
1 582
0
1 1173
2 837 1850
1 282
1 1180
0
0
0
0
0
0
0
0
0
0
0
1 284
0
1 1673
0
0
0
0
1 1256
0
1 286
1 710
0
1 1048
0
0
0
0
2 603 1696
0
1 1817
0
0
0
0
1 287
0
0
0
0
0
1 1575
0
0
0
0
1 287
1 287
0
1 287
0
0
0
0
1 287
0
0
0
0
0
0
0
0
0
1 1107
0
1 289
0
0
0
0
0
0
0
1 882
0
0
0
0
0
1 290
2 290 1725
0
2 290 1748
2 867 1573
1 1204
7 344 431 961 1168 1189 1231 1427
0
1 290
0
0
0
0
0
0
0
0
1 291
1 291
0
1 291
0
1 1254
0
0
1 291
0
0
0
0
0
0
0
0
0
1 292
0
0
0
0
0
0
1 1015
0
1 293
0
0
0
0
1 991
0
1 425
0
0
1 295
1 295
0
2 295 1214
0
0
0
0
5 295 970 990 1777 1798
1 300
0
0
0
1 810
0
0
0
0
0
1 296
0
0
0
0
0
0
0
1 1276
0
0
0
0
0
3 860 976 1060
0
1 298
1 298
0
1 298
0
0
0
1 447
1 298
1 844
0
0
1 815
0
0
0
0
2 299 1886
1 299
1 1886
2 299 1589
0
0
0
0
1 299
0
0
1 971
0
0
0
0
0
2 758 832
1 1244
0
0
1 1852
0
0
0
0
1 301
0
0
0
0
1 882
0
0
0
1 1826
0
2 671 1661
2 302 1606
0
0
1 671
0
1 667
1 719
0
1 321
1 1797
0
0
0
0
0
0
0
1 303
1 303
0
1 303
0
0
0
0
1 303
0
1 1513
0
0
0
0
0
0
0
0
0
0
0
0
0
0
1 306
0
0
0
0
1 306
0
0
0
0
0
0
0
0
1 1746
3 595 963 1074
0
0
1 870
0
1 309
1 1369
0
3 1287 1747 1783
0
1 309
0
0
0
1 684
0
0
0
0
0
0
4 408 455 546 1050
1 787
0
0
0
2 708 807
1 311
0
0
0
0
1 760
0
0
0
1 405
0
0
0
0
4 639 828 921 1735
0
3 1138 1549 1614
2 1115 1838
0
1 314
1 314
0
1 314
0
0
0
1 893
1 314
0
0
0
0
0
0
0
0
0
0
0
0
0
0
1 315
1 315
0
2 315 813
0
1 661
0
0
1 315
0
0
0
0
0
0
0
0
0
1 635
0
1 316
0
0
0
0
0
0
0
0
1 522
2 940 1420
0
2 733 1348
0
0
1 1532
0
0
0
0
0
0
0
0
0
0
1 319
0
0
0
0
0
0
0
1 1363
0
0
1 319
1 319
0
1 319
0
0
0
0
1 319
0
0
0
0
0
0
0
0
0
4 1002 1586 1824 1843
1 1617
0
1 1738
0
0
0
0
0
1 1680
0
0
0
0
0
0
0
0
1 1123
1 322
0
0
0
1 1123
0
1 639
0
0
0
0
1 322
1 322
1 1367
1 859
0
5 323 380 963 1292 1610
5 545 789 1058 1250 1620
2 727 754
0
0
0
0
0
0
1 835
0
0
0
1 325
2 821 1047
0
0
0
0
0
0
0
2 953 1745
0
1 830
3 383 1386 1742
1 326
0
0
0
0
0
0
3 715 830 870
0
0
1 1280
1 1280
0
1 327
0
4 399 1078 1567 1677
0
0
3 366 406 1192
0
0
2 999 1330
0
0
0
0
1 408
1 659
0
0
0
0
0
0
1 1553
0
0
3 378 1641 1729
0
0
0
0
0
0
0
0
1 332
0
0
2 1068 1502
0
0
0
0
0
0
0
1 1337
0
0
0
1 1280
1 334
1 334
0
1 334
1 794
0
1 872
0
1 334
0
0
0
0
0
0
0
0
0
0
2 890 1673
1 335
0
0
0
0
0
0
0
0
1 336
0
0
0
1 970
1 336
2 685 1478
0
0
0
0
0
1 1391
1 610
1 362
0
0
1 337
1 337
0
1 337
0
0
0
0
1 337
0
0
0
0
0
1 400
1 583
1 1040
0
1 362
0
0
0
0
0
0
0
0
0
0
0
0
0
1 338
0
0
0
0
0
0
0
0
0
0
1 338
1 338
0
1 338
0
0
0
0
1 338
0
0
0
0
0
0
0
0
0
3 587 1060 1107
0
0
1 1060
1 1223
0
0
1 341
1 1339
1 837
0
0
4 536 815 857 979
1 1533
0
0
0
2 1467 1874
0
0
2 342 1309
0
0
0
0
0
1 931
0
0
0
1 1459
3 788 799 1098
0
0
1 343
0
0
0
0
0
1 1703
1 1131
0
0
0
4 343 513 1536 1885
1 343
0
1 343
0
0
0
0
1 343
0
0
0
0
0
1 893
0
1 1154
4 344 1131 1560 1589
0
0
0
1 1703
0
0
1 1171
0
2 1513 1842
0
1 345
1 1865
1 812
1 1092
0
0
0
0
0
1 866
1 1392
0
2 346 1613
1 346
0
1 346
0
0
0
0
1 346
0
0
1 1879
4 1077 1150 1524 1530
0
0
0
0
1 347
2 433 1731
0
0
1 573
0
0
3 431 1227 1535
0
1 895
3 518 1295 1858
1 800
0
1 1599
0
0
1 349
0
0
0
0
0
0
1 452
1 859
2 350 1153
0
2 1145 1507
2 437 1791
1 1507
0
0
0
0
2 764 1733
1 1891
0
0
0
0
1 813
1 487
0
0
0
0
1 353
1 353
0
1 353
0
0
0
0
1 353
0
0
0
1 841
0
1 426
0
0
0
0
0
0
0
1 648
1 685
1 1677
1 411
0
3 1204 1342 1859
4 880 900 1135 1647
0
0
0
0
1 673
0
1 1388
0
0
0
0
0
0
1 776
1 1497
2 702 1120
0
0
0
0
0
0
1 1699
0
1 357
1 357
0
1 357
0
0
0
1 1247
2 357 782
0
0
0
0
0
0
0
0
0
2 1026 1461
0
0
0
0
1 1812
0
0
0
0
1 360
1 360
0
1 360
0
0
0
1 671
1 360
0
0
0
0
0
0
0
0
1 361
3 361 1287 1659
0
2 361 1010
0
0
0
0
1 361
0
0
1 851
1 1642
0
0
0
2 1500 1642
2 362 1227
3 764 1558 1645
0
0
0
1 362
1 430
0
0
0
0
0
0
0
1 1625
0
0
0
0
2 1077 1328
2 1150 1737
0
0
1 1719
0
0
0
0
0
2 543 1864
0
0
0
0
0
1 364
1 364
0
1 364
1 1567
1 794
0
0
1 364
0
0
0
0
1 872
0
0
0
3 1535 1577 1626
3 399 1109 1805
0
0
0
0
1 1229
0
0
2 624 854
0
2 685 900
0
0
1 1639
0
0
0
0
1 367
2 367 1746
0
1 367
0
0
0
0
1 367
0
0
0
0
0
0
0
0
1 368
0
0
0
0
0
0
0
0
1 1762
0
0
0
0
0
0
1 369
2 369 1068
0
1 369
0
0
0
0
1 369
0
0
0
2 582 1467
0
0
0
0
0
0
0
0
0
0
0
0
0
0
1 374
0
0
0
0
0
0
0
2 1032 1425
1 1069
0
0
0
2 376 1462
0
0
1 1400
1 458
0
0
0
0
1 377
0
0
0
0
0
0
0
0
1 1018
0
0
0
0
0
0
0
2 820 871
1 379
0
0
0
2 582 1199
0
0
0
1 871
0
3 380 457 920
0
0
0
0
0
0
0
0
0
0
0
0
1 1246
0
1 1256
0
0
0
3 746 1246 1305
1 383
2 383 508
0
1 383
0
0
0
0
2 383 1659
1 830
0
0
0
0
0
0
0
3 1127 1274 1533
0
0
1 384
1 384
0
1 384
0
2 724 1617
0
0
1 384
1 532
1 532
0
1 1712
0
0
1 879
0
0
0
1 393
0
0
0
0
0
0
0
0
2 389 745
0
0
0
0
0
0
0
0
0
0
1 389
1 389
0
1 389
0
0
0
0
1 389
0
0
0
0
0
0
0
0
0
2 856 1132
0
1 391
0
0
0
0
2 673 987
0
0
0
0
0
0
0
0
0
0
0
0
0
0
0
0
0
0
0
1 1125
1 393
1 393
1 1848
1 393
1 994
0
0
1 1369
1 393
0
0
0
0
0
0
1 1293
0
0
4 453 972 1064 1759
0
2 703 1372
1 822
3 679 972 1546
3 409 449 1102
2 395 1393
0
0
1 409
0
1 395
1 1316
0
0
0
1 950
0
0
0
0
0
0
1 862
0
0
0
0
0
4 398 906 1630 1780
0
0
0
1 1117
0
3 647 907 1575
0
0
1 419
0
1 399
0
1 1153
0
1 1246
0
4 697 1016 1758 1842
0
0
0
0
0
0
0
0
0
1 401
1 1102
1 482
0
0
0
2 430 1002
0
0
0
0
1 870
0
0
0
1 1857
0
0
0
0
0
0
0
1 404
1 404
0
1 404
0
0
0
0
1 404
0
0
0
0
0
1 1107
0
0
3 405 778 1789
4 963 1042 1489 1535
0
0
0
2 405 970
0
0
0
0
0
0
0
3 861 1227 1677
1 406
0
0
0
0
1 406
0
0
0
0
2 473 666
0
0
0
0
0
0
0
0
1 408
0
0
0
0
1 408
0
0
0
0
1 683
0
0
0
0
1 409
0
0
0
1 473
1 409
0
1 1650
0
0
1 473
0
1 1123
0
0
0
2 1773 1792
0
1 410
1 410
0
1 410
0
0
0
0
1 410
0
0
1 1773
1 1792
0
0
0
1 879
0
0
0
0
3 788 1077 1589
0
0
0
1 412
0
0
0
0
0
0
0
0
0
0
0
0
0
1 413
1 413
1 1579
1 413
0
0
0
0
1 413
0
0
0
1 635
0
0
0
0
1 414
1 414
1 1779
1 414
0
1 1441
0
0
1 414
0
0
0
0
0
1 596
0
0
1 745
0
0
0
1 415
0
0
0
0
0
0
0
0
0
0
1 415
1 415
0
1 415
0
0
0
0
1 415
0
0
0
0
1 1054
0
0
0
0
1 1061
0
1 1551
0
0
0
3 774 1489 1844
0
1 417
0
0
0
0
0
0
0
0
0
0
1 417
1 417
0
1 417
0
0
0
0
1 417
0
0
0
0
0
0
0
0
0
0
0
0
1 667
0
1 1857
0
0
1 1508
0
1 1405
0
1 1224
1 419
0
0
0
0
0
0
0
2 777 1890
1 425
1 421
0
0
0
0
0
1 772
1 646
0
2 508 713
0
0
0
0
0
0
0
0
0
0
0
0
0
0
0
1 425
0
0
0
1 989
0
0
0
0
3 426 1136 1392
0
1 426
0
1 1156
1 1484
0
1 426
0
0
0
0
0
0
0
0
0
0
0
0
0
1 1071
0
3 429 1122 1204
0
0
0
2 1040 1481
0
0
0
0
0
1 430
0
0
0
0
1 430
0
0
2 1003 1043
0
0
1 1300
0
0
1 431
0
1 1042
0
2 647 1053
2 431 1481
0
0
0
2 923 1090
0
0
0
0
3 772 1354 1646
0
1 1047
2 432 1056
1 432
0
1 432
0
0
0
0
1 432
0
2 1056 1579
0
0
0
0
0
0
4 433 515 1539 1769
0
0
0
0
1 433
0
0
0
0
0
0
0
1 1208
1 1576
0
0
2 508 1783
0
0
0
1 436
1 989
0
0
0
0
0
0
0
0
0
0
0
0
0
0
0
1 436
0
0
0
0
0
0
0
0
0
0
1 436
2 436 591
0
1 436
0
0
0
0
1 436
0
0
0
0
0
0
0
0
1 1124
1 437
0
0
0
1 946
2 437 966
0
0
0
0
0
0
1 1126
0
0
0
2 759 1126
1 1506
0
0
0
1 1730
1 1158
0
1 1253
0
0
0
0
0
0
0
3 442 1275 1338
1 442
0
1 442
0
0
0
1 1417
1 442
0
1 994
0
0
0
0
0
0
0
0
0
0
0
0
0
0
1 443
1 443
0
1 443
0
0
0
0
1 443
0
0
0
0
0
0
0
0
0
0
0
0
0
1 1017
6 547 722 795 868 1262 1509
2 646 1545
0
1 1086
0
1 1200
0
2 447 1508
0
0
0
0
0
0
0
0
3 901 1018 1220
0
0
0
0
0
0
0
1 875
0
0
0
0
0
0
0
0
1 813
0
0
0
1 452
0
0
0
0
0
0
0
0
4 453 1027 1421 1489
1 1131
1 453
1 1150
0
0
0
1 453
1 850
0
0
0
1 1337
0
0
1 973
1 1538
0
0
0
1 1538
4 455 518 1295 1790
0
0
0
0
0
0
0
0
0
0
1 1730
0
0
0
0
1 584
0
0
0
0
0
0
0
2 898 1808
0
0
0
0
1 460
1 460
1 513
1 460
0
0
0
0
1 460
0
0
0
0
0
0
0
0
0
0
0
0
0
0
0
0
0
0
0
2 885 1370
0
0
0
0
1 680
0
0
0
0
0
1 1685
0
0
0
0
0
0
0
1 468
0
0
0
0
0
0
0
0
0
1 863
1 468
1 468
0
1 468
0
0
0
0
1 468
0
0
2 863 1778
0
0
0
0
0
0
0
0
1 1497
0
0
0
1 693
0
1 1506
0
0
0
1 473
0
1 666
0
0
0
0
1 862
0
0
0
1 896
0
1 1098
1 474
0
1 827
0
1 1133
0
0
0
0
0
0
1 474
1 474
0
1 474
0
0
0
0
1 474
0
0
0
0
0
0
0
0
0
0
0
1 475
0
0
0
0
0
1 1066
0
0
0
0
0
0
0
0
0
0
1 475
0
0
0
0
0
0
0
0
0
0
1 475
1 475
0
1 475
0
0
0
0
1 475
0
0
0
0
0
0
0
0
1 476
0
0
0
0
0
0
0
0
1 477
0
1 1540
0
0
0
0
0
0
0
1 780
1 477
1 477
2 1739 1848
1 477
0
0
0
0
1 477
0
0
0
0
0
0
3 696 939 1705
0
1 480
0
0
0
0
1 480
0
0
1 1392
4 764 781 1115 1564
1 1316
0
0
0
0
0
0
0
0
0
2 482 1545
0
1 482
0
6 560 909 920 923 1193 1579
0
1 1784
1 482
0
0
0
0
0
0
0
0
0
0
0
0
0
0
0
0
1 484
1 484
0
1 484
0
0
0
0
1 484
2 1322 1335
0
0
0
0
0
0
0
0
0
1 1691
0
1 1148
0
0
0
0
0
0
1 510
1 487
0
0
0
0
0
0
0
0
2 900 1310
1 1863
0
0
0
0
0
0
0
0
1 489
1 489
1 1659
1 489
0
0
3 1200 1287 1758
0
1 489
0
0
0
0
0
0
0
0
1 966
1 625
0
0
1 524
0
0
1 1618
0
0
0
0
0
0
1 1750
1 1095
1 1581
0
1 493
1 493
0
2 493 1508
1 769
0
0
0
1 493
0
0
1 1244
0
0
0
0
0
0
0
0
1 494
1 494
0
1 494
0
0
0
0
1 494
0
0
0
0
1 1761
0
0
0
0
0
1 1750
0
0
0
0
2 1068 1672
1 1350
0
1 497
1 497
0
1 497
0
0
2 1350 1672
0
1 497
0
0
0
0
0
0
0
0
0
0
0
0
0
0
0
0
0
0
0
2 787 1423
0
0
0
0
0
1 1009
0
0
0
0
0
0
0
0
0
0
0
0
0
0
1 508
0
0
0
0
0
0
0
0
0
0
0
0
0
1 820
0
0
0
0
0
0
0
0
0
1 512
0
0
0
0
1 512
0
0
0
0
0
0
0
0
0
0
0
0
1 513
0
0
0
0
0
0
0
0
0
2 541 1857
0
0
0
0
0
1 1507
0
1 516
0
0
0
0
0
0
0
0
0
0
0
0
0
0
0
0
1 516
0
0
0
0
0
0
0
0
0
0
1 516
1 516
0
1 516
0
0
0
0
1 516
0
0
0
0
0
0
0
0
1 1120
0
0
1 517
1 517
0
1 517
0
1 1864
0
0
1 517
0
0
0
0
0
1 1051
1 824
0
1 1748
0
0
0
0
0
0
0
0
1 519
2 519 890
1 965
1 519
0
0
0
0
1 519
0
0
0
0
1 1641
0
0
0
1 520
2 866 871
0
0
0
2 1348 1662
1 567
0
1 618
0
0
0
0
0
1 522
0
0
0
0
0
0
0
0
1 1598
0
2 885 1076
2 1512 1568
0
0
2 718 1036
1 1018
0
0
0
0
0
0
0
0
2 524 1439
1 524
0
1 524
0
0
0
0
1 524
0
0
0
0
0
0
0
0
0
1 525
0
0
1 1662
0
0
0
0
0
1 946
2 673 883
0
1 946
0
0
1 526
1 526
0
1 526
0
0
1 951
0
1 526
1 1116
0
0
3 951 972 1116
0
0
0
1 836
0
2 527 1294
1 1081
0
0
0
0
0
0
0
0
0
0
0
0
0
0
0
1 532
0
0
1 1883
3 718 882 1690
1 532
1 1307
0
0
0
0
0
0
0
0
0
0
1 535
1 535
1 1165
1 535
0
0
0
0
1 535
0
0
0
0
0
0
0
0
0
0
0
0
0
0
0
0
0
1 538
0
0
0
0
0
0
0
0
0
0
1 538
1 538
0
2 538 1827
0
0
0
0
1 538
0
0
0
0
0
0
0
0
1 539
1 1276
0
0
0
1 539
1 1351
0
0
0
0
0
0
0
0
0
1 1051
0
1 541
0
1 541
0
0
0
0
1 541
0
0
0
0
2 719 1323
0
0
0
0
0
1 542
1 542
0
1 542
0
0
1 1758
0
1 542
0
2 645 1694
1 1377
0
1 794
0
0
0
0
0
2 543 639
1 714
0
0
1 1473
0
0
0
1 1804
0
1 1357
1 544
0
0
0
1 609
0
0
0
0
0
0
0
0
0
0
0
1 546
0
0
1 1641
0
0
0
0
0
1 548
0
0
0
0
0
0
0
0
0
0
1 548
1 548
0
1 548
0
0
0
0
1 548
0
0
0
0
0
0
0
0
1 549
0
0
0
0
0
0
0
0
2 614 1488
0
0
0
1 1635
1 1073
0
0
0
0
0
0
0
0
0
1 978
3 553 734 1350
0
0
0
0
0
0
0
0
0
0
1 1567
1 872
0
0
0
0
0
1 1540
0
0
0
0
0
0
1 1337
0
0
0
0
1 990
1 557
0
0
0
0
0
0
0
0
0
0
0
0
0
1 613
0
0
0
1 558
0
1 1215
0
0
0
0
0
0
0
1 1215
1 558
1 558
0
1 558
1 1516
0
0
0
1 558
0
0
0
0
0
2 1319 1516
0
0
0
0
2 1573 1711
0
0
1 559
1 559
0
1 559
1 923
0
0
0
1 559
1 1346
0
0
0
0
0
0
0
2 560 1675
1 1631
1 560
0
0
0
0
1 560
0
0
0
0
0
0
0
0
0
0
0
0
0
1 562
0
0
0
2 693 1773
0
0
0
0
0
1 1332
0
1 1506
0
0
1 564
0
0
0
0
0
0
0
0
0
1 1891
1 564
1 564
0
2 564 1891
0
0
0
1 1891
1 564
0
0
0
0
0
0
0
0
0
0
0
1 1083
0
0
1 565
0
0
0
0
0
3 952 1174 1715
0
1 922
0
1 1484
1 565
1 565
0
1 565
0
0
0
0
1 565
0
0
0
0
0
0
0
0
0
0
0
0
0
1 1358
2 725 1421
1 973
0
1 604
1 762
0
3 593 1592 1784
0
1 1638
2 1172 1819
0
1 1242
1 569
0
0
0
0
1 879
0
0
0
0
0
0
0
0
0
0
0
0
0
1 574
0
0
0
0
0
0
0
0
0
0
1 574
1 574
0
1 574
0
0
0
0
1 574
0
0
0
0
0
0
0
0
1 1272
0
0
0
0
0
0
1 1875
0
0
0
0
0
0
3 950 1272 1629
1 616
2 1493 1847
2 1545 1824
0
0
0
1 580
0
0
0
0
1 1446
0
2 597 1126
0
2 581 601
0
1 1610
0
2 1287 1700
0
0
0
1 1052
0
0
0
3 616 910 1358
0
1 582
0
0
0
1 1702
0
0
0
0
0
0
0
1 1700
0
0
1 1171
2 1046 1872
1 1282
0
1 1877
0
0
1 1725
0
1 1417
1 1746
0
0
0
2 966 1819
0
0
3 587 1110 1242
2 625 1326
0
1 1737
0
1 892
0
0
0
0
0
2 588 880
0
0
1 1001
0
0
0
0
0
0
0
1 589
1 1221
0
1 965
0
0
0
1 690
0
0
0
1 590
0
0
0
0
0
0
0
1 1191
0
0
0
1 720
0
0
0
0
1 593
0
1 593
0
0
1 1078
0
1 593
0
0
0
0
0
0
0
0
0
0
0
0
0
0
0
0
0
2 910 1543
0
0
1 971
0
1 1484
2 971 1116
1 596
1 596
0
1 596
0
0
0
1 1466
1 596
0
0
0
1 951
0
1 612
0
0
0
1 633
0
0
0
0
0
1 598
0
0
0
1 1129
0
0
0
0
0
0
0
0
1 599
1 599
1 1136
1 599
0
0
0
3 606 772 1470
2 599 650
0
0
0
0
0
0
0
0
0
0
0
1 993
0
1 1167
0
0
0
0
0
0
0
0
0
0
0
0
2 733 1348
1 604
0
1 604
0
0
0
0
1 604
0
0
0
0
0
0
0
0
1 605
1 605
0
1 605
0
0
1 646
0
1 605
0
0
2 762 1828
1 1224
0
0
0
0
0
0
0
1 1251
0
0
0
0
0
0
0
0
0
0
0
0
0
0
0
1 606
0
0
0
0
2 657 1516
0
0
0
0
0
0
0
0
1 607
1 607
0
1 607
0
0
0
0
1 607
0
0
0
0
0
0
0
0
0
0
1 608
2 1326 1642
0
0
1 719
1 1483
1 1316
0
0
0
0
0
0
0
0
0
0
1 1579
0
0
0
0
0
0
0
0
0
0
0
0
0
0
0
0
1 612
1 612
0
1 612
0
0
0
0
2 612 1734
0
0
0
0
0
0
0
0
0
0
0
0
1 1779
0
0
1 1779
0
0
1 613
0
0
1 1319
0
1 1217
0
0
0
0
1 1255
1 613
1 613
0
1 613
0
0
0
0
1 613
0
0
0
0
0
0
0
0
0
0
0
0
0
1 994
0
0
1 1762
0
2 615 1716
0
0
0
0
0
0
0
0
0
0
1 615
1 615
0
1 615
0
0
0
0
1 615
0
0
0
0
0
0
0
0
1 1194
1 616
0
0
0
1 1808
1 616
0
1 773
0
0
1 1808
0
0
0
0
0
1 1124
0
0
1 618
0
1 618
0
0
0
0
2 618 1852
0
1 1846
0
0
0
0
0
0
0
0
0
0
0
0
0
0
0
1 1356
0
1 623
2 623 1472
0
1 623
0
0
0
0
1 623
0
0
0
0
0
0
0
0
0
0
0
1 625
1 1242
0
1 1819
0
1 625
0
0
0
1 864
0
0
0
0
0
1 914
0
0
0
0
0
0
1 1042
0
0
0
0
1 629
2 629 858
0
1 629
0
0
0
0
1 629
0
0
0
0
0
0
1 1169
0
0
0
0
0
0
0
0
0
0
0
0
1 1446
1 633
0
1 1685
0
0
0
0
0
0
1 1823
0
0
0
0
0
0
1 666
0
0
0
0
0
0
1 1862
0
0
0
0
1 639
0
0
1 1217
0
0
0
0
0
0
0
1 1051
0
0
0
0
0
1 692
1 721
1 644
1 644
1 676
1 644
0
0
0
0
1 644
0
0
0
0
0
0
1 1289
0
1 645
0
1 645
0
0
0
0
1 645
0
0
0
0
0
0
0
0
0
1 1210
0
0
1 646
0
0
0
0
0
0
0
0
1 647
2 661 1661
0
0
0
1 647
1 747
0
0
0
0
0
1 804
0
0
1 1662
0
0
0
1 946
0
1 649
0
0
0
0
0
0
0
1 1554
1 821
0
0
0
0
0
0
0
0
0
1 655
0
0
0
0
0
0
0
0
1 656
1 656
0
1 656
0
0
1 901
0
1 656
0
0
0
0
0
0
0
0
0
1 1886
0
0
0
0
0
0
0
1 658
0
1 933
0
0
0
0
0
0
0
0
0
0
1 659
2 659 1136
0
1 659
0
0
0
1 1684
1 659
0
0
0
1 1356
0
0
0
0
0
0
1 799
0
1 660
1 660
0
1 660
1 961
0
1 1131
0
1 660
0
0
0
0
0
0
1 1247
0
0
0
0
0
0
0
0
0
0
0
0
2 1686 1738
0
0
0
0
0
0
0
2 664 1761
0
1 766
0
0
0
0
1 1110
0
0
0
1 664
1 664
0
1 664
0
0
0
0
0
1 1063
0
1 666
0
0
0
0
0
0
0
0
0
0
0
0
0
0
0
0
0
0
0
0
1 671
0
0
0
0
0
0
0
0
0
0
0
0
0
0
0
1 673
0
1 690
1 1169
0
0
0
0
1 1834
0
0
0
0
1 676
0
2 676 785
0
0
0
0
1 676
0
0
0
0
0
0
0
0
1 1716
0
0
0
0
1 1260
1 677
1 677
0
1 677
1 943
0
0
0
1 677
0
0
0
0
2 1596 1716
0
0
0
0
0
0
0
0
0
0
0
0
0
0
0
1 678
0
0
0
0
0
0
0
0
0
0
1 678
1 678
0
1 678
0
0
0
0
1 678
0
0
0
0
0
0
0
0
1 950
0
2 918 1465
1 1049
0
1 1862
0
0
1 680
0
0
0
0
0
0
0
0
0
0
0
0
0
0
0
0
0
0
0
0
0
0
0
0
0
0
0
1 685
1 993
0
0
0
0
0
2 1513 1793
0
0
0
0
0
0
0
0
2 687 1726
1 687
0
2 687 1331
0
0
0
1 1695
1 687
0
0
0
0
0
0
0
0
0
0
1 690
0
0
0
0
1 690
0
0
0
1 1727
0
0
0
1 1206
1 897
0
0
1 692
0
1 692
0
0
0
0
1 692
0
1 1272
0
0
0
0
0
0
1 1853
1 693
0
0
0
0
1 693
0
1 1125
0
0
0
0
0
0
1 1707
0
1 1295
0
0
0
0
1 695
0
0
0
0
0
0
0
0
1 1057
2 1332 1817
0
1 697
0
0
0
0
0
0
0
0
0
1 699
0
0
0
0
0
0
0
0
0
0
0
0
0
0
1 1159
0
1 1774
0
0
0
1 701
1 701
0
1 701
0
0
0
0
1 701
0
0
0
0
0
0
0
0
0
0
1 986
0
1 1585
1 986
1 1613
1 1727
2 1083 1843
0
0
0
1 1639
0
0
0
0
0
0
0
0
0
0
0
0
0
0
0
0
0
0
1 1143
0
0
0
0
0
0
0
0
0
1 1421
0
0
0
0
0
0
0
0
0
0
0
0
0
0
0
0
0
0
1 883
0
0
0
0
0
0
0
1 715
0
0
0
0
0
0
0
1 718
1 1802
0
1 1021
0
1 718
0
0
0
0
0
1 920
0
0
0
0
0
1 719
0
0
0
0
0
0
0
0
0
0
0
0
0
0
0
0
0
0
0
0
1 1107
0
0
0
0
0
1 1560
0
0
0
0
0
0
0
0
0
0
0
0
0
0
0
0
0
1 1108
0
1 1862
1 724
0
0
1 1527
0
0
0
0
0
0
0
0
0
0
0
0
0
0
2 1463 1575
0
1 727
1 727
0
1 727
0
0
0
0
1 727
0
0
0
0
0
0
0
0
0
0
0
0
0
0
0
0
0
0
1 730
0
0
0
0
0
0
0
0
0
0
0
0
1 1230
1 733
0
0
0
0
1 733
0
0
0
0
0
0
0
0
0
0
0
0
0
0
0
0
0
0
0
0
0
0
0
0
0
1 1864
0
1 1853
0
0
1 866
0
0
1 741
1 741
0
1 741
0
0
0
0
1 741
0
0
0
0
0
0
0
0
2 995 1463
0
1 742
2 742 1091
0
1 742
0
0
0
0
1 742
0
0
0
0
0
0
0
0
0
0
0
1 1144
0
0
1 878
0
2 744 1860
0
1 1481
0
0
0
0
0
0
0
1 1217
1 744
1 744
0
1 744
0
0
0
0
1 744
0
0
0
0
0
0
0
0
0
1 745
0
0
2 786 1582
0
1 745
0
0
0
0
0
0
0
0
0
0
1 1361
1 1190
0
0
0
0
0
0
0
1 747
0
2 747 1797
0
0
0
0
1 747
0
0
1 1524
0
0
0
0
0
0
2 748 1752
1 748
0
1 748
0
1 1738
0
0
1 748
0
1 1849
0
0
0
0
0
0
0
0
0
0
0
1 749
1 749
0
1 749
0
0
0
0
1 749
0
0
0
0
0
0
0
0
0
0
0
0
0
0
0
1 752
0
0
0
0
0
0
0
0
0
0
1 752
1 752
0
1 752
0
0
0
0
1 752
0
0
0
0
0
0
0
0
0
0
0
0
0
0
1 753
0
0
0
0
0
1 1357
0
0
0
0
0
0
0
0
1 1750
0
0
0
0
0
0
1 828
0
3 1256 1379 1784
0
0
0
0
0
2 761 1205
0
0
0
0
0
0
0
0
0
0
0
0
0
0
0
0
1 761
0
0
0
0
0
0
0
1 885
0
0
1 761
1 761
0
1 761
0
0
0
0
1 761
0
0
0
0
0
0
0
0
1 762
0
0
1 930
0
1 762
0
0
0
0
0
1 1359
1 1089
0
1 763
0
1 1098
0
0
0
0
0
0
0
1 764
0
0
0
0
0
0
0
0
0
0
1 766
0
1 766
0
0
1 1206
0
1 766
0
0
0
0
0
0
0
0
1 1802
0
0
1 767
1 825
0
1 1844
0
0
0
0
0
0
0
0
1 768
0
0
0
0
0
0
0
0
0
0
0
0
0
0
0
0
1 772
0
0
0
0
0
0
1 1587
0
0
0
0
0
0
0
0
0
0
0
0
0
0
0
0
0
0
0
3 774 1367 1706
1 774
0
1 774
0
1 1060
0
0
1 774
1 1785
0
0
0
0
0
0
0
0
0
0
0
0
0
0
1 1848
0
1 788
1 863
1 1323
0
0
0
0
0
0
1 780
0
1 780
0
0
0
0
1 780
0
1 1640
0
0
0
0
0
0
0
0
0
0
0
1 782
0
1 782
0
0
1 1251
0
1 782
0
1 1251
0
1 1055
0
0
1 1693
0
0
0
2 783 1489
1 783
0
1 783
1 1341
0
0
0
2 783 945
0
0
0
0
0
0
0
0
0
0
0
0
0
0
0
0
0
0
0
0
0
0
0
0
0
0
1 787
0
0
0
0
0
0
0
0
0
1 1250
0
0
1 965
0
0
0
0
1 883
0
0
0
1 790
1 790
0
1 790
0
0
1 1672
0
1 790
0
0
0
0
0
0
0
0
1 1455
0
0
1 794
0
0
0
0
0
0
0
0
0
0
1 795
0
0
0
0
0
0
0
0
1 1214
2 1532 1563
0
0
0
0
0
0
0
0
1 1201
0
0
0
0
0
0
0
1 1583
0
0
0
0
0
0
2 1118 1735
0
0
1 805
1 805
0
1 805
0
0
0
0
1 805
0
0
0
0
0
0
0
0
0
0
0
0
0
2 1120 1405
0
1 1141
0
1 1237
1 1040
0
0
0
0
0
0
0
0
0
1 1252
0
0
0
1 849
0
0
0
0
0
0
0
0
1 812
1 812
0
1 812
0
0
0
0
1 812
0
0
0
0
0
0
0
0
1 1382
1 813
0
0
0
0
0
0
0
0
0
0
0
0
0
0
1 1058
0
0
0
0
1 815
0
0
0
0
0
0
0
1 844
0
0
0
0
0
0
0
1 1603
0
0
0
0
0
0
0
1 820
0
0
1 1673
0
0
0
0
1 1455
0
0
0
0
0
0
0
0
0
0
1 1727
0
0
0
0
0
0
0
0
0
0
0
0
0
0
1 1448
1 1576
0
1 1515
1 825
0
1 825
0
0
0
0
1 825
0
0
0
0
0
0
0
0
0
0
0
0
0
0
1 1349
1 1089
0
0
0
0
1 1356
0
0
0
0
0
0
1 828
1 1002
0
0
0
0
0
0
0
0
0
0
0
0
0
0
0
1 831
1 831
0
1 831
0
0
0
0
1 831
0
1 1210
0
0
0
0
0
0
0
0
0
0
1 1677
0
0
0
0
0
0
0
0
0
0
0
1 1041
0
3 973 1237 1700
0
0
0
0
2 837 1663
0
0
1 1685
0
0
0
0
0
0
0
0
0
0
0
0
0
0
0
0
0
0
0
0
0
0
0
0
0
0
1 849
0
1 949
0
0
1 845
0
0
0
0
0
0
0
0
0
1 1007
0
0
0
0
0
1 1260
1 1244
0
1 849
0
0
0
0
1 849
0
0
1 1232
0
0
0
0
0
0
0
0
0
0
0
1 1246
0
1 1305
0
0
0
0
0
2 851 1018
1 851
0
2 851 1500
1 1021
0
0
1 998
1 851
1 1021
0
0
0
1 1021
0
0
0
1 1496
0
0
1 1029
0
0
0
1 853
0
0
0
0
0
0
0
0
0
0
1 853
1 853
0
1 853
0
1 423
0
0
1 853
0
0
0
0
0
0
0
0
0
0
0
0
1 855
0
0
0
0
1 1167
0
0
1 1007
0
0
0
0
0
1 856
1 856
1 1267
1 856
0
0
0
0
1 856
0
0
0
0
0
0
0
0
0
0
0
0
0
0
0
0
0
0
0
0
0
0
1 859
0
0
0
0
0
0
0
0
1 889
0
1 1730
0
0
0
0
0
0
1 862
0
0
0
0
1 862
1 1663
1 899
1 1624
0
0
0
0
0
1 1332
0
0
1 863
1 1693
0
2 1406 1463
0
0
1 1406
0
0
0
1 1427
0
0
0
0
0
0
1 930
0
0
0
0
0
1 1613
1 1545
0
1 950
0
0
0
1 867
0
0
0
0
0
0
0
0
0
0
0
0
1 1301
0
0
1 868
1 1283
0
0
0
1 1829
1 1435
0
0
0
0
0
0
0
0
0
0
0
1 871
0
0
0
0
0
0
0
0
0
1 872
0
0
0
0
0
0
0
0
0
0
0
0
0
1 874
1 874
0
2 874 1090
0
0
0
0
1 874
0
0
0
0
0
0
0
0
0
0
0
0
0
0
0
0
3 1063 1260 1392
0
0
0
0
1 878
0
2 878 1689
0
0
0
0
1 878
0
0
0
0
0
0
0
0
0
1 1513
0
0
0
2 1169 1201
0
0
0
0
0
0
1 879
0
0
0
0
0
0
0
0
0
0
0
0
0
0
0
0
0
0
0
1 882
0
0
0
0
0
0
0
0
0
0
0
1 883
1 1110
0
0
0
1 1083
0
0
0
0
0
1 884
1 884
0
1 884
0
0
0
0
1 884
0
0
0
0
0
0
0
0
0
0
0
1 885
0
0
0
0
0
0
0
0
1 1702
0
0
0
0
0
0
0
0
0
0
0
0
0
0
0
0
0
0
0
0
1 893
1 1199
0
0
0
0
0
0
0
1 1206
0
0
0
1 1374
0
0
0
0
0
0
0
0
1 1876
1 972
0
0
0
0
0
1 1143
0
0
0
0
0
0
0
0
0
0
0
0
0
0
0
0
0
1 899
1 899
0
1 899
0
0
0
0
1 899
0
0
0
0
0
0
0
0
0
1 900
0
0
0
0
0
0
0
0
1 901
0
0
0
0
1 901
0
0
0
0
0
0
0
0
0
0
0
0
0
0
0
0
0
1 1576
0
0
0
0
0
0
0
1 993
1 1077
0
0
0
0
0
1 1204
1 1876
0
0
0
0
0
1 1578
1 1578
0
1 909
2 909 1578
0
1 909
0
0
0
0
1 909
0
0
0
0
0
0
0
0
0
1 910
0
0
0
0
1 910
1 1534
0
0
2 1063 1721
0
1 922
0
0
1 911
0
0
0
0
0
0
0
0
2 1534 1804
0
0
1 985
1 912
0
0
0
0
0
0
0
0
0
0
1 912
1 912
0
1 912
0
0
0
0
1 912
1 1154
0
0
0
0
0
1 985
0
0
0
0
1 914
0
1 914
0
0
0
0
1 914
0
0
0
0
0
0
0
0
0
0
0
0
0
1 1538
0
0
0
0
1 1483
0
0
0
0
0
0
0
0
2 919 1458
0
0
0
1 1563
0
1 1829
0
0
0
0
1 919
1 919
0
1 919
0
0
0
0
0
0
3 920 1358 1882
1 1729
0
0
1 1773
0
1 1349
0
0
0
1 1301
1 1276
0
0
0
1 922
0
0
0
0
1 922
0
0
0
0
0
0
0
0
0
1 923
0
0
0
1 1681
0
0
0
0
0
0
0
1 999
1 930
0
0
0
1 1495
1 930
1 1428
0
0
1 1056
0
0
0
0
0
1 1227
0
0
0
0
0
0
0
0
0
0
0
2 939 1326
0
0
0
0
0
0
0
0
0
0
0
0
0
0
0
0
0
0
0
0
0
0
0
0
0
1 945
0
1 945
0
0
0
0
1 945
0
0
0
0
0
0
1 1341
1 1551
0
0
0
1 1640
0
0
0
0
0
0
0
3 971 1219 1234
0
0
0
0
0
0
1 949
0
1 949
0
1 1351
0
0
1 949
0
0
0
0
0
0
0
0
0
0
1 1784
0
0
0
0
0
0
0
2 1044 1234
1 951
0
0
0
0
0
0
1 1095
0
0
0
0
0
0
0
0
0
1 1808
0
1 1515
0
0
0
0
0
0
0
1 1756
0
1 957
1 957
0
1 957
1 1006
0
0
0
1 957
0
0
0
0
0
0
0
0
0
0
0
1 959
1 959
0
1 959
0
0
0
0
1 959
0
0
0
0
0
0
0
0
0
0
0
0
0
0
0
0
1 965
0
0
1 963
0
0
0
0
2 1487 1742
0
0
0
0
0
0
1 1167
0
0
0
0
0
0
1 1073
1 966
0
0
0
0
0
1 1073
0
0
0
0
0
0
0
0
0
0
0
0
0
0
0
1 971
0
0
0
1 1116
0
0
0
0
0
0
0
0
0
0
0
0
0
0
1 973
0
0
0
0
0
0
0
0
0
0
0
0
0
0
0
0
0
0
0
0
0
0
1 1232
0
0
0
0
0
0
0
0
0
0
0
0
0
0
1 982
1 982
0
1 982
0
0
0
0
1 982
0
0
0
0
0
0
0
0
0
1 1483
0
1 985
0
0
0
0
1 985
0
1 1853
0
0
0
0
0
0
0
0
1 986
0
0
0
0
1 986
0
0
0
0
0
0
0
0
0
2 1134 1767
0
0
2 989 1339
0
0
0
0
1 989
0
0
0
0
0
0
0
0
1 990
1 1589
0
0
0
0
0
0
0
0
0
0
0
0
0
0
0
1 993
0
0
0
0
0
0
0
0
0
1 994
0
0
0
0
0
0
0
0
0
1 1458
0
0
0
0
0
0
0
0
0
0
0
0
0
0
0
0
0
0
0
0
0
0
0
2 1139 1532
0
1 998
0
0
0
0
0
0
0
0
1 1642
0
1 998
2 998 1532
0
1 998
0
0
0
0
1 998
0
0
0
1 1021
0
0
0
0
0
0
0
0
0
0
0
0
0
0
0
0
0
0
0
0
0
0
0
0
0
0
0
0
0
0
0
0
0
0
0
0
0
0
0
2 1006 1478
0
1 1006
0
0
0
0
2 1006 1578
0
0
0
0
0
0
0
0
1 1007
0
0
0
0
2 423 1007
0
0
0
0
0
0
0
0
0
0
0
0
0
0
0
0
0
0
0
1 1013
1 1013
0
1 1013
0
0
0
0
1 1013
0
1 1640
0
0
0
0
0
0
0
0
0
0
0
0
0
0
0
0
0
0
0
0
0
0
0
1 1330
0
0
0
0
0
0
0
0
0
0
0
0
0
0
0
0
0
0
0
1 1023
1 1023
0
1 1023
0
0
0
0
1 1023
0
0
0
0
0
0
0
0
1 1025
0
0
0
0
0
0
1 1674
0
0
0
0
0
0
0
0
0
1 1025
0
0
1 1141
0
0
0
0
0
0
0
1 1025
1 1025
0
1 1025
0
0
0
0
1 1025
0
0
0
0
0
0
0
0
0
0
0
0
0
0
0
0
0
0
1 1027
1 1027
0
1 1027
1 1767
1 1055
0
0
2 1027 1827
0
0
0
0
0
0
0
0
0
1 1598
0
1 1029
1 423
0
0
0
0
0
0
0
1 1030
1 1030
0
1 1030
0
0
0
0
1 1030
0
0
0
0
0
0
0
0
0
0
0
0
0
0
0
0
0
0
0
2 1033 1496
0
2 1041 1411
0
0
0
0
0
1 1068
0
0
0
1 1036
0
0
0
0
0
0
0
0
0
0
0
0
0
0
0
0
0
1 1202
0
1 1041
0
0
0
0
1 1041
0
0
0
0
0
0
0
0
0
1 1042
0
0
0
0
0
0
0
0
1 1150
0
0
0
0
0
0
0
0
0
0
0
0
0
0
0
1 1044
1 1044
0
1 1044
0
0
0
0
1 1044
0
0
0
0
0
1 1234
0
0
0
0
0
0
0
0
0
1 1047
0
0
1 1502
0
0
0
0
0
0
1 1446
0
0
0
0
0
1 1555
0
0
0
0
0
0
0
1 1050
0
0
0
0
0
0
0
0
0
0
2 1051 1073
0
0
0
0
0
0
0
0
0
0
0
0
1 1052
1 1052
0
1 1052
0
0
0
0
1 1052
0
0
1 1351
1 1829
0
0
0
0
0
1 1134
0
1 1605
0
0
0
1 1054
1 1054
0
1 1054
0
0
0
0
1 1054
0
0
0
0
0
0
0
0
1 1055
0
0
0
0
1 1055
0
0
0
0
0
0
0
0
0
0
0
1 1056
0
0
0
0
0
0
0
0
0
0
1 1705
0
0
0
0
1 1346
0
0
0
0
0
0
0
0
0
0
0
0
0
0
0
0
0
0
0
1 1061
1 1061
0
1 1061
0
0
0
0
1 1061
0
0
0
0
0
0
0
0
0
0
0
1 1354
0
1 1063
0
0
0
0
0
0
0
0
0
0
0
0
0
1 1096
1 1775
2 1065 1682
1 1594
0
0
0
0
0
0
0
0
0
1 1065
1 1065
0
1 1065
0
0
0
0
1 1065
0
0
0
0
0
0
0
0
0
0
1 1563
0
0
0
0
0
1 1066
1 1066
0
1 1066
0
0
0
0
1 1066
0
0
0
0
0
0
0
0
0
0
2 1455 1493
0
0
0
0
0
0
0
0
0
0
0
0
0
0
0
0
0
0
0
0
0
0
0
0
0
0
0
0
0
0
1 1242
0
1 1073
0
0
0
0
0
0
0
1 1819
0
1 1296
0
1 1293
0
1 1369
1 1804
0
1 1668
0
0
0
0
0
0
0
0
0
0
0
0
1 1693
0
0
0
0
0
0
0
0
0
0
0
0
1 1215
0
0
0
0
0
1 1083
0
0
0
0
0
0
0
0
1 1879
1 1738
0
0
0
1 1764
0
0
0
0
1 1089
0
0
0
0
1 1089
0
0
0
0
0
0
0
0
0
0
1 1495
0
0
0
0
0
0
0
1 1091
1 1091
0
1 1091
0
0
0
0
1 1091
0
0
0
0
1 1168
0
0
0
0
0
0
0
0
0
0
0
0
0
0
0
0
0
0
0
0
0
0
0
0
0
0
0
0
0
0
1 1555
0
0
0
0
0
0
1 1099
0
0
0
0
0
0
0
0
0
0
0
1 1100
1 1100
0
1 1100
0
0
0
0
1 1100
0
0
0
0
0
1 1508
0
0
0
0
1 1101
1 1101
0
1 1101
0
0
0
0
1 1101
0
0
0
0
0
0
0
0
0
0
0
1 1102
0
0
0
1 1458
0
0
0
0
0
1 1104
1 1104
1 1255
1 1104
0
1 1700
0
1 1237
1 1104
0
0
0
0
0
0
0
0
0
0
0
0
1 1106
0
0
1 1601
1 1624
0
0
0
0
0
0
1 1106
1 1106
0
1 1106
0
0
0
0
1 1106
0
0
0
0
0
0
0
0
1 1344
0
0
0
0
0
0
0
0
0
0
0
1 1110
0
0
0
0
0
0
0
0
0
0
0
0
0
2 1113 1200
0
0
0
0
0
0
0
0
0
0
1 1113
1 1113
0
1 1113
0
0
0
0
1 1113
0
0
0
1 1535
0
0
0
0
1 1484
0
0
0
0
0
0
0
0
0
1 1503
0
0
0
1 1319
0
0
0
0
0
0
0
0
0
0
1 1323
0
0
0
1 1120
0
0
0
0
0
0
0
0
0
0
0
0
0
0
1 1121
0
0
0
0
0
1 1210
1 1534
0
0
0
1 1121
1 1121
0
1 1121
0
0
0
0
1 1121
0
1 1478
0
0
0
0
0
0
0
0
0
1 1123
0
0
0
0
1 1882
0
0
0
0
0
0
0
0
0
0
0
0
0
0
0
0
0
0
1 1126
0
0
0
0
0
0
0
0
0
0
0
1 1128
0
0
0
0
0
0
0
0
0
0
0
0
0
0
0
0
0
1 1202
0
0
0
0
0
1 1283
0
0
0
0
0
0
0
2 1134 1743
0
0
0
0
1 1134
0
0
0
0
0
0
0
0
0
1 1357
0
0
0
1 1136
0
0
0
0
0
0
0
0
0
0
0
0
0
0
0
0
0
0
0
0
0
0
0
0
0
0
0
0
1 1779
1 1141
0
0
0
0
1 1141
0
0
0
0
0
0
0
0
0
0
2 1143 1428
1 1613
1 1605
0
0
1 1143
0
0
0
0
0
0
0
0
0
0
0
0
0
0
0
0
0
0
0
0
0
0
0
0
0
1 1657
0
0
1 1415
0
0
0
0
0
0
0
0
1 1751
0
0
0
0
0
0
0
0
0
0
0
0
0
0
0
0
1 1154
0
1 1154
0
0
0
0
1 1154
0
0
0
0
0
0
0
0
0
0
0
0
0
0
0
0
0
0
0
1 1681
0
0
0
1 1159
3 1159 1551 1681
0
1 1159
0
0
0
0
1 1159
0
0
0
0
0
1 1631
0
0
0
0
0
0
0
0
0
0
0
0
0
0
0
2 1755 1868
0
1 1462
0
1 1167
1 1406
0
0
0
0
0
0
0
0
0
0
0
0
0
0
1 1411
0
0
1 1351
0
0
0
0
1 1169
0
1 1891
0
0
0
0
0
0
0
1 1170
1 1170
0
1 1170
0
0
0
0
1 1170
0
0
0
0
0
0
0
0
0
0
0
0
0
1 1876
0
0
0
0
0
0
0
0
0
0
0
0
0
0
0
0
0
0
0
0
0
0
0
0
0
0
0
0
0
1 1496
0
0
0
0
0
0
0
0
0
0
0
0
0
0
0
0
0
0
0
0
0
0
0
0
0
0
1 1192
0
0
0
0
0
0
0
0
0
0
0
0
0
0
0
0
0
0
0
0
0
0
0
0
1 1194
0
0
0
0
0
0
0
0
0
0
1 1194
1 1194
0
1 1194
0
0
1 1882
0
1 1194
0
0
0
0
0
1 1682
0
0
0
0
0
0
0
0
0
0
0
0
0
0
0
0
0
0
0
0
0
0
1 1844
0
0
1 1544
1 1200
0
0
0
0
0
0
1 1201
0
0
0
0
1 1201
0
0
0
0
0
0
0
0
2 1202 1743
0
0
0
0
1 1202
0
0
0
0
0
0
1 1495
0
0
0
0
0
0
0
0
0
0
0
0
0
1 1481
0
0
1 1205
1 1205
0
1 1205
0
0
0
0
1 1205
0
0
0
0
0
0
0
0
0
0
1 1206
0
0
0
0
0
0
0
0
0
0
0
0
0
0
1 1210
0
0
0
0
0
0
0
0
0
0
0
0
0
0
0
0
0
0
1 1382
0
0
0
0
0
1 1215
0
0
0
0
0
0
0
0
0
0
0
0
0
0
1 1217
0
0
0
0
0
0
0
0
0
0
0
0
0
0
0
1 1219
1 1219
0
1 1219
0
0
0
0
1 1219
0
0
0
0
0
0
0
0
1 1220
0
0
0
0
0
0
0
0
0
0
0
0
0
0
0
0
1 1718
0
0
0
0
0
0
0
0
0
0
0
0
1 1761
0
0
0
0
0
0
0
0
0
1 1229
1 1229
0
1 1229
0
0
0
0
1 1229
0
0
0
0
0
0
0
0
0
0
0
0
0
0
0
1 1232
0
0
0
0
1 1232
0
0
0
0
0
0
0
0
0
0
0
0
0
1 1234
0
0
0
0
0
0
0
0
0
0
0
0
0
1 1237
0
0
0
0
0
0
0
0
0
0
0
0
0
0
0
1 1240
0
0
0
0
0
0
0
0
0
0
1 1240
1 1240
0
1 1240
0
0
0
0
1 1240
0
0
0
0
0
0
0
0
0
0
0
0
0
0
0
0
0
0
0
0
0
0
0
0
0
0
0
0
0
0
0
0
1 1631
1 1247
0
0
0
0
0
0
0
0
0
0
0
1 1795
0
1 1750
1 1251
0
1 1792
0
0
0
0
0
0
0
0
0
0
0
0
0
0
0
0
0
0
1 1255
0
0
0
0
1 1255
0
0
0
0
0
0
0
0
0
0
0
0
0
0
0
0
0
0
0
0
0
0
0
0
0
0
0
1 1260
0
0
0
0
0
0
0
0
0
0
0
0
0
0
0
0
0
0
0
0
0
0
0
0
1 1265
1 1265
0
1 1265
0
0
0
0
1 1265
0
0
0
0
0
0
0
0
0
0
0
0
0
0
0
0
0
0
0
0
0
0
0
1 1669
0
0
1 1272
0
0
0
0
0
0
0
0
0
1 1274
1 1274
0
1 1274
0
0
0
0
1 1274
0
0
0
0
0
0
0
0
0
2 1463 1492
0
0
0
0
0
1 1702
0
1 1276
0
0
0
0
0
0
0
0
0
0
0
1 1529
0
1 1280
0
0
0
0
0
0
0
0
0
0
0
0
0
0
0
1 1283
0
0
0
0
1 1283
0
0
0
0
0
0
0
0
0
0
0
0
0
0
0
0
0
1 1288
0
0
0
0
0
0
0
0
0
0
1 1288
1 1288
0
1 1288
0
0
0
0
1 1288
0
0
0
0
0
0
0
0
0
0
0
0
0
0
0
0
0
0
0
0
0
0
0
0
0
0
1 1295
0
0
0
0
0
0
0
0
0
0
0
0
0
0
0
0
0
0
0
0
0
0
0
1 1298
0
0
0
0
0
0
0
0
0
0
0
0
0
0
1 1301
0
0
0
0
1 1301
0
0
0
0
0
0
0
0
0
0
0
0
0
0
0
0
0
0
0
0
0
0
0
0
0
0
0
0
0
0
1 1308
0
0
0
0
0
0
0
0
0
0
0
0
0
0
0
0
0
0
0
0
0
0
0
0
0
1 1316
0
0
0
0
0
0
0
0
0
0
1 1319
0
0
0
0
0
0
0
0
0
0
0
0
0
0
0
0
1 1322
1 1322
0
1 1322
0
0
0
0
1 1322
0
0
0
0
0
0
0
0
0
0
0
1 1567
1 1323
0
0
2 1337 1705
0
0
0
0
0
0
0
1 1326
0
0
0
0
0
0
0
0
0
0
0
0
0
0
0
0
0
0
0
0
0
0
0
0
0
1 1332
0
0
0
0
0
0
0
0
0
0
0
0
0
0
0
0
0
0
1 1482
0
1 1335
0
0
0
0
0
0
0
0
0
0
1 1335
1 1335
0
1 1335
0
0
0
0
1 1335
0
0
0
0
0
0
0
0
0
0
0
0
0
0
0
0
0
0
0
0
0
0
0
0
0
0
0
0
0
0
1 1341
0
0
0
0
1 1341
0
0
0
0
0
0
1 1540
0
0
0
0
0
0
0
1 1444
1 1444
1 1344
0
1 1344
0
0
0
0
1 1344
0
0
0
0
0
0
0
0
0
0
0
0
0
1 1857
0
0
0
0
0
1 1348
0
0
0
0
0
0
0
0
1 1349
0
0
0
0
1 1349
0
0
0
0
0
0
0
0
0
1 1350
0
0
0
0
0
0
0
0
0
0
0
0
1 1351
0
0
0
0
0
0
0
0
0
0
0
0
0
0
0
1 1353
0
0
0
0
0
0
0
0
1 1478
0
1 1353
1 1353
0
1 1353
0
0
0
0
1 1353
0
0
0
0
0
0
0
0
0
0
0
0
0
0
0
0
0
1 1355
0
0
0
0
0
0
0
0
0
0
0
0
0
0
0
0
1 1355
0
0
0
0
0
0
0
0
0
0
1 1355
1 1355
0
1 1355
0
0
0
0
1 1355
0
0
0
0
0
0
0
0
0
0
1 1356
0
0
1 1718
0
0
0
0
0
0
0
0
0
1 1357
0
0
0
0
0
0
0
0
0
0
1 1358
0
0
0
0
0
0
0
0
0
0
0
0
0
0
0
0
0
1 1360
1 1360
0
1 1360
0
0
0
0
1 1360
0
0
0
0
0
0
0
0
0
0
0
0
0
0
0
0
1 1617
0
0
1 1363
1 1363
0
1 1363
0
0
0
0
1 1363
0
0
0
0
0
0
0
0
1 1767
0
0
0
0
0
0
1 1367
0
0
0
0
0
0
0
0
1 1369
0
0
0
0
0
0
0
0
0
0
0
0
0
0
0
0
0
0
0
0
0
0
0
0
0
0
0
0
0
0
0
0
0
0
0
0
0
0
0
0
0
0
0
1 1382
0
0
0
0
1 1382
0
0
0
0
0
0
0
0
0
0
0
0
0
0
0
0
0
0
0
0
0
0
0
0
0
0
0
0
0
0
0
0
0
0
0
0
0
0
0
0
0
0
0
0
0
0
0
0
0
0
1 1394
0
0
0
0
0
0
0
0
0
0
0
0
0
0
0
0
0
1 1402
0
0
0
0
0
0
0
0
0
0
0
0
0
0
0
0
0
1 1406
0
0
0
0
0
0
0
0
0
0
0
0
0
0
0
0
0
0
1 1411
0
0
0
0
1 1411
0
0
0
0
0
0
0
0
0
1 1795
0
0
0
0
0
0
0
0
0
0
0
0
0
0
0
0
1 1417
0
0
0
0
0
0
0
0
0
0
0
0
0
0
0
0
2 1421 1719
0
0
0
0
0
0
0
0
0
0
1 1422
1 1422
0
1 1422
0
0
0
0
1 1422
0
0
0
0
0
0
0
0
0
0
0
0
0
0
0
0
0
0
0
0
0
0
0
1 1428
0
0
0
0
1 1428
0
0
0
0
0
0
0
0
0
0
0
0
0
1 1618
0
0
0
0
0
0
0
0
0
0
0
0
0
0
0
0
0
0
0
0
0
0
0
0
0
0
0
0
0
0
0
0
1 1730
0
0
0
0
0
0
0
1 1444
0
0
0
0
1 1444
0
0
0
0
0
0
0
0
0
0
0
0
0
0
0
1 1446
0
0
0
0
0
0
0
0
0
0
0
0
0
0
0
0
0
0
0
0
0
0
1 1835
0
1 1461
0
0
0
0
1 1515
1 1455
0
0
0
0
0
0
0
0
0
0
0
0
0
1 1458
0
0
0
0
0
0
0
0
1 1459
1 1459
0
1 1459
0
0
0
0
1 1459
0
0
0
0
0
0
0
0
0
0
0
0
0
0
0
0
0
0
0
1 1462
0
1 1462
0
0
0
0
1 1462
0
0
0
0
0
0
0
0
0
0
1 1743
0
0
0
0
0
0
1 1465
1 1465
0
1 1465
0
0
0
0
1 1465
0
0
0
0
0
0
0
0
0
0
0
0
0
0
0
1 1466
1 1466
0
1 1466
0
0
0
0
1 1466
0
0
0
0
0
0
0
0
1 1467
0
0
0
0
0
0
0
0
0
1 1470
0
0
0
0
1 1470
0
0
0
0
0
0
0
0
0
1 1471
1 1471
0
1 1471
0
0
0
0
1 1471
0
0
0
0
0
0
0
0
0
0
0
0
0
0
0
0
0
0
0
0
0
0
0
0
0
0
0
0
1 1478
0
0
0
0
0
0
0
0
0
0
0
0
0
0
0
0
0
0
0
0
0
0
0
0
0
0
0
0
0
1 1482
1 1482
0
1 1482
0
0
0
0
1 1482
0
0
0
1 1524
0
0
0
0
0
1 1483
0
0
0
0
0
0
0
0
0
0
0
0
0
0
0
0
0
0
0
0
0
0
0
0
0
0
0
0
0
0
0
0
0
0
0
0
0
0
0
0
0
0
0
0
0
1 1492
1 1492
0
1 1492
0
0
0
0
1 1492
0
0
0
0
0
0
0
0
0
0
0
0
0
0
0
0
0
1 1495
0
0
0
0
0
0
0
0
0
0
0
0
1 1496
0
0
0
0
0
0
0
0
0
1 1497
0
0
0
0
0
0
0
0
1 1872
0
0
0
1 1793
0
0
0
0
0
0
0
0
0
0
0
0
0
0
0
0
0
0
0
0
0
0
0
1 1503
1 1503
0
1 1503
0
1 1505
1 1505
0
1 1505
0
0
0
0
1 1505
0
0
0
0
0
0
0
0
1 1506
0
0
0
0
0
0
0
0
1 1507
0
0
0
0
0
0
0
0
0
0
0
0
0
0
0
0
0
0
0
1 1758
0
0
0
0
0
0
0
0
0
0
0
0
0
0
0
0
0
0
1 1515
0
0
0
0
0
0
0
0
1 1516
0
0
0
0
0
0
0
0
1 1716
0
0
0
0
0
0
0
0
0
0
0
0
0
0
0
0
0
0
0
0
0
0
0
0
0
0
0
0
0
1 1718
0
0
1 1528
0
0
1 1529
0
2 1529 1662
0
0
0
0
1 1529
0
0
0
0
0
0
0
0
0
0
0
0
0
0
0
0
0
0
1 1532
0
0
0
0
0
0
0
0
0
0
1 1533
0
0
0
0
0
0
0
0
0
0
0
1 1534
0
0
0
0
0
0
0
0
0
0
0
0
0
0
0
0
0
0
1 1538
0
0
0
0
0
0
0
0
0
0
0
0
0
0
0
1 1540
0
0
0
0
0
0
0
0
0
0
0
1 1543
0
0
0
0
0
0
0
0
0
0
0
0
0
0
0
0
1 1544
1 1544
0
1 1544
0
0
0
0
1 1544
0
0
0
0
0
0
0
1 1703
0
0
0
0
0
0
0
0
0
0
1 1550
0
0
0
0
0
0
0
0
0
0
1 1550
1 1550
0
1 1550
0
0
0
0
1 1550
0
0
0
0
0
0
0
0
1 1551
0
0
0
0
1 1551
0
0
0
0
0
0
0
0
0
0
0
0
0
0
0
0
0
0
0
1 1552
0
0
0
0
0
0
0
0
0
0
1 1552
1 1552
0
1 1552
0
0
0
0
1 1552
0
0
0
0
0
0
0
0
0
0
0
0
0
0
1 1554
1 1554
0
1 1554
0
1 1816
0
0
1 1554
0
0
0
0
0
0
0
0
0
1 1555
0
0
0
0
1 1555
0
0
0
0
0
0
0
0
0
1 1618
0
0
0
0
0
0
0
0
0
0
0
0
0
0
0
0
1 1563
0
0
0
0
0
0
0
0
0
0
0
0
0
0
0
0
0
0
0
0
0
0
0
0
0
0
0
0
0
0
0
0
0
0
0
0
0
0
0
0
0
0
0
0
1 1576
0
0
0
0
0
0
0
1 1853
0
0
0
0
0
0
0
0
0
0
0
0
0
0
0
0
0
0
1 1582
1 1582
0
1 1582
0
0
0
0
1 1582
0
0
0
0
0
0
0
0
0
0
0
0
0
0
0
0
0
0
0
0
0
0
0
0
0
0
1 1587
1 1587
0
1 1587
0
0
0
0
1 1587
0
0
0
0
0
0
0
0
0
0
1 1682
0
0
0
0
0
0
0
0
0
0
0
0
0
0
0
0
0
1 1594
0
1 1594
0
0
0
0
1 1594
0
0
0
0
0
0
0
0
0
0
0
0
0
0
0
0
0
0
0
0
0
0
0
0
0
0
0
0
0
0
0
1 1601
1 1601
0
1 1601
0
0
0
0
1 1601
0
0
0
0
0
0
0
0
0
0
0
0
1 1603
1 1603
0
1 1603
0
0
0
0
1 1603
0
0
0
0
0
0
0
0
0
1 1605
0
0
0
0
1 1605
0
0
0
0
0
0
0
0
0
0
0
0
0
0
0
0
0
0
0
0
0
0
0
0
0
0
0
0
1 1613
0
0
0
0
0
0
0
0
0
0
0
0
0
0
1 1883
1 1883
0
0
0
1 1618
0
0
0
0
1 1618
0
0
0
0
0
0
0
0
0
0
0
0
0
0
0
0
1 1623
0
0
1 1624
0
0
0
0
1 1624
0
0
0
0
0
0
0
0
0
1 1625
1 1625
0
1 1625
0
0
0
0
1 1625
0
0
0
0
0
0
0
0
0
0
1 1627
1 1627
0
1 1627
0
1 1739
0
0
1 1627
0
0
1 1657
0
0
0
0
0
0
0
0
0
0
0
0
0
0
0
0
0
1 1631
0
0
0
0
1 1631
0
0
0
0
0
0
0
0
0
0
0
0
0
0
0
0
0
0
0
0
0
0
0
0
0
0
0
0
0
0
0
0
0
1 1640
0
0
0
0
0
0
0
0
0
0
1 1641
0
0
0
0
0
0
0
0
0
0
0
0
1 1645
1 1645
0
1 1645
0
0
0
0
1 1645
0
0
0
0
0
0
0
0
0
0
0
0
0
0
0
0
0
1 1650
1 1650
0
1 1650
0
0
0
0
1 1650
0
0
0
0
0
0
0
0
0
0
0
0
0
1 1657
0
0
1 1671
0
1 1657
0
0
0
0
0
0
0
0
0
0
0
0
0
0
0
0
0
0
0
0
0
0
0
0
0
0
0
0
1 1663
0
0
0
0
1 1663
0
0
0
0
0
0
0
0
0
0
0
0
0
0
0
0
0
0
0
0
0
0
0
0
0
0
0
0
0
0
1 1668
0
0
0
0
0
0
0
0
0
0
1 1668
1 1668
0
1 1668
0
0
0
0
1 1668
0
0
0
1 1835
0
0
0
0
0
0
0
0
0
1 1669
1 1669
0
1 1669
0
0
0
0
1 1669
0
0
0
0
0
0
0
0
0
0
0
0
0
1 1672
0
0
0
0
0
0
0
0
0
0
0
0
0
0
0
0
0
0
0
0
0
0
0
0
0
0
1 1674
0
0
0
0
0
0
0
0
0
0
1 1674
1 1674
0
1 1674
0
0
0
0
1 1674
0
0
0
0
0
0
0
0
0
0
0
0
0
0
0
0
0
0
0
0
0
0
0
0
0
0
0
0
0
1 1679
0
0
0
0
0
0
0
0
0
0
1 1679
1 1679
0
1 1679
0
0
0
0
0
0
0
0
0
0
1 1681
0
0
0
0
0
0
0
0
0
0
0
0
1 1682
0
0
0
0
0
0
0
0
0
0
0
1 1684
1 1684
0
1 1684
0
0
0
0
1 1684
0
0
0
0
0
0
0
0
1 1685
0
0
0
0
0
0
0
0
0
0
0
0
0
0
0
0
1 1687
0
0
0
0
0
0
0
0
0
0
1 1687
1 1687
0
1 1687
0
0
0
0
1 1687
0
0
0
0
0
0
0
0
0
0
1 1688
1 1688
0
0
0
0
0
0
0
0
0
0
0
0
0
0
0
0
0
0
0
0
1 1693
0
0
0
0
0
0
0
0
0
0
0
0
0
0
0
0
0
0
0
0
0
0
0
1 1874
0
0
0
0
0
0
0
0
0
0
0
0
1 1699
0
0
0
0
0
0
0
0
0
0
1 1699
1 1699
0
1 1699
0
0
0
0
1 1699
0
0
0
0
0
0
0
0
0
0
0
0
0
1 1701
1 1701
0
1 1701
0
0
0
0
1 1701
0
0
0
0
0
0
0
0
0
0
0
0
1 1702
0
0
0
0
0
0
0
0
0
0
0
0
1 1703
0
0
0
0
0
0
0
0
1 1705
0
0
0
0
1 1705
0
0
0
0
0
0
0
0
0
0
0
0
0
0
0
0
1 1706
1 1706
0
1 1706
0
0
0
0
1 1706
0
0
0
0
0
0
0
0
0
0
0
0
0
0
0
0
0
0
0
0
0
0
0
0
0
0
0
0
1 1744
0
0
0
0
0
0
1 1718
0
0
0
0
0
0
0
0
0
0
0
0
0
0
0
0
0
0
0
0
0
0
1 1721
1 1721
0
1 1721
0
0
0
0
1 1721
0
0
0
0
0
0
0
0
0
0
0
0
0
0
0
0
0
0
0
1 1726
1 1726
0
1 1726
0
0
0
0
1 1726
0
0
0
0
0
0
0
0
1 1727
0
0
0
0
0
0
0
0
0
0
1 1728
1 1728
0
1 1728
0
0
0
0
1 1728
0
0
0
0
0
0
0
0
0
0
0
0
0
0
0
0
0
0
0
0
0
0
0
0
0
0
0
0
0
0
0
0
0
0
0
0
0
0
0
0
0
0
0
0
0
0
0
0
0
0
0
0
0
0
0
0
0
0
0
1 1741
0
0
0
0
0
0
0
0
0
0
1 1741
1 1741
0
1 1741
0
0
0
0
1 1741
0
0
0
0
0
0
0
0
1 1795
0
0
0
0
0
0
0
0
1 1743
0
0
0
0
0
0
0
0
1 1744
0
1 1744
0
0
0
0
1 1744
0
0
0
0
0
0
0
0
0
0
0
1 1746
0
0
0
0
0
0
0
0
0
0
0
0
1 1748
0
0
0
0
0
0
0
0
0
0
0
0
0
0
1 1749
0
0
0
0
0
0
0
0
0
0
1 1749
1 1749
0
1 1749
0
0
0
0
0
0
0
0
0
0
1 1751
0
1 1751
0
0
0
0
1 1751
0
0
0
0
0
0
0
0
0
0
0
0
0
0
0
0
0
0
0
0
0
0
0
0
0
0
0
0
0
0
0
0
0
0
0
0
0
0
0
0
0
0
0
0
1 1761
0
0
0
0
0
1 1886
0
0
0
0
0
0
0
0
0
0
0
0
0
0
0
0
0
0
0
0
0
1 1767
0
0
0
0
0
0
0
0
0
0
0
0
0
0
0
0
0
0
0
0
0
0
0
0
0
1 1774
1 1774
0
1 1774
0
0
0
0
1 1774
0
0
0
0
0
0
0
0
0
0
0
0
0
0
0
1 1778
1 1778
0
1 1778
0
0
0
0
1 1778
0
0
0
0
0
0
0
0
1 1779
0
0
1 1829
0
0
0
0
0
0
0
0
0
0
0
0
1 1783
0
0
0
0
0
0
0
0
0
0
0
0
0
0
0
0
0
0
0
0
0
0
0
0
0
0
0
0
0
0
0
1 1791
0
0
0
0
0
0
0
0
0
0
1 1791
1 1791
0
1 1791
0
0
0
0
1 1791
0
0
0
0
0
0
0
0
0
0
1 1792
0
0
0
0
0
0
0
0
0
0
0
0
0
0
0
0
0
0
0
1 1795
0
0
0
0
0
0
0
0
0
0
0
0
0
0
0
0
1 1798
1 1798
0
1 1798
0
0
0
0
1 1798
0
0
0
0
0
0
0
0
0
0
0
0
0
1 1802
0
0
0
0
1 1802
0
0
0
0
0
0
0
0
0
0
0
0
1 1804
0
0
0
0
0
0
0
0
0
0
0
0
1 1806
0
0
0
0
0
0
0
0
0
0
1 1806
1 1806
0
1 1806
0
0
0
0
1 1806
0
0
0
0
0
0
0
0
0
1 1807
1 1807
0
1 1807
0
0
0
0
1 1807
0
0
0
0
0
0
0
0
0
0
0
0
0
0
0
0
0
0
0
0
0
0
0
0
0
0
0
0
0
0
0
0
0
0
0
0
1 1816
1 1816
0
1 1816
0
0
0
0
1 1816
0
0
0
0
0
0
0
0
0
0
0
0
0
0
0
0
0
0
0
0
0
0
0
0
0
0
0
0
0
0
0
0
0
0
0
0
0
0
1 1825
1 1825
0
1 1825
0
0
0
0
1 1825
0
0
0
0
0
0
0
0
0
1 1826
0
0
0
0
0
0
0
0
0
0
0
0
0
0
0
0
0
0
0
0
0
0
0
0
0
0
0
0
0
0
1 1834
1 1834
0
1 1834
0
0
0
0
1 1834
0
0
0
0
0
0
0
0
1 1835
0
0
0
0
1 1835
0
0
0
0
0
0
0
0
0
0
0
0
0
0
0
0
0
0
0
0
1 1844
0
0
0
0
0
0
0
0
0
0
0
0
0
0
0
0
0
0
1 1847
1 1847
0
1 1847
0
0
0
0
1 1847
0
0
0
0
0
0
0
0
0
1 1848
0
0
0
0
0
0
0
0
0
0
0
0
0
0
0
0
0
1 1852
0
0
0
0
0
0
0
0
0
0
0
0
0
0
0
0
0
0
0
0
0
0
0
0
0
0
0
0
0
0
0
0
0
0
0
0
0
0
1 1862
0
0
0
0
0
0
0
0
0
0
0
1 1863
1 1863
0
1 1863
0
0
0
0
1 1863
0
0
0
0
0
0
0
0
0
0
0
0
0
0
0
0
0
0
0
0
0
0
0
0
0
0
0
0
0
0
0
0
0
0
0
0
0
0
0
0
0
0
0
0
0
0
0
0
0
0
0
0
0
1 1876
0
0
0
0
0
0
0
0
0
0
0
0
0
0
0
0
0
0
0
0
0
1 1882
0
0
0
0
0
0
0
0
0
1 1883
0
0
0
0
1 1883
0
0
0
0
0
0
0
0
0
0
0
0
0
0
0
0
0
0
0
0
0
0
0
1 1887
0
0
0
0
0
0
0
0
0
0
1 1887
1 1887
0
1 1887
0
0
0
0
1 1887
0
0
0
0
0
0
0
0
0
0
0
1 1890
1 1890
0
1 1890
0
0
0
0
1 1890
0
0
0
0
0
0
0
0
0
0
0
0
0
0
0
0
1 423
0
0
0
0
0
0
0
0
0
