6 50 67 78 79 81 86
6 100 117 128 129 131 136
6 66 160 171 172 174 179
6 188 205 216 217 219 224
6 237 254 265 266 268 273
6 283 300 311 312 314 319
6 259 333 344 345 347 352
6 365 382 393 394 396 401
6 202 421 432 433 435 440
6 282 452 463 464 466 471
6 294 489 500 501 503 508
6 286 460 526 527 529 534
6 548 565 576 577 579 584
6 199 600 611 612 614 619
6 628 645 656 657 659 664
6 282 538 682 683 685 690
6 157 706 717 718 720 725
6 498 749 760 761 763 768
6 283 517 778 779 781 786
6 797 814 825 826 828 833
6 175 848 859 860 862 867
6 223 431 880 881 883 888
6 282 323 478 525 695 899
6 832 924 935 936 938 943
6 322 955 966 967 969 974
6 85 995 1006 1007 1009 1014
6 283 522 942 957 1024 1029
6 228 459 899 942 1034 1042
6 66 1052 1063 1064 1066 1071
6 164 487 1083 1084 1086 1091
6 412 1109 1120 1121 1123 1128
6 157 616 1143 1144 1146 1151
1 1160
6 424 1026 1176 1177 1179 1184
6 572 1202 1213 1214 1216 1221
6 176 480 942 950 1081 1233
6 832 1255 1266 1267 1269 1274
6 1283 1300 1311 1312 1314 1319
6 919 1338 1349 1350 1352 1357
6 178 505 1368 1369 1371 1376
6 64 325 1385 1386 1388 1393
6 184 845 1402 1403 1405 1410
6 286 695 1424 1425 1427 1432
6 286 452 680 695 899 1419
6 285 455 675 680 781 1028
6 174 527 1455 1456 1458 1463
6 283 1472 1483 1484 1486 1491
6 165 700 1097 1142 1385 1503
6 497 1248 1403 1512 1514 1519
6 494 1534 1545 1546 1548 1553
6 283 472 1563 1564 1566 1571
6 283 529 1383 1580 1582 1587
6 261 1605 1616 1617 1619 1624
6 222 1633 1644 1645 1647 1652
6 286 698 1187 1237 1532 1664
6 286 826 1674 1675 1677 1682
6 66 720 1691 1692 1694 1699
6 410 1718 1729 1730 1732 1737
6 240 1747 1758 1759 1761 1766
6 66 527 1777 1778 1780 1785
6 187 908 1403 1518 1795 1800
6 265 1815 1826 1827 1829 1834
6 457 1191 1852 1853 1855 1860
6 79 1113 1877 1878 1880 1885
6 277 316 478 521 537 1919
6 265 1931 1942 1943 1945 1950
6 223 1039 1960 1961 1963 1968
6 911 1342 1986 1987 1989 1994
6 151 299 479 517 680 1811
6 76 1064 2012 2013 2015 2020
6 512 2037 2048 2049 2051 2056
6 203 406 673 681 963 1443
6 382 2078 2089 2090 2092 2097
6 204 1233 2111 2112 2114 2119
6 597 2132 2143 2144 2146 2151
6 245 455 899 957 1438 2161
6 807 2174 2185 2186 2188 2193
6 2203 2220 2231 2232 2234 2239
6 434 2255 2266 2267 2269 2274
6 950 2298 2309 2310 2312 2317
6 511 1171 1504 1663 1805 2330
6 227 1240 2346 2347 2349 2354
6 482 816 1668 1669 2128 2366
6 282 451 783 880 1432 2008
6 204 2383 2394 2395 2397 2402
6 283 674 1177 1179 1237 2412
6 354 2427 2438 2439 2441 2446
6 850 2028 2465 2466 2468 2473
6 289 1349 2487 2488 2490 2495
6 153 606 1943 1949 2409 2514
6 282 343 680 683 698 2504
6 93 973 2535 2536 2538 2543
6 211 1962 2558 2559 2561 2566
6 83 322 727 729 781 1240
6 83 498 1375 1381 1391 2116
6 165 842 1943 2473 2511 2588
6 221 770 1230 1237 1661 1914
6 196 1624 2607 2608 2610 2615
6 83 593 1113 1115 1379 2324
6 228 1032 1918 2617 2633 2638
6 746 2649 2660 2661 2663 2668
6 1182 2686 2697 2698 2700 2705
6 374 1265 2600 2684 2715 2720
6 182 2732 2743 2744 2746 2751
6 228 1799 2761 2762 2764 2769
6 283 403 2082 2083 2091 2781
6 227 2256 2796 2797 2799 2804
0
6 371 956 2815 2816 2818 2823
6 177 942 1795 1801 2161 2833
6 1151 2855 2866 2867 2869 2874
6 469 2885 2896 2897 2899 2904
6 66 461 999 1005 1017 2168
6 496 1850 2925 2926 2928 2933
6 718 944 2364 2634 2943 2948
6 283 372 698 906 1050 1461
6 283 469 1238 1420 1449 2635
6 607 2977 2988 2989 2991 2996
6 360 1849 3008 3009 3011 3016
6 69 532 1779 1787 2602 3028
6 160 950 3037 3038 3040 3045
6 178 460 899 973 1237 2506
6 480 1801 2777 3062 3064 3069
6 153 2534 3086 3087 3089 3094
6 259 356 680 683 698 1043
6 155 320 526 529 695 1432
6 1198 3123 3134 3135 3137 3142
6 282 346 538 539 680 1000
6 283 460 695 698 793 1420
6 283 538 1443 1587 1851 2966
6 66 793 1999 3163 3165 3170
6 283 319 450 453 517 882
6 61 528 1415 1455 1759 2506
6 371 914 1663 1861 2369 3202
6 189 593 2612 3211 3213 3218
6 153 950 2328 2429 2925 3230
6 66 2511 3247 3248 3250 3255
6 245 1141 2427 2429 2610 3267
6 251 322 646 695 904 2068
6 282 338 894 1038 1438 2161
6 283 327 540 695 1441 2079
6 277 323 673 695 897 1675
6 506 3302 3313 3314 3316 3321
6 224 566 1121 1391 1848 2819
6 221 323 640 695 977 1592
6 277 2525 3343 3344 3346 3351
6 283 492 1235 1237 1504 2819
6 182 1367 3371 3372 3374 3379
6 221 914 1663 1680 1905 2936
6 852 3317 3403 3404 3406 3411
6 153 505 1797 1943 3037 3424
6 601 1403 2764 2767 2953 3437
6 305 900 3446 3447 3449 3454
6 84 295 668 695 897 1461
6 497 3203 3501 3502 3504 3509
6 283 538 2625 2781 3284 3522
6 1450 3534 3545 3546 3548 3553
6 184 1113 2337 2755 3086 3565
6 191 728 2609 2873 3593 3598
6 623 1950 3614 3615 3617 3622
6 511 1110 2365 2574 2951 3645
6 201 748 1630 1919 2122 2582
6 167 848 1397 1400 1795 2801
6 201 699 1663 1746 1805 3354
6 211 1406 3077 3151 3429 3675
6 354 2427 3533 3535 3540 3553
6 164 1066 2591 2617 3010 3526
6 214 934 1417 1418 1884 2604
6 811 1892 3407 3419 3704 3709
6 153 414 530 538 698 1973
6 511 3723 3734 3735 3737 3742
6 239 3027 3761 3762 3764 3769
6 468 3780 3791 3792 3794 3799
6 71 953 2539 3181 3327 3812
6 75 683 1391 1919 1975 3821
6 153 2328 3834 3835 3837 3842
6 282 493 1034 1043 1446 3104
6 92 989 2596 3181 3271 3858
0
6 224 534 1109 1122 1845 2724
6 1072 3882 3893 3894 3896 3901
6 69 1401 3029 3033 3265 3912
2 3921 3938
6 83 2256 3951 3952 3954 3959
6 148 1726 3785 3794 3968 3973
6 206 977 3421 3691 3983 3988
6 176 492 960 973 1142 1961
6 504 1186 2809 2830 3011 4017
6 157 936 1793 1801 2332 4041
6 174 1168 4053 4054 4056 4061
6 700 1095 2726 2950 3379 4073
6 534 2175 4082 4083 4085 4090
6 3639 4113 4124 4125 4127 4132
6 412 1179 4141 4142 4144 4149
6 220 960 2715 2727 3180 4159
6 327 894 2504 2820 3304 4172
6 701 2023 4190 4191 4193 4198
6 283 323 517 519 640 1234
6 153 992 2491 3026 4212 4217
6 83 523 1366 1401 1704 4226
6 921 2000 4243 4244 4246 4251
6 214 814 1342 1663 1964 2369
6 279 538 957 1235 1403 2164
6 423 4269 4280 4281 4283 4288
6 224 1391 3691 3705 4297 4302
6 980 4311 4322 4323 4325 4330
6 191 1097 1704 2115 2177 3858
6 327 1173 3064 3074 3783 4347
6 211 609 3215 3998 4357 4362
6 286 455 1423 1438 2004 3525
6 90 848 1018 1074 1233 2250
6 805 1548 4262 4402 4404 4409
6 283 469 686 695 793 1446
6 283 387 1442 1450 1906 2082
6 609 4426 4437 4438 4440 4445
6 228 512 1595 1632 2009 2970
6 283 368 784 899 1593 3283
6 283 380 673 693 898 2010
6 245 308 898 1095 1504 4472
6 283 673 1446 1447 2070 3663
6 304 2232 4493 4494 4496 4501
6 497 1122 2955 3203 3734 4513
6 198 325 1234 1367 1502 2161
6 197 505 1097 1113 1375 2511
6 1959 4545 4556 4557 4559 4564
6 282 469 1095 1177 1446 2483
6 221 1230 2634 2769 2950 4078
6 283 314 778 906 1432 3461
6 61 310 953 992 1370 2504
6 201 475 894 1089 1824 3361
6 973 4627 4638 4639 4641 4646
6 289 460 906 1012 1504 3360
6 327 799 1859 2599 2830 3291
6 206 1892 3712 4130 4577 4672
6 712 2991 4683 4684 4686 4691
6 286 524 1023 1400 1496 3061
6 160 344 783 793 894 3167
6 1036 4714 4725 4726 4728 4733
6 232 2130 2655 2755 4742 4747
6 240 322 1232 1762 2528 3359
6 22 1287 1319 1323 1326 4233
6 289 517 963 1444 2004 4768
6 454 4142 4785 4786 4788 4793
6 334 1919 4806 4807 4809 4814
6 541 1854 4409 4823 4825 4830
6 364 4187 4847 4848 4850 4855
6 85 989 2454 2538 3265 4864
6 66 520 2590 3243 3948 4875
6 228 836 1504 1532 1548 3008
6 165 728 1376 1496 1883 3151
6 283 452 680 684 899 1450
6 832 2328 4081 4096 4893 4898
6 82 593 2368 2718 3425 4907
1 2795
6 283 455 1042 1419 1448 2528
6 371 1532 4824 4944 4946 4951
6 259 2086 4964 4965 4967 4972
6 69 984 1066 1366 1763 3390
6 27 945 3164 3207 3633 4777
6 251 460 957 961 1234 3719
6 770 4084 5011 5012 5014 5019
6 83 695 1392 1528 1919 3826
6 701 1799 4040 5036 5038 5043
6 228 1110 1404 1407 2327 3444
6 75 3919 5065 5066 5068 5073
6 706 2135 5082 5083 5085 5090
6 277 923 1864 2331 3490 5100
6 282 321 478 479 519 695
6 219 1109 5114 5115 5117 5122
6 197 464 687 748 807 1237
6 76 1218 3663 3692 3844 5135
6 338 5145 5156 5157 5159 5164
6 193 1101 3444 3473 4576 5173
6 492 1680 5186 5187 5189 5194
6 773 5215 5226 5227 5229 5234
6 701 1329 1511 1513 1518 2327
6 2882 5260 5271 5272 5274 5279
6 216 1150 3826 4683 5289 5294
6 240 1757 4301 5303 5305 5310
6 178 540 2524 2838 3184 5319
6 432 1232 2643 2777 3184 5319
6 277 640 976 1237 1391 1919
6 286 673 1919 2504 3522 5338
6 220 850 1795 1864 1964 2881
6 150 952 2585 2793 3181 5351
6 282 346 538 673 695 1033
6 66 701 1122 1289 1704 5360
6 1260 5375 5386 5387 5389 5394
6 494 914 1363 1403 1895 2364
6 286 521 1446 1454 2919 5406
6 200 3006 5420 5421 5423 5428
6 382 2779 5437 5438 5440 5445
6 30 1290 3433 3698 3730 5455
6 251 708 3341 3356 4093 5464
6 148 322 540 608 683 1081
6 384 2023 5474 5475 5477 5482
6 221 1094 2331 2766 3441 5493
6 224 521 1038 1177 1586 2453
6 923 4124 5509 5510 5512 5517
6 153 2392 5526 5527 5529 5534
6 821 1538 3496 4051 4053 5483
6 294 788 3280 3638 4470 5552
6 718 1349 3380 3433 4517 5564
6 175 4802 5581 5582 5584 5589
6 277 372 794 899 942 2506
6 223 1044 2164 2500 3282 4655
6 201 1089 3295 3662 5606 5611
6 91 304 695 709 897 1763
6 251 640 1045 1171 1240 1798
6 296 1038 4398 4604 5626 5631
6 224 528 1461 1547 2067 3687
6 282 371 1571 2506 3720 5648
6 201 1039 1663 1857 1962 3430
6 178 450 904 946 1679 2766
6 192 1700 5667 5668 5670 5675
6 1349 4199 5690 5691 5693 5698
6 151 1357 3434 3437 4893 5710
6 282 319 517 525 536 695
6 244 455 1403 1494 2882 4260
6 1933 5736 5747 5748 5750 5755
6 83 710 1235 1366 1778 3464
6 726 1417 3433 3438 4373 5572
4 1004 5784 5795 5796
6 184 1389 2596 2701 4144 5800
6 91 498 1081 1146 1235 1973
6 397 1368 2921 2936 4669 5813
6 300 686 2903 3180 4926 5826
6 748 2414 4414 4456 5007 5839
6 259 334 781 783 880 2007
6 228 698 2587 2599 3282 4704
6 283 532 973 1023 1121 2575
6 283 475 1033 1443 1604 4482
6 286 459 2492 2626 5127 5872
6 222 490 1033 1366 1369 1845
6 823 5007 5888 5889 5891 5896
6 148 1146 3613 3751 4625 5908
6 190 1409 4026 4146 5917 5922
6 69 2916 5934 5935 5937 5942
6 4353 5966 5977 5978 5980 5985
6 277 312 517 519 536 904
6 223 950 1672 2065 2966 4713
6 488 1037 2718 2936 4105 6002
6 205 1700 4438 4632 5294 6015
6 3190 6029 6040 6041 6043 6048
6 216 1402 3621 3627 5426 6057
6 203 1039 3058 3062 3336 6068
6 448 3617 6080 6081 6083 6088
6 201 1222 3221 3619 4178 6097
6 161 532 1366 1374 1845 3429
6 244 2368 3916 4089 5132 6113
6 371 1369 2936 3177 3682 6122
0
6 161 522 1450 1547 2005 2439
6 908 3433 6143 6144 6146 6151
6 220 1168 1663 1701 1961 2634
6 170 608 1403 1405 1418 2331
6 279 326 904 906 1587 2970
6 1388 3700 6196 6197 6199 6204
6 166 493 1050 1081 1423 1759
6 184 319 512 538 674 898
6 338 4041 6224 6225 6227 6232
6 235 1604 6241 6242 6244 6249
6 401 2431 5931 5952 6258 6263
6 283 380 695 793 1023 1444
6 480 2641 6293 6294 6296 6301
6 189 372 894 904 980 1455
6 201 1072 2326 2328 3045 5844
6 1363 4382 6329 6330 6332 6337
6 497 1122 2365 3012 3643 6346
6 75 2161 6362 6363 6365 6370
6 62 992 3166 3176 3425 5115
6 148 506 1089 1098 1385 1752
6 284 338 695 906 1028 1571
6 283 460 899 963 1025 1681
6 343 1107 3107 3296 3659 6389
6 228 942 1363 1403 1512 1805
6 283 674 3506 3508 4963 6402
6 406 1854 4716 4723 5182 6411
6 256 325 1028 1442 2068 5863
6 221 2460 3864 4521 4677 6429
6 193 1824 3952 5073 5800 6439
1 222
6 178 519 1370 1403 1502 3151
6 681 5825 6459 6460 6462 6467
6 371 2896 6479 6480 6482 6487
6 201 695 1770 2161 3180 4605
6 151 310 673 683 729 1446
6 277 380 673 680 695 1026
6 251 449 668 673 675 880
6 2015 6507 6518 6519 6521 6526
6 151 300 897 904 1028 1709
6 211 1234 3037 3221 4115 6538
6 251 460 1441 1587 2005 4472
6 165 6498 6564 6565 6567 6572
6 174 308 462 469 519 898
6 90 988 2551 3756 6588 6593
6 175 940 1999 2354 2767 4587
6 283 338 522 538 674 788
6 97 773 2585 2656 4146 6611
6 495 1237 4652 5841 6311 6622
6 70 992 2532 2539 2551 5948
6 90 988 2918 3181 4351 6638
6 211 505 944 950 973 1240
6 483 1636 3361 3391 4711 4971
6 497 4191 6661 6662 6664 6669
6 213 2991 5312 5657 6678 6683
6 746 2562 5089 5844 6692 6697
6 206 942 1807 2109 2586 4227
6 288 668 5642 5852 6711 6716
6 22 1323 6587 6591 6726 6731
6 521 2907 6744 6745 6747 6752
6 217 1624 2652 2795 3613 6168
6 66 1095 3138 3215 4624 6769
6 176 3756 6783 6784 6786 6791
6 206 2285 6800 6801 6803 6808
6 1272 6821 6832 6833 6835 6840
6 147 858 1375 1403 1698 1883
6 188 6858 6869 6870 6872 6877
6 364 1245 2332 2946 3401 4511
6 364 1417 4167 4576 6620 6900
6 286 455 674 675 681 1034
6 94 1005 2534 2589 2913 6910
6 93 527 1375 1391 1805 4065
6 855 2457 10766 11903 12070 17622
6 39 597 1968 2354 2471 3512
6 289 3350 5107 5471 6909 6935
6 512 1696 6157 6944 6946 6951
6 91 447 593 597 701 1107
6 701 1794 2881 2943 2953 4375
6 191 1112 2331 2727 3751 6967
6 80 1763 6264 6644 6977 6982
6 217 1942 5426 6104 6991 6996
6 247 2404 7008 7009 7011 7016
6 222 1507 4920 6098 7025 7030
6 83 430 1367 1375 1389 1768
6 289 536 1089 1664 1772 4051
6 7046 7063 7074 7075 7077 7082
6 593 1880 5303 6125 7092 7097
6 200 832 1240 1360 2364 4257
6 221 319 522 538 680 894
6 193 727 1360 1403 2328 3191
6 170 455 793 898 1370 1663
6 292 3082 7124 7125 7127 7132
6 184 4617 7149 7150 7152 7157
6 206 1039 1509 1643 1973 3218
6 184 593 1391 1503 2107 2718
6 155 314 512 517 520 894
6 492 4127 4737 5328 5516 7179
6 251 323 462 469 480 695
6 92 1008 2473 2916 4039 6587
6 221 674 1025 1028 1089 1968
6 176 683 1397 1407 1483 2612
6 167 1779 3751 3754 6120 7209
6 228 1482 6582 7218 7220 7225
2 245 343
6 294 1230 2424 3452 5642 7239
6 219 952 1506 1630 1962 2837
6 220 859 1796 1864 2766 6439
6 167 535 1397 1999 3180 6406
6 577 1252 1518 1519 1960 2881
6 225 2121 7268 7269 7271 7276
2 87 2766
6 286 530 1675 2004 2526 4600
6 277 517 2076 3054 3295 4926
6 40 911 1289 1291 1482 4910
6 251 458 695 698 793 1383
6 151 294 325 326 372 519
6 151 859 1351 1403 1694 1883
6 748 7315 7326 7327 7329 7334
6 277 368 1036 1038 1547 2781
6 185 320 894 897 1023 1921
6 155 346 963 1234 1366 1696
6 203 538 1185 1230 1446 2331
6 166 1367 6702 6730 6736 7356
6 1961 7370 7381 7382 7384 7389
6 7401 7418 7429 7430 7432 7437
6 466 712 1845 1895 2641 7446
6 308 7455 7466 7467 7469 7474
6 220 847 1178 1391 1495 1961
6 376 969 2924 2933 3064 4723
6 216 1391 2804 3037 7483 7488
6 286 517 1547 1571 1587 3338
6 197 1928 6640 7503 7505 7510
6 167 908 1664 1699 3169 3820
6 428 2585 7527 7528 7530 7535
6 282 517 894 899 1023 2065
6 364 1104 2327 2777 3388 4996
6 153 1877 4224 5096 6138 7556
6 224 1096 2830 3077 3870 4711
6 418 2580 7575 7576 7578 7583
6 484 1171 1371 1663 1845 2823
6 406 1032 1630 1663 2211 2815
6 283 683 1919 2010 2079 3367
6 1064 5175 7610 7611 7613 7618
6 222 3916 7630 7631 7633 7638
6 285 372 673 675 695 1038
6 464 1179 2588 2597 2599 4885
6 259 3043 7657 7658 7660 7665
6 83 314 529 537 695 1370
6 283 942 2331 2377 2966 3780
6 178 585 1420 1438 1746 2161
6 282 673 1438 1449 1864 2523
6 286 455 898 906 1028 1447
6 69 430 1063 1070 1095 3844
6 66 1088 3242 3243 3258 3949
6 206 1240 1804 1864 2814 4265
1 2169
6 83 417 1089 1095 1109 1372
6 397 3377 6460 6919 7042 7706
6 185 482 1177 1237 1369 2921
6 182 1701 3243 3471 4079 7555
6 430 1101 1964 2256 3195 4039
6 26 1701 4189 4196 7730 7735
6 192 1998 4511 6040 7270 7748
6 700 1207 1519 2128 2364 3643
6 223 1172 3663 3693 4178 7025
6 7766 7783 7794 7795 7797 7802
6 283 3033 7814 7815 7817 7822
6 284 897 3872 4601 6107 7239
6 193 2562 7840 7841 7843 7848
6 66 1292 3508 3983 4957 7857
1 529
6 202 1405 4447 4685 5719 7871
6 66 849 1698 1805 2688 4884
6 306 7596 7896 7897 7899 7904
6 338 2430 3539 3553 5031 7914
6 559 4430 7929 7930 7932 7937
6 70 989 2596 3166 4224 7947
6 93 859 1327 1375 1769 3423
6 189 612 2383 2387 3221 3639
6 75 593 1080 1081 1235 1839
6 245 323 894 1466 1754 3359
6 289 2211 6488 6489 7964 7969
6 149 460 877 961 1571 2957
6 155 338 881 897 1370 3360
6 300 2904 7981 7982 7984 7989
6 360 973 2963 2967 4718 6007
6 71 292 942 950 1052 1370
6 567 8007 8018 8019 8021 8026
6 148 1063 3813 4232 8035 8040
6 319 687 1449 1453 1857 3037
6 812 3641 7758 8053 8055 8060
6 224 4138 8071 8072 8074 8079
6 151 945 3864 4042 6287 8090
6 807 1559 3927 3928 5016 8101
6 224 1171 3020 3033 4144 5801
6 312 2421 5145 5253 5642 8117
6 178 1044 3610 4473 4476 7172
6 914 8126 8137 8138 8140 8145
6 184 806 3203 3499 4095 8154
6 284 538 1421 1423 1446 3040
6 294 492 1461 1672 2528 4983
6 66 897 1663 1779 2648 4232
6 296 685 2447 3053 4176 8179
6 192 821 1360 1397 1630 2777
6 731 943 1334 1335 1346 1403
6 153 1074 2539 2617 3244 5136
6 286 673 2056 3053 3828 8210
6 717 8228 8239 8240 8242 8247
6 494 3298 8261 8262 8264 8269
6 224 2106 7507 8278 8280 8285
6 251 327 882 898 921 4773
6 201 614 1968 2346 4300 8299
6 75 833 1815 1977 2136 4059
6 2733 8314 8325 8326 8328 8333
6 2448 8348 8359 8360 8362 8367
6 153 450 1142 1234 1381 2513
6 426 1600 4224 4351 4617 7863
6 83 540 1391 1400 1919 3048
3 427 5324 8394
6 227 534 1461 1663 1864 2830
0
6 720 1342 2364 2365 2724 3641
6 167 343 2205 3089 3280 6101
6 950 8413 8424 8425 8427 8432
6 211 623 1511 1956 2068 3189
6 283 673 1237 1502 2079 4051
6 273 387 1906 2020 2082 4812
6 191 593 1089 1110 1849 2511
6 167 955 3196 3235 3698 4680
6 157 973 3810 3869 5096 8462
6 219 1939 3627 4300 4626 8471
6 383 1731 5334 6374 6433 8485
6 78 441 1233 1387 1971 5949
6 201 859 1962 2262 2879 7255
6 192 702 1089 1329 1363 1503
6 279 319 532 674 695 1442
6 224 1663 5000 5332 5995 8517
6 221 1113 2508 2962 3336 8528
6 201 1406 4451 5056 5119 8539
6 155 348 2439 3463 4474 8550
6 608 1351 2765 2767 3363 7075
6 251 308 459 460 517 695
6 380 2485 8388 8567 8569 8574
6 224 1363 2332 2766 2833 4167
6 224 1034 2509 3336 3611 5621
6 568 6814 8599 8600 8602 8607
6 151 1088 3465 3814 4528 8469
6 184 1113 4037 4339 5113 8623
6 569 4522 8636 8637 8639 8644
6 283 452 685 686 781 1038
6 156 1089 3374 3808 3982 8471
6 494 944 1994 2128 2364 3031
6 204 534 1237 1367 1696 5368
6 251 1927 8385 8672 8674 8679
6 197 2136 8688 8689 8691 8696
6 182 1100 3368 4807 8643 8724
6 289 1825 8738 8739 8741 8746
6 221 2341 3845 4046 5037 8757
6 361 1780 3757 4035 4351 8105
6 78 1630 3946 3951 4161 5930
6 279 450 897 1450 1587 2087
6 1048 8613 8791 8792 8794 8799
6 8224 8818 8829 8830 8832 8837
6 294 1461 4093 4139 4646 8163
6 921 8856 8867 8868 8870 8875
6 419 3620 8456 8483 8885 8890
6 93 848 1372 1375 1388 3376
6 190 3181 7865 8904 8906 8911
6 283 338 532 534 540 1232
6 432 948 1663 1672 2065 4378
6 294 534 2067 2420 2967 3360
6 148 1097 2117 2122 2524 3655
6 312 2957 8931 8932 8934 8939
6 534 1237 2939 3938 4456 6319
6 466 3058 7593 8518 8951 8956
6 294 538 1919 2005 2076 2779
6 251 417 691 697 877 2079
6 497 940 1351 1360 1524 3439
6 940 3646 8978 8979 8981 8986
6 228 908 1423 1461 1762 3665
6 282 479 784 785 1496 4469
6 283 517 942 1012 1788 3687
6 164 1171 4021 4973 8617 9007
6 283 462 698 788 1189 2525
6 79 1873 3394 3844 5708 6795
6 284 325 517 519 538 1023
6 192 548 955 1252 1403 1959
6 66 973 1285 1286 1369 3912
6 866 2473 5662 5790 8090 9035
6 89 338 505 522 673 1081
6 282 460 1786 2031 2067 4802
6 223 334 680 695 781 906
6 167 338 698 716 1028 2504
6 993 3045 9054 9055 9057 9062
6 222 2522 8081 9071 9073 9078
6 153 2918 6917 7173 8694 9091
6 215 2656 6617 6995 9100 9105
6 228 1403 2835 3701 4081 6165
6 58 2015 5207 5224 5238 9121
6 178 721 2036 2037 4802 8644
6 170 1018 1872 1882 1890 2332
6 282 338 521 525 539 1446
1 286
6 256 321 470 475 492 899
6 282 537 2523 4378 4483 9140
6 324 3280 9149 9150 9152 9157
6 284 882 4808 4810 4817 8729
6 176 909 2359 2774 3368 9175
6 936 5853 9188 9189 9191 9196
6 847 3621 9209 9210 9212 9217
6 859 2326 4373 4898 5695 9101
6 184 1074 3089 3090 3296 5184
6 483 1630 2767 2770 3063 4375
5 676 9245 9256 9257 9259
6 273 314 478 479 519 1442
6 153 3176 6702 7358 9023 9267
6 704 1349 4906 5038 5569 6890
6 480 1037 1859 2588 2703 3741
6 282 319 538 674 894 1441
6 66 1146 2274 2515 3166 3816
6 718 1959 5563 5567 6231 9288
6 221 950 1406 1504 2250 3445
6 211 1929 6176 6543 7924 9304
6 197 320 460 469 517 695
6 184 322 525 538 685 2037
6 586 3810 9056 9317 9319 9324
6 373 4464 9339 9340 9342 9347
6 1636 9368 9379 9380 9382 9387
6 201 1142 3946 3982 4232 6586
6 83 1290 3496 4762 7301 9404
6 148 338 859 865 1095 1455
6 182 1153 2364 2560 2724 3864
6 259 634 3178 3273 3465 6721
6 291 685 3058 3336 4291 5635
6 214 3020 5923 6166 6321 9432
6 174 908 1255 1272 1360 2328
6 289 5132 9448 9449 9451 9456
6 204 548 950 969 1035 1393
6 729 1344 2327 2328 2726 3589
6 310 3037 8546 9306 9467 9472
6 155 492 1189 1368 1397 2641
6 325 3280 9052 9484 9486 9491
6 422 3789 7350 8303 9501 9506
6 285 720 1330 1338 1675 4225
1 9522
6 466 1186 3209 3613 4086 7481
6 770 1859 4178 4838 6628 9534
6 201 319 673 682 906 1450
6 223 968 2991 3222 3691 9544
6 327 921 1857 2211 2365 4408
6 814 3009 9565 9566 9568 9573
6 322 1804 3436 3440 3672 6187
6 223 952 3181 3242 3432 6584
6 193 593 1495 1504 1919 2262
6 251 455 894 898 1033 4468
6 192 517 1096 1191 1235 1509
6 167 423 695 697 850 1234
6 277 957 2065 2329 2963 5647
6 53 1090 2542 2916 3248 5136
6 181 950 1391 1525 1705 5361
6 227 512 1191 1788 1850 2823
6 216 1094 2801 2814 3181 3975
6 204 626 2253 2390 3374 6919
6 170 1010 3200 3201 3801 8091
6 336 1446 4769 4983 5833 9650
2 167 1112
6 224 465 1669 1854 2425 3948
6 260 1830 7886 7968 9658 9663
6 919 2448 5570 8065 8761 9675
6 167 950 3576 3578 4931 8562
6 469 1397 3653 4014 4410 9053
6 34 1060 3067 3178 3962 7172
6 245 312 492 517 542 695
6 157 1454 4802 5132 6484 9723
6 90 963 2119 2518 3663 8382
6 285 323 532 537 674 788
6 597 5802 9743 9744 9746 9751
6 205 1113 2515 2607 3221 4003
6 214 703 1766 1914 2766 5294
6 228 1543 4786 4834 4908 9770
6 371 1174 2560 2562 2587 4885
6 186 1233 2429 2534 2763 3603
6 288 1632 5722 8671 9784 9789
6 285 675 2380 2447 3829 8179
6 92 748 1370 1504 1886 4600
6 371 957 2348 2415 2936 3668
6 151 323 898 950 1400 3465
6 221 966 1503 1507 2106 2832
6 155 325 462 472 537 789
1 327
6 811 2745 9823 9824 9826 9831
6 435 3257 9842 9843 9845 9850
6 608 948 2329 2332 2814 4258
6 334 9867 9878 9879 9881 9886
6 69 2022 6507 6817 9896 9901
6 284 324 519 897 899 6458
6 360 1735 9106 9921 9923 9928
6 167 1877 9938 9939 9941 9946
6 492 3287 9960 9961 9963 9968
6 282 540 2005 2504 3144 4219
6 282 462 695 781 1025 1435
6 2165 9984 9995 9996 9998 10003
6 759 947 3198 3199 4086 10018
6 75 739 2360 2585 3261 5802
6 282 677 1230 1237 1438 3059
6 285 327 519 532 685 1571
6 286 346 680 684 898 1432
6 224 960 2795 2820 3058 5543
6 201 950 1769 1951 3869 7108
5 259 343 2079 2506 5653
6 10048 10065 10076 10077 10079 10084
6 193 1222 8386 8699 10093 10098
6 261 1824 3635 4026 4503 10107
6 492 3066 6131 6259 7492 10117
6 197 430 848 850 960 1506
6 204 2386 9247 10128 10130 10135
6 294 921 2943 3287 4967 10147
6 726 2761 4697 4900 4989 10159
6 842 1801 4040 4196 4674 7614
6 199 612 1366 1374 1415 2392
6 282 460 1420 1421 1650 4266
6 66 1113 6916 7005 8643 10176
6 181 1104 2328 2767 3181 8892
6 1095 6856 10203 10204 10206 10211
6 224 950 1883 2326 2331 2839
6 155 417 2205 3200 4525 6185
6 231 1736 2791 3374 4030 6908
6 148 1109 1950 3808 4232 6678
6 469 826 1397 1401 1850 2936
6 227 1403 7465 10238 10240 10245
6 192 1039 3347 3670 4455 7492
6 613 2647 6204 10259 10261 10266
6 1472 5183 10277 10278 10280 10285
6 184 963 2065 2115 2641 3330
2 701 9319
6 435 2466 4008 4275 5177 9899
6 302 1579 5109 5643 7685 10312
6 410 2124 3977 6026 6765 10229
6 200 710 2349 2357 2507 5801
6 147 4762 10334 10335 10337 10342
6 284 319 670 674 676 1025
6 251 319 522 537 683 1510
6 160 586 1105 1450 1496 2052
6 796 2935 5892 6298 8084 10354
6 202 1505 4162 4166 7172 10365
6 202 703 1391 1397 1415 1962
6 231 462 1235 1370 1400 1782
6 66 505 1095 1370 1786 2205
6 760 3008 4860 5177 6026 9207
6 286 687 2079 2526 3061 6108
6 294 691 2009 2066 3057 5028
6 176 878 1389 1391 1399 3180
6 160 430 697 703 709 1089
6 726 2765 4896 4900 5038 9112
6 192 2815 10402 10403 10405 10410
1 940
6 228 1240 4008 4086 4718 5647
6 182 962 1807 2354 3037 5114
6 251 304 371 372 460 1370
6 167 1291 3067 3089 3721 5487
6 283 452 680 695 784 1420
6 579 6070 10452 10453 10455 10460
6 940 1518 5693 6137 7205 10470
6 286 460 1023 1028 1189 2970
6 224 2588 4718 5521 6007 10490
6 286 701 1682 1894 1917 3634
6 286 458 695 793 906 1604
6 279 322 695 698 898 2003
6 224 536 1751 1848 2035 3265
6 184 2949 4576 6428 7720 10514
6 169 1369 4093 4097 5814 9130
6 193 1230 3191 3262 4011 6585
6 221 1113 2336 2448 2604 2991
6 503 1692 3163 3207 4762 7829
6 66 3425 10148 10552 10554 10559
6 483 1363 1969 1974 2596 5175
6 101 599 2585 2696 3112 7372
6 182 1391 5177 5662 10040 10587
6 88 310 783 880 976 1811
6 492 1665 5189 5824 5833 6468
6 369 4353 10604 10605 10607 10612
6 797 1095 2718 2941 2954 5543
6 184 1025 1864 1865 1895 4813
6 224 343 540 673 894 1446
6 289 534 1669 1680 2065 5809
6 527 1240 2835 2837 4972 7945
6 481 3163 4963 5337 6004 10644
6 184 480 1237 1397 1801 2644
6 251 316 897 906 1921 4478
6 282 453 673 898 1000 1477
6 704 1341 2331 2357 2777 6155
6 166 430 960 973 1109 1506
6 36 908 2941 2943 3508 4589
6 244 1604 4690 4950 5518 10498
6 283 460 1461 1547 3153 10679
6 192 850 2918 3109 3296 4011
6 184 685 1623 1736 2106 3721
6 406 969 1663 1666 1857 2830
6 422 3320 10443 10674 10698 10703
6 89 1778 3608 3808 4146 7226
6 256 6252 10726 10727 10729 10734
6 198 952 2511 3040 3090 5114
6 3252 10750 10761 10762 10764 10769
6 214 914 2347 2724 3693 6319
6 735 2159 2661 2668 3567 10782
6 322 6536 10796 10797 10799 10804
6 289 687 2528 2819 3852 6007
6 832 1402 4187 4836 5007 8979
6 181 1786 3902 5798 6121 10827
6 219 960 1934 1961 2795 5507
6 220 955 2409 2803 3221 6691
6 147 1784 6605 7363 10845 10850
6 763 2651 7325 7337 10230 10862
6 285 512 3104 3783 4707 8960
6 480 946 1859 2047 2599 4984
6 206 1502 4632 6077 7858 9820
6 203 1088 3693 4481 5424 10892
3 289 7172 10908
6 206 727 1943 1962 2617 4178
6 465 1177 4712 5624 5833 6649
6 410 4138 6428 6437 7858 10926
6 1171 2598 5894 6306 8191 10936
6 170 1794 4096 4187 4375 5042
6 167 2097 10950 10951 10953 10958
6 201 727 2106 2968 3687 7196
6 223 464 1081 1146 1381 1508
6 66 1071 3464 3692 4161 4600
6 166 1418 9865 10980 10982 10987
6 1435 4928 6494 6760 8399 11008
6 296 2424 4180 5145 6171 8528
6 62 869 1877 1883 1888 4339
6 192 1121 5414 5557 7968 11028
6 221 3088 7924 9642 10330 11040
6 603 5294 11051 11052 11054 11059
6 277 1462 7296 7882 10073 11071
6 190 480 1038 1235 1240 3047
6 155 314 455 459 517 680
6 185 324 520 537 695 1623
6 433 1188 3715 4105 4718 10836
6 228 1230 2510 2513 5907 7841
6 184 530 1397 1455 1536 2431
6 223 1037 3341 3342 4740 8522
6 412 1761 5319 5674 6054 11101
6 228 532 1429 1461 1845 4348
6 327 957 2820 2873 3296 6106
6 206 848 2250 2460 3327 7367
6 364 1330 2945 3235 3591 9481
6 371 1095 2575 2763 2831 7263
6 5207 10852 11148 11149 11151 11156
6 292 2641 6171 6321 7565 11166
6 168 3618 7188 9155 11175 11180
6 282 458 898 1432 1443 4158
6 259 323 532 536 708 963
6 371 1035 1845 1851 1865 2556
6 283 522 1443 1447 1477 3360
6 193 1089 2253 2262 2504 6611
6 148 842 3187 3215 3822 6617
6 176 527 1177 1235 1403 4576
6 742 7507 11223 11224 11226 11231
6 184 1717 8483 8592 11241 11246
5 293 695 1449 1681 11255
6 4169 11268 11279 11280 11282 11287
6 220 1178 2390 2554 2901 4403
6 283 1906 8966 11299 11301 11306
6 221 746 1696 1991 2136 3824
6 284 694 1919 1961 2135 3663
6 233 322 904 992 1587 3909
6 83 593 2429 2587 3276 9398
5 908 11334 11345 11346 11348
6 325 1960 6439 7507 9669 11355
6 148 612 1748 1755 1766 5662
6 449 3538 8356 11252 11370 11375
6 211 4014 7000 7507 8265 11385
6 224 957 1289 1366 1397 3058
6 69 1005 2012 2332 2542 3692
6 318 698 1581 1661 1671 3210
6 200 898 1237 1369 1663 2580
0
2 321 1664
6 596 3598 10096 10879 11398 11403
6 214 1366 3077 3221 3361 6021
6 251 319 470 537 635 957
6 182 2157 3646 3928 4573 9177
6 196 1039 2506 2553 3304 4178
6 228 492 942 973 1034 1180
6 193 703 1094 1117 1363 1763
6 178 942 2035 2161 2803 4081
6 282 522 897 899 1025 2506
6 287 1095 4408 4870 7481 11425
6 214 974 2040 2250 2722 5720
6 192 1095 2355 2366 2941 4188
6 235 325 904 1244 2068 3287
6 228 950 2645 3104 4870 9343
6 92 842 1113 1366 1882 2589
6 805 4930 10285 11451 11453 11458
6 561 2841 7096 7923 7926 9119
6 174 340 1370 1446 1592 3454
6 290 460 1442 1446 1604 2079
6 423 3988 10676 11485 11487 11492
6 221 1375 6598 8455 9396 10888
6 722 2881 7935 7941 8611 11512
6 92 1053 2916 2917 3414 8354
6 321 898 1604 1663 2575 5822
6 406 1237 2703 2761 2777 4022
6 203 937 1397 1787 1902 4578
6 222 397 695 697 1034 3663
6 624 3406 11541 11542 11544 11549
6 283 458 695 781 788 1447
6 534 4105 11561 11562 11564 11569
6 148 444 854 955 1092 1525
6 230 2068 3630 3633 5426 9213
6 203 915 1341 1360 1663 4718
6 222 1230 5621 5800 6679 11589
6 155 380 973 1028 1400 2504
6 412 2249 7842 8542 10325 11586
6 493 2967 7097 7592 8514 11609
6 286 538 1419 1420 1438 2076
6 255 354 793 905 1023 1766
6 286 460 793 1036 1444 3105
6 221 1605 4026 5482 5921 6683
6 575 5537 8595 8598 11478 11631
6 232 3113 6582 6586 7941 11124
6 219 1158 7233 8383 10639 11650
6 372 1240 2448 2549 2841 4046
6 282 371 1379 1482 1788 3465
6 157 1630 4374 4681 4711 5507
6 224 1081 3407 3419 4110 4723
6 282 1036 3178 3339 4740 8178
6 222 807 2588 2641 3361 6007
6 184 305 406 455 460 695
6 282 338 881 894 1043 3153
6 239 2277 11688 11689 11691 11696
6 90 729 1786 1823 2841 3414
6 83 992 1476 1968 2504 3263
6 378 3151 11267 11294 11708 11713
6 915 2767 9584 9587 11724 11729
6 481 1798 4105 4178 4984 6543
6 251 629 1232 1237 1420 2964
6 222 1503 6939 7047 11742 11747
6 265 2068 5290 5482 8209 11756
6 221 889 2412 2524 3361 5469
6 82 712 1385 1389 1968 3691
6 596 4438 8656 9433 11206 11773
6 315 2609 6568 7134 8851 11783
6 219 1381 4447 4555 5307 9840
6 397 1036 2415 2588 2827 4718
6 29 977 1303 1525 1704 3404
6 10733 11819 11830 11831 11833 11838
6 301 1082 4105 4811 5847 11397
6 65 479 2087 2096 2506 3453
6 497 1330 3589 3993 4514 8531
6 204 1142 4983 5765 6644 10588
6 172 716 1461 1919 2029 6985
6 75 1222 3089 3090 3393 5078
6 148 533 1122 1234 1704 3138
6 229 2604 11545 11882 11884 11889
6 227 2651 10689 10790 11898 11903
6 83 532 1234 1385 1400 2068
6 69 372 1695 1704 4232 7691
6 151 595 1593 1755 1841 6244
6 185 350 673 695 1438 1763
6 466 821 1191 1240 1705 3062
6 1610 5293 11923 11924 11926 11931
6 259 320 528 640 781 904
6 497 1101 2634 2641 2946 5462
6 677 2177 2939 4082 4352 6628
6 214 2157 4146 4178 5089 7171
6 282 904 6420 7188 7887 10726
6 201 412 530 673 973 1381
0
6 267 9661 10730 10735 10739 11842
6 192 770 2554 2556 2700 4089
6 292 2838 11977 11978 11980 11985
6 273 314 695 780 897 1922
6 11994 12011 12022 12023 12025 12030
6 312 675 1034 1368 2821 6214
6 626 7218 12049 12050 12052 12057
6 287 492 695 781 963 1237
6 30 1702 4761 4765 10746 12069
6 406 1037 12078 12079 12081 12086
6 283 530 1446 1581 2005 3362
6 83 480 1385 1415 1623 6397
6 286 673 1444 1466 4207 12106
6 251 319 492 522 673 899
6 82 412 1081 1089 1495 1926
6 185 1623 4348 4956 7886 12118
6 259 455 683 695 880 1036
6 286 612 1028 1050 1494 3285
6 235 523 1592 2049 2376 3797
6 200 1411 5056 5950 6971 10429
6 283 640 10637 12108 12138 12143
6 434 2393 6679 6993 8973 12153
6 294 535 2957 3283 3338 6985
6 2822 11511 12178 12179 12181 12186
6 289 522 1034 1038 1230 1664
6 184 702 1968 2820 3218 8501
6 228 1112 4756 5814 7007 12202
6 153 1064 2916 3227 3258 5363
6 153 1110 3810 4399 5120 9399
6 522 2452 4922 5144 5642 12226
6 505 3851 7828 8051 9046 12237
6 593 8479 12250 12251 12253 12258
6 201 728 3181 3427 4045 6995
6 773 6845 12274 12275 12277 12282
6 599 2901 10270 12054 12291 12296
6 153 1722 7008 7018 11407 12308
6 482 1702 2936 3203 3513 9531
6 498 1844 4078 4456 5801 10485
6 224 911 2641 2951 3513 4883
6 493 2556 5507 5995 5998 10208
6 370 6850 12344 12345 12347 12352
6 61 868 1089 1113 1704 3692
6 290 3166 9265 10975 11250 12366
6 167 728 1480 1504 1704 6582
6 2138 12382 12393 12394 12396 12401
6 738 7407 12418 12419 12421 12426
6 294 1081 1973 2106 2795 3363
6 184 1466 5875 6363 7654 12114
6 294 946 4051 4235 4248 6398
6 78 748 2068 2121 2465 3242
6 834 2761 4096 4375 4894 6965
6 380 814 1136 1171 1187 1663
6 1850 8168 11608 11615 12237 12470
6 291 677 1919 2436 2506 5621
6 282 527 1447 1500 1672 4610
6 273 898 2887 2899 3654 7882
6 849 3243 6092 6277 6765 11207
6 260 1109 2696 3948 5841 8572
6 480 1187 2830 2939 3643 4713
6 161 519 1466 2003 3049 3872
6 61 886 2504 2524 3465 7948
6 155 343 777 880 894 2504
6 434 2274 8345 9590 11045 12519
6 223 1023 2504 3090 3180 5030
6 282 460 788 894 1025 1442
6 204 1949 3691 3946 3962 7175
6 160 976 1801 1827 1874 2881
6 160 729 1763 1769 1815 3273
6 1360 3586 10105 10575 12538 12543
6 66 1928 4812 4813 7000 10953
6 1624 9843 12562 12563 12565 12570
6 372 957 2635 2774 3870 6071
6 285 777 1674 1675 1919 4170
6 282 460 683 684 894 2074
6 196 2409 3858 4003 7607 11519
6 151 706 1403 1510 1786 12380
6 71 709 1142 1147 1801 3252
6 325 2149 5312 6026 7369 10109
1 12613
6 700 2250 12625 12626 12628 12633
6 724 2777 12644 12645 12647 12652
6 85 1405 4522 6587 6639 12664
6 79 908 1067 1113 1801 2539
6 865 5298 12674 12675 12677 12682
6 157 506 2331 2392 2482 4035
6 232 12695 12706 12707 12709 12714
6 530 1861 5404 5995 6675 9696
6 251 1763 3687 4168 4524 9720
6 224 1082 2135 2560 2641 6311
6 1366 5292 8517 9252 11041 12735
6 174 312 1496 1919 2524 3677
6 74 426 992 1000 1400 2068
6 4135 12749 12760 12761 12763 12768
6 273 450 882 897 1072 3423
6 151 996 4285 5031 5665 7492
6 722 2881 7938 7941 8598 11635
6 60 505 1090 1097 1240 6615
6 264 894 3295 3350 3466 10399
6 220 973 2136 2332 2478 3566
6 151 1424 6187 7811 10424 12806
6 1774 12821 12832 12833 12835 12840
6 157 1122 2360 2881 4506 6967
6 153 1704 5783 5788 6738 12852
6 282 1100 4069 4873 7091 8901
6 83 1370 3890 4603 6563 9508
6 224 1709 7104 7108 8469 12876
6 447 1095 2365 2459 2798 6476
6 189 683 1968 2262 2999 12888
6 197 729 3273 5113 5292 8627
6 153 609 1510 1634 1758 2777
6 201 1495 6036 6057 7219 9215
6 196 1095 1705 1801 2354 6536
6 406 1107 2337 2617 4095 7374
6 197 1342 11739 12268 12920 12925
6 480 1237 3566 3693 4171 6171
6 155 2426 6944 8638 9189 12939
6 251 325 673 674 680 1370
6 255 695 2526 2968 3090 5664
6 157 1349 2835 3196 3276 11817
6 277 458 698 793 1023 2065
6 182 2696 10426 12014 12969 12974
6 166 430 1089 1097 1370 2511
6 397 4003 9613 11130 12985 12990
6 435 1805 4072 4166 4685 9862
6 491 1171 2774 3390 3783 6124
6 193 683 1746 1755 1767 3090
1 3279
6 282 632 3156 3797 4605 7548
6 201 908 1405 1407 1746 3051
6 164 2122 6092 6278 7221 12162
0
6 221 921 1349 1397 1663 4718
6 247 1794 4035 4178 6122 6624
6 727 6056 11288 13045 13047 13052
6 203 458 675 680 683 1025
6 75 921 1705 2023 3166 6948
6 214 729 2168 2331 2768 4285
6 221 960 2766 3037 3181 7114
6 1932 9559 13076 13077 13079 13084
6 184 492 1039 1107 1368 3077
6 289 525 1440 1446 1960 4658
6 184 698 1727 1738 2053 4524
6 70 461 952 1066 1081 3678
6 466 1363 2774 2835 3203 4095
6 101 1053 2205 3089 3280 7983
6 282 343 683 695 1034 1581
6 739 2651 8658 10787 11601 13110
6 230 2387 4011 5292 5426 12575
6 41 2745 8993 9307 11001 13134
6 206 3429 13144 13145 13147 13152
6 219 1935 3621 3627 6064 8500
2 952 8391
6 186 976 1920 2262 2445 5336
6 315 1391 3256 3290 4207 8354
6 222 531 1186 1240 1794 2765
6 285 680 1671 1919 2162 4207
6 157 435 1409 1506 1757 2256
6 180 1109 2359 2363 2370 4511
6 284 383 898 1435 1450 2422
6 283 536 1438 1571 2029 5339
6 251 369 897 963 1592 2504
6 251 383 963 1089 1592 3180
6 198 703 1502 1506 1746 3151
6 190 430 1154 1409 1495 2511
6 293 537 1443 1449 2067 3425
6 283 346 680 683 793 1033
0
6 245 299 459 460 517 904
6 214 1110 2478 2678 3438 5426
6 283 1107 3090 3394 3949 9913
6 252 479 4466 4472 4480 8558
6 402 1096 3513 3853 5844 13223
6 164 1949 3620 3627 4003 7507
6 8884 13248 13259 13260 13262 13267
6 186 709 1235 1405 2014 3282
6 222 526 971 976 1237 3185
6 201 684 1504 1507 1781 3663
6 222 894 2161 2265 2769 3438
6 232 2157 4677 4945 6433 11102
6 480 3058 7177 7581 12749 13300
6 832 3471 10384 11001 13307 13312
6 844 4275 12136 12906 13321 13326
6 66 997 2012 2454 2539 3181
6 213 1746 5425 6170 6967 11213
6 1418 10048 13350 13351 13353 13358
6 221 3235 9480 10133 11110 13369
6 283 458 1042 1424 1447 3525
6 201 710 2262 2517 4031 7038
0
6 610 3190 9088 10614 12827 13384
6 93 509 1074 1090 1240 1969
6 184 612 1053 1081 1234 3166
6 201 532 1230 1237 1375 2641
6 714 2617 4128 4129 5477 10374
6 706 2538 8230 8238 12513 13409
6 153 848 1525 1694 1705 3665
6 604 1455 8823 9038 9877 13424
6 338 698 1576 1664 1695 3783
6 577 11478 13440 13441 13443 13448
6 285 1016 4468 4922 7188 13457
6 184 720 1777 1843 2679 8540
6 214 950 1385 1403 1694 2545
6 293 538 2005 2528 3367 5999
6 216 2128 4989 5322 6899 8700
6 458 1035 1845 1854 1861 2601
6 211 851 2511 2513 2562 3010
6 217 2409 6104 6258 6691 11413
6 282 380 684 695 906 2076
6 577 6316 13497 13498 13500 13505
6 184 940 2559 2634 4184 9783
6 216 1366 3085 3221 3633 5426
6 377 3397 10706 11673 13521 13526
6 327 927 1237 1698 2195 3177
6 601 2851 11478 11511 12192 13540
6 282 327 638 673 680 906
6 300 898 1493 1502 2161 3993
6 748 4001 10428 10639 12681 13554
6 151 343 908 957 1035 1663
6 312 532 1438 1444 1919 4769
6 759 13570 13581 13582 13584 13589
6 167 492 1088 1095 1389 2116
6 372 2161 8393 8517 8952 12468
6 222 528 1109 1122 1845 2823
6 701 2555 5195 5544 7621 10696
6 201 531 1240 1665 2415 4171
6 531 2429 6452 6458 6626 10718
6 225 2463 5312 6203 9224 13623
6 285 529 1233 1450 1848 3452
6 178 534 1235 1237 1368 2135
6 286 1679 3826 4121 5801 10322
6 270 2237 8708 10264 10268 13638
6 157 1053 2392 3050 3222 10439
6 83 957 2439 2524 3296 7116
6 307 673 2077 2079 2526 5442
6 894 4059 8828 12676 13659 13664
6 417 1374 4992 5358 6454 10042
6 224 537 1443 1446 1664 2262
6 184 616 1381 1391 2068 5115
6 201 683 1403 1477 1506 3180
6 66 3067 9338 10695 10975 13692
6 161 314 673 683 729 1039
6 193 1604 2573 2901 3614 7172
6 700 1328 1517 1518 1522 3433
1 3433
6 393 3077 13717 13718 13720 13725
6 286 522 784 788 1045 2523
6 285 908 1898 2232 2956 10798
6 221 1403 2522 2586 2772 5056
6 224 534 1039 1173 1192 2331
6 213 709 2262 2266 2460 3620
6 201 623 1961 2390 2515 3617
6 222 2613 8441 8455 9493 13752
6 178 842 1381 1403 1503 3432
6 952 6476 13762 13763 13765 13770
6 231 685 2421 2424 2962 7124
6 157 1734 5501 8036 11366 13788
6 282 371 537 538 680 1033
6 223 1107 1895 2191 2641 3571
6 219 608 1757 1962 2262 3363
6 327 1179 5836 5837 5887 13802
6 183 1297 2587 2607 3077 3680
6 206 1081 3987 4683 5294 8502
6 229 2612 10909 12912 13818 13823
6 192 683 1389 1401 2135 3361
6 283 338 668 675 1033 2625
6 184 977 1757 2511 2641 4086
6 526 1956 5629 6242 7581 8475
6 3531 13841 13852 13853 13855 13860
6 66 1064 2618 2983 3252 9069
6 228 909 1351 1355 1397 2644
6 285 452 900 921 1025 1442
6 222 1368 3673 4348 4983 5800
6 155 1234 3270 3295 6579 12482
1 7947
6 251 3090 6107 7239 9517 13887
6 282 520 1420 1919 2425 12480
6 245 320 1234 1571 2004 4598
6 289 894 3349 4388 4701 13911
6 221 708 1755 1767 2766 5331
6 167 1136 3151 3173 4522 6988
6 310 3665 10905 11365 13926 13931
6 201 683 1503 1506 2119 3037
6 497 955 3007 3012 3584 4838
6 170 1235 2818 2828 3665 4096
6 465 1192 4740 5191 6458 10720
6 279 394 2076 2079 2783 4965
6 224 674 1366 1440 2578 7970
6 289 685 2424 3367 3906 13962
6 244 1406 2610 2835 3421 6015
6 423 1230 3336 3963 5304 7565
6 251 336 957 1587 1919 3452
6 288 698 2599 2957 3282 4963
6 283 327 675 680 698 2005
6 69 435 989 992 1004 1455
6 283 338 541 673 899 3454
6 93 1873 6594 7493 8763 13988
6 285 327 522 525 673 698
6 251 455 1435 1675 1857 4208
6 208 2305 8253 8821 12791 13999
6 283 455 684 685 950 3013
6 201 430 781 894 950 2076
6 722 7536 14016 14017 14019 14024
6 168 2013 8065 10231 12802 14037
6 289 677 2587 2823 3151 4393
6 279 315 517 519 675 957
6 387 1672 8518 8758 11425 14048
6 148 419 685 700 724 1177
6 193 614 2253 2515 3613 6277
6 228 371 608 640 680 1360
6 150 1366 4052 4071 5847 11957
6 417 1477 4602 4951 5186 9451
6 101 2159 8309 9532 10859 14074
6 251 327 1919 1920 2053 5031
6 282 399 522 525 675 1446
6 7536 14095 14106 14107 14109 14114
6 285 492 684 685 1023 1449
6 483 1543 5883 7230 8204 14040
6 203 1372 2272 2410 2590 7124
6 223 1511 4071 4112 6003 11742
6 228 930 1179 1237 1447 1672
6 831 4410 10281 11465 14145 14150
6 91 850 2383 2596 3273 6170
6 153 842 1107 1230 1506 2511
6 834 1335 12723 14167 14169 14174
6 282 482 1368 1466 1865 3783
6 497 1663 4087 4984 8270 12324
6 167 1046 1743 1963 1971 2810
6 286 1048 5722 7862 8671 14194
6 191 4187 10574 11361 14203 14208
6 201 1113 7655 7663 8179 14218
6 1495 8041 11489 12261 13129 14231
6 149 960 1146 1375 1704 3213
6 4576 14247 14258 14259 14261 14266
6 179 1089 4060 4515 7005 12364
6 14284 14301 14312 14313 14315 14320
6 166 2250 8929 9200 10580 14331
6 833 3923 8100 10024 12935 14344
6 153 3465 8381 8483 11355 14355
6 149 541 1604 1959 3719 10104
6 597 3180 14373 14374 14376 14381
6 59 512 1370 1704 1784 9912
6 189 600 1381 1391 1624 3691
6 613 5744 14401 14402 14404 14409
6 148 447 894 1081 1230 1757
6 214 492 1368 1397 1672 4378
6 283 455 537 538 673 1028
6 223 1777 4692 5797 10203 14425
6 61 842 1147 1827 1883 3376
6 259 1921 5627 6571 12484 14434
6 178 695 3425 3665 3905 7296
6 273 314 532 542 894 1919
6 209 976 2609 2613 3808 6584
6 203 677 1039 1176 1375 1911
6 167 714 2113 2795 3869 11114
6 286 518 1023 1033 1438 1671
6 157 1081 1729 1939 2580 4303
6 192 1081 3303 3661 4114 8082
6 286 452 899 1045 1449 4769
6 222 1973 4352 4637 5317 10042
6 282 479 788 793 1023 1443
6 192 1094 2328 2331 2718 4071
6 1197 3716 10469 13403 14478 14483
6 184 343 963 1043 1454 1824
6 91 338 1763 1819 1921 5031
6 146 748 1401 1532 2354 3566
6 224 681 3061 3092 3336 5825
6 214 1248 1795 1801 2331 4187
6 285 1034 4386 4605 4718 6178
6 166 527 1109 1142 1503 2289
6 201 980 2513 2801 3296 4207
6 283 789 2425 2504 3173 5929
6 61 1729 6078 6944 7491 10975
6 148 988 2424 2534 3265 6588
2 911 14534
6 240 518 1663 1766 2169 3054
6 181 699 1145 1222 1504 4033
6 148 423 955 963 980 2524
6 221 854 2418 2580 3604 4522
6 220 1097 2262 2507 2768 3438
6 29 1082 1397 1877 3207 6405
1 462
6 283 1170 4963 4982 5315 14552
6 564 1403 2766 2776 2837 3917
6 279 317 777 783 963 2447
6 182 1424 3864 4519 6897 10424
6 735 2652 10865 10868 13111 14570
6 184 504 1025 1029 1177 2328
6 221 532 1185 1191 1366 2524
6 282 616 1446 1455 2010 3295
6 201 701 1623 1650 1664 2575
6 293 3274 12108 13126 14589 14594
6 251 327 537 640 675 1237
6 201 511 1366 1391 1503 3037
6 193 434 960 1039 1089 1503
6 343 695 3390 3783 5109 13019
6 282 695 2065 2964 3341 5192
6 305 1547 4963 7131 8509 14621
6 279 312 492 517 673 897
6 211 710 1508 1511 1755 3256
6 220 1039 1967 1972 2718 5720
6 593 3399 7218 8382 9623 14638
6 406 3684 14649 14650 14652 14657
6 283 460 3060 3108 3536 7685
6 284 455 906 1033 1592 1921
6 201 1081 2688 2803 3296 6397
6 282 449 676 680 782 1450
6 216 1943 4917 5098 5426 10872
6 506 4712 11404 12985 14681 14686
6 184 540 1409 1727 1965 3201
6 294 698 1237 1397 1857 3661
6 63 992 2534 2588 3265 4956
6 515 1240 1802 1966 2345 3577
6 64 608 1943 2274 2621 3869
6 354 2427 3423 3433 3535 5145
6 412 911 2559 2566 3926 10914
6 91 479 1089 1383 1600 3178
6 285 343 898 899 1368 2781
6 228 729 1230 1239 1397 2329
6 273 478 2528 3277 3281 7896
6 181 492 850 973 1230 1959
6 153 854 1360 1403 1883 6805
6 527 1403 2448 2766 2879 5330
6 90 519 1403 1407 1624 3663
6 814 5011 14165 14166 14741 14746
6 282 520 906 1053 1447 3360
6 167 1694 8467 9006 12212 14762
0
6 170 1294 4053 4078 4766 10548
6 283 683 1623 1919 3108 5111
6 184 315 492 518 538 680
6 286 480 698 788 1025 1446
6 184 449 894 971 1095 2506
0
6 482 1173 2823 2920 3072 4095
6 193 1604 10351 10522 12437 14793
6 221 1082 1959 2106 2440 3304
6 245 372 963 1103 1455 2506
6 727 4401 11334 11793 12668 14807
6 1123 6025 14816 14817 14819 14824
6 66 776 1360 1636 1802 2925
6 227 1734 4613 5182 6214 14787
6 169 6402 13108 14844 14846 14851
6 593 3243 9741 9840 10865 13780
6 353 1104 1926 1991 2758 4522
6 616 9398 14869 14870 14872 14877
6 989 8606 14893 14894 14896 14901
6 157 1403 4624 6012 6374 14910
6 700 1355 2328 2332 2770 3698
6 286 460 1023 1025 1449 2523
6 157 1592 4880 8643 14920 14925
6 310 2262 14935 14936 14938 14943
6 284 537 3341 4388 4701 8932
6 283 537 2068 2899 3279 8094
0
6 166 843 1875 2454 2552 2763
6 193 371 695 702 1036 1447
6 206 953 1961 2068 2524 3567
6 1409 5923 11882 12842 14256 14972
6 186 726 1680 1857 2250 3698
6 364 1035 1969 2327 2575 3574
6 505 1836 6971 6996 9869 13347
6 181 14093 15002 15003 15005 15010
6 181 2056 8762 11325 11706 15020
6 569 2726 6949 8358 8597 12777
6 282 691 1919 1956 2524 3106
6 251 480 1045 1066 1379 2164
6 221 505 3188 3374 4481 11594
6 283 492 1025 1033 1177 8163
6 412 3033 6679 6856 7218 10277
6 201 451 942 1035 1235 2506
6 93 859 1074 1088 1094 2478
6 612 13780 15066 15067 15069 15074
6 180 1334 3570 4586 8457 12437
6 164 542 1197 1389 1500 2598
6 596 3569 11402 12554 13333 15092
6 327 2447 10743 12106 13196 15105
6 287 783 4598 6186 7346 15115
6 556 1403 2478 2678 3393 4426
6 222 673 1237 1391 1483 2262
6 243 1393 3451 4606 6257 10729
6 245 343 900 904 1921 2781
6 365 1648 4093 4718 5875 12205
5 475 12787 15152 15153 15155
6 282 312 455 456 465 534
6 598 4920 15157 15158 15160 15165
6 156 1217 7109 7352 8311 15174
6 490 3513 6124 6126 7764 15183
6 832 1998 6895 7179 7613 12639
6 191 858 2801 3243 3810 7172
6 82 418 674 695 1095 1864
1 1031
6 192 1046 3582 3585 4475 7883
6 287 2809 5591 6066 9439 10997
6 286 480 793 1036 2005 3054
6 223 3496 10551 11531 14792 15222
6 221 3368 8243 8253 8729 15231
6 211 674 1366 1368 2410 3332
6 198 708 3180 3347 4381 4718
6 282 513 2065 2506 3156 4643
6 167 430 1081 1095 1374 3180
6 203 492 960 980 1037 1391
6 289 492 1237 1432 1446 3341
6 198 952 2262 2418 2585 5065
6 597 2510 4932 6092 9931 15014
6 282 522 877 897 1234 3037
6 74 1064 2122 2567 2585 4617
6 221 701 2524 4035 5315 9726
6 289 538 3367 4266 4482 15273
6 323 4468 13800 15276 15278 15283
6 201 1081 1973 2108 2122 6092
6 593 1351 2604 2767 2844 4285
6 729 5725 10375 11817 11831 15302
6 285 898 4208 6008 6476 15313
6 157 2844 11247 11264 12828 15325
6 412 2755 6104 6310 6679 12772
6 593 2327 4040 4096 4375 6040
6 214 726 1368 1397 1794 2331
6 293 1664 7234 7238 11320 15344
6 220 1403 2588 2795 3671 7025
6 232 2086 7457 8197 14157 15360
6 221 848 1349 1360 1403 1798
6 148 609 1146 1230 1367 1942
6 627 2604 5119 5180 8592 15372
6 1115 13299 15389 15390 15392 15397
6 423 2331 7173 7503 8458 10886
6 184 908 1403 1769 2337 6586
6 166 698 1370 1373 1443 3105
6 282 323 462 468 519 673
6 294 1824 2999 3037 3451 5664
6 5134 15416 15427 15428 15430 15435
6 406 6852 11466 13077 15444 15449
6 5295 15469 15480 15481 15483 15488
6 91 326 1234 1423 3602 5860
6 1112 9129 15503 15504 15506 15511
6 66 2581 12218 12606 15521 15526
6 282 346 684 692 695 2010
6 251 325 525 532 695 1393
6 201 1146 3438 3608 3949 6259
6 75 960 1415 1525 1704 2522
6 220 1409 3654 3982 6057 9702
6 78 802 1907 1919 2086 3330
0
6 221 5292 10375 11338 12412 15553
6 377 1082 2337 2358 4071 7492
6 251 462 680 821 904 1663
6 221 953 3423 3525 4351 5148
6 227 2351 5841 6297 8190 14036
6 201 1391 3112 3144 3465 7883
6 204 914 2068 2077 2227 4600
6 221 524 1036 1234 1420 2523
6 770 1542 2597 2598 2601 4664
1 1366
6 336 2036 4082 4093 5424 8258
6 61 423 2454 2511 2586 4227
6 227 2015 4939 5381 6617 9741
6 371 1174 7039 10549 11198 15598
6 377 1504 3291 3328 3407 6310
6 742 4517 11220 11221 11224 11889
6 164 3006 6785 7018 7507 8774
6 222 346 525 537 673 1023
6 192 1265 3433 3864 4576 7608
6 1395 9899 15625 15626 15628 15633
6 283 469 3948 4467 5030 10392
0
6 485 1538 2936 2956 3643 9586
6 153 848 1360 1389 1522 5765
6 279 10183 15660 15661 15663 15668
6 201 418 693 695 1023 3390
6 417 1709 5529 6057 6765 11757
6 151 542 1366 1389 1604 2809
6 282 372 784 877 952 1494
6 282 640 1466 1669 3180 8388
6 283 517 957 963 1038 3180
6 655 4470 12383 15697 15699 15704
6 185 406 528 530 534 1675
6 214 1397 2820 3438 3951 9352
1 312
6 372 1294 4723 4753 7880 12067
6 224 1903 3833 3834 3836 6110
6 285 526 1025 1038 1419 2076
6 1019 12698 15736 15737 15739 15744
6 167 426 1089 1122 1234 2580
6 1134 10506 15757 15758 15760 15765
6 283 455 673 674 680 1028
6 296 2822 12270 12987 15775 15780
6 296 1723 3724 3730 3825 5564
6 170 593 1081 1101 1403 2168
6 255 677 1232 1238 1766 3671
6 63 222 709 842 1080 1815
6 286 1380 3367 3422 5800 8473
6 192 845 1193 1240 1495 3663
6 287 517 793 963 1036 2005
6 215 6080 9588 10885 12986 15809
6 221 849 2068 2262 2618 5664
6 251 308 882 883 1043 2205
6 559 1404 3433 3438 3700 5294
6 244 2899 5065 5766 6484 14398
6 488 7599 14700 15536 15829 15834
6 148 295 460 462 479 684
6 223 1081 2590 2820 3654 5801
6 184 482 973 1107 1367 1864
6 60 921 1403 1495 1501 3465
6 251 343 2076 2077 3293 15851
6 343 3962 10853 12699 15854 15859
6 1950 6272 15869 15870 15872 15877
6 360 2424 4031 4035 4301 6310
6 354 3179 15888 15889 15891 15896
6 214 530 1230 1237 1368 2065
6 200 609 2522 3194 4011 8455
6 204 735 2571 3010 3280 6611
6 742 8279 13090 13622 15917 15922
6 176 305 371 450 462 539
6 406 923 1397 1504 1663 2337
1 300
6 277 640 2964 3153 4612 8167
6 283 517 793 1089 1391 1919
6 184 1081 1660 2106 2332 4351
6 190 891 2511 2612 4003 8390
6 360 1746 4640 5319 6324 9594
6 177 1975 10247 11470 11933 15956
6 149 984 5863 7853 8120 15967
6 245 1418 6253 6257 8758 11828
6 221 323 522 525 539 700
6 282 346 529 538 680 1023
6 1197 6259 15980 15981 15983 15988
6 221 511 2641 3058 4663 7005
6 221 1405 3263 3663 4032 6171
6 372 969 1641 1663 2366 3291
6 222 536 1237 1286 1973 3185
6 39 6733 16006 16007 16009 16014
6 223 314 532 534 668 1366
6 283 372 673 676 695 1025
6 184 532 1503 1504 1663 2524
6 201 527 1403 1415 1506 3620
6 167 419 849 889 1039 1381
6 246 537 1466 1491 2008 5127
6 327 1581 13016 15899 16028 16033
6 83 1052 1824 1888 2801 3620
6 211 1192 4009 6242 6467 7577
6 75 608 1415 1510 2068 3181
6 726 2328 4040 4167 5563 9101
6 283 3061 7862 7917 9115 15278
6 37 3501 10644 10851 16062 16067
6 167 969 2181 2327 2351 4022
6 190 444 1081 1089 1366 3180
6 90 950 1509 2327 2560 3844
6 228 675 1234 1237 1407 2250
6 12487 16098 16109 16110 16112 16117
6 221 13749 16131 16132 16134 16139
6 161 668 2504 2506 3454 3872
6 287 675 1675 1681 2781 16031
6 300 2328 7654 7663 10340 16153
6 377 1391 4035 5353 5907 10517
6 12001 16180 16191 16192 16194 16199
6 200 1391 3085 3229 4032 8278
6 228 538 2076 2079 2506 4266
6 377 3661 5841 6167 6691 10625
6 511 1344 2326 2327 2332 3408
5 691 16229 16240 16241 16243
6 908 1343 1989 2327 3439 5774
6 1193 3733 11389 13072 13077 16254
6 422 3438 12382 13273 15679 16267
6 286 519 1023 1025 1419 1919
6 724 9195 16279 16280 16282 16287
6 447 3508 7307 9009 10647 16296
6 83 973 3050 3189 3271 9237
6 2715 16313 16324 16325 16327 16332
4 700 2332 16343 16344
6 151 904 2164 2293 3466 10982
6 282 469 1571 1604 2439 7968
6 327 1045 4488 4663 5021 7546
6 282 371 532 534 894 1237
6 1722 4146 10273 10863 12500 16365
6 193 889 3221 3566 3663 8081
6 201 1237 3374 3691 4695 9455
6 214 1110 1960 1965 3201 5368
6 184 466 894 921 1237 1919
6 149 462 1113 1435 2168 4355
6 6194 16402 16413 16414 16416 16421
6 729 3244 8475 8497 10639 12679
6 412 4148 16435 16436 16438 16443
6 390 2355 8489 11080 13786 16456
6 221 1397 6035 6061 15405 16469
6 557 1797 3698 3812 4167 5053
6 474 7481 12319 14040 16478 16483
6 753 10203 16500 16501 16503 16508
6 224 1369 3452 3907 4522 9515
0
6 251 327 894 899 1028 3452
6 251 325 695 894 899 2074
6 211 968 3571 4021 4813 8258
6 406 1349 2227 2332 3064 6491
6 283 517 899 900 963 4170
6 167 419 683 691 697 1089
6 79 995 3250 3259 3865 8354
6 368 2101 8856 9333 9352 15240
6 151 542 1118 1234 1455 2009
6 360 3429 13474 14334 15270 16544
6 190 1153 3993 4115 6281 14638
6 181 492 1237 1663 2065 3665
6 1147 11250 16567 16568 16570 16575
6 149 310 891 894 950 2009
6 167 453 675 953 1444 2337
6 167 1089 2262 2504 3465 5030
6 223 1506 3671 4368 5421 8507
6 2164 9448 16595 16596 16598 16603
6 244 2853 9476 9589 10533 16612
6 161 4364 16623 16624 16626 16631
6 286 1023 4936 5154 5863 11356
6 219 1371 7113 7250 10838 14733
6 222 1973 3691 3721 4632 6098
6 153 534 1189 1232 1349 2161
6 371 1012 1865 2420 2823 6131
6 184 889 3006 3242 4032 8799
6 483 1121 4260 4522 5662 10399
6 156 497 1852 2414 2939 5030
6 492 1859 4781 5010 6278 8520
6 166 2810 5768 9237 9943 12529
6 168 1968 3949 3993 7468 15893
6 223 1334 2221 2236 2429 3693
6 2088 16691 16702 16703 16705 16710
6 200 1113 4620 4917 5825 11594
6 599 3407 12920 13321 14862 16728
6 1910 4973 16537 16737 16739 16744
6 480 1090 1865 2365 2718 5822
6 255 1755 5620 6330 8510 16756
6 228 957 3107 3271 3347 5629
6 418 2448 5330 5423 7831 16769
5 1403 16784 16795 16796 16798
6 475 2106 7606 7649 10033 13637
6 70 1869 13028 16809 16811 16816
6 494 1123 3068 3580 4008 9938
6 251 721 1824 1839 2036 4063
6 146 710 1097 1107 1122 1692
6 296 1429 3184 3340 4176 13106
6 202 1230 3363 4032 5317 11539
6 167 493 963 1053 1109 3166
6 406 3668 6628 7581 8077 15203
6 215 1240 3438 3665 4708 6582
6 282 462 1028 1035 1234 2211
6 211 1624 7643 9245 13487 16861
6 151 2071 4973 4978 6355 8854
6 283 1604 3304 3533 3537 4178
6 153 988 2918 3181 3663 12533
6 283 520 894 1028 1036 1466
6 285 675 1604 1919 3061 4393
6 426 5307 11739 12053 14418 16889
6 282 406 883 898 1112 2431
6 219 1121 2515 2591 4009 7025
6 233 308 739 1089 1835 3453
6 203 608 1368 1397 1630 2519
6 221 1110 2364 2575 2771 4023
6 261 2886 6742 6755 8303 11359
6 3008 9561 16915 16916 16918 16923
6 412 2152 3919 4026 5224 12381
6 151 304 674 691 708 1089
6 167 1145 2086 2443 3043 5482
6 1158 7337 16939 16940 16942 16947
6 441 6802 8812 8815 12968 16956
6 156 746 1726 1727 1761 6611
6 700 1360 2545 2767 2839 4081
6 151 455 894 976 1089 1919
6 221 883 5310 5629 7042 16972
6 471 3447 7509 8388 10042 11503
6 166 1066 3810 4030 4410 10212
6 279 520 1097 1107 1477 4468
6 492 944 1913 1918 2047 2939
6 374 948 2327 2328 2644 2824
6 167 1404 3583 3593 3633 6678
6 283 781 3167 3173 3829 7239
6 6125 17004 17015 17016 17018 17023
6 1596 2696 6742 6756 13640 17034
6 430 1979 3998 4491 9439 15128
6 189 1088 2609 3037 3183 3620
6 520 3037 13635 14604 16719 17054
6 197 911 1795 3166 3256 5290
6 327 1368 4144 4153 5573 9923
6 469 5482 17071 17072 17074 17079
6 216 859 2250 2429 3421 4285
6 189 480 1232 1380 2820 3687
6 167 1107 2045 2364 3177 4963
6 322 2221 9659 10144 17093 17098
6 511 921 1333 1518 1663 3203
6 758 3487 8098 11264 12485 17111
6 167 749 3751 4142 4963 6311
6 1402 17124 17135 17136 17138 17143
6 763 3917 17153 17154 17156 17161
6 406 1401 7263 8889 8895 11529
6 201 848 1367 1391 1493 1961
6 190 683 1400 1415 1624 2581
6 180 433 1461 1528 1759 2795
6 214 1510 3037 3084 3805 6219
6 197 953 1738 1763 1786 3794
6 90 983 1872 1877 2511 3227
6 192 1217 2774 2816 2946 3706
6 1772 15508 17198 17199 17201 17206
6 292 1396 4506 4507 5370 9532
6 285 346 673 675 788 1442
6 536 3107 8391 8514 8954 12478
6 201 533 1089 1381 1503 1975
6 284 346 674 675 685 1023
6 289 1461 2963 2967 3783 5098
6 286 675 1571 1600 1681 9016
6 184 710 4351 5096 5765 8458
6 153 2168 17245 17246 17248 17253
6 287 1025 4663 4922 5561 17263
6 597 2652 4755 5035 8021 12057
6 177 973 2515 2581 3166 8699
6 156 2297 10913 11340 12262 16959
6 167 460 2068 2079 2526 4171
6 61 616 1600 1623 2119 2612
6 222 532 976 1237 1623 3180
6 184 480 1415 1501 1746 2795
6 854 9312 17294 17295 17297 17302
6 593 3844 14785 16121 17311 17316
6 184 304 529 537 891 1443
6 224 460 697 698 748 1381
6 165 876 3423 3429 3672 5665
6 184 616 1096 1366 1461 3367
6 203 1083 1857 2819 3064 4646
6 497 1330 2337 2774 3031 4093
6 685 2597 4178 4343 6066 6628
6 209 952 4003 4069 5765 9590
6 418 3033 6856 10150 13296 17337
6 30 946 1702 1705 2023 3207
6 66 1083 2696 3243 3376 8913
6 1438 8457 17356 17357 17359 17364
6 228 2596 6566 7468 10227 17374
6 157 2207 4042 4047 5243 9948
6 371 969 2943 3388 4052 5337
6 293 675 1028 1443 1449 2076
6 66 1074 4995 5547 8911 17392
6 449 4051 9500 9817 11715 15606
6 327 1096 2718 3361 3429 3949
6 177 716 1604 1969 2809 4173
6 282 452 698 898 1023 1446
6 720 2359 6653 6892 7758 14188
6 282 537 2781 3454 3520 6107
6 205 1237 3061 3085 3567 6170
6 222 684 1623 1845 2185 9867
6 294 460 825 1033 1438 2092
6 494 2355 9030 9401 9722 17431
6 820 7566 17443 17444 17446 17451
6 259 1415 4170 6287 7819 9815
6 228 889 1663 2509 3054 6069
6 223 807 1663 1664 1848 3296
6 251 529 2049 2375 2380 4099
6 285 777 3336 3452 3525 13106
6 66 435 992 1043 1112 1504
6 221 963 3180 3185 3668 5315
6 176 845 1237 1240 1360 1705
6 220 1623 5324 5331 8501 15124
6 294 784 2412 2417 2960 4139
6 75 1367 3252 4224 6012 16389
6 225 1381 3568 3988 4364 8448
6 153 1695 11123 11214 13166 17505
6 201 1039 3180 3363 4368 8504
0
6 221 1949 4009 4887 6091 12528
6 203 327 673 695 906 1370
6 201 326 1630 1920 2766 4609
6 701 3733 11355 12857 13265 17527
6 1392 7967 15824 15825 17537 17542
6 201 1039 2264 2580 3086 3620
6 712 2328 3433 3698 4167 6040
6 338 2436 5526 5528 9167 16867
6 4862 17566 17577 17578 17580 17585
6 167 746 3089 3263 3663 4227
6 153 428 1367 1385 1501 3438
6 1930 6908 17597 17598 17600 17605
6 828 6132 8324 8328 8332 13136
