7 1 11 20 26 34 41 56
1 71
5 79 89 98 104 112
8 117 127 136 142 150 157 172 189
9 193 203 212 218 226 233 248 265 270
9 278 288 297 303 311 318 333 350 355
8 364 374 383 389 397 404 419 436
11 439 449 458 464 472 479 494 511 516 524 526
7 531 541 550 556 564 571 586
7 594 604 613 619 627 634 649
8 658 668 677 683 691 698 713 730
3 735 745 754
9 759 769 778 784 792 799 814 831 836
7 461 850 859 865 873 880 895
9 906 916 925 931 939 946 961 978 983
6 987 997 1006 1012 1020 1027
7 1030 1040 1049 1055 1063 1070 1085
7 1087 1097 1106 1112 1120 1127 1142
6 1151 1161 1170 1176 1184 1191
1 1200
7 1202 1212 1221 1227 1235 1242 1257
8 1273 1283 1292 1298 1306 1313 1328 1345
11 455 1357 1366 1372 1380 1387 1402 1419 1424 1432 1434
7 1437 1447 1456 1462 1470 1477 1492
9 1501 1511 1520 1526 1534 1541 1556 1573 1578
7 1585 1595 1604 1610 1618 1625 1640
11 260 1659 1668 1674 1682 1689 1704 1721 1726 1734 1736
7 1739 1749 1758 1764 1772 1779 1794
7 1043 1814 1823 1829 1837 1844 1859
8 907 1870 1879 1885 1893 1900 1915 1932
7 1937 1947 1956 1962 1970 1977 1992
8 1408 2005 2014 2020 2028 2035 2050 2067
8 2070 2080 2089 2095 2103 2110 2125 2142
6 1030 2145 2154 2160 2168 2175
7 1628 2195 2204 2210 2218 2225 2240
7 2247 2257 2266 2272 2280 2287 2302
7 2310 2320 2329 2335 2343 2350 2365
11 2378 2388 2397 2403 2411 2418 2433 2450 2455 2463 2465
8 446 2470 2479 2485 2493 2500 2515 2532
6 1907 2546 2555 2561 2569 2576
6 2588 2598 2607 2613 2621 2628
5 2635 2645 2654 2660 2668
8 455 2683 2692 2698 2706 2713 2728 2745
1 2747
7 772 2763 2772 2778 2786 2793 2808
7 1382 2826 2835 2841 2849 2856 2871
7 2527 2882 2891 2897 2905 2912 2927
7 2937 2947 2956 2962 2970 2977 2992
9 1751 3013 3022 3028 3036 3043 3058 3075 3080
11 1386 3087 3096 3102 3110 3117 3132 3149 3154 3162 3164
2 3168 3178
9 2021 3192 3201 3207 3215 3222 3237 3254 3259
4 3263 3273 3282 3288
8 2188 3302 3311 3317 3325 3332 3347 3364
9 881 3375 3384 3390 3398 3405 3420 3437 3442
7 402 3449 3458 3464 3472 3479 3494
7 135 3516 3525 3531 3539 3546 3561
7 3569 3579 3588 3594 3602 3609 3624
8 1660 3640 3649 3655 3663 3670 3685 3702
10 243 3711 3720 3726 3734 3741 3756 3773 3778 3786
7 3787 3797 3806 3812 3820 3827 3842
7 2829 3867 3876 3882 3890 3897 3912
7 3929 3939 3948 3954 3962 3969 3984
5 3991 4001 4010 4016 4024
9 4025 4035 4044 4050 4058 4065 4080 4097 4102
9 596 4115 4124 4130 4138 4145 4160 4177 4182
9 2581 4188 4197 4203 4211 4218 4233 4250 4255
11 2485 4263 4272 4278 4286 4293 4308 4325 4330 4338 4340
8 2726 4349 4358 4364 4372 4379 4394 4411
7 4414 4424 4433 4439 4447 4454 4469
8 1010 4486 4495 4501 4509 4516 4531 4548
9 3235 4562 4571 4577 4585 4592 4607 4624 4629
10 443 2702 4639 4645 4653 4660 4675 4692 4697 4705
6 1932 4712 4721 4727 4735 4742
9 447 4759 4768 4774 4782 4789 4804 4821 4826
6 1045 4840 4849 4855 4863 4870
8 4387 4881 4890 4896 4904 4911 4926 4943
6 4793 4954 4967 4981 4991 4999
9 5007 5017 5026 5032 5040 5047 5062 5079 5084
8 3720 5094 5103 5109 5117 5124 5139 5156
9 5159 5169 5178 5184 5192 5199 5214 5231 5236
7 412 5242 5251 5257 5265 5272 5287
9 264 5290 5299 5305 5313 5320 5335 5352 5357
8 1909 5371 5380 5386 5394 5401 5416 5433
8 2475 5440 5449 5455 5463 5470 5485 5502
7 2475 5513 5522 5528 5536 5543 5558
9 129 4972 5570 5576 5584 5591 5606 5623 5628
9 427 5637 5646 5652 5660 5667 5682 5699 5704
8 3341 5714 5723 5729 5737 5744 5759 5776
9 2107 5785 5794 5800 5808 5815 5830 5847 5852
7 3097 5861 5870 5876 5884 5891 5906
9 495 5915 5924 5930 5938 5945 5960 5977 5982
6 2474 5997 6006 6012 6020 6027
9 4129 6042 6051 6057 6065 6072 6087 6104 6109
7 6111 6121 6130 6136 6144 6151 6166
7 955 6184 6195 6201 6209 6216 6233
8 528 6250 6259 6265 6273 6280 6295 6312
11 2678 6318 6327 6333 6341 6348 6363 6380 6385 6393 6395
8 1654 6400 6409 6415 6423 6430 6445 6462
4 6466 6476 6485 6491
9 1664 6502 6511 6517 6525 6532 6547 6564 6569
3 6571 6581 6590
3 6596 6606 6615
9 6619 6629 6638 6644 6652 6659 6674 6691 6696
7 1124 6706 6715 6721 6729 6736 6751
7 2513 6768 6777 6783 6791 6798 6813
4 2884 6829 6838 6844
5 4154 6857 6866 6872 6880
9 3064 6893 6902 6908 6916 6923 6938 6955 6960
6 2974 6972 6981 6987 6995 7002
5 1370 7019 7028 7034 7042
9 3718 7050 7059 7065 7073 7080 7095 7112 7117
6 2475 7123 7132 7138 7146 7153
7 2724 7168 7177 7183 7191 7198 7213
11 757 5733 7227 7233 7241 7248 7263 7280 7285 7293 7295
6 2957 7304 7313 7319 7327 7334
9 412 3468 7345 7351 7359 7366 7381 7398 7403
2 7407 7417
7 1217 7428 7437 7443 7451 7458 7473
8 3345 7496 7505 7511 7519 7526 7541 7558
8 1215 7567 7576 7582 7590 7597 7612 7629
7 7526 7641 7650 7656 7664 7671 7686
5 2474 7694 7703 7709 7717
11 2701 6421 7725 7731 7739 7746 7761 7778 7783 7791 7793
11 3586 7798 7807 7813 7821 7828 7843 7860 7865 7873 7875
7 757 7884 7893 7899 7907 7914 7929
7 2192 7949 7958 7964 7972 7979 7994
7 2057 8010 8019 8025 8033 8040 8055
9 4025 8076 8085 8091 8099 8106 8121 8138 8143
7 2317 8147 8156 8162 8170 8177 8192
4 8206 8216 8225 8231
4 8235 8245 8254 8260
7 412 4852 8267 8273 8281 8288 8303
1 8313
9 8323 8333 8342 8348 8356 8363 8378 8395 8400
9 406 3843 7651 8413 8421 8428 8443 8460 8465
2 8470 8480
2 8486 8496
2 8483 8513
9 7573 8528 8537 8543 8551 8558 8573 8590 8595
7 1212 6523 8603 8609 8617 8624 8639
8 3383 8653 8662 8668 8676 8683 8698 8715
11 3067 7359 8722 8728 8736 8743 8758 8775 8780 8788 8790
11 766 5883 8798 8804 8812 8819 8834 8851 8856 8864 8866
8 6426 8874 8883 8889 8897 8904 8919 8936
7 1920 8942 8951 8957 8965 8972 8987
6 8998 9008 9017 9023 9031 9038
10 223 5690 9055 9061 9069 9076 9091 9108 9113 9121
6 3286 9127 9136 9142 9150 9157
6 9169 9179 9188 9194 9202 9209
7 1792 9220 9229 9235 9243 9250 9265
9 1235 9276 9285 9291 9299 9306 9321 9338 9343
7 1676 8296 9358 9364 9372 9379 9394
7 2828 9408 9417 9423 9431 9438 9453
8 264 8736 9462 9468 9476 9483 9498 9515
9 3341 9523 9532 9538 9546 9553 9568 9585 9590
7 2652 9601 9610 9616 9624 9631 9646
8 2813 9522 9655 9661 9669 9676 9691 9708
6 902 9716 9725 9731 9739 9746
6 2184 9766 9775 9781 9789 9796
9 1741 7347 9811 9817 9825 9832 9847 9864 9869
3 2754 9880 9889
2 2751 9898
6 1610 9910 9919 9925 9933 9940
9 1304 9949 9958 9964 9972 9979 9994 10011 10016
10 5254 10026 10035 10041 10049 10056 10071 10088 10093 10101
10 1719 10104 10113 10119 10127 10134 10149 10166 10171 10179
9 4977 10183 10192 10198 10206 10213 10228 10245 10250
9 8765 10266 10275 10281 10289 10296 10311 10328 10333
7 1932 10342 10351 10357 10365 10372 10387
9 257 7072 10398 10404 10412 10419 10434 10451 10456
11 2219 10463 10472 10478 10486 10493 10508 10525 10530 10538 10540
7 2971 10544 10553 10559 10567 10574 10589
6 3987 10605 10614 10620 10628 10635
8 2975 10508 10654 10660 10668 10675 10690 10707
9 1707 8467 10717 10723 10731 10738 10753 10770 10775
6 10778 10788 10797 10803 10811 10818
7 987 10823 10832 10838 10846 10853 10868
10 2866 8996 10884 10890 10898 10905 10920 10937 10942 10950
4 10952 10962 10971 10977
9 1881 9468 10985 10991 10999 11006 11021 11038 11043
9 424 7015 11054 11060 11068 11075 11090 11107 11112
6 1915 11118 11127 11133 11141 11148
9 786 10157 11163 11169 11177 11184 11199 11216 11221
9 450 7518 11227 11233 11241 11248 11263 11280 11285
7 9990 11297 11306 11312 11320 11327 11342
7 94 3793 11362 11368 11376 11383 11398
5 1186 11411 11420 11426 11434
7 1865 11445 11454 11460 11468 11475 11490
7 5176 8126 11501 11507 11515 11522 11537
9 1478 11552 11561 11567 11575 11582 11597 11614 11619
7 152 11623 11632 11638 11646 11653 11668
9 2828 11681 11690 11696 11704 11711 11726 11743 11748
8 4791 11754 11763 11769 11777 11784 11799 11816
9 757 11822 11831 11837 11845 11852 11867 11884 11889
9 438 4682 11892 11898 11906 11913 11928 11945 11950
7 11541 11964 11973 11979 11987 11994 12009
6 555 12027 12036 12042 12050 12057
9 3892 12072 12081 12087 12095 12102 12117 12134 12139
7 7239 12151 12160 12166 12174 12181 12196
8 3586 12156 12171 12178 12190 12216 12231 12248
9 1660 7448 12256 12262 12270 12277 12292 12309 12314
8 1358 7352 12319 12325 12333 12340 12355 12372
6 2576 12383 12392 12398 12406 12413
8 2576 12420 12429 12435 12443 12450 12465 12482
10 247 3645 7518 12220 12490 12497 12512 12529 12534 12542
9 192 3485 6629 8972 12543 12550 12565 12582 12587
5 12589 12599 12608 12614 12622
7 3424 12630 12639 12645 12653 12660 12675
7 1217 12682 12691 12697 12705 12712 12727
7 5190 12739 12748 12754 12762 12769 12784
6 1402 12797 12806 12812 12820 12827
11 450 4688 7390 9937 12588 12840 12855 12872 12877 12885 12887
7 2912 12894 12903 12909 12917 12924 12939
9 2568 12953 12962 12968 12976 12983 12998 13015 13020
7 2582 13031 13040 13046 13054 13061 13076
6 1513 13099 13108 13114 13122 13129
2 8481 13149
7 3665 13159 13168 13174 13182 13189 13204
7 1644 13210 13219 13225 13233 13240 13255
9 5726 13261 13270 13276 13284 13291 13306 13323 13328
7 2506 13332 13341 13347 13355 13362 13377
8 907 7479 10994 13393 13401 13408 13423 13440
9 902 5690 13448 13454 13462 13469 13484 13501 13506
5 6231 13519 13528 13534 13542
8 107 13545 13554 13560 13568 13575 13590 13607
4 13553 13617 13626 13632
7 6587 13643 13652 13658 13666 13673 13688
9 3864 7854 13704 13710 13718 13725 13740 13757 13762
8 907 5796 13770 13776 13784 13791 13806 13823
7 894 4650 7494 13826 13834 13841 13856
1 5194
8 547 11337 13883 13889 13897 13904 13919 13936
7 1693 12363 13945 13951 13959 13966 13981
6 4758 14000 14009 14015 14023 14030
8 1429 8816 14039 14045 14053 14060 14075 14092
9 1891 9905 14100 14106 14114 14121 14136 14153 14158
7 7125 14171 14180 14186 14194 14201 14216
7 5246 14219 14228 14234 14242 14249 14264
7 2076 14176 14284 14290 14298 14305 14320
9 407 14331 14340 14346 14354 14361 14376 14393 14398
7 14405 14415 14424 14430 14438 14445 14460
2 8822 14469
9 1971 14477 14486 14492 14500 14507 14522 14539 14544
7 7580 14557 14566 14572 14580 14587 14602
4 1137 14612 14621 14627
7 4155 14635 14644 14650 14658 14665 14680
8 2866 14687 14696 14702 14710 14717 14732 14749
8 4838 14636 14762 14768 14776 14783 14798 14815
5 2475 14824 14833 14839 14847
2 14850 14860
9 192 2533 14098 14874 14882 14889 14904 14921 14926
11 452 3481 12862 14935 14943 14950 14965 14982 14987 14995 14997
9 1993 9956 15007 15013 15021 15028 15043 15060 15065
8 134 15070 15079 15085 15093 15100 15115 15132
9 2372 11552 15142 15148 15156 15163 15178 15195 15200
1 15204
8 1386 8061 15217 15223 15231 15238 15253 15270
7 1654 8661 8700 15272 15280 15287 15302
7 4288 15321 15330 15336 15344 15351 15366
4 1654 15386 15395 15401
9 1881 7252 14155 15406 15414 15421 15436 15453 15458
7 1654 8083 15463 15469 15477 15484 15499
7 1005 15507 15516 15522 15530 15537 15552
7 2022 15571 15580 15586 15594 15601 15616
7 192 15629 15638 15644 15652 15659 15674
6 3400 15684 15693 15699 15707 15715
5 8988 15733 15742 15748 15756
7 1815 15761 15770 15776 15784 15791 15806
7 902 4131 14075 15816 15824 15831 15846
7 3430 15865 15874 15880 15888 15895 15910
6 1628 15921 15930 15936 15944 15951
7 1370 15965 15974 15980 15988 15995 16010
7 3537 16022 16031 16037 16045 16052 16067
9 902 3864 14114 16082 16090 16097 16112 16129 16134
6 1660 16136 16145 16151 16159 16166
11 3864 16174 16183 16189 16197 16204 16219 16236 16241 16249 16251
6 1212 16259 16268 16274 16282 16289
5 1212 16297 16306 16312 16320
11 1700 16326 16335 16341 16349 16356 16371 16388 16393 16401 16403
7 1991 16408 16417 16423 16431 16438 16453
7 1229 16470 16479 16485 16493 16500 16515
10 1931 8053 16521 16527 16535 16542 16557 16574 16579 16587
9 446 5661 16592 16598 16606 16613 16628 16645 16650
7 2474 15631 16661 16667 16675 16682 16697
7 766 16715 16724 16730 16738 16745 16760
8 14034 16777 16786 16792 16800 16807 16822 16839
6 4876 16850 16859 16865 16873 16880
7 5745 16902 16911 16917 16925 16932 16947
7 3341 16966 16975 16981 16989 16996 17011
8 778 17027 17036 17042 17050 17057 17072 17089
8 406 17092 17101 17107 17115 17122 17137 17154
7 11393 17163 17172 17178 17186 17193 17208
6 1971 17220 17229 17235 17243 17250
9 2580 11676 17259 17265 17273 17280 17295 17312 17317
8 2368 5139 12957 17326 17334 17341 17356 17373
8 2230 6441 14221 17380 17388 17395 17410 17427
7 2345 17296 17439 17445 17453 17460 17475
8 3949 17489 17498 17504 17512 17519 17534 17551
7 5348 17560 17569 17575 17583 17590 17605
11 2058 17617 17626 17632 17640 17647 17662 17679 17684 17692 17694
6 2735 17702 17711 17717 17725 17732
10 1217 6923 17738 17744 17752 17759 17774 17791 17796 17804
9 1885 13305 17811 17817 17825 17832 17847 17864 17869
10 1224 5088 12163 16466 17876 17883 17898 17915 17920 17928
6 2470 16714 17937 17943 17951 17958
1 17964
7 5719 17973 17982 17988 17996 18003 18018
7 1188 6332 18031 18037 18045 18052 18067
7 1188 15363 18086 18092 18100 18107 18122
9 2647 13655 18141 18147 18155 18162 18177 18194 18199
7 18201 18211 18220 18226 18234 18241 18256
8 1005 8032 18271 18277 18285 18292 18307 18324
7 442 8661 18329 18335 18343 18350 18365
7 8786 18385 18394 18400 18408 18415 18430
4 17880 18445 18454 18460
7 1822 6964 16113 18468 18476 18483 18498
7 1045 15779 18514 18520 18528 18535 18550
7 1357 16688 18558 18564 18572 18579 18594
8 1741 7494 18602 18608 18616 18623 18638 18655
7 152 18661 18670 18676 18684 18691 18706
6 769 16079 18715 18721 18729 18736
6 18740 18750 18759 18765 18773 18780
7 1554 16803 18798 18804 18812 18819 18834
7 1217 12573 18852 18858 18866 18873 18888
8 757 12325 18905 18911 18919 18926 18941 18958
8 1186 14819 18968 18974 18982 18989 19004 19021
6 2383 16187 19032 19038 19046 19053
9 1215 10093 19070 19076 19084 19091 19106 19123 19128
6 12318 19140 19149 19155 19163 19170
9 1843 16223 19186 19192 19200 19207 19222 19239 19244
7 7731 19250 19259 19265 19273 19280 19295
2 19299 19309
9 4799 5175 5184 11499 11767 11818 19328 19345 19350
7 3356 19363 19372 19378 19386 19393 19408
9 2742 19412 19421 19427 19435 19442 19457 19474 19479
6 2475 19487 19496 19502 19510 19517
7 163 15508 19525 19531 19539 19546 19561
7 174 19575 19584 19590 19598 19605 19620
7 44 12060 19633 19639 19647 19654 19669
9 5745 19686 19695 19701 19709 19716 19731 19748 19753
9 3360 19762 19771 19777 19785 19792 19807 19824 19829
7 37 1582 19838 19844 19852 19859 19874
6 139 19887 19896 19902 19910 19917
7 1215 13471 19932 19938 19946 19953 19968
9 2727 10322 19990 19996 20004 20011 20026 20043 20048
7 443 14362 20058 20064 20072 20079 20094
9 414 4236 7614 16520 20115 20122 20137 20154 20159
9 1678 7282 20136 20167 20175 20182 20197 20214 20219
11 993 8171 13133 17292 20223 20230 20245 20262 20267 20275 20277
7 2481 15982 20285 20291 20299 20306 20321
9 5135 20343 20352 20358 20366 20373 20388 20405 20410
6 135 20416 20425 20431 20439 20446
7 6557 20462 20471 20477 20485 20492 20507
7 3270 20524 20533 20539 20547 20554 20569
10 1751 20580 20589 20595 20603 20610 20625 20642 20647 20655
7 2757 20657 20666 20672 20680 20687 20702
5 2957 20712 20721 20727 20735
7 466 20741 20750 20756 20764 20771 20786
7 5377 13329 20802 20808 20816 20823 20838
7 1822 20846 20855 20861 20869 20876 20891
8 1350 11107 20905 20911 20919 20926 20941 20958
9 1617 8075 16459 20963 20971 20978 20993 21010 21015
9 450 4705 20975 21025 21033 21040 21055 21072 21077
2 17556 21088
11 4803 21104 21113 21119 21127 21134 21149 21166 21171 21179 21181
6 556 21186 21195 21201 21209 21216
1 21231
8 2568 13734 21239 21245 21253 21260 21275 21292
8 500 13968 21301 21307 21315 21322 21337 21354
9 2828 7875 21360 21366 21374 21381 21396 21413 21418
7 3800 21423 21432 21438 21446 21453 21468
7 768 21470 21479 21485 21493 21500 21515
9 172 21527 21536 21542 21550 21557 21572 21589 21594
7 1582 12183 19089 21599 21607 21614 21629
2 8483 21649
7 3393 21658 21667 21673 21681 21688 21703
9 21710 21720 21729 21735 21743 21750 21765 21782 21787
7 7921 21792 21801 21807 21815 21822 21837
6 2216 21857 21866 21872 21880 21887
11 3291 21893 21902 21908 21916 21923 21938 21955 21960 21968 21970
8 556 21613 21982 21988 21996 22003 22018 22035
7 556 22040 22049 22055 22063 22070 22085
8 1304 5334 22102 22108 22116 22123 22138 22155
9 1915 12185 22159 22165 22173 22180 22195 22212 22217
7 2954 22223 22232 22238 22246 22253 22268
9 2967 22272 22281 22287 22295 22302 22317 22334 22339
8 5139 18915 22354 22360 22368 22375 22390 22407
7 493 7373 22414 22420 22428 22435 22450
7 1397 22464 22473 22479 22487 22494 22509
9 3478 19931 22524 22530 22538 22545 22560 22577 22582
8 406 6924 12884 22589 22597 22604 22619 22636
6 3401 22643 22652 22658 22666 22673
9 1217 6684 22684 22690 22698 22705 22720 22737 22742
6 6379 22744 22753 22759 22767 22774
9 4521 22786 22795 22801 22809 22816 22831 22848 22853
7 1662 22858 22867 22873 22881 22888 22903
6 22914 22924 22933 22939 22947 22954
7 6230 22963 22972 22978 22986 22993 23008
9 7816 23020 23029 23035 23043 23050 23065 23082 23087
7 591 23092 23101 23107 23115 23122 23137
7 8049 23147 23156 23162 23170 23177 23192
6 3289 23210 23219 23225 23233 23240
8 3284 15911 23260 23266 23274 23281 23296 23313
7 3540 23314 23323 23329 23337 23344 23359
7 1278 23369 23378 23384 23392 23399 23414
4 6471 23434 23443 23449
7 1529 13776 23459 23465 23473 23480 23495
9 453 8449 23502 23508 23516 23523 23538 23555 23560
8 976 20616 23574 23580 23588 23595 23610 23627
9 442 15191 23635 23641 23649 23656 23671 23688 23693
9 1991 7753 16165 21359 23703 23710 23725 23742 23747
8 874 8082 23752 23758 23766 23773 23788 23805
9 6505 23812 23821 23827 23835 23842 23857 23874 23879
9 3529 15157 21602 23884 23892 23899 23914 23931 23936
11 993 8015 15191 15568 19564 23939 23954 23971 23976 23984 23986
9 2230 12893 19565 23991 23999 24006 24021 24038 24043
6 21608 24054 24063 24069 24077 24084
7 3388 24095 24104 24110 24118 24125 24140
9 945 10280 19608 24147 24155 24162 24177 24194 24199
7 2583 24208 24217 24223 24231 24238 24253
6 7245 24262 24271 24277 24285 24292
5 4772 24306 24315 24321 24329
9 7245 24338 24347 24353 24361 24368 24383 24400 24405
9 3441 15219 24415 24421 24429 24436 24451 24468 24473
9 470 6280 16082 23961 24485 24492 24507 24524 24529
7 3324 24532 24541 24547 24555 24562 24577
8 1217 6895 16435 24592 24600 24607 24622 24639
11 134 5248 8854 18489 23104 24643 24658 24675 24680 24688 24690
7 2678 12344 24698 24704 24712 24719 24734
8 9468 24747 24756 24762 24770 24777 24792 24809
7 855 15504 24818 24824 24832 24839 24854
4 24859 24869 24878 24884
2 24891 24901
9 1654 13477 23099 24910 24918 24925 24940 24957 24962
7 577 10929 18552 24965 24973 24980 24995
7 1357 18712 25014 25020 25028 25035 25050
7 4194 23444 25071 25077 25085 25092 25107
7 1018 24649 25126 25132 25140 25147 25162
8 500 25176 25185 25191 25199 25206 25221 25238
8 1556 18299 25242 25248 25256 25263 25278 25295
7 1822 19271 25303 25309 25317 25324 25339
7 4959 25355 25364 25370 25378 25385 25400
7 8292 25414 25423 25429 25437 25444 25459
9 2773 19218 25466 25472 25480 25487 25502 25519 25524
9 479 5911 24108 25530 25538 25545 25560 25577 25582
7 7795 25593 25602 25608 25616 25623 25638
7 1928 12568 25648 25654 25662 25669 25684
9 4195 25699 25708 25714 25722 25729 25744 25761 25766
6 1628 25768 25777 25783 25791 25798
6 17536 25818 25827 25833 25841 25848
11 408 10313 25858 25864 25872 25879 25894 25911 25916 25924 25926
9 2576 9379 25931 25937 25945 25952 25967 25984 25989
7 4946 25998 26007 26013 26021 26028 26043
8 3064 24693 26061 26067 26075 26082 26097 26114
4 5161 5190 19332 26119
7 2060 26128 26137 26143 26151 26158 26173
9 556 14397 26182 26188 26196 26203 26218 26235 26240
6 5317 26247 26256 26262 26270 26277
6 2750 26285 26294 26300 26308 26315
4 5803 26330 26339 26345
11 1643 16570 26356 26362 26370 26377 26392 26409 26414 26422 26424
7 1357 7458 16088 26428 26436 26443 26458
7 2867 26472 26481 26487 26495 26502 26517
7 4929 24190 26541 26547 26555 26562 26577
7 5285 26593 26602 26608 26616 26623 26638
5 850 26645 26654 26660 26668
9 168 4194 11860 14623 26674 26681 26696 26713 26718
7 1212 9653 26722 26728 26736 26743 26758
7 9816 25070 26772 26778 26786 26793 26808
7 18299 26820 26829 26835 26843 26850 26865
3 1670 26881 26890
7 10138 26900 26909 26915 26923 26930 26945
7 907 20154 26954 26960 26968 26975 26990
1 17438
6 6924 27012 27021 27027 27035 27042
4 5426 27064 27073 27079
9 4138 16774 22640 27084 27092 27099 27114 27131 27136
7 26677 27149 27158 27164 27172 27179 27194
8 1676 27197 27206 27212 27220 27227 27242 27259
9 2582 27261 27270 27276 27284 27291 27306 27323 27328
7 152 17026 27338 27344 27352 27359 27374
2 9887 27394
6 27400 27410 27419 27425 27433 27440
6 795 27451 27460 27466 27474 27481
6 1605 7365 26192 27490 27498 27505
6 27518 27528 27537 27543 27551 27558
7 2701 27564 27573 27579 27587 27594 27609
6 16087 27626 27635 27641 27649 27656
4 27663 27673 27682 27688
7 3687 15498 27694 27700 27708 27715 27730
6 1212 15246 27744 27750 27758 27765
1 27768
2 7990 27779
6 27782 27792 27801 27807 27815 27822
1 27835
7 4876 27846 27855 27861 27869 27876 27891
6 27895 27905 27914 27920 27928 27935
0
7 2571 16788 27951 27957 27965 27972 27987
7 1044 15793 27996 28002 28010 28017 28032
1 28037
8 830 28041 28050 28056 28064 28071 28086 28103
6 23870 28115 28124 28130 28138 28145
3 13142 28156 28165
6 22264 28176 28185 28191 28199 28206
1 28222
9 5829 28233 28242 28248 28256 28263 28278 28295 28300
2 28302 28312
7 3335 28321 28330 28336 28344 28351 28366
8 3403 20872 28382 28388 28396 28403 28418 28435
7 3173 28439 28448 28454 28462 28469 28484
5 2097 28502 28511 28517 28525
7 766 12325 28528 28534 28542 28549 28564
1 19727
7 1915 25516 28576 28582 28590 28597 28612
2 28616 28626
6 3403 28639 28648 28654 28662 28669
7 219 28687 28696 28702 28710 28717 28732
7 2019 27291 28744 28750 28758 28765 28780
4 28798 28808 28817 28823
7 28826 28836 28845 28851 28859 28866 28881
2 28899 28909
2 28915 28925
10 2545 28927 28936 28942 28950 28957 28972 28989 28994 29002
9 18397 29013 29022 29028 29036 29043 29058 29075 29080
6 29085 29095 29104 29110 29118 29125
1 29131
0
8 11019 29142 29151 29157 29165 29172 29187 29204
6 580 29209 29218 29224 29232 29239
6 9730 29259 29268 29274 29282 29289
7 1629 6463 15819 23710 29301 29308 29323
2 20496 29348
0
1 29357
5 2866 29370 29379 29385 29393
7 29400 29410 29419 29425 29433 29440 29455
7 1910 29471 29480 29486 29494 29501 29516
7 14350 29530 29539 29545 29553 29560 29575
9 6551 29584 29593 29599 29607 29614 29629 29646 29651
1 16769
7 14223 29672 29681 29687 29695 29702 29717
8 217 8805 25537 29723 29731 29738 29753 29770
2 29772 29782
9 1885 12833 29785 29791 29799 29806 29821 29838 29843
5 12916 29858 29867 29873 29881
9 7149 25357 29892 29898 29906 29913 29928 29945 29950
9 3430 9827 29954 29960 29968 29975 29990 30007 30012
7 472 28415 30025 30031 30039 30046 30061
7 9148 30079 30088 30094 30102 30109 30124
6 4718 30137 30146 30152 30160 30167
7 2828 30173 30182 30188 30196 30203 30218
10 10936 30226 30235 30241 30249 30256 30271 30288 30293 30301
7 10305 30303 30312 30318 30326 30333 30348
8 3235 30352 30361 30367 30375 30382 30397 30414
6 30417 30427 30436 30442 30450 30457
7 30463 30473 30482 30488 30496 30503 30518
6 26929 30535 30544 30550 30558 30565
3 30579 30589 30598
7 3403 20665 30608 30614 30622 30629 30644
10 1932 23065 30668 30674 30682 30689 30704 30721 30726 30734
11 860 9338 15148 15194 16788 22106 30747 30764 30769 30777 30779
5 9213 30793 30802 30808 30816
2 4154 30826
2 6069 30838
2 30843 30853
6 30855 30865 30874 30880 30888 30895
6 3828 27585 30905 30911 30919 30926
1 30939
8 7365 24848 30949 30955 30963 30970 30985 31002
8 6749 31009 31018 31024 31032 31039 31054 31071
7 49 19843 31080 31086 31094 31101 31116
8 1840 31129 31138 31144 31152 31159 31174 31191
8 1186 27620 31201 31207 31215 31222 31237 31254
4 15631 31268 31277 31283
6 10982 31291 31300 31306 31314 31321
7 20539 31343 31352 31358 31366 31373 31388
6 23576 31402 31411 31417 31425 31432
7 1137 31441 31450 31456 31464 31471 31486
7 880 16559 31487 31493 31501 31508 31523
6 7172 31542 31551 31557 31565 31572
7 9338 31582 31591 31597 31605 31612 31627
7 3665 31638 31647 31653 31661 31668 31683
6 30662 31703 31712 31718 31726 31733
4 29026 31743 31752 31758
7 4890 31769 31778 31784 31792 31799 31814
6 28687 31829 31838 31844 31852 31859
9 6087 25541 31871 31877 31885 31892 31907 31924 31929
7 9557 31940 31949 31955 31963 31970 31985
7 6377 31997 32006 32012 32020 32027 32042
9 10270 32060 32069 32075 32083 32090 32105 32122 32127
6 32133 32143 32152 32158 32166 32173
7 3061 16984 32187 32193 32201 32208 32223
8 3235 18675 32244 32250 32258 32265 32280 32297
6 31039 32310 32319 32325 32333 32340
7 7904 32350 32359 32365 32373 32380 32395
7 5781 32404 32413 32419 32427 32434 32449
9 21635 32457 32466 32472 32480 32487 32502 32519 32524
9 1137 15026 31822 32532 32540 32547 32562 32579 32584
6 2176 15788 32597 32603 32611 32618
6 8901 32642 32651 32657 32665 32672
4 32683 32693 32702 32708
6 32717 32727 32736 32742 32750 32757
5 13010 32767 32776 32782 32790
7 766 16175 32797 32803 32811 32818 32833
0
6 12127 32856 32865 32871 32879 32886
1 32895
5 32897 32907 32916 32922 32930
2 13142 32941
8 6704 22925 32948 32954 32962 32969 32984 33001
7 33006 33016 33025 33031 33039 33046 33061
7 2967 33071 33080 33086 33094 33101 33116
6 25897 33127 33136 33142 33150 33157
7 1676 26549 33167 33173 33181 33188 33203
7 14609 33228 33237 33243 33251 33258 33273
5 10206 33291 33300 33306 33314
1 33321
7 33324 33334 33343 33349 33357 33364 33379
4 12683 33397 33406 33412
7 1394 13667 33424 33430 33438 33445 33460
7 2757 16441 21521 30660 33476 33483 33498
6 13804 33518 33527 33533 33541 33548
7 5474 33568 33577 33583 33591 33598 33613
4 12476 33635 33644 33650
10 3201 23742 33662 33668 33676 33683 33698 33715 33720 33728
7 2828 25741 33737 33743 33751 33758 33773
8 2565 22030 33788 33794 33802 33809 33824 33841
6 33846 33856 33865 33871 33879 33886
1 33891
7 33895 33905 33914 33920 33928 33935 33950
7 33103 33965 33974 33980 33988 33995 34010
5 30551 34031 34040 34046 34054
4 34059 34069 34078 34084
7 5071 34092 34101 34107 34115 34122 34137
1 34145
7 907 24339 34157 34163 34171 34178 34193
1 34198
9 2967 16026 34206 34212 34220 34227 34242 34259 34264
6 3775 34274 34283 34289 34297 34304
7 34308 34318 34327 34333 34341 34348 34363
6 4192 34371 34380 34386 34394 34401
7 34409 34419 34428 34434 34442 34449 34464
6 6369 34483 34492 34498 34506 34513
2 21617 34525
9 4358 34530 34539 34545 34553 34560 34575 34592 34597
7 4892 33286 34607 34613 34621 34628 34643
6 10300 31844 34650 34656 34664 34671
4 34678 34688 34697 34703
11 4440 17348 34705 34711 34719 34726 34741 34758 34763 34771 34773
7 143 4506 15131 26041 34780 34787 34802
11 962 34426 34824 34830 34838 34845 34860 34877 34882 34890 34892
7 2652 13666 34896 34902 34910 34917 34932
5 34943 34953 34962 34968 34976
3 18033 34985 34994
8 2701 24096 35007 35013 35021 35028 35043 35060
0
6 3647 35067 35076 35082 35090 35097
7 5372 35107 35116 35122 35130 35137 35152
8 35169 35179 35188 35194 35202 35209 35224 35241
6 14946 35253 35262 35268 35276 35283
0
7 2671 17399 35295 35301 35309 35316 35331
6 35337 35347 35356 35362 35370 35377
4 3270 14620 35388 35394
7 35395 35405 35414 35420 35428 35435 35450
1 35467
0
9 1932 7815 24643 35472 35480 35487 35502 35519 35524
6 13132 26841 35534 35540 35548 35555
6 156 31503 35572 35578 35586 35593
6 35605 35615 35624 35630 35638 35645
4 35651 35661 35670 35676
10 6047 35681 35690 35696 35704 35711 35726 35743 35748 35756
6 35757 35767 35776 35782 35790 35797
5 1851 35803 35812 35818 35826
7 24963 35836 35845 35851 35859 35866 35881
10 3122 14490 35892 35898 35906 35913 35928 35945 35950 35958
7 10768 35965 35974 35980 35988 35995 36010
10 14628 36024 36033 36039 36047 36054 36069 36086 36091 36099
1 36100
4 24117 36114 36123 36129
0
6 36136 36146 36155 36161 36169 36176
7 6751 36187 36196 36202 36210 36217 36232
6 36235 36246 36255 36261 36269 36276
8 1605 15960 34502 36282 36290 36297 36312 36329
11 3067 12993 36333 36339 36347 36354 36369 36386 36391 36399 36401
9 939 10673 30578 36406 36414 36421 36436 36453 36458
6 8292 36466 36475 36481 36489 36496
7 2866 36510 36519 36525 36533 36540 36555
1 36567
7 1285 36576 36585 36591 36599 36606 36621
6 8767 36637 36646 36652 36660 36667
3 10820 36679 36688
6 5334 36692 36701 36707 36715 36722
0
7 2535 21319 36734 36740 36748 36755 36770
0
1 29346
7 26303 36791 36800 36806 36814 36821 36836
9 19019 36850 36859 36865 36873 36880 36895 36912 36917
7 1357 12957 29150 36923 36931 36938 36953
7 18399 36967 36976 36982 36990 36997 37012
5 9806 37024 37033 37039 37047
4 3182 34291 37055 37061
1 34650
1 37076
1 37077
7 1731 25394 37085 37091 37099 37106 37121
8 37129 37139 37148 37154 37162 37169 37184 37201
7 12751 37211 37220 37226 37234 37241 37256
1 37260
7 1775 37270 37279 37285 37293 37300 37315
7 3270 37318 37327 37333 37341 37348 37363
11 3175 37380 37389 37395 37403 37410 37425 37442 37447 37455 37457
4 3270 14620 37466 37472
3 37473 37483 37492
1 35467
7 15323 37502 37511 37517 37525 37532 37547
2 2006 37556
6 28987 37569 37578 37584 37592 37599
6 33877 37621 37630 37636 37644 37651
7 8916 37662 37671 37677 37685 37692 37707
2 37719 37729
7 2700 18038 37731 37737 37745 37752 37767
6 12541 37789 37798 37804 37812 37819
6 37341 37842 37851 37857 37865 37872
11 5690 26370 37890 37896 37904 37911 37926 37943 37948 37956 37958
11 1637 21961 37963 37969 37977 37984 37999 38016 38021 38029 38031
6 3873 38041 38050 38056 38064 38071
1 38081
8 993 38083 38092 38098 38106 38113 38128 38145
7 9887 38151 38160 38166 38174 38181 38196
7 38213 38223 38232 38238 38246 38253 38268
0
1 38276
8 4360 36347 38293 38299 38307 38314 38329 38346
8 7056 38351 38360 38366 38374 38381 38396 38413
7 1751 38419 38428 38434 38442 38449 38464
8 18399 38476 38485 38491 38499 38506 38521 38538
1 38540
7 4421 38553 38562 38568 38576 38583 38598
6 19926 38621 38630 38636 38644 38651
1 38667
7 1406 38672 38681 38687 38695 38702 38717
8 134 12035 31525 38735 38743 38750 38765 38782
7 26189 38794 38803 38809 38817 38824 38839
8 23300 38858 38867 38873 38881 38888 38903 38920
6 5139 38926 38935 38941 38949 38956
4 14816 38971 38980 38986
7 8783 39001 39010 39016 39024 39031 39046
7 5769 39064 39073 39079 39087 39094 39109
11 2967 10869 14332 20276 39128 39135 39150 39167 39172 39180 39182
3 19404 39191 39200
1 27972
0
8 3894 39204 39213 39219 39227 39234 39249 39266
7 1617 26734 39274 39280 39288 39295 39310
6 17529 39326 39335 39341 39349 39356
7 7669 39372 39381 39387 39395 39402 39417
9 4886 21014 36767 39425 39433 39440 39455 39472 39477
2 3270 14620
4 2868 39488 39497 39503
7 3972 39511 39520 39526 39534 39541 39556
7 7431 39568 39577 39583 39591 39598 39613
7 16108 39635 39644 39650 39658 39665 39680
7 18376 39693 39702 39708 39716 39723 39738
7 2828 39748 39757 39763 39771 39778 39793
7 3360 22045 39810 39816 39824 39831 39846
9 5728 17326 30753 39855 39863 39870 39885 39902 39907
6 39911 39921 39930 39936 39944 39951
6 1047 28024 39971 39977 39985 39993
3 16773 40005 40014
8 2501 18813 40024 40030 40038 40045 40060 40077
9 1751 10836 22087 40079 40087 40094 40109 40126 40131
2 1105 40135
7 40143 40153 40162 40168 40176 40183 40198
7 6282 40208 40217 40223 40231 40238 40253
7 1875 22612 40261 40267 40275 40282 40297
7 5719 40316 40325 40331 40339 40346 40361
3 35867 40377 40386
1 40388
9 1172 7101 18029 24967 40397 40404 40419 40436 40441
6 597 27489 40455 40461 40469 40476
6 10196 40498 40507 40513 40521 40528
9 16861 40551 40560 40566 40574 40581 40596 40613 40618
7 16192 40635 40644 40650 40658 40665 40680
0
7 38597 40700 40709 40715 40723 40730 40745
1 40749
7 2904 40751 40760 40766 40774 40781 40796
1 40805
11 2434 40813 40822 40828 40836 40843 40858 40875 40880 40888 40890
1 19654
3 40901 40911 40920
6 40925 40935 40944 40950 40958 40965
5 40973 40983 40992 40998 41006
2 26777 41017
6 6069 41028 41037 41043 41051 41058
6 1157 23490 41077 41083 41091 41098
5 1439 41117 41126 41132 41140
1 37838
7 3699 37716 41156 41162 41170 41177 41192
3 3775 35720 41206
6 41211 41221 41230 41236 41244 41251
9 217 4789 17931 31127 41263 41270 41285 41302 41307
8 2777 9291 24470 41314 41322 41329 41344 41361
7 1998 13521 41362 41368 41376 41383 41398
7 3436 41407 41416 41422 41430 41437 41452
7 1374 41462 41471 41477 41485 41492 41507
4 31296 41524 41533 41539
9 464 16053 31390 41548 41556 41563 41578 41595 41600
9 466 28485 41604 41610 41618 41625 41640 41657 41662
7 3946 39101 41676 41682 41690 41697 41712
7 1356 12360 20665 29296 41720 41727 41742
2 15772 41756
9 41763 41773 41782 41788 41796 41803 41818 41835 41840
7 6508 41849 41858 41864 41872 41879 41894
11 39 15533 30831 41905 41913 41920 41935 41952 41957 41965 41967
8 3436 34651 41977 41983 41991 41998 42013 42030
1 34304
8 31803 42040 42049 42055 42063 42070 42085 42102
11 6643 42105 42114 42120 42128 42135 42150 42167 42172 42180 42182
7 2866 13719 42186 42192 42200 42207 42222
7 5745 42243 42252 42258 42266 42273 42288
1 42298
10 2701 7326 18545 31828 42303 42310 42325 42342 42347 42355
7 427 11115 35500 42360 42368 42375 42390
6 2054 42407 42416 42422 42430 42437
6 4092 42317 42452 42458 42466 42473
6 35833 42494 42503 42509 42517 42524
10 3413 32118 42539 42545 42553 42560 42575 42592 42597 42605
7 3341 28936 42613 42619 42627 42634 42649
7 7983 42660 42669 42675 42683 42690 42705
7 1186 40297 42718 42724 42732 42739 42754
1 42763
8 16031 42770 42779 42785 42793 42800 42815 42832
7 31604 42843 42852 42858 42866 42873 42888
4 10011 42903 42912 42918
0
6 12097 42928 42937 42943 42951 42958
7 14283 42979 42988 42994 43002 43009 43024
7 9665 43034 43043 43049 43057 43064 43079
9 2239 10472 39183 43099 43107 43114 43129 43146 43151
4 3286 43155 43164 43170
7 4529 43181 43190 43196 43204 43211 43226
9 7445 18048 43232 43238 43246 43253 43268 43285 43290
5 12486 43299 43308 43314 43322
7 4520 24836 43329 43335 43343 43350 43365
4 43378 43388 43397 43403
9 2805 17038 43411 43417 43425 43432 43447 43464 43469
5 17680 43480 43489 43495 43503
7 7060 43511 43520 43526 43534 43541 43556
1 3935
1 43559
1 43569
7 2034 14767 43574 43580 43588 43595 43610
7 8009 43629 43638 43644 43652 43659 43674
2 43689 43699
6 37 30831 43703 43709 43717 43724
4 4793 43738 43747 43753
7 92 6577 19072 43763 43771 43778 43793
7 23291 43810 43819 43825 43833 43840 43855
5 41863 43877 43886 43892 43900
1 43906
7 43907 43917 43926 43932 43940 43947 43962
8 453 8128 21898 41313 43986 43993 44008 44025
7 3774 44029 44038 44044 44052 44059 44074
1 28630
6 44091 44101 44110 44116 44124 44131
6 4002 36678 44148 44154 44162 44169
7 4865 34667 44181 44187 44195 44202 44217
8 5357 23839 44231 44237 44245 44252 44267 44284
3 13547 44295 44304
6 6687 44313 44322 44328 44336 44343
2 3270 14619
7 12988 44359 44368 44374 44382 44389 44404
7 3653 44423 44432 44438 44446 44453 44468
7 9557 44489 44498 44504 44512 44519 44534
1 44547
7 6794 44308 44556 44562 44570 44577 44592
5 18313 44598 44607 44613 44621
6 31785 44637 44646 44652 44660 44667
6 16669 39967 44689 44695 44703 44710
5 44720 44730 44739 44745 44753
7 1827 42910 44763 44769 44777 44784 44799
1 44807
1 15561
0
6 44821 44831 44840 44846 44854 44861
6 9636 44874 44883 44889 44897 44904
9 960 23560 44918 44924 44932 44939 44954 44971 44976
2 31466 44993
11 242 8436 16561 25394 45001 45008 45023 45040 45045 45053 45055
6 4865 34665 45063 45069 45077 45084
5 34911 45097 45106 45112 45120
7 45128 45138 45147 45153 45161 45168 45183
7 4154 42015 45194 45200 45208 45215 45230
7 2739 26705 45247 45253 45261 45268 45283
3 11638 45295 45304
7 20387 45316 45325 45331 45339 45346 45361
7 4192 23169 38359 45374 45382 45389 45404
7 16788 45425 45434 45440 45448 45455 45470
9 2676 45478 45487 45493 45501 45508 45523 45540 45545
9 543 13889 22104 26777 45549 45556 45571 45588 45593
5 40750 45605 45614 45620 45628
9 3261 18393 45633 45639 45647 45654 45669 45686 45691
4 32019 45703 45712 45718
7 778 9718 31259 45725 45733 45740 45755
1 26311
7 4907 45776 45785 45791 45799 45806 45821
7 36633 45839 45848 45854 45862 45869 45884
7 414 45902 45911 45917 45925 45932 45947
4 45962 45972 45981 45987
7 160 15560 45992 45998 46006 46013 46028
7 3740 46045 46054 46060 46068 46075 46090
8 1295 20341 43581 46100 46108 46115 46130 46147
11 21921 46154 46163 46169 46177 46184 46199 46216 46221 46229 46231
3 31463 46241 46250
7 6338 46258 46267 46273 46281 46288 46303
7 20854 46323 46332 46338 46346 46353 46368
7 7048 46388 46397 46403 46411 46418 46433
9 1399 16240 41536 46438 46446 46453 46468 46485 46490
7 3361 46500 46509 46515 46523 46530 46545
7 3738 46561 46570 46576 46584 46591 46606
6 1836 46613 46622 46628 46636 46643
7 1841 16108 44442 46655 46663 46670 46685
9 18060 40301 46705 46711 46719 46726 46741 46758 46763
9 757 12569 19641 27124 46764 46771 46786 46803 46808
2 46813 46823
6 6064 44850 46836 46842 46850 46857
6 41199 46868 46877 46883 46891 46898
9 1506 25098 46903 46909 46917 46924 46939 46956 46961
7 105 13664 46962 46968 46976 46983 46998
7 4292 47008 47017 47023 47031 47038 47053
9 1917 47055 47064 47070 47078 47085 47100 47117 47122
7 2494 24989 47128 47134 47142 47149 47164
1 24027
9 4039 47176 47185 47191 47199 47206 47221 47238 47243
7 9899 31903 47253 47259 47267 47274 47289
1 47305
8 47307 47317 47326 47332 47340 47347 47362 47379
2 4154 47383
10 2365 36128 47396 47402 47410 47417 47432 47449 47454 47462
6 5112 47464 47473 47479 47487 47494
7 8913 47504 47513 47519 47527 47534 47549
0
2 13142 47564
1 47573
9 3131 47585 47594 47600 47608 47615 47630 47647 47652
7 1030 22264 47659 47665 47673 47680 47695
1 47696
5 47701 47711 47720 47726 47734
6 5124 35002 47746 47752 47760 47767
9 447 6567 13913 46801 47786 47793 47808 47825 47830
6 8774 47837 47846 47852 47860 47867
7 1971 35895 47874 47880 47888 47895 47910
7 36162 47932 47941 47947 47955 47962 47977
7 1545 47986 47995 48001 48009 48016 48031
6 1186 33409 48046 48052 48060 48067
3 10580 48086 48095
11 1217 6358 12556 21831 48101 48108 48123 48140 48145 48153 48155
7 1670 48164 48173 48179 48187 48194 48209
7 48226 48236 48245 48251 48259 48266 48281
7 16870 48291 48300 48306 48314 48321 48336
1 47577
9 4358 48353 48362 48368 48376 48383 48398 48415 48420
8 2700 48422 48431 48437 48445 48452 48467 48484
1 38876
8 1357 41173 48498 48504 48512 48519 48534 48551
9 44538 48561 48570 48576 48584 48591 48606 48623 48628
7 20113 48635 48644 48650 48658 48665 48680
7 9848 48694 48703 48709 48717 48724 48739
9 1707 21071 33722 48753 48761 48768 48783 48800 48805
4 3401 48819 48828 48834
7 3396 11312 28013 45022 48849 48856 48871
9 5973 48890 48899 48905 48913 48920 48935 48952 48957
6 48960 48970 48979 48985 48993 49000
8 466 6557 10908 49009 49017 49024 49039 49056
3 49060 49070 49079
7 2866 21264 49084 49090 49098 49105 49120
7 6322 49134 49143 49149 49157 49164 49179
9 1172 8605 24334 49195 49203 49210 49225 49242 49247
8 10941 49256 49265 49271 49279 49286 49301 49318
7 2873 49324 49333 49339 49347 49354 49369
7 2565 28741 49390 49396 49404 49411 49426
7 18793 49443 49452 49458 49466 49473 49488
1 49502
7 454 7692 49503 49509 49517 49524 49539
5 1932 49551 49560 49566 49574
7 1159 49586 49595 49601 49609 49616 49631
5 28168 49643 49652 49658 49666
2 28632 49675
9 3864 48811 49689 49695 49703 49710 49725 49742 49747
6 1217 33453 49758 49764 49772 49779
2 49789 49799
7 31464 49814 49823 49829 49837 49844 49859
4 32328 49878 49887 49893
10 514 8729 10093 24757 49904 49911 49926 49943 49948 49956
8 448 14059 25466 49958 49966 49973 49988 50005
8 5863 50013 50022 50028 50036 50043 50058 50075
7 8916 50081 50090 50096 50104 50111 50126
2 37473 50146
4 24971 50159 50168 50174
8 24233 50183 50192 50198 50206 50213 50228 50245
4 3286 50254 50263 50269
4 1069 50278 50287 50293
7 1837 36236 50301 50307 50315 50322 50337
11 3360 28277 50341 50347 50355 50362 50377 50394 50399 50407 50409
6 1823 23008 44769 50419 50427 50434
2 50448 50458
6 12534 42921 50470 50476 50484 50491
6 11657 50496 50505 50511 50519 50526
8 1407 35846 50535 50541 50549 50556 50571 50588
8 14241 50595 50604 50610 50618 50625 50640 50657
1 30841
6 11195 50666 50675 50681 50689 50696
7 27450 50719 50728 50734 50742 50749 50764
6 50772 50782 50791 50797 50805 50812
1 50819
2 36929 50826
0
7 8169 40432 50837 50843 50851 50858 50873
4 15786 50898 50907 50913
7 2897 21064 50915 50921 50929 50936 50951
3 50967 50977 50986
7 4037 50992 51001 51007 51015 51022 51037
7 8044 51054 51063 51069 51077 51084 51099
9 156 10838 25108 34757 51107 51114 51129 51146 51151
1 51158
6 51159 51169 51178 51184 51192 51199
9 9351 51204 51213 51219 51227 51234 51249 51266 51271
5 7077 41978 51279 51285 51293
7 7811 34602 51296 51302 51310 51317 51332
4 1850 51340 51349 51355
7 4007 20294 51362 51368 51376 51383 51398
5 3586 51413 51422 51428 51436
7 6503 44654 51441 51447 51455 51462 51477
11 10445 51496 51505 51511 51519 51526 51541 51558 51563 51571 51573
5 29213 51583 51592 51598 51606
7 1822 30412 51619 51625 51633 51640 51655
7 2150 51668 51677 51683 51691 51698 51713
0
7 7526 51717 51726 51732 51740 51747 51762
1 51776
8 1880 10204 31880 51781 51789 51796 51811 51828
9 4479 25863 48414 51834 51842 51849 51864 51881 51886
7 15479 51896 51905 51911 51919 51926 51941
7 3224 51945 51954 51960 51968 51975 51990
2 12403 52007
6 1931 10506 52015 52021 52029 52036
7 17001 52044 52053 52059 52067 52074 52089
1 50144
6 9297 52100 52109 52115 52123 52130
5 6471 52140 52149 52155 52163
0
9 452 5281 11234 15482 27915 48493 52183 52200 52205
7 3505 48421 52216 52222 52230 52237 52252
7 4112 31844 45083 51294 52265 52272 52287
8 1582 15162 29779 45235 52304 52311 52326 52343
7 2214 26948 52354 52360 52368 52375 52390
3 17231 45035 52400
7 1676 52403 52412 52418 52426 52433 52448
7 7823 52463 52472 52478 52486 52493 52508
1 52514
7 4282 46497 52522 52528 52536 52543 52558
1 26311
5 3272 52579 52588 52594 52602
11 2068 9283 20633 28515 52607 52614 52629 52646 52651 52659 52661
7 941 28742 52668 52674 52682 52689 52704
7 1222 8411 28487 52708 52716 52723 52738
8 23280 52761 52770 52776 52784 52791 52806 52823
9 966 12486 28415 52824 52832 52839 52854 52871 52876
8 7872 52880 52889 52895 52903 52910 52925 52942
7 22518 52948 52957 52963 52971 52978 52993
9 1593 10121 29746 52635 53009 53016 53031 53048 53053
5 16662 53066 53075 53081 53089
8 1206 9609 15274 21234 53098 53105 53120 53137
6 26415 53147 53156 53162 53170 53177
7 5973 53188 53197 53203 53211 53218 53233
2 49673 53249
4 53257 53267 53276 53282
6 27781 53290 53299 53305 53313 53320
6 34117 53333 53342 53348 53356 53363
8 1556 29572 50869 53373 53381 53388 53403 53420
6 4521 53423 53432 53438 53446 53453
8 1720 11015 28975 53456 53464 53471 53486 53503
9 4521 32074 53509 53515 53523 53530 53545 53562 53567
2 45200 53577
7 53579 53589 53598 53604 53612 53619 53634
6 6282 53645 53654 53660 53668 53675
5 8636 53689 53698 53704 53712
2 53714 53724
7 160 22035 47785 53731 53739 53746 53761
1 16804
10 10273 39209 53767 53773 53781 53788 53803 53820 53825 53833
10 1381 10028 23424 53035 53841 53848 53863 53880 53885 53893
2 53895 53905
6 7434 53917 53926 53932 53940 53947
8 2581 44622 53961 53967 53975 53982 53997 54014
9 1776 54020 54029 54035 54043 54050 54065 54082 54087
5 18728 54096 54105 54111 54119
0
8 254 31904 54124 54130 54138 54145 54160 54177
3 36664 54189 54198
7 16095 54202 54211 54217 54225 54232 54247
7 1859 34023 36236 50336 54261 54268 54283
7 5284 54302 54311 54317 54325 54332 54347
2 3286 54370
9 2118 15566 43341 54372 54380 54387 54402 54419 54424
8 3095 9184 30651 49340 54433 54440 54455 54472
7 10397 54483 54492 54498 54506 54513 54528
7 3360 29676 54543 54549 54557 54564 54579
6 20292 54601 54610 54616 54624 54631
6 2179 54644 54653 54659 54667 54674
7 6732 54688 54697 54703 54711 54718 54733
8 2754 53391 54746 54752 54760 54767 54782 54799
11 8591 54804 54813 54819 54827 54834 54849 54866 54871 54879 54881
2 8483 54886
6 4873 54892 54901 54907 54915 54922
11 3478 48860 54938 54944 54952 54959 54974 54991 54996 55004 55006
6 13294 55014 55023 55029 55037 55044
2 30844 55066
9 1651 6825 16108 21523 47158 55075 55090 55107 55112
7 23152 55125 55134 55140 55148 55155 55170
4 55179 55189 55198 55204
9 427 6441 12582 15425 21188 53466 55225 55242 55247
7 28936 55259 55268 55274 55282 55289 55304
6 35851 55317 55326 55332 55340 55347
8 157 13080 34201 52675 55356 55363 55378 55395
1 55399
3 31742 55409 55418
7 1224 40689 55428 55434 55442 55449 55464
8 1182 43702 55484 55490 55498 55505 55520 55537
6 1047 15788 52521 55543 55551 55558
7 2329 52069 55574 55580 55588 55595 55610
7 1670 22800 55615 55621 55629 55636 55651
6 3869 55671 55680 55686 55694 55701
10 243 4321 8816 13439 26412 55706 55721 55738 55743 55751
0
7 4826 55753 55762 55768 55776 55783 55798
7 2160 49985 55822 55828 55836 55843 55858
4 4608 55865 55874 55880
1 55883
7 6446 55885 55894 55900 55908 55915 55930
7 408 55947 55956 55962 55970 55977 55992
2 4154 56003
7 5805 43757 56017 56023 56031 56038 56053
7 2982 56068 56077 56083 56091 56098 56113
9 452 5712 24957 51799 56128 56135 56150 56167 56172
8 9063 36054 56177 56183 56191 56198 56213 56230
4 4219 56236 56245 56251
1 56254
6 14504 56261 56270 56276 56284 56291
9 1304 12398 25440 56294 56302 56309 56324 56341 56346
8 4440 25216 56353 56359 56367 56374 56389 56406
1 56408
7 445 5686 6306 37950 56416 56423 56438
3 13145 56454 56463
7 36545 56474 56483 56489 56497 56504 56519
7 38483 56541 56550 56556 56564 56571 56586
7 3784 55820 56606 56612 56620 56627 56642
5 619 56658 56667 56673 56681
7 5430 29956 56690 56696 56704 56711 56726
9 3284 36808 56748 56754 56762 56769 56784 56801 56806
6 56807 56817 56826 56832 56840 56847
7 1815 18538 46508 52521 56861 56868 56883
7 372 38823 56894 56900 56908 56915 56930
3 17457 56936 56945
3 3775 56946 56955
1 44809
2 56962 56972
7 5118 56984 56993 56999 57007 57014 57029
7 3409 23749 57033 57039 57047 57054 57069
5 11405 57083 57092 57098 57106
5 8481 52291 57118 57124 57132
7 57140 57150 57159 57165 57173 57180 57195
2 9906 57208
7 1875 42113 57220 57226 57234 57241 57256
10 1377 8729 21059 33492 57273 57280 57295 57312 57317 57325
6 1854 50471 57328 57334 57342 57349
11 7056 25678 53807 57362 57370 57377 57392 57409 57414 57422 57424
6 4251 57426 57435 57441 57449 57456
6 8481 57475 57484 57490 57498 57505
6 4529 57511 57520 57526 57534 57541
9 3150 25908 57562 57568 57576 57583 57598 57615 57620
9 8916 57627 57636 57642 57650 57657 57672 57689 57694
7 5853 37545 57704 57710 57718 57725 57740
7 9614 57756 57765 57771 57779 57786 57801
7 57806 57816 57825 57831 57839 57846 57861
7 907 57866 57875 57881 57889 57896 57911
6 14554 57917 57926 57932 57940 57947
6 8552 57962 57971 57977 57985 57992
9 3120 33722 58010 58016 58024 58031 58046 58063 58068
7 58077 58087 58096 58102 58110 58117 58132
2 21591 58144
9 2674 15461 30783 58147 58155 58162 58177 58194 58199
10 7528 58209 58218 58224 58232 58239 58254 58271 58276 58284
9 29356 57504 58290 58296 58304 58311 58326 58343 58348
6 2877 33103 58354 58360 58368 58375
6 27728 58392 58401 58407 58415 58422
8 597 6217 16727 26428 58439 58446 58461 58478
5 2177 58483 58492 58498 58506
9 2106 8738 20146 36519 58514 58521 58536 58553 58558
7 12537 58559 58568 58574 58582 58589 58604
7 28384 58611 58620 58626 58634 58641 58656
0
10 1235 9280 9347 33660 58665 58672 58687 58704 58709 58717
6 42091 58726 58735 58741 58749 58756
4 58770 58780 58789 58795
9 1350 14037 58805 58811 58819 58826 58841 58858 58863
7 5796 40438 58871 58877 58885 58892 58907
7 4358 45001 58921 58927 58935 58942 58957
7 2967 13095 21600 34629 58962 58969 58984
3 9603 59010 59019
4 10787 59027 59036 59042
1 4154
7 3024 59048 59057 59063 59071 59078 59093
4 59097 59107 59116 59122
3 17345 59128 59137
6 12506 59142 59151 59157 59165 59172
1 16770
9 12528 59180 59189 59195 59203 59210 59225 59242 59247
7 3436 41980 59258 59264 59272 59279 59294
7 59303 59313 59322 59328 59336 59343 59358
8 3330 44783 59377 59383 59391 59398 59413 59430
8 733 21182 59439 59445 59453 59460 59475 59492
9 26785 59504 59513 59519 59527 59534 59549 59566 59571
7 2345 59585 59594 59600 59608 59615 59630
6 59637 59647 59656 59662 59670 59677
8 5156 54748 59690 59696 59704 59711 59726 59743
8 4362 25274 59753 59759 59767 59774 59789 59806
11 8407 28154 59813 59819 59827 59834 59849 59866 59871 59879 59881
4 59886 59896 59905 59911
5 59913 59923 59932 59938 59946
9 29586 59953 59962 59968 59976 59983 59998 60015 60020
7 4360 33480 60022 60028 60036 60043 60058
0
7 40016 60072 60081 60087 60095 60102 60117
6 4540 60124 60133 60139 60147 60154
4 12060 60164 60173 60179
7 18122 60186 60195 60201 60209 60216 60231
6 37255 60254 60263 60269 60277 60284
9 4487 27265 55571 60303 60311 60318 60333 60350 60355
1 33894
9 183 9824 17465 20519 34791 60361 60376 60393 60398
10 144 14407 25720 44396 60409 60416 60431 60448 60453 60461
9 60464 60474 60483 60489 60497 60504 60519 60536 60541
1 19313
7 2317 25164 49971 60550 60558 60565 60580
9 534 14953 43441 60588 60596 60603 60618 60635 60640
1 56254
6 3064 60651 60660 60666 60674 60681
5 54 41909 60697 60703 60711
1 3775
7 14437 60722 60731 60737 60745 60752 60767
9 5717 31706 60774 60780 60788 60795 60810 60827 60832
2 43315 60845
7 11646 60849 60858 60864 60872 60879 60894
7 5259 36296 60904 60910 60918 60925 60940
7 3356 60957 60966 60972 60980 60987 61002
9 3181 30731 61019 61025 61033 61040 61055 61072 61077
8 17231 61083 61092 61098 61106 61113 61128 61145
6 2403 28452 61154 61160 61168 61175
8 61186 61196 61205 61211 61219 61226 61241 61258
1 61260
7 1971 61263 61272 61278 61286 61293 61308
10 1186 9670 27650 42479 61324 61331 61346 61363 61368 61376
6 8008 61378 61387 61393 61401 61408
6 2367 56323 61424 61430 61438 61445
9 2945 61457 61466 61472 61480 61487 61502 61519 61524
9 2365 15531 55388 61533 61541 61548 61563 61580 61585
9 1351 11646 18534 30651 61591 61598 61613 61630 61635
7 12123 61640 61649 61655 61663 61670 61685
2 61692 61702
3 3182 37058 61713
6 1316 42749 61721 61727 61735 61742
9 47906 61762 61771 61777 61785 61792 61807 61824 61829
7 3618 61834 61843 61849 61857 61864 61879
6 14109 45430 61891 61897 61905 61912
7 36420 61918 61927 61933 61941 61948 61963
1 14350
9 5294 54960 61984 61990 61998 62005 62020 62037 62042
9 473 8311 25157 39595 62044 62051 62066 62083 62088
2 62092 62102
7 1582 49646 62115 62121 62129 62136 62151
7 11647 62161 62170 62176 62184 62191 62206
7 5847 62224 62233 62239 62247 62254 62269
7 4148 36510 62279 62285 62293 62300 62315
1 26311
7 1091 22200 50914 62327 62335 62342 62357
3 3436 62382 62391
6 47113 62402 62411 62417 62425 62432
6 31599 62454 62463 62469 62477 62484
9 1371 8972 20597 35412 62504 62511 62526 62543 62548
6 2866 52371 62554 62560 62568 62575
1 62588
7 22101 62590 62599 62605 62613 62620 62635
7 10516 62655 62664 62670 62678 62685 62700
4 8481 62708 62717 62723
7 7547 22014 48089 62728 62736 62743 62758
7 2243 55076 62780 62786 62794 62801 62816
3 37 34293 62832
6 1357 36279 62840 62846 62854 62861
5 11628 62869 62878 62884 62892
3 62894 62904 62913
5 62915 62925 62934 62940 62948
9 2109 12104 61988 62956 62964 62971 62986 63003 63008
6 1841 63020 63029 63035 63043 63050
7 31822 63053 63062 63068 63076 63083 63098
7 7999 63108 63117 63123 63131 63138 63153
7 21908 63162 63171 63177 63185 63192 63207
8 1285 22370 41405 60040 63216 63223 63238 63255
0
2 37682 63264
1 63270
10 3124 49159 63273 63279 63287 63294 63309 63326 63331 63339
7 42878 63347 63356 63362 63370 63377 63392
2 17919 63414
6 6719 54690 63424 63430 63438 63445
8 254 35953 63464 63470 63478 63485 63500 63517
7 4154 63523 63532 63538 63546 63553 63568
7 63575 63585 63594 63600 63608 63615 63630
11 1703 3864 7808 9468 12731 20023 63632 63649 63654 63662 63664
6 35335 63675 63684 63690 63698 63705
1 63720
1 34283
9 5640 63727 63736 63742 63750 63757 63772 63789 63794
8 19987 63802 63811 63817 63825 63832 63847 63864
2 33323 63874
7 6643 21951 63880 63886 63894 63901 63916
7 14554 63933 63942 63948 63956 63963 63978
8 8946 63996 64005 64011 64019 64026 64041 64058
1 64063
5 1160 15816 64066 64072 64080
7 35212 64096 64105 64111 64119 64126 64141
8 31450 64163 64172 64178 64186 64193 64208 64225
7 4487 19872 26798 44512 64231 64238 64253
6 1971 15025 60562 64275 64283 64290
5 38158 64310 64319 64325 64333
2 63122 64347
1 55398
7 7990 53309 64356 64362 64370 64377 64392
8 4758 15286 33433 64410 64418 64425 64440 64457
5 6421 64464 64473 64479 64487
9 64490 64500 64509 64515 64523 64530 64545 64562 64567
6 442 21497 64574 64580 64588 64595
8 5071 64601 64610 64616 64624 64631 64646 64663
6 2866 64673 64682 64688 64696 64703
2 64705 64715
4 64722 64732 64741 64747
8 7389 34420 64757 64763 64771 64778 64793 64810
6 43878 64823 64832 64838 64846 64853
8 38688 64858 64867 64873 64881 64888 64903 64920
7 2585 17057 33792 64923 64931 64938 64953
6 13142 64973 64982 64988 64996 65003
7 14283 65018 65027 65033 65041 65048 65063
11 30234 64212 65074 65080 65088 65095 65110 65127 65132 65140 65142
8 6047 28715 31463 36923 65147 65154 65169 65186
7 31795 65196 65205 65211 65219 65226 65241
1 17386
7 1199 58835 65264 65270 65278 65285 65300
8 1074 26415 55552 65307 65315 65322 65337 65354
9 3102 10429 33661 51991 65361 65368 65383 65400 65405
9 2341 16026 31534 59539 65416 65423 65438 65455 65460
7 264 23006 65471 65477 65485 65492 65507
7 7825 65520 65529 65535 65543 65550 65565
5 9887 65585 65594 65600 65608
9 1807 6413 24447 49702 65620 65627 65642 65659 65664
6 2533 36584 65672 65678 65686 65693
9 5139 65706 65715 65721 65729 65736 65751 65768 65773
1 8721
7 2503 31126 48660 65783 65791 65798 65813
8 10769 55734 65829 65835 65843 65850 65865 65882
4 65886 65896 65905 65911
6 50302 65922 65931 65937 65945 65952
6 17430 65960 65969 65975 65983 65990
7 23042 66010 66019 66025 66033 66040 66055
1 66063
9 1538 12502 29726 39802 66068 66075 66090 66107 66112
8 3588 49998 66124 66130 66138 66145 66160 66177
7 14473 66183 66192 66198 66206 66213 66228
8 45667 66248 66257 66263 66271 66278 66293 66310
6 820 66318 66327 66333 66341 66348
1 14203
2 29781 66364
11 3949 21849 54366 66369 66377 66384 66399 66416 66421 66429 66431
7 7389 66434 66443 66449 66457 66464 66479
4 34928 66500 66509 66515
7 3335 30609 66521 66527 66535 66542 66557
7 7112 66569 66578 66584 66592 66599 66614
10 5692 29625 66629 66635 66643 66650 66665 66682 66687 66695
9 815 66701 66710 66716 66724 66731 66746 66763 66768
7 5085 30620 66774 66780 66788 66795 66810
1 66822
7 12030 66824 66833 66839 66847 66854 66869
7 1286 38439 66883 66889 66897 66904 66919
3 16452 66927 66936
0
5 23279 66949 66958 66964 66972
5 5247 39632 66980 66986 66994
9 3660 66998 67007 67013 67021 67028 67043 67060 67065
7 1703 30218 67071 67077 67085 67092 67107
8 3263 43980 67126 67132 67140 67147 67162 67179
9 2828 13680 43793 67186 67194 67201 67216 67233 67238
8 10415 67247 67256 67262 67270 67277 67292 67309
7 154 7525 23352 39091 67316 67323 67338
1 64368
9 1022 18793 29239 43564 67360 67367 67382 67399 67404
3 6867 62141 67417
6 14877 67418 67427 67433 67441 67448
7 6064 67461 67470 67476 67484 67491 67506
10 3290 21896 44207 67512 67520 67527 67542 67559 67564 67572
9 17521 67580 67589 67595 67603 67610 67625 67642 67647
6 12534 50421 67658 67664 67672 67679
3 67682 67692 67701
9 916 14683 30178 60178 67714 67721 67736 67753 67758
10 4299 56920 67769 67775 67783 67790 67805 67822 67827 67835
8 3665 18464 51041 67837 67845 67852 67867 67884
9 67887 67897 67906 67912 67920 67927 67942 67959 67964
8 4358 28487 67966 67972 67980 67987 68002 68019
5 1660 68027 68036 68042 68050
6 3261 68052 68061 68067 68075 68082
7 5593 32556 68098 68104 68112 68119 68134
3 8483 47389 68155
7 3558 68160 68169 68175 68183 68190 68205
6 19660 68217 68226 68232 68240 68247
9 4789 68258 68267 68273 68281 68288 68303 68320 68325
11 4830 68329 68338 68344 68352 68359 68374 68391 68396 68404 68406
6 28260 68417 68426 68432 68440 68447
6 2205 51795 68462 68468 68476 68483
8 19396 68499 68508 68514 68522 68529 68544 68561
8 17185 68569 68578 68584 68592 68599 68614 68631
1 16769
7 28526 68649 68658 68664 68672 68679 68694
9 219 5139 16002 30160 68701 68708 68723 68740 68745
4 1707 68746 68755 68761
8 27413 68773 68782 68788 68796 68803 68818 68835
11 519 5948 35251 68840 68848 68855 68870 68887 68892 68900 68902
7 68903 68913 68922 68928 68936 68943 68958
9 3157 10622 21273 31032 42315 68962 68977 68994 68999
0
1 14802
2 69002 69012
1 38668
6 4529 67752 69026 69032 69040 69047
1 69056
4 69058 69068 69077 69083
1 64369
9 2282 14039 36487 65668 69100 69107 69122 69139 69144
7 555 23372 69147 69153 69161 69168 69183
5 14606 69194 69203 69209 69217
2 1 11
7 20 30 39 45 53 60 75
1 83
6 94 104 113 119 127 134
9 150 160 169 175 183 190 205 222 227
9 236 246 255 261 269 276 291 308 313
9 316 326 335 341 349 356 371 388 393
1 397
1 406
9 407 417 426 432 440 447 462 479 484
1 489
8 495 505 514 520 528 535 550 567
7 571 581 590 596 604 611 626
7 636 646 655 661 669 676 691
6 704 714 723 729 737 744
7 751 761 770 776 784 791 806
7 810 820 829 835 843 850 865
3 879 889 898
5 904 914 923 929 937
8 944 954 963 969 977 984 999 1016
7 1021 1031 1040 1046 1054 1061 1076
7 1080 1090 1099 1105 1113 1120 1135
7 1147 1157 1166 1172 1180 1187 1202
6 1215 1225 1234 1240 1248 1255
7 1262 1272 1281 1287 1295 1302 1317
10 1333 1343 1352 1358 1366 1373 1388 1405 1410 1418
10 1420 1430 1439 1445 1453 1460 1475 1492 1497 1505
9 1507 1517 1526 1532 1540 1547 1562 1579 1584
6 1589 1599 1608 1614 1622 1629
9 1633 1643 1652 1658 1666 1673 1688 1705 1710
7 1714 1724 1733 1739 1747 1754 1769
1 1775
7 1784 1794 1803 1809 1817 1824 1839
7 1842 1852 1861 1867 1875 1882 1897
7 1914 1924 1933 1939 1947 1954 1969
7 1978 1988 1997 2003 2011 2018 2033
9 2046 2056 2065 2071 2079 2086 2101 2118 2123
6 2126 2136 2145 2151 2159 2166
7 2181 2191 2200 2206 2214 2221 2236
7 2240 2250 2259 2265 2273 2280 2295
7 2304 2314 2323 2329 2337 2344 2359
1 2373
11 2384 2394 2403 2409 2417 2424 2439 2456 2461 2469 2471
6 886 2480 2489 2495 2503 2510
6 1508 2532 2541 2547 2555 2562
4 2577 2587 2596 2602
1 2609
1 2613
5 2624 2634 2643 2649 2657
7 2661 2671 2680 2686 2694 2701 2716
8 2726 2736 2745 2751 2759 2766 2781 2798
6 2800 2810 2819 2825 2833 2840
7 923 2863 2872 2878 2886 2893 2908
6 2910 2920 2929 2935 2943 2950
8 2964 2974 2983 2989 2997 3004 3019 3036
5 3038 3048 3057 3063 3071
4 3075 3085 3094 3100
3 3102 3112 3121
9 3123 3133 3142 3148 3156 3163 3178 3195 3200
4 3205 3215 3224 3230
8 3233 3243 3252 3258 3266 3273 3288 3305
8 3310 3320 3329 3335 3343 3350 3365 3382
1 3387
7 3390 3400 3409 3415 3423 3430 3445
7 3453 3463 3472 3478 3486 3493 3508
7 3519 3529 3538 3544 3552 3559 3574
7 3582 3592 3601 3607 3615 3622 3637
8 2897 3656 3665 3671 3679 3686 3701 3718
9 3722 3732 3741 3747 3755 3762 3777 3794 3799
7 2743 3814 3823 3829 3837 3844 3859
7 3876 3886 3895 3901 3909 3916 3931
6 2485 3950 3959 3965 3973 3980
5 3984 3994 4003 4009 4017
9 4021 4031 4040 4046 4054 4061 4076 4093 4098
9 4101 4111 4120 4126 4134 4141 4156 4173 4178
4 4181 4191 4200 4206
9 4209 4219 4228 4234 4242 4249 4264 4281 4286
10 4288 4298 4307 4313 4321 4328 4343 4360 4365 4373
7 4375 4385 4394 4400 4408 4415 4430
7 4446 4456 4465 4471 4479 4486 4501
9 4509 4519 4528 4534 4542 4549 4564 4581 4586
1 882
11 2182 4609 4618 4624 4632 4639 4654 4671 4676 4684 4686
6 4689 4699 4708 4714 4722 4729
9 4740 4750 4759 4765 4773 4780 4795 4812 4817
6 668 4827 4836 4842 4850 4857
7 4864 4874 4883 4889 4897 4904 4919
7 4930 4940 4949 4955 4963 4970 4985
7 4997 5007 5016 5022 5030 5037 5052
8 2254 5078 5087 5093 5101 5108 5123 5140
11 5144 5154 5163 5169 5177 5184 5199 5216 5221 5229 5231
7 5234 5244 5253 5259 5267 5274 5289
9 1953 5298 5307 5313 5321 5328 5343 5360 5365
7 5371 5381 5390 5396 5404 5411 5426
8 986 5451 5460 5466 5474 5481 5496 5513
7 5517 5527 5536 5542 5550 5557 5572
9 1457 5581 5590 5596 5604 5611 5626 5643 5648
8 5655 5665 5674 5680 5688 5695 5710 5727
8 5729 5739 5748 5754 5762 5769 5784 5801
7 5807 5817 5826 5832 5840 5847 5862
7 4219 5888 5897 5903 5911 5918 5933
7 5086 5950 5959 5965 5973 5980 5995
7 3818 6014 6023 6029 6037 6044 6059
8 6066 6076 6085 6091 6099 6106 6121 6138
6 6141 6151 6160 6166 6174 6181
2 6187 6197
8 2711 6212 6221 6227 6235 6242 6257 6274
8 6276 6286 6295 6301 6309 6316 6331 6348
8 2576 6361 6370 6376 6384 6391 6406 6423
7 6425 6435 6444 6450 6458 6465 6480
7 1783 6491 6500 6506 6514 6521 6536
5 874 6548 6557 6563 6571
5 6577 6587 6596 6602 6610
7 6615 6625 6634 6640 6648 6655 6670
9 3862 6693 6702 6708 6716 6723 6738 6755 6760
7 6761 6771 6780 6786 6794 6801 6816
6 6018 6829 6838 6844 6852 6859
8 3866 6874 6883 6889 6897 6904 6919 6936
7 6940 6950 6959 6965 6973 6980 6995
6 2382 7006 7015 7021 7029 7036
7 7038 7048 7057 7063 7071 7078 7093
6 7107 7117 7126 7132 7140 7147
7 7157 7167 7176 7182 7190 7197 7212
1 7214
9 1872 7232 7241 7247 7255 7262 7277 7294 7299
6 1989 7312 7321 7327 7335 7342
1 7357
6 7366 7376 7385 7391 7399 7406
5 7418 7428 7437 7443 7451
7 1782 7465 7474 7480 7488 7495 7510
8 7525 7535 7544 7550 7558 7565 7580 7597
1 7601
6 7607 7617 7626 7632 7640 7647
6 7661 7671 7680 7686 7694 7701
1 7706
7 2187 7716 7725 7731 7739 7746 7761
11 7248 7786 7795 7801 7809 7816 7831 7848 7853 7861 7863
9 1490 7870 7879 7885 7893 7900 7915 7932 7937
7 1428 7948 7957 7963 7971 7978 7993
7 8006 8016 8025 8031 8039 8046 8061
9 596 8084 8093 8099 8107 8114 8129 8146 8151
7 406 8160 8169 8175 8183 8190 8205
5 6047 8221 8230 8236 8244
6 7879 8258 8267 8273 8281 8288
8 4777 8297 8306 8312 8320 8327 8342 8359
4 1782 8365 8374 8380
4 8389 8399 8408 8414
9 8416 8426 8435 8441 8449 8456 8471 8488 8493
2 6204 8506
9 8513 8523 8532 8538 8546 8553 8568 8585 8590
8 3635 8600 8609 8615 8623 8630 8645 8662
7 7802 8674 8683 8689 8697 8704 8719
11 1870 8735 8744 8750 8758 8765 8780 8797 8802 8810 8812
8 8820 8830 8839 8845 8853 8860 8875 8892
4 8809 8905 8914 8920
2 8929 8939
7 3208 8956 8965 8971 8979 8986 9001
7 9008 9018 9027 9033 9041 9048 9063
2 895 9075
2 9082 9092
1 9093
7 9097 9107 9116 9122 9130 9137 9152
6 9154 9164 9173 9179 9187 9194
7 3129 9216 9225 9231 9239 9246 9261
3 2490 9269 9278
9 4518 9289 9298 9304 9312 9319 9334 9351 9356
5 2295 9369 9378 9384 9392
2 9393 9403
1 9409
7 9416 9426 9435 9441 9449 9456 9471
6 9476 9486 9495 9501 9509 9516
9 8920 9528 9537 9543 9551 9558 9573 9590 9595
6 1310 9604 9613 9619 9627 9634
1 9650
6 2576 9656 9665 9671 9679 9686
2 6050 9702
6 9706 9716 9725 9731 9739 9746
6 1537 9767 9776 9782 9790 9797
0
7 9810 9820 9829 9835 9843 9850 9865
7 988 9885 9894 9900 9908 9915 9930
7 3147 9938 9947 9953 9961 9968 9983
9 2737 10001 10010 10016 10024 10031 10046 10063 10068
1 10072
11 10074 10084 10093 10099 10107 10114 10129 10146 10151 10159 10161
9 3013 10172 10181 10187 10195 10202 10217 10234 10239
9 6772 10252 10261 10267 10275 10282 10297 10314 10319
7 3129 10335 10344 10350 10358 10365 10380
9 10390 10400 10409 10415 10423 10430 10445 10462 10467
11 3267 10477 10486 10492 10500 10507 10522 10539 10544 10552 10554
1 6204
6 10560 10570 10579 10585 10593 10600
1 2934
7 10613 10623 10632 10638 10646 10653 10668
7 10462 10680 10689 10695 10703 10710 10725
6 6142 10751 10760 10766 10774 10781
7 570 10799 10808 10814 10822 10829 10844
7 3960 10859 10868 10874 10882 10889 10904
4 10912 10922 10931 10937
1 10945
4 670 10959 10968 10974
2 6731 10986
9 10988 10998 11007 11013 11021 11033 11048 11065 11070
7 11071 11081 11090 11096 11104 11111 11126
1 11136
6 11139 11149 11158 11164 11172 11179
8 11193 11203 11212 11218 11226 11233 11248 11265
7 11271 11281 11290 11296 11304 11311 11326
1 11343
6 834 11352 11361 11367 11375 11382
2 9372 11403
5 9156 11418 11427 11433 11441
7 11447 11457 11466 11472 11480 11487 11502
8 6810 11517 11526 11532 11540 11547 11562 11579
8 4202 11593 11602 11608 11616 11623 11638 11655
7 11659 11669 11678 11684 11692 11699 11714
9 2553 11736 11745 11751 11759 11766 11781 11798 11803
5 11807 11817 11826 11832 11840
11 1999 11848 11857 11863 11871 11878 11893 11910 11915 11923 11925
5 11927 11937 11946 11952 11960
7 3008 11970 11979 11985 11993 12000 12015
5 3057 12040 12049 12055 12063
7 12064 12074 12083 12089 12097 12104 12119
8 6728 12141 12150 12156 12164 12171 12186 12203
2 9689 12213
8 12217 12227 12236 12242 12250 12257 12272 12289
0
8 7881 12300 12309 12315 12323 12330 12345 12362
6 12365 12375 12384 12390 12398 12405
7 11192 12421 12430 12436 12444 12451 12466
9 12477 12487 12496 12502 12510 12517 12532 12549 12554
6 4607 12565 12574 12580 12588 12595
2 12604 12614
5 12622 12632 12641 12647 12655
6 2580 12669 12678 12684 12692 12699
7 12705 12715 12724 12730 12738 12745 12760
8 1082 12774 12783 12789 12797 12804 12819 12836
8 6406 12847 12856 12862 12870 12877 12892 12909
9 10252 12919 12928 12934 12942 12949 12964 12981 12986
7 12991 13001 13010 13016 13024 13031 13046
2 9266 13067
7 9168 13081 13090 13096 13104 13111 13126
7 13130 13140 13149 13155 13163 13170 13185
6 5091 13203 13212 13218 13226 13233
3 13247 13257 13266
2 13271 13281
1 13291
6 13300 13310 13319 13325 13333 13340
7 3809 13361 13370 13376 13384 13391 13406
7 8111 13427 13436 13442 13450 13457 13472
6 2215 13489 13498 13504 13512 13519
7 880 6759 13539 13545 13553 13560 13575
7 1503 13585 13594 13600 13608 13615 13630
7 6844 13650 13659 13665 13673 13680 13695
3 13709 13719 13728
9 11789 13737 13746 13752 13760 13767 13782 13799 13804
7 5832 13813 13822 13828 13836 13843 13858
1 9379
7 13871 13881 13890 13896 13904 13911 13926
7 469 13943 13952 13958 13966 13973 13988
5 13995 14005 14014 14020 14028
7 14033 14043 14052 14058 14066 14073 14088
8 6515 14111 14120 14126 14134 14141 14156 14173
1 14178
5 14180 14190 14199 14205 14213
7 6518 14219 14228 14234 14242 14249 14264
7 5318 14286 14295 14301 14309 14316 14331
1 14340
9 6358 14357 14366 14372 14380 14387 14402 14419 14424
6 5595 14435 14444 14450 14458 14465
6 3635 14476 14485 14491 14499 14506
5 14511 14521 14530 14536 14544
1 14547
2 4205 14558
8 2197 14567 14576 14582 14590 14597 14612 14629
7 6718 14636 14645 14651 14659 14666 14681
8 811 6549 14693 14699 14707 14714 14729 14746
7 8454 14756 14765 14771 14779 14786 14801
2 1245 14824
2 9379 14838
4 14840 14850 14859 14865
1 14867
1 14870
9 3350 14883 14892 14898 14906 14913 14928 14945 14950
9 14952 14962 14971 14977 14985 14992 15007 15024 15029
9 15036 15046 15055 15061 15069 15076 15091 15108 15113
1 15120
6 15122 15132 15141 15147 15155 15162
1 15174
7 2107 14703 15184 15190 15198 15205 15220
7 15226 15236 15245 15251 15259 15266 15281
0
7 7339 15304 15313 15319 15327 15334 15349
6 406 15365 15374 15380 15388 15395
7 2711 15396 15405 15411 15419 15426 15441
6 15448 15458 15467 15473 15481 15488
6 15499 15509 15518 15524 15532 15539
1 15551
7 15554 15564 15573 15579 15587 15594 15609
6 3034 15625 15634 15640 15648 15655
7 15669 15679 15688 15694 15702 15709 15724
6 1604 15737 15746 15752 15760 15767
7 15770 15780 15789 15795 15803 15810 15825
7 2124 15834 15843 15849 15857 15864 15879
6 15887 15897 15906 15912 15920 15927
7 3346 15944 15953 15959 15967 15974 15989
7 15995 16005 16014 16020 16028 16035 16050
1 16060
7 1000 16068 16077 16083 16091 16098 16113
7 16126 16136 16145 16151 16159 16166 16181
8 16191 16201 16210 16216 16224 16231 16246 16263
5 13624 16276 16285 16291 16299
6 16304 16314 16323 16329 16337 16344
8 9613 16363 16372 16378 16386 16393 16408 16425
7 979 16435 16444 16450 16458 16465 16480
3 2490 16494 16503
8 53 16509 16518 16524 16532 16539 16554 16571
6 12878 16581 16590 16596 16604 16611
1 16624
7 16632 16642 16651 16657 16665 16672 16687
7 16699 16709 16718 16724 16732 16739 16754
8 9906 16768 16777 16783 16791 16798 16813 16830
7 2107 16834 16843 16849 16857 16864 16879
5 4458 16890 16899 16905 16913
6 16918 16928 16937 16943 16951 16958
7 2481 16968 16977 16983 16991 16998 17013
1 6849
1 9697
8 3271 17034 17043 17049 17057 17064 17079 17096
8 17100 17110 17119 17125 17133 17140 17155 17172
7 6207 17179 17188 17194 17202 17209 17224
9 17242 17252 17261 17267 17275 17282 17297 17314 17319
9 10424 17335 17344 17350 17358 17365 17380 17397 17402
7 3940 17410 17419 17425 17433 17440 17455
8 2638 17481 17490 17496 17504 17511 17526 17543
7 3166 17551 17560 17566 17574 17581 17596
5 17606 17616 17625 17631 17639
7 8832 17649 17658 17664 17672 17679 17694
6 17709 17719 17728 17734 17742 17749
1 17757
9 17758 17768 17777 17783 17791 17798 17813 17830 17835
9 8230 17846 17855 17861 17869 17876 17891 17908 17913
1 17917
6 17927 17937 17946 17952 17960 17967
7 2888 17976 17985 17991 17999 18006 18021
7 18027 18037 18046 18052 18060 18067 18082
7 3785 14394 18097 18103 18111 18118 18133
7 16321 18150 18159 18165 18173 18180 18195
7 5595 18214 18223 18229 18237 18244 18259
8 14231 18282 18291 18297 18305 18312 18327 18344
7 2295 18347 18356 18362 18370 18377 18392
6 18399 18409 18418 18424 18432 18439
5 18447 18457 18466 18472 18480
1 18482
7 4607 18492 18501 18507 18515 18522 18537
0
2 3834 18547
1 4205
7 1788 8370 18555 18561 18569 18576 18591
7 18599 18609 18618 18624 18632 18639 18654
0
6 11333 18676 18685 18691 18699 18706
6 18719 18729 18738 18744 18752 18759
2 18763 18773
2 16577 18788
7 3559 18795 18804 18810 18818 18825 18840
5 9141 18854 18863 18869 18877
7 3635 18885 18894 18900 18908 18915 18930
7 2545 18947 18956 18962 18970 18977 18992
2 9689 19016
6 6816 19027 19036 19042 19050 19057
8 19068 19078 19087 19093 19101 19108 19123 19140
7 2107 10488 19147 19153 19161 19168 19183
7 647 19191 19200 19206 19214 19221 19236
1 19252
6 4974 19262 19271 19277 19285 19292
7 2711 19313 19322 19328 19336 19343 19358
7 1064 19369 19378 19384 19392 19399 19414
7 19419 19429 19438 19444 19452 19459 19474
1 19484
1 19491
6 1508 19497 19506 19512 19520 19527
1 11345
7 2104 19545 19554 19560 19568 19575 19590
8 19595 19605 19614 19620 19628 19635 19650 19667
9 18537 19681 19690 19696 19704 19711 19726 19743 19748
4 19754 19764 19773 19779
2 10951 19794
6 19801 19811 19820 19826 19834 19841
7 19843 19853 19862 19868 19876 19883 19898
7 6547 19914 19923 19929 19937 19944 19959
8 7046 19974 19983 19989 19997 20004 20019 20036
1 20039
7 20042 20052 20061 20067 20075 20082 20097
7 20112 20122 20131 20137 20145 20152 20167
7 2492 18119 20186 20192 20200 20207 20222
7 10902 20241 20250 20256 20264 20271 20286
8 2737 20309 20318 20324 20332 20339 20354 20371
7 8229 20381 20390 20396 20404 20411 20426
7 7806 20440 20449 20455 20463 20470 20485
7 24 20491 20500 20506 20514 20521 20536
7 7307 20547 20556 20562 20570 20577 20592
8 17831 20618 20627 20633 20641 20648 20663 20680
4 20682 20692 20701 20707
6 20713 20723 20732 20738 20746 20753
1 20755
7 18225 20767 20776 20782 20790 20797 20812
7 20813 20823 20832 20838 20846 20853 20868
7 20873 20883 20892 20898 20906 20913 20928
2 677 20949
7 17081 20959 20968 20974 20982 20989 21004
8 3093 21016 21025 21031 21039 21046 21061 21078
3 5452 21083 21092
