7 638 820 1535 1620 1711 1828 1849
5 80 189 210 333 1513
7 225 226 558 653 1222 1533 1760
37 493 497 542 618 667 683 719 756 789 795 881 899 930 981 1046 1071 1081 1084 1132 1299 1331 1343 1369 1411 1541 1558 1559 1568 1571 1588 1598 1602 1609 1644 1662 1740 1836
1 68
2 158 904
1 291
2 195 632
5 530 1092 1121 1582 1691
1 658
4 130 833 1228 1641
1 515
7 615 874 972 1532 1587 1670 1703
2 1423 1430
1 454
2 1312 1341
49 28 33 268 462 472 500 520 585 633 676 684 686 691 782 817 840 849 854 875 952 959 999 1008 1009 1011 1043 1067 1130 1133 1136 1158 1182 1203 1207 1311 1390 1412 1458 1507 1639 1648 1700 1753 1754 1768 1774 1775 1784 1852
2 906 1469
1 475
11 53 668 745 953 962 1022 1094 1317 1387 1446 1814
6 607 811 844 1050 1195 1391
5 826 1235 1511 1566 1626
1 1309
2 252 1631
1 1771
4 726 1020 1244 1561
3 128 1371 1695
2 328 976
38 16 225 317 500 525 558 705 823 840 854 875 887 897 925 952 957 999 1009 1036 1108 1130 1136 1161 1168 1377 1466 1473 1483 1520 1548 1630 1659 1753 1754 1758 1760 1768 1773
1 538
2 1224 1375
3 242 320 1720
1 1776
42 16 500 558 633 676 677 684 691 741 782 840 849 875 885 952 959 961 1008 1009 1036 1130 1136 1158 1182 1207 1210 1243 1259 1300 1390 1412 1416 1466 1473 1483 1594 1639 1700 1768 1775 1809 1861
3 92 229 465
2 1378 1813
4 498 1054 1170 1818
15 63 330 634 739 798 839 1002 1039 1257 1522 1557 1571 1584 1855 1858
4 839 1561 1703 1831
12 481 747 850 903 1323 1382 1490 1556 1571 1749 1765 1837
1 1305
1 1279
2 292 1442
6 161 162 1153 1409 1622 1655
24 304 327 329 517 552 560 590 687 905 909 913 942 1014 1076 1333 1347 1384 1404 1520 1555 1670 1676 1737 1766
7 543 1070 1325 1438 1605 1652 1853
3 1334 1469 1718
1 1728
5 1216 1219 1449 1509 1675
1 535
1 757
8 327 622 687 1014 1289 1355 1480 1520
7 501 1241 1298 1400 1448 1556 1721
24 19 544 567 581 745 819 865 962 1022 1051 1094 1272 1327 1354 1387 1446 1476 1478 1514 1584 1611 1654 1814 1834
4 271 550 750 1563
3 436 995 1538
2 1571 1749
10 534 791 846 1066 1110 1613 1627 1680 1699 1745
7 473 588 1198 1336 1451 1647 1692
1 1052
8 371 600 653 863 882 922 1686 1798
1 491
2 1157 1674
5 37 906 1306 1334 1549
1 1746
19 640 701 706 777 805 822 861 1029 1166 1171 1256 1277 1304 1328 1379 1497 1525 1618 1769
2 1241 1556
3 905 1359 1853
1 4
1 1314
14 126 190 255 312 320 420 437 497 651 771 872 1245 1356 1749
2 824 1802
4 491 1359 1512 1652
6 284 634 923 1725 1788 1858
1 1536
1 248
1 810
1 1795
1 545
3 598 605 1395
5 1 193 196 231 1513
1 1524
3 876 978 1140
7 412 696 858 918 1374 1640 1668
2 1135 1712
8 614 658 664 1063 1143 1329 1538 1820
2 1571 1840
1 1159
9 807 983 1064 1072 1318 1492 1542 1590 1642
1 1552
6 169 595 778 984 1113 1856
5 389 643 1059 1284 1767
14 34 229 248 387 479 614 693 804 898 1261 1303 1601 1661 1723
7 800 924 958 1048 1322 1574 1845
3 496 1738 1843
7 689 874 972 990 1142 1252 1350
1 198
2 502 905
2 1183 1701
6 476 699 982 1167 1459 1593
2 148 1463
17 225 256 512 641 653 656 661 892 915 922 935 1009 1141 1144 1222 1313 1657
6 437 930 1087 1334 1649 1651
2 767 1134
7 471 620 708 1117 1316 1321 1860
6 128 698 985 1259 1368 1639
1 1285
5 499 564 713 742 1817
5 330 427 1134 1347 1719
2 781 913
4 1252 1350 1575 1616
2 792 923
4 281 1460 1724 1806
2 419 652
3 828 1265 1704
4 739 1557 1631 1709
1 370
2 302 864
28 123 316 592 639 762 790 806 808 830 937 986 1006 1026 1058 1112 1119 1152 1202 1303 1361 1422 1454 1515 1537 1565 1569 1643 1826
1 703
15 186 225 226 418 512 653 656 882 922 935 955 1222 1313 1436 1832
17 518 587 648 821 873 896 1034 1060 1177 1225 1360 1499 1562 1606 1628 1688 1777
3 1009 1441 1754
8 118 631 1049 1058 1258 1303 1550 1866
4 876 978 1159 1234
3 469 730 1635
3 70 1249 1749
6 437 651 740 747 1095 1146
10 26 105 230 560 985 1038 1631 1701 1712 1763
4 770 1114 1155 1558
5 10 507 591 833 1330
1 443
1 170
6 533 1453 1632 1653 1780 1781
2 704 913
3 180 222 553
9 137 138 375 736 860 1012 1351 1401 1823
10 136 138 375 736 860 1012 1120 1351 1401 1823
11 136 137 375 736 860 997 1012 1120 1351 1401 1823
3 568 1254 1338
2 1055 1789
2 258 1345
2 1055 1789
1 1373
2 810 938
1 1047
1 635
3 178 729 1105
2 100 1463
6 526 563 1027 1307 1752 1759
3 253 714 1192
1 1209
1 1854
3 1138 1249 1478
7 212 548 584 710 1107 1383 1658
3 639 824 1522
4 892 1190 1279 1419
3 503 947 1295
3 5 1493 1581
6 635 676 691 879 1473 1754
3 808 1058 1822
6 43 162 1153 1409 1622 1655
6 43 161 1153 1409 1622 1655
1 710
5 947 1080 1156 1295 1638
3 876 1410 1719
2 359 1109
4 218 321 1683 1791
1 1437
3 90 984 1856
3 132 228 1502
3 205 1174 1403
1 639
1 1835
1 847
1 792
4 509 702 926 1493
8 695 1145 1283 1312 1362 1456 1583 1717
3 147 729 1105
8 531 744 779 845 1310 1645 1665 1682
3 135 222 553
2 678 968
1 1474
1 711
4 309 457 833 1666
1 655
6 120 256 653 1067 1222 1313
2 1176 1236
1 1367
4 1 193 332 455
10 70 528 625 841 890 1239 1315 1443 1462 1749
4 1249 1297 1334 1718
4 282 674 688 1597
8 80 189 196 231 332 333 1513 1610
8 263 613 872 1306 1353 1389 1805 1857
3 7 632 905
4 80 193 1513 1610
5 492 606 692 949 1516
2 96 1370
2 200 659
2 199 1278
1 1199
1 1367
7 760 856 1016 1281 1477 1678 1732
2 277 1669
3 171 509 672
1 1195
1 1174
5 505 635 698 988 1493
4 1162 1493 1763 1848
9 1 469 883 1078 1179 1306 1353 1557 1577
3 831 990 1575
5 154 584 1107 1383 1658
3 1248 1637 1749
11 343 941 1287 1482 1495 1523 1573 1595 1705 1761 1800
13 242 255 402 470 628 649 651 731 835 1570 1623 1749 1755
4 642 737 1344 1629
2 1160 1301
3 167 1725 1791
7 329 1073 1109 1303 1479 1586 1815
7 494 960 992 1135 1214 1393 1518
7 960 992 1073 1135 1163 1214 1333
3 135 180 553
9 1000 1074 1365 1367 1429 1455 1706 1794 1854
11 368 806 954 971 973 1280 1303 1346 1418 1539 1667
19 2 28 101 120 226 256 536 600 653 656 840 882 955 1008 1194 1376 1657 1686 1832
5 2 120 225 653 1222
3 1191 1279 1778
1 170
2 34 92
4 128 621 979 1424
4 80 193 332 455
1 1757
5 594 660 1314 1543 1666
1 1584
6 707 837 866 1031 1044 1742
4 1089 1440 1681 1748
3 238 723 843
3 237 723 843
5 554 1099 1115 1165 1850
1 437
7 295 320 374 480 754 1247 1288
7 31 215 480 562 878 945 1837
4 624 752 1319 1744
13 675 682 718 793 1023 1040 1090 1185 1200 1510 1600 1671 1756
13 522 665 717 763 855 877 1096 1485 1486 1599 1614 1810 1812
3 1176 1305 1696
3 644 1336 1576
19 75 92 452 506 529 644 783 884 891 1021 1176 1336 1349 1445 1660 1687 1696 1772 1824
3 1305 1418 1550
4 508 571 908 1010
1 573
1 23
3 150 714 1192
6 428 519 651 1398 1651 1840
9 70 215 562 747 1184 1229 1571 1749 1790
8 101 186 225 536 653 661 1222 1657
1 1232
1 141
11 602 720 842 1037 1189 1275 1392 1484 1508 1624 1689
1 543
1 980
2 1267 1478
1 194
2 788 1625
4 758 1332 1572 1865
1 857
2 673 679
15 16 317 677 773 925 1009 1108 1168 1203 1204 1634 1648 1754 1768 1775
7 411 532 622 762 816 1551 1561
1 1226
4 54 510 750 1563
1 1787
2 906 1452
3 1187 1205 1274
18 389 517 589 687 741 786 801 901 946 1039 1123 1284 1310 1473 1480 1646 1666 1808
5 483 669 869 1065 1481
1 204
10 379 429 996 1039 1203 1468 1579 1684 1712 1855
1 1103
10 427 560 825 1093 1236 1347 1493 1528 1719 1766
3 112 1724 1806
6 192 674 688 1305 1597 1615
1 1070
4 73 1242 1305 1336
8 867 952 1009 1043 1210 1470 1673 1753
4 541 1223 1435 1585
2 787 966
4 559 588 746 1432
1 1749
1 1803
1 6
1 42
2 1061 1111
26 297 474 482 495 630 645 681 725 734 888 889 911 939 1017 1068 1172 1221 1246 1291 1471 1580 1612 1733 1735 1807 1841
3 241 353 627
1 594
1 294
1 1488
1 1522
4 906 1147 1268 1666
1 1571
10 117 444 537 550 825 853 1126 1196 1292 1358
2 1522 1802
1 44
3 308 647 1743
6 527 989 1104 1340 1444 1751
3 839 1033 1788
18 305 329 590 622 687 693 762 784 871 938 969 1035 1125 1129 1238 1263 1314 1457
1 184
1 1607
1 562
7 70 608 1154 1230 1253 1450 1793
1 1128
2 1782 1792
4 733 1196 1656 1825
26 118 376 489 619 639 775 790 808 868 895 937 973 986 1058 1112 1152 1202 1280 1361 1422 1515 1537 1565 1643 1797 1822
30 28 268 500 558 637 686 705 840 952 1009 1013 1036 1067 1108 1116 1130 1133 1136 1168 1182 1203 1472 1483 1506 1520 1521 1648 1659 1760 1773
5 575 612 1305 1578 1760
6 662 732 970 1698 1726 1833
15 31 70 241 481 651 859 1001 1247 1339 1388 1405 1544 1571 1749 1819
6 167 597 940 1417 1538 1803
4 929 1367 1491 1786
12 465 775 808 868 954 1112 1152 1199 1202 1280 1515 1524
6 555 635 879 928 1693 1734
6 328 552 1203 1545 1623 1709
1 1701
7 44 51 521 751 1014 1404 1737
4 27 325 976 1384
11 44 219 308 549 909 1005 1062 1238 1303 1586 1815
8 37 108 611 910 923 977 1701 1770
1 441
4 189 193 231 455
3 1 193 1513
5 623 1272 1433 1474 1741
1 1151
12 561 816 836 900 936 1102 1347 1531 1728 1746 1821 1839
2 1114 1749
5 450 546 670 1071 1571
0
2 907 1122
2 921 1465
11 572 638 820 1255 1535 1620 1664 1694 1711 1828 1849
10 214 1287 1482 1495 1523 1573 1595 1705 1761 1800
1 1050
1 1830
2 769 1835
1 348
1 347
6 481 651 1251 1546 1556 1598
5 485 767 1701 1801 1858
8 487 603 886 902 1266 1527 1739 1785
3 1114 1570 1674
8 295 428 650 740 749 1366 1558 1571
1 1702
3 524 1296 1803
1 961
1 1009
4 816 929 938 1554
3 166 904 1272
6 647 726 1127 1372 1431 1432
2 434 1122
4 427 825 1528 1719
1 1151
1 1078
1 833
20 372 580 651 671 813 835 906 985 1069 1095 1186 1264 1385 1399 1427 1567 1636 1669 1762 1790
2 955 1190
2 224 708
4 913 985 1534 1677
4 116 1098 1234 1830
4 60 1237 1324 1686
4 366 735 781 917
1 1544
2 241 1357
11 136 137 138 736 860 997 1012 1120 1351 1401 1823
10 316 619 727 808 914 1112 1202 1537 1569 1797
0
14 566 715 766 774 950 967 1057 1124 1149 1240 1248 1308 1342 1846
3 278 1522 1579
3 540 940 1296
22 382 488 504 596 654 685 894 920 993 1001 1201 1217 1302 1320 1414 1529 1708 1727 1736 1750 1805 1811
8 381 481 596 872 1071 1143 1469 1805
8 457 776 799 1071 1270 1571 1710 1805
2 1714 1716
3 601 1441 1794
1 1500
4 92 792 1690 1697
2 1047 1365
4 91 275 901 1284
6 444 626 975 1181 1269 1730
3 616 1150 1517
6 477 478 490 497 1273 1571
1 1212
1 673
1 1032
10 697 794 1193 1227 1364 1413 1461 1596 1679 1796
3 1540 1670 1676
2 848 1551
2 779 1553
5 515 838 1121 1186 1842
5 437 965 1334 1469 1549
1 215
11 514 539 574 700 1086 1118 1137 1197 1286 1722 1859
1 1408
5 765 770 998 1071 1707
12 437 834 872 933 1353 1363 1490 1504 1633 1749 1805 1857
13 519 650 670 749 815 956 1053 1146 1164 1215 1571 1598 1651
2 1074 1706
1 1464
1 1663
34 269 532 555 586 612 743 762 780 784 816 848 884 917 919 938 969 1015 1238 1263 1394 1440 1457 1475 1480 1491 1494 1496 1551 1553 1554 1561 1604 1743 1804
1 83
1 1498
2 906 1452
11 569 574 579 604 931 932 1004 1083 1293 1397 1851
3 497 770 1571
9 636 657 709 827 948 1208 1396 1501 1863
1 120
4 113 508 652 738
3 70 731 1271
3 716 1024 1489
1 1503
1 1480
1 1821
0
7 551 1007 1206 1467 1621 1827 1829
24 108 280 362 444 509 552 560 611 663 759 825 951 974 1028 1042 1236 1347 1384 1420 1498 1528 1545 1650 1719
10 254 353 702 985 1251 1415 1469 1522 1571 1749
6 278 486 523 996 1579 1669
1 583
3 448 731 753
4 651 985 1385 1431
2 503 1268
4 361 570 759 1719
1 1713
3 55 829 1719
77 70 102 127 240 401 406 470 488 490 577 593 609 650 651 670 721 722 728 731 740 747 749 797 802 834 850 859 862 864 872 883 906 916 926 930 933 956 987 1087 1095 1101 1114 1131 1146 1164 1215 1229 1233 1249 1262 1270 1273 1323 1334 1339 1353 1363 1366 1469 1490 1504 1541 1549 1558 1571 1584 1633 1666 1707 1714 1729 1731 1749 1779 1790 1805 1862
1 753
1 838
1 1674
1 331
2 947 1295
7 131 547 947 1080 1156 1295 1638
12 302 390 427 626 938 971 975 1129 1181 1269 1719 1730
1 762
1 1368
1 1272
14 431 577 651 747 859 1247 1260 1490 1544 1558 1571 1729 1749 1857
18 557 646 694 698 704 912 943 1019 1041 1106 1231 1276 1294 1434 1439 1505 1526 1715
3 338 1571 1749
12 511 755 761 768 814 893 1085 1088 1381 1487 1591 1672
8 248 991 1000 1074 1365 1429 1455 1706
2 486 1075
1 14
4 189 231 332 1250
0
11 184 383 721 1087 1290 1297 1334 1469 1549 1649 1651
3 576 812 1373
7 565 610 944 1148 1218 1426 1608
0
1 1249
35 16 500 558 686 741 782 817 840 854 952 961 1008 1009 1011 1043 1130 1133 1136 1158 1168 1182 1300 1311 1335 1416 1472 1473 1507 1648 1753 1754 1760 1768 1774 1852
3 612 927 1685
3 1380 1731 1866
17 34 323 619 808 809 868 937 971 1006 1112 1188 1202 1280 1303 1601 1731 1866
5 516 803 870 994 1082
3 1157 1405 1790
3 880 1077 1498
13 125 210 577 651 747 753 850 883 1306 1323 1389 1544 1837
12 215 437 651 753 906 945 987 1155 1306 1353 1571 1765
7 104 620 708 1117 1316 1321 1860
14 16 500 558 849 885 952 1009 1158 1259 1333 1466 1753 1754 1768
7 58 588 746 1198 1451 1687 1692
3 294 645 1841
5 18 823 1093 1333 1473
6 99 699 982 1167 1459 1593
9 392 478 519 916 1095 1215 1541 1571 1749
3 392 477 1571
7 92 1062 1303 1326 1479 1723 1815
7 241 242 754 776 1131 1138 1570
21 39 320 349 382 519 556 650 749 930 934 1030 1071 1143 1146 1273 1339 1541 1546 1556 1779 1790
20 294 495 630 681 725 734 888 889 911 939 1017 1068 1221 1246 1291 1471 1580 1612 1733 1807
5 276 669 869 1065 1481
7 831 874 990 1142 1252 1589 1844
3 350 921 1358
7 429 453 802 1075 1363 1522 1579
8 351 603 886 902 1266 1527 1739 1785
8 381 437 596 1001 1174 1386 1581 1757
7 316 619 868 895 937 1202 1565
8 392 437 651 670 749 859 1541 1571
2 61 72
5 197 606 692 949 1516
7 3 899 1299 1568 1662 1740 1836
5 220 660 960 1337 1514
16 294 482 630 725 734 888 889 911 1017 1221 1291 1471 1580 1612 1733 1807
3 94 1738 1843
8 3 70 392 416 651 749 1087 1146
4 36 1054 1170 1818
5 107 564 713 742 1817
72 16 28 33 317 462 472 520 558 676 684 686 691 741 782 817 823 840 849 854 887 897 925 952 959 961 1008 1009 1011 1013 1036 1043 1067 1108 1116 1130 1133 1136 1158 1168 1182 1203 1204 1207 1243 1259 1300 1311 1377 1390 1466 1470 1472 1473 1483 1506 1520 1548 1594 1639 1648 1659 1753 1754 1758 1760 1768 1774 1775 1784 1809 1852 1861
6 52 1241 1298 1400 1448 1721
1 97
3 157 433 1584
9 381 654 685 920 993 1414 1529 1708 1727
7 208 743 1020 1355 1701 1801 1848
6 248 783 891 1021 1445 1772
4 130 591 833 1330
8 250 419 571 678 738 908 968 1010
11 176 205 427 663 689 951 1018 1186 1420 1650 1712
3 271 825 1831
10 451 755 761 768 769 814 1088 1381 1591 1672
15 101 120 536 641 656 882 915 935 1141 1144 1194 1222 1376 1436 1832
2 1092 1121
8 403 539 700 1118 1197 1286 1722 1859
5 11 400 1666 1714 1716
5 466 803 870 994 1082
9 44 275 561 658 816 996 1018 1063 1603
17 121 587 648 821 873 896 1034 1060 1177 1225 1360 1499 1562 1606 1628 1688 1777
17 254 407 477 481 776 845 930 956 1053 1071 1146 1164 1382 1598 1651 1674 1749
26 16 500 558 633 686 691 782 875 885 952 1009 1011 1036 1108 1130 1168 1207 1243 1300 1473 1520 1648 1754 1760 1768 1861
7 327 751 857 1014 1404 1676 1737
12 245 665 717 763 855 877 1096 1485 1486 1599 1810 1812
7 429 547 1038 1249 1579 1799 1855
6 355 540 597 1103 1296 1803
6 28 823 952 1161 1630 1673
6 149 563 1027 1307 1752 1759
6 306 989 1104 1340 1444 1751
8 190 625 841 890 1239 1315 1443 1462
8 248 644 884 1025 1336 1349 1687 1824
7 8 724 1519 1666 1691 1747 1795
10 179 687 735 823 938 1020 1073 1372 1534 1554
6 269 411 762 816 928 1639
6 133 1453 1632 1653 1780 1781
10 57 791 846 1066 1110 1164 1613 1627 1680 1699
5 49 669 852 869 1392
11 225 256 512 656 882 935 955 1144 1194 1376 1832
5 302 759 853 1292 1358
1 29
9 403 514 700 1118 1137 1197 1286 1722 1859
5 380 524 597 1417 1803
2 286 1435
4 3 1411 1541 1568
4 45 260 764 1325
10 53 567 581 819 865 1051 1327 1354 1654 1834
2 78 764
5 338 1071 1248 1749 1819
6 443 523 947 1080 1295 1638
5 154 851 1107 1383 1402
5 329 575 1005 1062 1661
6 54 302 552 750 1305 1375
7 426 1007 1206 1467 1621 1827 1829
11 44 325 427 550 759 995 1134 1347 1384 1420 1670
3 135 180 222
10 239 629 722 1056 1099 1115 1165 1175 1584 1850
6 324 411 586 689 823 1734
5 481 906 934 1030 1388
9 449 694 704 912 1019 1106 1276 1526 1715
45 2 28 33 317 462 472 500 520 585 633 691 785 823 849 863 875 885 952 1008 1009 1011 1036 1043 1108 1130 1133 1136 1158 1168 1207 1412 1466 1473 1520 1533 1548 1594 1648 1657 1753 1754 1760 1768 1775 1861
7 288 852 938 1035 1238 1394 1839
12 44 128 280 427 838 1039 1186 1196 1278 1347 1384 1824
5 336 517 1238 1394 1728
4 242 255 311 1030
6 149 526 1027 1307 1752 1759
5 107 499 713 742 1817
7 459 610 944 1148 1218 1426 1608
5 378 715 950 967 1308
11 53 544 581 819 865 1051 1327 1354 1476 1654 1834
5 139 621 1091 1254 1406
9 415 574 579 604 932 1004 1293 1397 1851
11 434 651 751 985 1147 1229 1278 1323 1502 1571 1749
7 250 508 769 908 968 1010 1590
9 342 638 820 1255 1535 1620 1664 1694 1849
2 251 964
11 403 415 569 579 931 932 1004 1083 1397 1710 1851
5 318 549 910 988 1138
2 458 812
11 437 448 469 593 721 747 1271 1558 1571 1749 1790
0
9 415 569 574 604 931 1004 1293 1397 1851
9 366 599 747 859 906 1251 1405 1427 1469
10 53 544 567 819 865 1051 1327 1354 1476 1654
1 653
1 430
4 154 212 710 1658
23 16 558 676 684 686 782 840 849 885 1008 1009 1168 1207 1259 1377 1634 1700 1753 1754 1768 1773 1809 1861
8 411 555 743 762 929 938 1263 1457
16 121 518 648 821 873 896 1034 1060 1225 1360 1499 1562 1606 1628 1688 1777
7 58 288 473 746 977 1198 1692
5 275 1123 1480 1646 1808
5 44 308 647 938 1238
5 130 507 833 1174 1330
13 118 790 806 808 830 973 986 1006 1202 1280 1524 1643 1826
12 437 577 747 770 859 1271 1273 1541 1571 1749 1837 1857
3 233 296 1097
5 90 778 984 1113 1856
6 381 382 488 1001 1757 1788
6 321 524 540 1103 1296 1803
7 79 605 759 1395 1475 1666 1838
4 580 651 916 1405
6 60 225 882 1194 1686 1798
4 385 762 921 1045
8 259 842 1037 1275 1484 1508 1624 1689
7 351 487 886 902 1266 1527 1785
8 415 569 579 932 1004 1083 1293 1851
4 79 598 1395 1719
5 197 492 692 949 1516
5 20 811 844 1050 1195
6 312 1154 1230 1253 1450 1793
6 437 722 728 1131 1233 1584
7 459 565 944 1148 1218 1426 1608
4 330 427 974 1545
14 318 411 463 698 781 977 1224 1238 1465 1480 1496 1520 1639 1685
5 194 1469 1488 1584 1805
4 85 92 1063 1289
7 12 832 972 1213 1532 1587 1616
4 391 1150 1175 1517
3 726 786 801
8 3 683 981 1046 1132 1343 1369 1602
16 316 376 465 489 727 775 808 809 868 895 914 937 986 1202 1537 1797
7 104 471 708 1117 1316 1321 1860
9 230 568 1091 1237 1279 1338 1406 1739 1778
18 51 269 308 664 762 784 816 880 917 938 1035 1238 1442 1457 1498 1530 1592 1743
6 334 666 1049 1272 1433 1741
4 243 752 1319 1744
6 190 528 1239 1315 1443 1462
10 390 444 971 975 1058 1129 1181 1269 1730 1766
4 295 812 1139 1571
11 215 651 747 771 1157 1356 1357 1544 1558 1837 1857
3 554 1423 1584
11 294 482 495 681 725 888 1246 1291 1471 1733 1735
11 123 937 954 971 1006 1199 1303 1326 1547 1611 1866
2 7 195
18 16 33 520 558 840 875 1008 1009 1036 1067 1136 1182 1300 1377 1507 1753 1754 1861
9 37 73 649 1002 1226 1520 1560 1619 1858
5 146 159 208 324 879
9 417 657 709 827 948 1208 1396 1501 1863
8 317 741 840 1009 1011 1130 1136 1754
7 0 342 572 820 1535 1664 1849
16 118 155 172 316 762 775 808 1258 1303 1403 1454 1524 1550 1551 1611 1667
19 65 701 706 777 805 822 861 1029 1166 1171 1256 1277 1304 1328 1379 1497 1525 1618 1769
7 101 512 915 935 1141 1194 1222
4 216 737 1344 1629
4 91 1059 1284 1767
12 247 248 529 884 1025 1176 1242 1349 1647 1660 1687 1696
3 294 474 1841
8 449 694 704 1106 1231 1276 1294 1526
9 305 360 590 726 917 1035 1553 1554 1586
16 121 518 587 821 873 896 1060 1177 1225 1360 1499 1562 1606 1628 1688 1777
13 215 634 651 670 740 864 1087 1522 1541 1573 1581 1788 1858
12 353 407 437 481 651 670 1247 1469 1544 1720 1749 1840
62 70 127 215 254 320 349 366 432 437 448 469 470 490 497 570 599 628 649 650 670 722 731 740 747 749 753 771 776 802 835 850 859 872 878 934 985 1001 1061 1138 1143 1157 1245 1249 1323 1339 1366 1385 1388 1405 1415 1425 1490 1541 1558 1571 1623 1631 1707 1731 1749 1790 1862
3 113 419 738
16 2 60 101 120 186 225 226 256 582 840 863 892 922 1222 1657 1768
8 381 504 685 920 993 1414 1708 1811
3 185 1126 1757
13 101 120 225 512 536 935 1144 1222 1237 1368 1376 1520 1832
9 417 636 709 827 948 1208 1396 1501 1863
4 9 85 517 1479
7 199 910 1138 1268 1546 1557 1749
3 233 494 1337
8 101 256 863 892 1222 1279 1406 1657
6 319 732 970 1698 1726 1833
6 427 509 743 951 1224 1303
5 85 622 1063 1465 1820
12 245 522 717 763 855 877 1096 1486 1599 1614 1810 1812
6 623 799 1249 1272 1502 1764
9 3 719 756 789 881 1331 1559 1588 1644
9 19 745 953 962 1022 1094 1317 1446 1814
6 276 483 535 869 1065 1481
15 338 407 437 490 649 650 651 878 906 1143 1348 1366 1571 1779 1840
5 366 813 906 1427 1669
5 205 739 977 979 992
3 267 394 1534
5 192 282 1003 1597 1615
11 244 682 793 1023 1040 1090 1200 1510 1600 1671 1756
31 16 33 159 500 585 684 686 691 782 849 875 885 952 959 999 1008 1009 1130 1133 1161 1168 1259 1473 1700 1754 1760 1768 1775 1784 1809 1861
17 33 268 849 885 952 1009 1043 1210 1412 1470 1639 1673 1754 1768 1782 1792 1861
4 181 508 738 1010
2 267 787
4 686 1179 1560 1763
17 294 482 630 725 734 888 889 911 1017 1068 1221 1246 1291 1471 1580 1612 1807
9 244 675 718 1090 1185 1200 1600 1671 1756
8 3 618 981 1046 1132 1343 1369 1602
20 16 33 500 585 676 686 691 840 885 1008 1011 1130 1207 1259 1311 1673 1753 1754 1774 1809
10 381 504 654 920 993 1414 1529 1708 1727 1811
39 16 317 462 500 520 585 676 680 684 691 782 817 840 854 887 925 1008 1009 1013 1036 1108 1130 1133 1168 1182 1390 1412 1472 1483 1507 1648 1700 1753 1754 1768 1774 1775 1852 1861
12 44 51 275 308 531 698 871 905 913 1035 1534 1639
4 192 282 1597 1615
4 95 509 555 762
4 747 813 1502 1691
33 16 33 159 500 520 558 676 684 686 782 817 840 849 875 885 952 999 1008 1009 1011 1130 1168 1207 1259 1300 1412 1473 1648 1700 1754 1768 1784 1852
5 197 492 606 949 1516
8 92 308 810 884 1035 1062 1063 1303
15 449 557 646 704 912 943 1019 1106 1231 1276 1294 1434 1439 1526 1715
6 177 1145 1283 1312 1362 1583
6 83 858 918 1374 1640 1668
8 396 794 1227 1364 1413 1461 1679 1796
30 105 208 449 612 687 762 816 874 875 885 905 913 952 1009 1093 1196 1207 1252 1350 1355 1493 1528 1531 1555 1594 1728 1753 1754 1763 1821
5 99 476 1167 1459 1593
9 403 514 539 1086 1118 1137 1197 1286 1859
19 65 640 706 777 805 822 861 1029 1166 1171 1256 1277 1304 1328 1379 1497 1525 1618 1769
4 176 428 722 1714
2 119 1064
14 134 449 557 646 694 912 1019 1106 1231 1276 1434 1439 1526 1715
7 28 317 840 1009 1067 1311 1754
19 65 640 701 777 805 822 861 1029 1166 1171 1256 1277 1304 1328 1379 1497 1525 1618 1769
1 235
8 104 368 471 620 1117 1316 1321 1860
9 417 636 657 827 948 1208 1396 1501 1863
7 154 163 584 851 1107 1383 1658
2 183 1728
2 851 1577
4 107 499 564 1817
3 150 253 1192
12 378 566 766 774 950 967 1057 1124 1149 1240 1308 1342
4 421 1024 1100 1489
13 245 522 665 763 855 877 1096 1485 1486 1599 1614 1810 1812
7 244 682 1040 1090 1200 1600 1671
10 3 667 756 789 795 881 1331 1559 1588 1644
8 259 842 1037 1189 1275 1508 1624 1689
10 437 457 577 850 1087 1270 1504 1633 1649 1714
22 437 554 609 651 702 798 799 862 872 926 933 1099 1131 1143 1178 1233 1297 1363 1423 1522 1584 1682
3 237 238 843
4 530 1093 1196 1747
19 294 482 495 630 681 734 888 889 911 939 1017 1068 1221 1246 1291 1471 1580 1612 1807
8 25 360 617 647 1125 1329 1457 1713
4 376 619 868 1797
7 437 609 862 1056 1233 1363 1633
3 147 178 1105
2 125 1635
12 215 420 431 437 651 802 1273 1306 1571 1707 1765 1857
6 319 662 970 1698 1726 1833
3 315 926 1666
17 294 482 495 681 725 888 889 911 939 1017 1068 1221 1291 1471 1580 1612 1807
5 372 531 781 823 913
7 136 137 138 375 860 1351 1401
4 216 642 1344 1629
6 419 508 652 678 1010 1249
6 37 115 672 1220 1783 1804
10 127 353 437 649 651 906 1146 1270 1348 1571
21 33 275 462 500 637 782 823 840 952 1009 1025 1039 1133 1203 1207 1364 1533 1700 1773 1804 1861
4 107 499 564 1817
25 411 505 586 663 762 781 823 910 917 929 938 1020 1073 1125 1289 1314 1355 1457 1480 1554 1596 1665 1673 1728 1825
3 179 1211 1278
11 19 53 668 953 962 1022 1094 1317 1387 1446 1814
5 288 473 588 1576 1692
31 39 127 255 437 448 469 577 580 593 628 651 690 770 850 930 956 1071 1114 1229 1247 1260 1323 1339 1356 1389 1490 1541 1544 1558 1765 1779
1 1191
16 353 407 437 481 490 497 651 998 1087 1101 1146 1382 1571 1651 1790 1862
6 54 271 550 853 1375 1563
7 327 521 570 1014 1373 1676 1737
4 243 624 927 1319
15 431 438 469 470 651 906 1306 1323 1334 1353 1389 1469 1718 1765 1857
5 241 480 1427 1469 1570
11 451 511 768 814 893 1085 1381 1424 1487 1672 1816
10 3 667 719 789 795 881 1331 1559 1588 1644
1 50
4 265 1332 1572 1865
9 427 434 537 552 598 825 1018 1498 1625
4 203 1016 1477 1732
8 451 511 768 814 1085 1088 1381 1672
38 118 269 308 411 445 532 586 601 622 639 689 698 743 780 816 848 884 917 928 938 1015 1020 1045 1102 1129 1238 1263 1314 1355 1457 1551 1553 1561 1604 1643 1743 1748 1766
12 245 522 665 717 855 877 1096 1486 1599 1614 1810 1812
5 543 545 1267 1799 1853
4 405 770 1541 1707
11 378 715 774 950 967 1057 1124 1149 1240 1308 1342
6 103 350 788 992 1753 1858
9 451 511 755 761 814 1088 1381 1591 1672
7 346 511 571 1088 1314 1381 1543
19 129 405 416 593 747 765 906 945 987 1071 1087 1095 1114 1273 1288 1541 1707 1765 1837
4 70 628 651 1749
6 1179 1214 1257 1447 1464 1762
6 268 952 1009 1130 1136 1473
11 378 715 766 950 967 1057 1124 1240 1308 1342 1846
13 316 323 619 639 808 868 937 1112 1199 1202 1515 1524 1537
6 383 480 519 651 1251 1558
18 65 640 701 706 805 822 861 1029 1166 1171 1256 1277 1304 1328 1497 1525 1618 1769
5 90 595 984 1113 1856
6 179 399 845 1093 1656 1665
8 411 762 816 900 917 919 938 1604
22 109 372 612 735 743 798 823 867 1033 1116 1289 1305 1355 1367 1378 1399 1491 1639 1685 1757 1763 1801
28 16 33 462 500 520 585 676 686 691 741 823 840 952 1008 1009 1011 1130 1133 1168 1182 1207 1300 1416 1473 1483 1648 1754 1768
6 248 506 891 1021 1445 1772
8 308 411 622 816 938 1238 1586 1743
6 558 849 1009 1259 1263 1768
3 275 617 1665
3 287 679 966
5 264 767 864 1631 1858
10 3 667 719 756 795 881 1331 1559 1588 1644
15 118 316 592 806 808 830 986 1112 1202 1361 1561 1565 1822 1824 1826
9 57 534 846 1066 1110 1164 1680 1699 1745
7 111 175 387 923 1310 1690 1697
9 244 675 1040 1090 1185 1510 1600 1671 1756
9 396 697 1193 1227 1364 1413 1461 1679 1796
9 3 719 756 789 881 1331 1559 1588 1644
2 1536 1842
4 437 872 1270 1504
13 37 722 781 823 835 985 1109 1385 1619 1639 1665 1762 1788
6 383 666 722 1131 1233 1249
7 93 924 958 1048 1322 1574 1845
3 275 617 804
10 437 486 651 731 872 933 1233 1425 1584 1707
5 466 516 870 994 1082
10 92 801 1062 1174 1261 1303 1326 1403 1661 1723
19 65 640 701 706 777 822 861 1029 1166 1171 1256 1277 1304 1328 1379 1497 1525 1618 1769
13 118 224 592 790 830 954 973 986 1006 1202 1280 1524 1826
7 88 983 1064 1072 1318 1492 1542
27 118 160 316 323 376 465 592 619 639 775 790 809 868 914 954 986 1026 1058 1112 1202 1422 1515 1522 1537 1569 1797 1822
14 465 619 808 868 1006 1202 1280 1303 1403 1524 1537 1611 1797 1866
6 76 144 693 1025 1035 1063
6 20 607 844 1050 1195 1391
3 458 576 627
9 366 671 690 1268 1502 1571 1666 1669 1691
14 451 511 755 761 768 893 1085 1088 1381 1424 1487 1591 1672 1816
5 407 1087 1260 1729 1749
31 269 336 358 411 517 532 622 698 762 780 784 900 917 936 938 942 969 1015 1102 1238 1263 1394 1457 1531 1582 1604 1616 1728 1743 1766 1802
14 16 462 500 686 691 840 854 961 1130 1473 1507 1648 1754 1775
1 966
10 53 544 567 581 865 1051 1327 1476 1654 1834
12 0 342 572 638 1255 1535 1620 1664 1694 1711 1828 1849
17 121 518 587 648 873 896 1034 1060 1177 1225 1360 1499 1562 1606 1628 1688 1777
18 65 640 701 706 777 805 861 1029 1166 1171 1256 1277 1304 1328 1497 1525 1618 1769
28 28 475 500 525 531 555 558 735 741 743 781 782 798 952 1009 1161 1162 1210 1311 1520 1548 1596 1673 1682 1734 1753 1754 1864
4 71 155 1522 1802
7 280 302 362 427 510 759 1563
5 21 1235 1511 1566 1626
9 417 636 657 709 948 1208 1396 1501 1863
3 114 1265 1704
4 436 1093 1528 1545
12 118 592 790 806 986 1006 1119 1361 1422 1561 1643 1826
8 211 484 874 990 1252 1350 1575 1589
5 615 972 1213 1532 1616
10 10 130 184 365 507 591 1049 1228 1330 1641
12 406 437 933 1178 1249 1363 1389 1398 1571 1633 1749 1805
5 215 366 651 798 985
6 336 900 1278 1347 1604 1746
5 235 866 1031 1044 1742
5 400 439 560 1039 1196
4 37 38 307 1561
51 16 28 33 225 317 462 500 585 633 637 653 684 686 691 705 741 782 817 854 875 882 885 887 925 952 961 1008 1009 1011 1013 1036 1067 1108 1116 1130 1136 1168 1182 1203 1207 1311 1472 1507 1521 1648 1686 1754 1768 1775 1852 1861
5 190 528 1315 1443 1462
11 259 602 720 1037 1189 1275 1392 1484 1508 1624 1689
3 237 238 723
6 20 607 811 1050 1195 1391
10 179 519 779 1062 1125 1297 1382 1645 1665 1860
10 57 534 791 1066 1110 1164 1613 1680 1699 1745
1 174
5 398 411 762 1551 1643
44 16 33 472 500 558 585 676 677 691 785 875 885 905 927 952 1008 1009 1011 1036 1108 1130 1158 1168 1182 1207 1243 1259 1377 1412 1473 1507 1594 1634 1648 1700 1753 1754 1758 1760 1768 1775 1776 1804 1861
15 39 437 469 651 721 747 1087 1323 1353 1469 1490 1541 1558 1571 1749
6 548 710 712 1107 1383 1402
4 535 559 1238 1839
5 302 537 750 1358 1375
25 16 28 462 500 686 817 840 1008 1009 1013 1067 1130 1136 1182 1207 1259 1412 1472 1483 1507 1648 1700 1760 1768 1852
11 245 522 665 717 763 877 1096 1486 1599 1810 1812
2 203 1281
5 266 521 1014 1404 1737
6 83 696 918 1374 1640 1668
10 320 437 448 490 580 593 651 1323 1353 1837
11 136 137 138 375 736 997 1012 1120 1351 1401 1823
19 65 640 701 706 777 805 822 1029 1166 1171 1256 1277 1304 1328 1379 1497 1525 1618 1769
7 437 722 728 1178 1233 1363 1633
16 60 558 653 661 892 922 1009 1279 1309 1506 1520 1521 1657 1754 1768 1778
6 117 437 649 788 1357 1560
11 53 544 567 581 819 1051 1327 1354 1476 1654 1834
5 235 837 1031 1044 1742
7 285 781 952 1305 1441 1673 1794
26 316 323 465 489 619 727 775 808 809 895 914 937 954 1006 1058 1112 1119 1202 1280 1537 1565 1601 1731 1797 1822 1866
5 276 483 535 669 1065
5 466 516 803 994 1082
4 308 687 905 1861
28 70 194 382 406 437 651 722 797 802 906 1078 1131 1174 1233 1251 1363 1469 1504 1541 1549 1571 1579 1584 1666 1707 1714 1749 1805
15 121 518 587 648 821 896 1034 1060 1177 1225 1360 1499 1606 1688 1777
12 12 95 484 698 831 990 1142 1252 1350 1532 1587 1670
32 16 28 33 520 558 633 676 691 698 840 849 885 897 952 1009 1036 1043 1130 1158 1168 1243 1259 1412 1466 1473 1548 1594 1673 1753 1754 1768 1775
6 82 124 165 978 1159 1234
12 245 522 665 717 763 855 1485 1486 1599 1614 1810 1812
6 242 651 670 1215 1571 1840
4 159 324 635 1693
2 468 622
10 3 667 719 756 789 795 1331 1559 1588 1644
15 60 120 225 512 536 600 840 935 1144 1194 1376 1436 1686 1798 1832
7 210 437 469 998 1087 1353 1749
20 248 411 529 644 693 762 938 977 1035 1049 1263 1305 1336 1349 1586 1639 1687 1696 1824 1858
40 33 472 520 558 585 676 677 684 691 698 840 849 875 905 927 952 959 1008 1009 1036 1043 1158 1207 1243 1311 1412 1466 1473 1520 1521 1548 1594 1648 1657 1700 1753 1754 1758 1768 1852
7 351 487 603 1266 1527 1739 1785
19 28 500 686 840 1009 1011 1036 1067 1108 1136 1168 1182 1203 1259 1335 1673 1754 1760 1768
22 294 482 495 630 681 725 734 889 911 939 1017 1068 1172 1221 1246 1291 1471 1580 1612 1733 1735 1807
19 294 482 495 681 725 734 888 911 939 1017 1068 1221 1246 1291 1471 1580 1612 1733 1807
6 190 528 1239 1315 1443 1462
5 248 506 783 1021 1772
8 101 156 653 661 863 1279 1657 1778
8 451 755 814 1085 1381 1487 1591 1672
7 381 1201 1217 1302 1320 1736 1750
7 316 489 619 868 937 1202 1537
17 121 518 587 648 821 873 1034 1060 1177 1225 1360 1499 1562 1606 1628 1688 1777
13 28 500 875 959 1009 1036 1133 1168 1390 1506 1648 1753 1774
6 92 1261 1303 1479 1586 1815
8 3 493 1299 1568 1609 1662 1740 1836
11 336 780 816 836 1102 1582 1604 1616 1743 1746 1766
6 275 389 1310 1480 1646 1808
5 351 487 603 1739 1785
3 39 1382 1556
2 5 359
26 44 67 97 195 687 698 849 871 885 942 952 988 995 996 1009 1036 1158 1244 1520 1594 1670 1703 1753 1794 1844 1861
36 17 63 273 300 366 414 437 470 556 580 670 671 740 753 770 872 985 987 998 1087 1095 1101 1249 1264 1334 1348 1408 1452 1469 1541 1558 1666 1674 1707 1718 1729
1 340
6 250 508 571 968 1010 1590
5 44 329 1244 1432 1554
5 330 575 659 743 1862
20 294 482 495 681 725 734 888 889 939 1017 1068 1221 1246 1291 1471 1580 1612 1733 1735 1807
13 449 557 694 704 1019 1041 1106 1231 1276 1294 1439 1526 1715
12 44 109 134 369 687 698 735 1447 1493 1534 1555 1670
8 376 619 808 868 1380 1537 1797 1866
7 101 512 641 935 1141 1194 1832
5 437 477 599 1633 1805
16 372 411 622 647 743 762 780 816 929 938 1035 1238 1263 1491 1530 1554
6 83 696 858 1374 1640 1668
7 411 780 1441 1496 1553 1575 1766
7 381 504 654 685 1414 1529 1811
6 341 485 601 1543 1670 1703
7 60 101 120 653 863 1657 1768
19 73 111 330 792 963 1008 1179 1226 1305 1309 1352 1557 1579 1619 1623 1697 1783 1788 1858
7 93 800 958 1048 1322 1574 1845
11 28 268 500 686 840 1008 1067 1108 1168 1754 1760
6 176 437 722 733 1018 1488
9 463 752 849 885 1009 1207 1520 1533 1753
5 324 532 762 1263 1639
13 322 358 586 743 917 938 1125 1314 1457 1480 1553 1728 1743
15 3 102 437 481 519 747 956 998 1053 1071 1087 1184 1382 1598 1779
6 415 574 579 1083 1293 1851
9 415 569 574 604 1004 1083 1293 1397 1851
10 406 437 722 802 834 1131 1233 1363 1584 1633
5 481 556 651 1143 1749
15 101 120 512 536 641 656 882 915 1141 1144 1194 1222 1376 1436 1832
6 336 816 1372 1531 1728 1821
21 118 316 465 489 619 631 775 868 895 954 971 1006 1188 1199 1202 1303 1326 1601 1723 1731 1866
41 144 308 358 411 444 531 559 586 590 622 743 762 780 784 816 884 917 929 1015 1020 1035 1102 1125 1238 1372 1394 1457 1480 1491 1498 1530 1551 1553 1554 1561 1592 1728 1743 1786 1825 1839
15 294 482 725 734 888 889 911 1017 1246 1291 1471 1580 1612 1733 1807
4 321 380 1296 1442
5 214 1287 1573 1705 1761
7 44 816 905 972 1076 1561 1703
9 449 694 1106 1231 1276 1294 1434 1439 1505
7 459 565 610 1148 1218 1426 1608
5 242 470 770 1348 1558
3 275 1480 1646
8 157 164 442 443 547 1156 1295 1638
9 417 636 657 709 827 1208 1396 1501 1863
5 197 492 606 692 1516
12 378 566 715 766 774 967 1057 1149 1240 1308 1342 1846
6 427 509 663 1100 1303 1650
60 16 28 33 285 317 462 472 500 520 525 558 676 677 691 698 741 773 782 823 840 849 867 875 885 905 959 1008 1009 1011 1043 1045 1108 1130 1136 1158 1161 1207 1259 1310 1412 1458 1466 1470 1491 1520 1540 1596 1634 1648 1700 1701 1753 1754 1758 1768 1770 1775 1809 1852 1861
7 19 668 745 1094 1317 1446 1814
15 224 323 631 806 808 868 937 1026 1062 1280 1346 1539 1601 1731 1797
5 120 225 367 536 1832
15 407 437 519 747 930 1053 1087 1126 1247 1273 1490 1541 1558 1598 1805
8 28 1008 1009 1011 1133 1168 1203 1458
7 93 800 924 1048 1322 1574 1845
19 16 33 500 676 885 897 952 1009 1011 1036 1130 1168 1207 1506 1648 1700 1754 1774 1792
6 220 221 494 992 1163 1393
10 33 356 462 500 817 840 1008 1009 1013 1347
7 19 53 668 745 1094 1446 1814
3 923 1557 1623
1 573
2 401 1245
3 287 787 818
10 378 566 715 766 774 950 1149 1240 1308 1342
5 181 508 571 908 1590
7 308 411 816 1035 1238 1394 1743
6 319 662 732 1698 1726 1833
13 224 444 465 626 631 937 1058 1303 1515 1667 1723 1731 1866
11 12 95 615 832 942 1213 1532 1587 1703 1754 1766
8 224 316 592 806 986 1202 1569 1667
6 427 611 1236 1528 1604 1743
5 390 444 626 1181 1730
3 27 328 1173
5 330 588 612 672 884
4 82 124 876 1234
3 230 672 1010
1 261
8 3 618 683 1046 1132 1343 1369 1602
5 99 476 1063 1167 1459
5 88 807 1064 1072 1542
6 90 169 595 778 1113 1856
19 105 128 366 369 428 432 570 651 798 835 906 1202 1385 1493 1534 1537 1757 1776 1790
17 118 316 592 619 790 806 808 830 973 1006 1119 1202 1280 1422 1537 1643 1826
13 437 470 770 906 1101 1155 1273 1469 1541 1558 1571 1749 1779
5 208 575 905 1076 1196
6 306 527 1104 1340 1444 1751
9 95 211 484 831 874 1142 1252 1350 1589
7 452 1000 1074 1365 1429 1455 1706
16 220 221 672 767 960 1073 1076 1135 1163 1393 1518 1530 1555 1703 1763 1801
9 381 504 654 685 1414 1529 1708 1727 1811
5 466 516 803 870 1082
4 55 552 905 1616
10 278 429 517 905 1038 1039 1092 1468 1579 1684
7 138 375 860 1120 1351 1401 1823
12 405 749 883 906 930 1087 1146 1251 1334 1558 1718 1779
8 16 28 676 691 1009 1043 1210 1754
7 223 452 991 1074 1365 1429 1455
6 320 381 488 596 651 1339
5 37 634 1138 1305 1502
3 674 1597 1615
10 415 569 574 579 604 932 1083 1293 1397 1851
6 329 549 1303 1586 1815 1839
17 118 465 592 631 806 809 830 868 937 986 1202 1454 1515 1524 1643 1731 1826
2 426 551
43 16 33 225 462 500 558 585 633 676 684 686 691 782 840 849 854 885 923 925 952 957 961 1009 1011 1067 1116 1130 1133 1136 1168 1182 1259 1311 1390 1472 1630 1657 1754 1758 1773 1801 1809 1861
90 16 28 33 101 122 268 285 317 357 462 472 500 520 558 585 633 637 676 677 686 691 698 705 741 773 782 785 823 840 849 854 863 875 885 887 897 905 927 952 957 959 961 999 1008 1011 1013 1036 1043 1067 1108 1130 1133 1136 1158 1168 1182 1207 1243 1259 1300 1311 1377 1390 1412 1416 1458 1466 1470 1473 1483 1506 1507 1520 1548 1594 1630 1634 1648 1673 1700 1753 1754 1758 1760 1768 1774 1775 1784 1852 1861
8 250 508 571 678 738 908 979 1590
39 16 462 500 520 558 637 684 691 782 840 849 887 952 957 959 1008 1009 1036 1130 1133 1136 1168 1207 1210 1300 1311 1416 1466 1472 1473 1648 1659 1753 1754 1758 1768 1774 1775 1861
8 136 137 138 375 860 1351 1401 1823
16 317 500 686 840 854 961 1009 1067 1130 1136 1168 1182 1483 1507 1754 1861
10 44 51 327 521 751 857 1373 1404 1676 1737
9 411 762 816 938 1441 1491 1553 1743 1786
4 203 760 1477 1732
20 294 482 495 681 725 734 888 889 911 939 1068 1172 1221 1246 1291 1471 1580 1612 1733 1807
5 509 517 759 926 1617
9 449 557 694 704 912 1106 1434 1526 1715
11 25 505 531 743 762 938 1314 1491 1553 1647 1786
6 248 506 783 891 1445 1772
9 19 53 668 745 1094 1317 1387 1446 1814
7 244 675 1090 1185 1200 1600 1756
4 421 716 1100 1489
13 529 644 741 810 1176 1249 1329 1349 1625 1639 1660 1804 1824
6 118 808 954 1202 1524 1569
6 149 526 563 1307 1752 1759
3 427 1196 1719
19 65 640 701 706 777 805 822 861 1166 1171 1256 1277 1304 1328 1379 1497 1525 1618 1769
6 481 556 562 1541 1571 1749
5 235 837 866 1044 1742
1 395
4 307 781 1305 1352
15 121 518 587 821 873 896 1060 1177 1225 1360 1499 1606 1628 1688 1777
14 308 559 622 647 687 693 810 884 917 938 969 1127 1238 1432
36 28 33 317 500 520 558 633 686 840 849 875 885 887 897 905 959 1009 1011 1067 1130 1133 1136 1158 1168 1207 1300 1335 1412 1648 1753 1754 1758 1768 1774 1852 1861
9 259 602 720 842 1189 1392 1484 1508 1689
8 128 523 996 1039 1468 1625 1684 1712
14 37 275 278 560 741 838 996 1038 1468 1522 1625 1631 1684 1712
11 244 675 718 793 1090 1185 1200 1510 1600 1671 1756
7 449 912 1231 1294 1439 1526 1715
6 427 1263 1305 1355 1420 1528
20 16 285 462 500 558 677 875 885 952 999 1009 1130 1470 1520 1657 1673 1700 1754 1768 1861
5 235 837 866 1031 1742
8 601 762 952 1380 1470 1491 1673 1701
8 3 618 683 981 1132 1343 1369 1602
3 145 388 1151
6 93 800 924 958 1322 1845
9 123 623 833 884 1100 1249 1433 1543 1844
7 20 344 607 811 844 1195 1391
9 53 544 567 581 819 865 1327 1476 1654
1 59
13 407 519 930 956 1071 1146 1164 1215 1382 1598 1720 1779 1790
4 36 498 1170 1818
3 140 142 1789
3 554 728 1115
9 378 715 766 774 950 1124 1240 1308 1342
15 118 123 160 316 626 808 868 971 1202 1422 1454 1515 1550 1578 1822
4 91 643 1284 1767
17 121 518 587 648 821 873 896 1034 1177 1225 1360 1499 1562 1606 1628 1688 1777
4 293 651 1111 1749
11 329 479 549 693 804 845 954 1261 1303 1586 1815
9 85 517 614 664 693 810 982 1494 1530
9 88 703 807 983 1072 1318 1492 1542 1642
4 276 483 669 869
11 57 534 791 846 1110 1164 1613 1627 1680 1699 1745
27 16 186 317 500 633 705 840 854 887 925 1008 1009 1013 1036 1108 1116 1130 1133 1136 1168 1472 1483 1648 1659 1700 1760 1861
18 294 482 681 725 734 888 889 911 1017 1172 1221 1246 1291 1471 1580 1612 1733 1807
2 366 1636
6 45 283 1438 1605 1652 1853
17 3 338 382 383 405 481 519 546 747 770 930 1053 1260 1297 1382 1541 1749
8 88 807 983 1064 1318 1492 1542 1642
8 219 221 531 743 992 1238 1289 1480
9 223 408 452 991 1000 1365 1429 1455 1706
3 453 486 1522
5 44 942 988 992 1393
1 468
3 210 364 872
3 1169 1190 1419
5 164 443 547 1156 1295
3 3 1411 1609
5 466 516 803 870 994
9 415 574 604 931 932 1004 1293 1397 1851
4 3 1411 1568 1609
8 451 755 761 814 893 1381 1424 1487
8 403 700 1118 1137 1197 1286 1722 1859
31 102 437 457 497 649 721 749 770 815 850 883 906 930 956 998 1095 1146 1288 1297 1348 1382 1398 1469 1541 1558 1581 1598 1707 1718 1779 1790
9 451 511 761 768 769 814 1381 1591 1672
4 236 1440 1681 1748
11 244 675 682 718 793 1023 1040 1200 1510 1600 1671
5 568 621 1237 1406 1778
5 8 513 996 1121 1522
11 280 475 698 724 779 829 1174 1196 1528 1656 1691
11 19 53 668 745 953 962 1022 1317 1387 1446 1814
10 127 366 437 477 770 906 1087 1260 1366 1707
10 245 522 665 717 763 855 1486 1599 1810 1812
3 594 1325 1663
3 370 1140 1830
6 239 554 722 1115 1165 1584
10 716 951 1024 1049 1196 1297 1489 1564 1603 1650
8 437 749 906 987 1247 1571 1581 1707
8 336 762 816 900 938 1384 1743 1839
5 279 524 597 1296 1803
5 306 527 989 1340 1751
3 147 178 729
15 449 557 646 694 704 912 943 1019 1231 1276 1434 1439 1505 1526 1715
7 154 212 548 710 851 1402 1658
24 28 268 317 500 520 558 686 840 849 887 925 952 1009 1067 1130 1133 1136 1168 1182 1458 1753 1754 1760 1768
5 166 219 798 1174 1386
10 57 534 791 846 1066 1164 1613 1627 1680 1699
2 293 1061
13 118 316 323 376 465 775 790 808 868 1152 1202 1565 1569
5 90 595 778 984 1856
9 129 337 352 437 747 770 1570 1720 1819
6 239 554 1056 1099 1165 1850
10 317 500 781 840 1008 1067 1168 1243 1483 1754
7 104 471 620 708 1316 1321 1860
9 403 514 539 700 1086 1137 1286 1722 1859
9 118 830 868 986 1202 1361 1464 1524 1826
7 137 138 375 860 997 1351 1823
5 8 400 513 1092 1186
3 340 361 1129
5 275 589 1480 1646 1808
7 378 715 766 774 1057 1308 1342
13 308 726 743 845 929 938 1127 1196 1238 1314 1457 1709 1815
5 302 655 956 1514 1524
6 360 1035 1125 1303 1432 1586
1 313
7 308 444 626 762 1122 1582 1853
56 16 28 33 317 462 500 520 558 637 676 684 686 691 773 782 817 840 849 854 875 952 959 1008 1009 1011 1013 1036 1043 1067 1108 1133 1158 1168 1182 1203 1207 1300 1377 1412 1472 1473 1483 1520 1548 1648 1659 1753 1754 1758 1760 1768 1773 1774 1775 1852 1861
19 437 480 609 722 799 872 933 1178 1233 1363 1504 1522 1571 1584 1633 1649 1749 1805 1857
8 3 618 683 981 1046 1343 1369 1602
37 16 317 462 500 558 676 686 741 782 897 957 1008 1009 1011 1036 1067 1108 1130 1136 1158 1168 1182 1203 1259 1311 1377 1390 1458 1473 1548 1648 1754 1760 1768 1774 1852 1861
4 103 108 552 1677
8 84 220 221 992 1163 1214 1309 1630
35 16 28 33 317 462 500 558 633 637 773 840 854 887 952 1008 1009 1011 1013 1036 1067 1108 1133 1168 1182 1203 1300 1335 1472 1507 1521 1548 1648 1657 1768 1861
7 403 539 700 1086 1118 1286 1722
10 153 480 575 651 659 1002 1147 1174 1502 1571
2 627 1776
2 82 1098
8 101 512 641 915 935 1222 1376 1657
5 95 484 874 990 1252
8 85 382 481 651 670 722 934 1737
10 101 512 536 656 882 935 1194 1376 1436 1832
8 177 695 1283 1312 1362 1456 1583 1717
15 127 407 437 481 497 519 740 749 998 1053 1087 1164 1382 1720 1749
6 300 570 1138 1385 1573 1857
7 459 565 610 944 1218 1426 1608
9 378 715 766 950 967 1240 1308 1342 1846
3 391 616 1517
5 335 363 1047 1578 1839
9 118 316 323 1112 1454 1515 1524 1550 1565
6 43 161 162 1409 1622 1655
6 312 608 1230 1253 1450 1793
6 129 470 987 1306 1334 1571
5 164 443 947 1080 1295
5 62 467 628 651 1749
26 16 33 462 472 500 558 849 875 885 905 952 1009 1036 1130 1133 1259 1412 1466 1473 1540 1594 1657 1753 1768 1852 1861
3 87 124 876
2 217 1301
5 28 525 676 823 952
7 209 823 1760 1788 1847 1848 1864
7 221 960 992 1135 1214 1393 1518
19 407 437 519 534 791 846 1053 1066 1110 1146 1249 1382 1469 1613 1627 1680 1699 1745 1779
5 239 554 1099 1115 1850
17 65 640 701 706 777 805 822 861 1029 1171 1256 1277 1304 1497 1525 1618 1769
6 99 476 699 982 1459 1593
53 28 268 317 462 500 520 558 585 676 686 691 782 840 849 875 887 897 925 957 959 1008 1009 1011 1013 1036 1067 1108 1116 1130 1133 1136 1182 1203 1204 1243 1259 1300 1335 1377 1390 1412 1473 1483 1520 1521 1648 1657 1753 1754 1760 1768 1774 1861
3 1079 1190 1419
4 36 498 1054 1818
18 65 640 701 706 777 805 822 861 1029 1166 1256 1277 1304 1328 1497 1525 1618 1769
7 294 888 1017 1068 1246 1291 1580
2 976 1842
15 171 207 488 591 804 872 1093 1109 1138 1220 1233 1329 1522 1564 1787
2 554 616
9 187 246 248 644 1025 1242 1336 1451 1660
16 121 518 648 821 873 896 1034 1060 1225 1360 1499 1562 1606 1628 1688 1777
9 722 834 862 1131 1233 1363 1423 1633 1682
4 210 680 772 923
3 1232 1480 1743
5 390 444 626 975 1730
26 16 33 317 462 500 633 686 782 840 849 854 887 1008 1009 1013 1108 1130 1133 1136 1168 1311 1472 1648 1754 1760 1774
3 98 1701 1770
5 255 930 1248 1428 1755
10 244 682 793 1023 1040 1200 1510 1600 1671 1756
5 366 400 509 560 1121
2 274 1205
6 465 937 1202 1303 1515 1731
10 259 720 842 1037 1275 1392 1484 1508 1624 1689
5 156 367 1079 1169 1419
5 227 748 1279 1406 1778
3 150 253 714
8 396 794 1227 1364 1413 1461 1679 1796
12 225 512 536 600 641 882 915 935 1144 1376 1798 1832
8 20 206 607 811 844 1050 1347 1709
20 302 315 560 698 724 838 988 1028 1093 1100 1125 1244 1297 1314 1493 1582 1656 1691 1831 1858
7 403 514 539 700 1086 1286 1859
6 58 473 588 1451 1647 1692
11 201 323 631 775 937 1202 1380 1515 1547 1731 1866
11 244 675 682 718 1023 1040 1090 1185 1600 1671 1756
6 381 894 1217 1320 1736 1750
38 118 316 323 376 465 489 592 619 775 790 806 808 809 868 895 937 973 985 986 1006 1026 1058 1112 1119 1188 1199 1280 1303 1361 1515 1524 1537 1569 1601 1643 1731 1797 1826
19 16 268 278 317 325 500 741 840 887 957 1130 1133 1136 1168 1521 1522 1552 1760 1768
6 268 500 1168 1753 1754 1861
3 274 1187 1274
6 426 551 1467 1621 1827 1829
36 16 33 500 520 558 585 684 691 698 741 782 840 849 854 885 927 952 959 1009 1011 1036 1130 1259 1300 1311 1377 1412 1416 1473 1648 1657 1754 1758 1768 1774 1852
9 417 636 657 709 827 948 1396 1501 1863
1 151
11 33 285 677 823 999 1011 1466 1520 1753 1754 1768
1 744
1 393
4 615 832 972 1616
7 220 221 772 1135 1163 1518 1858
6 407 437 477 878 1053 1707
5 48 1219 1449 1509 1675
7 381 894 1201 1302 1320 1736 1750
7 459 565 610 944 1148 1426 1608
5 48 1216 1449 1509 1675
4 739 1174 1575 1631
19 294 482 495 681 725 734 888 889 911 1017 1068 1246 1291 1471 1580 1612 1733 1735 1807
14 2 101 120 186 226 256 512 641 653 656 661 935 1141 1657
1 286
3 30 612 663
17 121 518 587 648 821 873 896 1034 1060 1177 1360 1499 1562 1606 1628 1688 1777
6 270 634 923 1249 1763 1858
10 396 697 794 1193 1364 1413 1461 1679 1796 1864
3 10 833 1641
9 255 437 570 747 1297 1425 1571 1749 1790
6 312 608 1154 1253 1450 1793
15 449 646 694 704 912 943 1041 1106 1276 1294 1434 1439 1505 1526 1715
2 257 1180
22 437 609 722 728 799 802 862 872 933 1131 1174 1178 1262 1363 1423 1522 1571 1633 1649 1749 1790 1805
4 124 370 876 978
5 21 826 1511 1566 1626
7 187 280 427 974 1347 1528 1719
4 371 621 656 1091
26 308 329 411 559 561 590 612 622 762 784 816 852 917 938 969 1035 1073 1125 1394 1457 1494 1498 1554 1592 1743 1839
6 190 528 625 890 1315 1462
10 378 715 766 774 950 967 1057 1149 1342 1846
7 52 66 501 1298 1400 1556 1721
5 284 644 1176 1336 1660
14 33 500 520 849 875 885 1009 1116 1168 1300 1466 1473 1753 1754
8 25 905 909 1196 1493 1520 1555 1801
8 70 651 965 1247 1427 1749 1755 1857
19 294 482 630 681 725 888 889 911 939 1017 1068 1172 1221 1291 1471 1580 1612 1733 1807
14 241 320 448 650 747 956 1101 1245 1323 1356 1490 1544 1571 1837
6 213 378 546 1184 1755 1837
26 126 153 191 437 461 523 651 666 738 799 834 906 1025 1049 1164 1226 1290 1329 1334 1514 1522 1556 1573 1804 1840 1842
1 455
9 349 428 580 776 872 998 1357 1571 1598
11 95 110 484 698 831 874 990 1142 1350 1575 1670
6 312 608 1154 1230 1450 1793
3 139 568 1345
8 342 572 820 1535 1620 1664 1711 1849
18 65 640 701 706 777 805 822 861 1029 1166 1171 1277 1304 1328 1497 1525 1618 1769
4 37 772 1522 1858
5 123 639 1380 1547 1866
26 33 105 472 500 585 676 684 691 785 849 854 875 887 952 1008 1009 1133 1158 1168 1207 1377 1473 1700 1754 1768 1775
9 448 747 815 1071 1095 1541 1546 1571 1749
8 92 804 898 1062 1303 1601 1723 1815
4 437 1233 1714 1716
15 308 411 586 762 785 816 884 917 928 1042 1440 1496 1553 1554 1743
5 366 906 1306 1469 1558
2 114 828
7 351 487 603 886 1527 1739 1785
4 262 764 1611 1790
4 300 433 659 813
4 390 444 626 1730
9 383 437 721 740 797 1297 1469 1571 1649
3 420 577 593
9 53 334 359 447 623 666 1433 1474 1788
15 392 437 481 593 731 770 956 987 1353 1357 1389 1541 1571 1729 1765
2 274 1205
8 259 602 720 842 1189 1392 1484 1508
14 449 557 646 694 704 912 943 1106 1231 1294 1434 1439 1526 1715
19 65 640 701 706 777 805 822 861 1029 1166 1171 1256 1304 1328 1379 1497 1525 1618 1769
7 200 560 570 744 836 1522 1734
12 41 156 227 621 661 863 892 1191 1406 1419 1657 1778
19 224 316 323 465 592 806 809 868 954 986 1202 1346 1418 1515 1524 1539 1569 1667 1826
2 203 856
1 1676
8 177 695 1145 1312 1362 1456 1583 1717
5 91 275 389 643 1059
1 106
10 403 514 539 700 1086 1118 1137 1197 1722 1859
6 214 343 941 1523 1573 1761
7 241 770 1087 1398 1674 1707 1749
10 51 614 743 781 1073 1355 1457 1480 1498 1533
3 457 1249 1571
21 294 482 495 630 681 725 734 888 889 911 939 1017 1068 1172 1221 1246 1471 1580 1612 1733 1807
4 302 537 1358 1749
10 415 569 579 604 931 932 1004 1083 1397 1851
12 449 646 694 912 943 1041 1231 1276 1434 1439 1505 1526
10 157 164 442 443 547 947 1080 1156 1638 1838
8 355 380 524 597 940 1103 1417 1803
12 191 457 722 845 1071 1087 1100 1196 1229 1270 1382 1656
7 52 501 1241 1400 1448 1556 1721
8 3 493 899 1568 1609 1662 1740 1836
19 33 462 500 520 633 691 782 1009 1011 1036 1130 1136 1168 1207 1243 1648 1754 1768 1861
2 217 1160
6 381 894 1217 1320 1736 1750
38 92 118 123 219 224 329 465 479 631 639 663 693 804 809 898 937 951 971 1005 1062 1127 1188 1202 1261 1326 1403 1479 1547 1561 1586 1601 1611 1661 1723 1731 1815 1839 1866
19 65 640 701 706 777 805 822 861 1029 1166 1171 1256 1277 1328 1379 1497 1525 1618 1769
19 40 246 249 282 284 318 550 781 867 884 923 1002 1033 1042 1465 1578 1639 1696 1831
15 63 194 210 469 470 731 753 1155 1264 1334 1353 1389 1469 1490 1707
6 149 526 563 1027 1752 1759
10 378 566 715 766 774 950 967 1057 1124 1149
8 22 863 923 1135 1518 1534 1631 1776
7 179 275 792 901 952 1682 1847
18 16 462 500 684 705 823 840 885 1008 1009 1011 1133 1182 1207 1377 1507 1648 1754
9 15 177 695 1145 1283 1362 1456 1583 1717
4 101 120 186 1832
18 69 233 308 743 762 769 929 1020 1125 1196 1480 1543 1553 1582 1604 1605 1616 1835
8 190 528 625 841 890 1239 1443 1462
7 104 471 620 708 1117 1321 1860
9 19 668 745 953 1022 1094 1387 1446 1814
7 88 807 1064 1072 1492 1542 1642
6 243 624 752 1520 1744 1864
7 381 894 1201 1217 1302 1736 1750
7 104 471 620 708 1117 1316 1860
7 93 800 924 958 1048 1574 1845
16 39 437 469 570 651 747 753 850 859 1247 1353 1469 1490 1765 1837 1857
2 371 1739
3 45 543 1097
6 479 631 804 937 1303 1601
10 53 544 567 581 819 865 1051 1354 1476 1654
17 65 640 701 706 777 805 822 861 1029 1171 1256 1277 1304 1497 1525 1618 1769
7 85 726 1025 1174 1249 1349 1804
4 130 507 591 833
10 3 667 719 756 789 795 881 1559 1588 1644
6 265 758 1465 1560 1572 1865
4 44 221 472 475
19 46 63 102 191 401 437 457 753 906 998 1155 1249 1306 1366 1549 1649 1718 1804 1857
6 462 887 1036 1136 1168 1760
12 58 247 248 284 529 884 1176 1242 1349 1660 1687 1760
2 494 660
3 139 621 1739
9 320 437 481 651 747 1001 1357 1382 1749
6 306 527 989 1104 1444 1751
1 15
11 378 715 766 774 950 967 1057 1124 1149 1240 1846
8 3 618 683 981 1046 1132 1369 1602
4 216 642 737 1629
2 141 1254
7 224 954 1280 1418 1539 1569 1667
12 44 108 280 336 427 552 560 836 961 1195 1236 1821
9 670 740 906 945 1087 1366 1558 1571 1729
11 248 529 644 884 1025 1329 1336 1647 1687 1696 1824
9 95 110 698 831 874 990 1252 1575 1670
11 136 137 138 375 736 860 997 1012 1120 1401 1823
2 923 1033
19 194 210 406 437 470 753 850 859 883 1273 1306 1323 1389 1469 1490 1633 1749 1765 1857
8 53 544 567 581 865 1327 1654 1834
13 51 505 698 743 762 781 1042 1289 1378 1457 1493 1639 1813
7 70 628 747 1247 1490 1571 1749
8 374 628 864 1251 1273 1339 1702 1837
6 302 485 537 853 1292 1502
3 67 72 1853
17 121 518 587 648 821 873 896 1034 1060 1177 1225 1499 1562 1606 1628 1688 1777
10 118 316 790 830 1119 1202 1515 1524 1643 1826
8 177 695 1145 1283 1312 1456 1583 1717
17 406 437 486 722 728 834 862 872 933 1131 1178 1233 1490 1584 1633 1805 1857
10 396 697 741 794 1193 1227 1413 1596 1679 1796
9 223 388 452 991 1000 1074 1455 1706 1854
11 353 437 651 670 1095 1334 1348 1490 1571 1729 1755
6 188 202 223 322 781 1554
3 105 446 656
8 3 618 683 981 1046 1132 1343 1602
1 198
2 26 1695
6 360 531 936 938 1494 1554
4 143 458 751 1014
6 83 696 858 918 1640 1668
5 30 550 750 853 1563
10 225 512 536 656 882 935 1141 1144 1194 1832
19 28 500 585 633 849 1009 1130 1133 1168 1207 1259 1311 1648 1700 1754 1768 1773 1809 1861
4 35 781 1355 1813
12 65 640 701 706 805 861 1029 1277 1304 1497 1618 1769
6 464 914 1045 1199 1258 1866
12 451 511 755 761 768 769 814 893 1085 1088 1424 1672
17 39 519 749 845 903 930 1053 1071 1087 1146 1164 1297 1339 1571 1581 1598 1819
7 154 212 548 710 851 1402 1658
6 44 328 427 552 560 1102
8 366 432 651 798 985 1147 1541 1862
4 488 1109 1557 1623
8 19 53 745 1022 1094 1317 1446 1814
5 320 556 651 1541 1558
11 194 469 747 753 834 1273 1306 1353 1571 1749 1805
16 16 33 500 686 897 1008 1009 1133 1168 1473 1520 1648 1753 1754 1768 1774
5 20 811 844 1050 1498
8 259 535 842 1037 1189 1275 1508 1799
6 220 960 992 1076 1163 1518
8 411 559 561 816 938 969 1238 1839
3 79 598 605
9 417 636 657 709 827 948 1208 1501 1863
9 415 569 574 579 932 1004 1083 1293 1851
6 254 834 1087 1288 1674 1755
4 366 781 1762 1763
6 52 501 1241 1298 1448 1721
10 136 137 138 375 736 860 997 1012 1351 1823
4 548 851 1107 1383
6 171 639 804 809 1303 1866
6 44 327 521 857 1014 1737
5 320 467 580 599 651
7 568 621 661 1091 1191 1279 1778
1 1857
2 404 906
6 43 161 162 1153 1622 1655
1 165
8 3 542 1081 1084 1568 1609 1662 1836
27 16 33 558 677 686 691 849 854 875 885 952 1009 1036 1130 1158 1168 1207 1466 1473 1533 1648 1700 1753 1754 1768 1775 1852
9 396 697 794 1193 1227 1364 1461 1679 1796
10 381 504 654 685 920 993 1529 1708 1727 1811
2 428 651
10 33 462 782 1009 1011 1207 1520 1521 1648 1768
3 321 540 1296
9 224 249 1280 1346 1515 1539 1550 1731 1826
5 156 1079 1169 1190 1279
6 427 509 552 1042 1801 1821
1 1534
9 118 316 808 830 986 1058 1515 1561 1643
5 13 629 722 1178 1233
6 230 755 814 1085 1381 1487
6 651 802 1229 1558 1571 1707
7 459 565 610 944 1148 1218 1608
9 366 580 671 754 1245 1669 1749 1755 1837
2 1184 1674
7 223 452 991 1000 1074 1455 1706
1 13
2 360 432
5 288 360 909 1035 1127
6 334 623 1049 1272 1474 1741
12 449 694 704 943 1019 1106 1231 1276 1294 1439 1505 1526
2 286 541
6 120 512 882 935 1144 1832
1 168
5 45 1070 1605 1652 1853
13 449 694 704 912 943 1041 1106 1231 1276 1294 1434 1505 1526
6 236 411 1089 1263 1681 1748
7 122 385 867 919 1015 1553 1794
3 42 622 940
7 190 528 625 841 890 1315 1462
5 306 527 989 1340 1751
5 248 506 783 1021 1772
11 19 53 668 745 953 962 1022 1094 1317 1387 1814
5 772 913 1631 1753 1754
5 52 501 1298 1400 1721
5 48 1216 1219 1509 1675
6 312 608 1154 1230 1253 1793
5 58 473 1176 1198 1692
4 273 414 906 1674
6 133 533 1632 1653 1780 1781
8 118 639 1006 1058 1152 1515 1524 1550
9 223 452 991 1000 1074 1365 1429 1706 1854
7 177 1145 1283 1312 1362 1583 1717
15 308 411 586 622 726 743 762 816 929 938 1125 1238 1289 1355 1480
7 16 952 957 1009 1108 1133 1754
5 99 476 699 982 1167
1 112
8 396 697 794 1193 1227 1413 1679 1796
8 190 528 625 841 890 1239 1315 1443
2 100 148
3 409 772 1119
7 341 612 664 1305 1332 1776 1864
20 28 33 472 500 558 875 885 952 1009 1011 1158 1210 1243 1412 1594 1657 1673 1753 1754 1768
4 426 551 1206 1621
8 278 996 1038 1039 1579 1684 1712 1763
28 17 46 382 401 428 437 457 580 613 650 753 754 850 872 906 987 1087 1164 1264 1270 1306 1323 1353 1549 1707 1718 1765 1805
8 285 500 677 952 1009 1043 1045 1673
20 294 482 495 630 681 725 734 888 889 911 939 1017 1068 1221 1246 1291 1580 1612 1733 1807
16 317 462 500 686 840 854 1008 1011 1067 1130 1136 1182 1507 1648 1754 1760
40 28 33 159 275 462 475 500 520 558 676 691 773 782 817 849 875 885 1009 1011 1130 1133 1158 1168 1207 1243 1259 1390 1412 1506 1507 1520 1533 1548 1648 1754 1760 1768 1784 1792 1861
4 182 334 1272 1433
5 411 598 1498 1560 1712
9 53 567 581 819 865 1051 1327 1654 1834
4 203 760 1016 1732
4 53 153 262 1538
6 219 479 658 898 1303 1815
21 51 275 411 423 589 612 743 901 929 938 946 1073 1123 1180 1289 1314 1457 1554 1561 1646 1808
4 276 483 669 1838
6 214 343 1495 1523 1573 1761
15 28 33 317 500 686 782 854 1009 1013 1067 1116 1130 1168 1648 1685
7 259 602 842 1037 1189 1275 1689
7 245 522 717 877 1486 1810 1812
13 245 522 665 717 763 855 877 1096 1485 1599 1614 1810 1812
7 451 755 814 893 1085 1424 1816
3 298 613 926
4 421 716 1024 1100
21 39 406 437 448 651 747 850 956 1247 1306 1323 1353 1356 1363 1366 1541 1571 1749 1765 1805 1837
11 322 411 781 917 938 952 1015 1020 1045 1554 1786
7 88 807 1064 1072 1318 1542 1642
16 158 176 208 209 280 698 913 985 1196 1244 1355 1514 1534 1555 1770 1858
6 411 1063 1238 1372 1586 1604
6 214 343 1482 1523 1573 1761
5 411 612 919 1263 1786
18 65 640 701 706 777 805 822 861 1029 1166 1171 1256 1277 1304 1328 1379 1618 1769
10 413 427 468 622 759 938 1238 1289 1391 1475
17 121 518 587 648 821 873 896 1034 1060 1177 1225 1360 1562 1606 1628 1688 1777
2 386 1538
9 417 636 657 709 827 948 1208 1396 1863
8 170 570 666 690 813 1002 1138 1358
1 422
8 406 437 721 797 872 1131 1633 1749
7 449 943 1106 1231 1294 1434 1439
9 317 500 863 897 959 1009 1473 1657 1768
15 16 462 633 686 817 840 849 854 1009 1013 1136 1311 1472 1473 1754
10 259 602 720 842 1037 1189 1275 1392 1624 1689
5 48 1216 1219 1449 1675
8 244 675 793 1040 1090 1185 1671 1756
5 21 826 1235 1566 1626
1 72
6 1 80 193 196 333 1610
6 53 494 1126 1249 1493 1665
24 118 316 323 775 808 971 1006 1058 1152 1188 1199 1202 1280 1361 1418 1422 1454 1524 1537 1550 1578 1643 1822 1826
5 197 492 606 692 949
3 391 616 1150
7 220 992 1163 1214 1309 1393 1804
3 530 1747 1795
35 28 44 51 317 500 520 558 612 634 656 823 863 885 905 927 952 1009 1043 1130 1168 1210 1244 1319 1390 1416 1473 1540 1657 1673 1753 1754 1768 1852 1861 1864
10 317 840 863 885 1136 1168 1203 1416 1657 1754
28 37 155 299 303 379 428 486 649 722 808 824 1039 1075 1092 1131 1174 1203 1233 1249 1257 1278 1571 1579 1647 1691 1712 1762 1855
7 214 343 1287 1482 1495 1573 1705
20 81 323 592 639 775 806 809 1006 1026 1119 1126 1152 1202 1280 1361 1454 1515 1643 1826 1866
17 65 640 701 706 777 805 822 861 1029 1166 1171 1256 1277 1304 1328 1618 1769
15 449 557 646 694 704 912 1019 1041 1106 1231 1276 1294 1434 1439 1715
7 351 487 603 886 1266 1739 1785
10 280 362 427 698 829 974 1042 1093 1236 1858
9 381 504 685 920 993 1414 1708 1727 1811
6 622 917 938 992 1063 1763
6 336 698 816 936 1728 1821
7 12 615 832 874 972 1587 1670
9 2 558 741 927 1289 1412 1473 1763 1768
10 369 531 673 687 913 985 1309 1421 1493 1858
11 0 342 572 638 820 1255 1620 1664 1694 1828 1849
3 74 796 1725
17 118 316 376 619 775 808 809 868 895 914 985 986 1202 1515 1643 1797 1822
9 55 85 321 1478 1500 1555 1557 1753 1858
5 224 954 1280 1346 1418
7 397 952 1158 1520 1594 1673 1701
29 3 437 477 481 490 542 593 649 651 747 765 770 850 872 906 956 987 1030 1071 1087 1260 1273 1385 1388 1490 1571 1707 1729 1819
7 88 807 983 1064 1072 1318 1492
5 233 769 921 1049 1314
11 320 373 448 469 628 650 747 1247 1558 1749 1790
4 325 427 611 829
4 349 481 659 1260
5 631 1199 1258 1303 1611
19 28 500 558 823 875 885 1009 1130 1133 1136 1473 1552 1657 1659 1673 1753 1754 1760 1768
8 63 401 437 457 872 1334 1469 1718
8 123 249 639 1058 1152 1418 1454 1515
8 269 398 411 639 762 848 938 1643
3 89 1203 1548
13 399 411 647 762 919 929 938 1015 1020 1263 1314 1441 1794
18 358 411 531 647 743 909 917 938 1238 1263 1367 1372 1480 1491 1561 1586 1766 1825
8 44 698 913 992 1244 1493 1538 1844
9 39 52 66 349 481 903 1241 1249 1298
13 37 115 210 659 923 963 1386 1538 1577 1623 1749 1788 1858
24 3 129 353 437 448 577 628 651 747 776 850 906 945 956 987 998 1087 1264 1348 1388 1425 1544 1674 1707
10 3 667 719 756 789 795 881 1331 1588 1644
5 634 680 864 1332 1475
16 25 38 269 411 762 790 830 839 938 942 1303 1422 1480 1554 1701 1703
15 121 518 587 648 821 896 1060 1177 1225 1360 1499 1606 1628 1688 1777
5 54 271 750 825 1375
3 1100 1174 1603
8 118 316 489 790 868 1112 1152 1643
5 21 826 1235 1511 1626
2 366 1636
11 3 493 542 899 1084 1299 1411 1609 1662 1740 1836
11 118 376 808 973 1026 1112 1202 1280 1346 1667 1826
7 215 352 480 754 1114 1749 1857
67 3 37 39 56 86 255 301 320 338 353 383 392 407 416 428 437 448 450 470 477 478 490 570 577 593 627 651 670 731 740 749 813 834 850 872 878 987 1030 1101 1131 1138 1155 1229 1233 1247 1251 1260 1270 1273 1290 1348 1356 1366 1382 1389 1425 1490 1522 1541 1584 1707 1710 1729 1749 1790 1840 1857
4 265 758 1332 1865
14 214 343 649 941 1147 1249 1287 1482 1495 1523 1595 1705 1761 1800
6 93 800 924 958 1322 1845
8 110 211 831 919 1220 1252 1350 1589
2 247 746
3 210 712 1557
5 318 1058 1151 1305 1515
12 278 379 429 486 523 872 923 996 1468 1522 1684 1855
21 294 482 495 681 725 734 888 889 911 939 1017 1068 1172 1221 1246 1291 1471 1612 1733 1735 1807
7 158 488 649 1087 1101 1382 1718
6 8 816 900 1129 1196 1314
8 177 695 1145 1283 1312 1362 1456 1717
19 37 53 234 437 503 554 609 613 629 722 802 872 933 1099 1131 1363 1571 1666 1850
1 286
13 219 329 647 784 884 898 1005 1062 1127 1303 1494 1554 1723
6 12 615 874 972 1532 1616
10 3 667 719 756 789 795 881 1331 1559 1644
4 484 831 990 1575
7 88 571 908 968 1010 1617 1719
8 451 511 768 814 893 1088 1672 1816
4 622 938 1238 1713
4 99 476 699 1167
17 33 500 558 698 849 875 885 905 1009 1158 1466 1540 1673 1753 1754 1768 1774
5 214 343 1573 1761 1800
7 396 743 823 952 1364 1639 1864
6 192 282 674 688 1003 1615
11 3 349 407 519 930 956 1053 1087 1251 1382 1651
12 245 522 665 717 763 855 877 1096 1486 1614 1810 1812
12 244 675 682 718 793 1023 1040 1090 1185 1200 1671 1756
12 92 465 868 937 954 1202 1261 1303 1326 1723 1731 1866
8 3 618 683 981 1046 1132 1343 1369
3 517 1100 1564
12 411 762 780 816 836 900 974 1314 1494 1605 1743 1746
7 45 1070 1314 1438 1604 1652 1853
17 121 518 587 648 821 873 896 1034 1060 1177 1225 1360 1499 1562 1628 1688 1777
1 310
7 459 565 610 944 1148 1218 1426
9 3 899 1081 1084 1299 1411 1568 1740 1836
3 193 196 1513
7 53 631 639 809 1267 1303 1547
19 294 482 495 681 725 734 888 889 911 939 1017 1068 1221 1246 1291 1471 1580 1733 1807
9 57 534 846 1066 1110 1164 1627 1680 1745
8 245 665 717 763 877 1486 1599 1812
5 282 674 688 1003 1597
10 110 615 816 832 900 995 1213 1314 1587 1766
3 1018 1590 1642
19 65 640 701 706 777 805 822 861 1029 1166 1171 1256 1277 1304 1328 1379 1497 1525 1769
4 634 798 923 1843
11 0 342 572 820 1255 1535 1664 1694 1711 1828 1849
6 426 551 1206 1467 1827 1829
6 43 161 162 1153 1409 1655
8 215 325 651 923 963 1386 1557 1764
7 259 602 720 842 1189 1508 1689
6 264 759 1025 1038 1039 1788
5 21 826 1235 1511 1566
9 57 534 1066 1110 1164 1613 1680 1699 1745
16 121 518 587 648 821 896 1034 1060 1177 1225 1360 1499 1562 1606 1688 1777
4 216 642 737 1344
6 28 525 1008 1009 1135 1753
10 23 115 128 651 788 1039 1220 1309 1447 1858
6 133 533 1453 1653 1780 1781
15 406 437 721 728 834 862 916 933 1131 1178 1233 1353 1363 1504 1857
7 268 585 849 952 1009 1782 1861
2 125 730
3 366 1069 1567
1 213
5 164 443 547 947 1295
16 16 33 105 500 532 612 677 687 781 798 884 928 1025 1305 1355 1596
6 83 696 858 918 1374 1668
3 10 833 1228
6 88 1064 1072 1318 1492 1617
17 118 316 592 762 830 848 986 1006 1202 1361 1422 1515 1524 1537 1551 1565 1826
10 3 667 719 756 789 795 881 1331 1559 1588
2 179 845
7 275 589 901 946 1123 1480 1808
7 58 644 1020 1198 1349 1522 1687
44 16 268 317 462 500 520 558 686 691 782 817 840 849 854 885 897 952 959 1009 1011 1036 1067 1130 1133 1136 1168 1182 1207 1300 1311 1377 1390 1412 1416 1472 1473 1483 1659 1753 1754 1758 1768 1774 1775
8 102 457 721 1131 1233 1270 1334 1651
4 427 509 951 1100
8 102 254 407 457 519 749 1598 1649
5 45 72 1070 1438 1605
6 133 533 1453 1632 1780 1781
11 53 544 567 581 819 865 1051 1327 1354 1476 1834
6 43 161 162 1153 1409 1622
5 315 779 1093 1196 1297
28 101 225 256 558 653 661 863 885 892 922 1008 1043 1136 1141 1158 1168 1207 1222 1279 1466 1506 1520 1521 1548 1753 1754 1760 1768
6 154 212 584 710 1107 1383
8 28 317 500 1011 1067 1130 1548 1648
6 248 644 1025 1176 1242 1336
4 92 549 804 1303
8 3 493 899 1299 1411 1568 1740 1836
2 410 1097
11 342 572 638 820 1255 1535 1620 1694 1711 1828 1849
8 179 743 779 786 798 845 1514 1757
16 184 233 275 300 437 515 530 598 733 813 872 906 1584 1691 1747 1795
7 224 639 971 973 1280 1346 1569
6 83 696 858 918 1374 1640
6 204 366 429 671 813 1427
13 12 44 397 552 874 905 913 921 1252 1350 1532 1703 1821
12 244 675 682 718 793 1040 1090 1185 1200 1510 1600 1756
11 451 511 755 761 768 814 893 1088 1381 1591 1816
21 285 525 677 684 743 823 867 875 887 1009 1043 1045 1466 1470 1520 1540 1548 1594 1753 1754 1768
11 62 352 440 519 906 1288 1398 1428 1452 1558 1755
5 48 1216 1219 1449 1509
6 44 397 521 751 1014 1282
3 369 1134 1821
1 203
9 396 697 794 1193 1227 1364 1413 1461 1796
11 57 534 791 846 1066 1110 1164 1613 1627 1699 1745
4 236 1089 1440 1748
5 179 722 823 1178 1310
2 167 1791
6 278 996 1038 1039 1468 1579
4 463 612 781 1483
7 60 225 371 600 840 882 1798
10 248 473 529 644 884 1336 1349 1647 1696 1824
17 121 518 587 648 821 873 896 1034 1060 1177 1225 1360 1499 1562 1606 1628 1777
9 259 602 720 842 1037 1189 1484 1508 1624
3 387 792 1697
10 8 530 690 813 1093 1196 1522 1666 1747 1795
6 58 473 588 746 1198 1451
2 324 879
9 342 572 820 1535 1620 1664 1711 1828 1849
2 26 1371
7 246 248 644 884 1305 1349 1687
4 387 792 923 1690
6 319 662 732 970 1726 1833
9 57 534 791 846 1066 1110 1164 1627 1680
22 16 33 585 676 686 691 741 849 854 885 952 959 1009 1043 1067 1259 1377 1412 1753 1754 1768 1809
12 98 128 326 330 350 505 952 1045 1183 1540 1561 1770
2 354 1357
11 12 38 905 921 942 972 992 1561 1670 1766 1794
2 114 828
5 214 343 941 1523 1573
8 223 408 452 991 1074 1365 1429 1455
23 405 437 651 731 765 770 802 872 906 1087 1095 1101 1215 1288 1306 1425 1469 1541 1558 1571 1729 1779 1805
8 381 504 654 685 993 1414 1529 1811
4 115 325 1125 1195
3 383 574 1571
9 0 342 820 1255 1620 1664 1694 1828 1849
9 84 128 278 509 1038 1039 1468 1475 1522
3 435 726 1592
8 384 437 515 702 721 872 1262 1716
11 449 557 694 704 912 1019 1041 1106 1231 1276 1526
4 384 515 1262 1714
7 177 1145 1283 1312 1362 1456 1583
10 46 191 753 906 998 1087 1334 1469 1549 1581
12 108 165 280 362 427 434 436 444 605 1028 1236 1590
6 31 650 1053 1114 1146 1749
6 52 501 1241 1298 1400 1448
7 403 514 539 1086 1118 1137 1286
10 92 479 804 937 971 1261 1303 1586 1601 1815
3 112 281 1806
3 73 218 1536
6 319 662 732 970 1698 1833
7 381 504 685 993 1414 1529 1811
13 47 336 561 698 711 743 816 929 936 938 1531 1821 1825
11 437 448 815 906 1273 1348 1366 1541 1571 1707 1779
6 390 444 626 975 1181 1269
16 437 464 465 651 868 937 954 971 1006 1188 1199 1202 1303 1418 1601 1797
4 203 760 1016 1477
17 294 482 495 630 888 889 911 939 1017 1068 1221 1246 1291 1471 1580 1612 1807
4 324 555 823 1278
6 294 630 888 911 1221 1580
7 381 894 1201 1217 1302 1320 1750
8 44 327 521 751 857 1014 1143 1404
3 94 496 1843
10 351 487 621 886 902 1266 1324 1338 1527 1785
8 3 493 899 1299 1568 1609 1662 1836
3 334 623 1433
5 235 837 866 1031 1044
17 305 411 622 762 784 816 900 929 938 969 974 1015 1102 1180 1238 1263 1604
3 243 624 1319
8 57 791 846 1066 1164 1613 1627 1680
5 64 336 836 900 1604
6 530 724 1519 1666 1691 1795
5 236 762 1089 1440 1681
60 39 56 70 126 190 213 215 255 289 320 337 406 428 437 448 450 477 519 546 570 577 593 650 651 659 771 815 834 850 872 883 934 987 1030 1061 1071 1131 1146 1157 1229 1233 1245 1260 1288 1292 1339 1353 1356 1389 1427 1490 1504 1544 1557 1570 1571 1720 1765 1819 1837
7 381 894 1201 1217 1302 1320 1736
6 306 527 989 1104 1340 1444
6 149 526 563 1027 1307 1759
51 16 28 285 462 472 500 558 585 633 684 686 698 767 823 849 875 885 897 905 927 952 1009 1011 1036 1108 1130 1158 1168 1204 1210 1243 1390 1412 1447 1466 1520 1538 1548 1594 1630 1648 1657 1673 1700 1754 1758 1768 1801 1821 1852 1861
79 16 28 122 159 268 462 472 500 520 558 585 633 637 676 677 684 686 691 698 705 782 817 823 840 849 863 875 885 887 925 952 959 972 999 1008 1009 1011 1013 1036 1043 1108 1116 1130 1133 1168 1182 1204 1207 1210 1243 1259 1300 1311 1377 1390 1412 1447 1458 1466 1472 1473 1507 1520 1521 1548 1594 1648 1657 1673 1700 1753 1758 1760 1768 1774 1775 1784 1801 1861
8 215 1184 1245 1248 1366 1398 1427 1674
11 244 675 682 793 1023 1040 1185 1200 1510 1600 1671
7 232 488 596 655 781 985 1665
15 28 500 849 885 952 1008 1009 1011 1036 1130 1207 1648 1753 1754 1768
6 149 526 563 1027 1307 1752
31 2 28 317 318 462 500 520 558 676 849 854 887 925 1009 1067 1108 1130 1133 1162 1168 1182 1203 1335 1336 1472 1473 1548 1657 1754 1768 1861
8 214 343 941 1287 1482 1495 1573 1595
5 366 772 798 1399 1522
13 128 209 680 698 781 992 1226 1399 1468 1530 1533 1788 1848
2 666 1623
14 39 470 731 747 753 770 1273 1323 1353 1469 1490 1749 1805 1857
11 44 280 626 762 816 900 919 972 1554 1616 1703
3 91 643 1059
64 16 28 33 268 462 472 500 520 558 585 653 676 677 686 691 782 785 840 849 854 863 875 885 887 922 952 1009 1011 1036 1043 1108 1130 1133 1136 1158 1168 1203 1207 1210 1259 1300 1377 1390 1412 1416 1466 1473 1506 1520 1533 1548 1594 1648 1657 1673 1700 1753 1754 1758 1760 1775 1784 1852 1861
19 65 640 701 706 777 805 822 861 1029 1166 1171 1256 1277 1304 1328 1379 1497 1525 1618
5 330 952 1183 1493 1701
1 24
6 248 506 783 891 1021 1445
9 28 317 585 741 1008 1130 1377 1809 1861
19 16 462 500 684 686 897 959 1009 1011 1036 1130 1133 1168 1182 1207 1390 1594 1648 1754
21 16 33 268 500 558 676 686 817 840 849 875 952 1009 1011 1130 1259 1412 1648 1754 1768 1852
6 32 849 985 1139 1309 1465
17 121 518 587 648 821 873 896 1034 1060 1177 1225 1360 1499 1562 1606 1628 1688
8 227 621 863 892 1091 1191 1279 1406
12 437 481 670 747 930 987 998 1053 1087 1164 1707 1729
6 133 533 1453 1632 1653 1781
6 133 533 1453 1632 1653 1780
4 314 677 1634 1792
2 739 923
8 16 500 676 691 1009 1473 1754 1768
8 351 487 603 886 902 1266 1527 1739
6 322 938 1015 1020 1491 1496
2 272 1174
11 73 307 596 649 798 923 1162 1272 1557 1625 1763
3 140 142 1055
16 255 366 437 467 481 577 651 749 985 1053 1087 1229 1233 1267 1544 1571
3 167 218 1683
5 314 677 959 1473 1782
6 312 608 1154 1230 1253 1450
8 223 385 867 905 1441 1553 1703 1861
6 77 530 1519 1666 1691 1747
9 396 697 794 1193 1227 1364 1413 1461 1679
12 316 376 619 727 808 809 868 914 954 1202 1537 1731
6 60 600 882 1194 1686 1832
3 523 764 1392
4 214 343 1573 1595
9 350 505 781 992 1008 1244 1420 1753 1754
4 71 303 816 824
8 290 321 355 524 540 597 1103 1296
9 411 739 741 849 1025 1249 1329 1334 1518
20 194 381 382 383 406 437 613 834 872 916 956 1131 1233 1363 1389 1469 1490 1707 1765 1857
3 112 281 1724
19 294 482 495 681 725 734 888 889 911 939 1017 1068 1221 1246 1291 1471 1580 1612 1733
6 275 589 901 1123 1480 1646
10 33 500 585 676 684 952 1008 1377 1700 1773
12 245 522 665 717 763 855 877 1096 1485 1486 1599 1812
9 381 654 685 920 993 1414 1529 1708 1727
13 245 522 665 717 763 855 877 1096 1485 1486 1599 1614 1810
3 35 1355 1378
11 19 53 668 745 953 962 1022 1094 1317 1387 1446
11 219 329 479 898 1005 1062 1125 1261 1303 1479 1723
5 755 814 1487 1591 1672
5 107 499 564 713 742
4 36 498 1054 1170
6 320 546 1114 1382 1541 1749
2 85 664
11 336 424 698 936 1347 1420 1531 1670 1677 1728 1753
8 160 316 790 808 868 1058 1515 1537
10 136 137 138 375 860 997 1012 1120 1351 1401
8 248 529 560 790 884 1025 1349 1687
5 315 743 938 1554 1728
16 118 592 790 806 830 986 1006 1119 1202 1280 1361 1418 1515 1524 1569 1643
5 426 551 1206 1621 1829
9 0 342 820 1535 1620 1664 1694 1711 1849
5 426 551 1206 1621 1827
3 345 370 1098
5 38 510 1196 1305 1864
15 120 225 512 536 656 882 915 935 955 1144 1194 1313 1376 1436 1798
6 319 662 732 970 1698 1726
8 53 544 567 819 865 1354 1476 1654
3 173 346 1314
9 3 493 899 1299 1411 1568 1609 1662 1740
14 39 242 469 593 628 770 859 1247 1248 1323 1357 1427 1490 1749
3 598 1295 1481
10 336 559 852 938 1005 1102 1151 1238 1303 1394
7 86 254 650 670 878 1249 1571
3 294 474 645
4 400 796 1173 1249
4 94 496 1619 1738
4 484 905 1049 1555
7 93 800 924 958 1048 1322 1574
6 378 774 950 1149 1240 1342
2 1162 1310
4 209 505 1162 1763
12 0 342 572 638 820 1255 1535 1620 1664 1694 1711 1828
5 239 554 1115 1165 1584
11 415 569 574 579 604 931 932 1004 1083 1293 1397
20 16 462 500 686 691 840 854 885 952 1009 1036 1130 1133 1158 1207 1412 1520 1753 1768 1775
8 45 67 764 1070 1129 1359 1438 1605
4 152 223 1365 1455
5 37 278 523 1522 1579
6 90 169 595 778 984 1113
20 194 406 448 593 628 731 753 1131 1147 1245 1323 1334 1353 1363 1407 1570 1571 1633 1765 1805
19 37 73 350 634 649 767 788 884 923 1196 1214 1226 1257 1493 1528 1534 1538 1557 1631
8 403 514 539 700 1086 1118 1197 1286
8 104 471 620 708 845 1117 1316 1321
39 33 500 520 558 585 633 676 677 686 741 840 849 871 905 952 1008 1009 1011 1013 1036 1043 1067 1130 1133 1136 1158 1168 1204 1300 1377 1473 1520 1634 1753 1754 1760 1768 1773 1794
5 437 651 749 910 1385
9 417 636 657 709 827 948 1208 1396 1501
8 823 1162 1227 1319 1465 1520 1596 1831
4 265 758 1332 1572
16 123 464 465 631 809 868 914 937 971 1199 1258 1303 1380 1403 1524 1601
